root/.circleci,root,0,0,0,0,0,0,0,0,0,0,0,0,0,0,0,0,0,0,0,0,0,0,0,0,0,0,0,0,0,0,0,29.0,29.0,29.0,29.0,29.0,29.0
root/.circleci/config.yml,root/.circleci,0,0,0,0,0,0,0,0,0,0,0,0,0,0,0,0,0,0,0,0,0,0,0,0,0,0,0,0,0,0,0,29.0,29.0,29.0,29.0,29.0,29.0
root/.eslintrc.yml,root,0,0,0,0,0,0,0,0,0,0,0,0,50.0,63.0,60.0,60.0,60.0,69.0,69.0,69.0,69.0,69.0,74.0,0,0,0,0,0,0,0,0,0,0,0,0,0,0
root/.travis.yml,root,0,0,0,0,0,0,0,0,0,0,0,0,0,0,0,0,0,12.0,12.0,12.0,12.0,12.0,12.0,12.0,12.0,12.0,12.0,12.0,12.0,12.0,12.0,0,0,0,0,0,0
root/assets,root,0,948.0,951.0,951.0,949.0,949.0,1015.0,1164.0,1164.0,1797.0,1797.0,1781.0,1817.0,1844.0,427.0,294.0,0,0,0,0,0,0,0,0,0,0,0,0,0,0,0,0,0,0,0,0,0
root/assets/highlight,root/assets,0,0,0,0,0,0,0,0,0,0,0,0,0,0,0,2.0,0,0,0,0,0,0,0,0,0,0,0,0,0,0,0,0,0,0,0,0,0
root/assets/highlight/highlight.pack.js,root/assets/highlight,0,0,0,0,0,0,0,0,0,0,0,0,0,0,0,2.0,0,0,0,0,0,0,0,0,0,0,0,0,0,0,0,0,0,0,0,0,0
root/assets/icons.css,root/assets,0,632.0,632.0,632.0,632.0,632.0,632.0,632.0,632.0,1081.0,1081.0,1081.0,1081.0,1081.0,0,0,0,0,0,0,0,0,0,0,0,0,0,0,0,0,0,0,0,0,0,0,0
root/assets/js,root/assets,0,0,0,0,0,0,0,0,0,0,0,0,0,0,426.0,291.0,0,0,0,0,0,0,0,0,0,0,0,0,0,0,0,0,0,0,0,0,0
root/assets/js/examples.js,root/assets/js,0,0,0,0,0,0,0,0,0,0,0,0,0,0,226.0,0,0,0,0,0,0,0,0,0,0,0,0,0,0,0,0,0,0,0,0,0,0
root/assets/js/kube.min.js,root/assets/js,0,0,0,0,0,0,0,0,0,0,0,0,0,0,2.0,0,0,0,0,0,0,0,0,0,0,0,0,0,0,0,0,0,0,0,0,0,0
root/assets/js/localizr.js,root/assets/js,0,0,0,0,0,0,0,0,0,0,0,0,0,0,33.0,33.0,0,0,0,0,0,0,0,0,0,0,0,0,0,0,0,0,0,0,0,0,0
root/assets/js/prettify.js,root/assets/js,0,0,0,0,0,0,0,0,0,0,0,0,0,0,63.0,63.0,0,0,0,0,0,0,0,0,0,0,0,0,0,0,0,0,0,0,0,0,0
root/assets/js/site.js,root/assets/js,0,0,0,0,0,0,0,0,0,0,0,0,0,0,0,112.0,0,0,0,0,0,0,0,0,0,0,0,0,0,0,0,0,0,0,0,0,0
root/assets/js/table-of-contents.js,root/assets/js,0,0,0,0,0,0,0,0,0,0,0,0,0,0,80.0,55.0,0,0,0,0,0,0,0,0,0,0,0,0,0,0,0,0,0,0,0,0,0
root/assets/js/themer.js,root/assets/js,0,0,0,0,0,0,0,0,0,0,0,0,0,0,22.0,28.0,0,0,0,0,0,0,0,0,0,0,0,0,0,0,0,0,0,0,0,0,0
root/assets/localizr.js,root/assets,0,0,0,0,0,0,0,0,0,0,0,0,0,25.0,0,0,0,0,0,0,0,0,0,0,0,0,0,0,0,0,0,0,0,0,0,0,0
root/assets/prettify.css,root/assets,0,94.0,94.0,94.0,94.0,94.0,160.0,158.0,158.0,159.0,160.0,160.0,67.0,68.0,0,0,0,0,0,0,0,0,0,0,0,0,0,0,0,0,0,0,0,0,0,0,0
root/assets/prettify.js,root/assets,0,34.0,34.0,34.0,34.0,34.0,34.0,34.0,34.0,34.0,34.0,34.0,46.0,46.0,0,0,0,0,0,0,0,0,0,0,0,0,0,0,0,0,0,0,0,0,0,0,0
root/assets/reset.css,root/assets,0,0,0,0,0,0,0,0,0,149.0,149.0,148.0,140.0,140.0,0,0,0,0,0,0,0,0,0,0,0,0,0,0,0,0,0,0,0,0,0,0,0
root/assets/site.css,root/assets,0,188.0,191.0,191.0,189.0,189.0,189.0,340.0,340.0,330.0,329.0,316.0,388.0,389.0,0,0,0,0,0,0,0,0,0,0,0,0,0,0,0,0,0,0,0,0,0,0,0
root/assets/style.min.css,root/assets,0,0,0,0,0,0,0,0,0,0,0,0,0,0,1.0,1.0,0,0,0,0,0,0,0,0,0,0,0,0,0,0,0,0,0,0,0,0,0
root/assets/table-of-contents.js,root/assets,0,0,0,0,0,0,0,0,0,27.0,27.0,27.0,74.0,74.0,0,0,0,0,0,0,0,0,0,0,0,0,0,0,0,0,0,0,0,0,0,0,0
root/assets/themer.js,root/assets,0,0,0,0,0,0,0,0,0,17.0,17.0,15.0,21.0,21.0,0,0,0,0,0,0,0,0,0,0,0,0,0,0,0,0,0,0,0,0,0,0,0
root/build.js,root,0,0,0,0,0,0,0,0,0,0,0,0,0,0,0,0,0,0,0,0,0,221.0,222.0,222.0,222.0,222.0,0,0,0,0,0,0,0,0,0,0,0
root/dist,root,0,2.0,2.0,2.0,2.0,2.0,2.0,3.0,3.0,8.0,8.0,8.0,1263.0,1204.0,1314.0,1468.0,2595.0,3066.0,3298.0,13486.0,13752.0,18021.0,18212.0,18460.0,18484.0,18484.0,0,0,0,0,0,0,0,0,0,0,0
root/dist/flatpickr.airbnb.min.css,root/dist,0,0,0,0,0,0,0,0,0,0,0,0,0,0,0,1.0,0,0,0,0,0,0,0,0,0,0,0,0,0,0,0,0,0,0,0,0,0
root/dist/flatpickr.base16_flat.min.css,root/dist,0,0,0,0,0,0,0,0,0,0,0,0,1.0,1.0,1.0,1.0,0,0,0,0,0,0,0,0,0,0,0,0,0,0,0,0,0,0,0,0,0
root/dist/flatpickr.confetti.min.css,root/dist,0,0,0,0,0,0,0,0,0,1.0,1.0,1.0,1.0,1.0,1.0,1.0,0,0,0,0,0,0,0,0,0,0,0,0,0,0,0,0,0,0,0,0,0
root/dist/flatpickr.css,root/dist,0,0,0,0,0,0,0,0,0,0,0,0,0,0,0,0,0,620.0,612.0,612.0,615.0,823.0,848.0,848.0,848.0,848.0,0,0,0,0,0,0,0,0,0,0,0
root/dist/flatpickr.dark.min.css,root/dist,0,0,0,0,0,0,0,1.0,1.0,1.0,1.0,1.0,1.0,1.0,1.0,1.0,0,0,0,0,0,0,0,0,0,0,0,0,0,0,0,0,0,0,0,0,0
root/dist/flatpickr.grapefruit.min.css,root/dist,0,0,0,0,0,0,0,0,0,0,0,0,1.0,1.0,0,0,0,0,0,0,0,0,0,0,0,0,0,0,0,0,0,0,0,0,0,0,0
root/dist/flatpickr.js,root/dist,0,0,0,0,0,0,0,0,0,0,0,0,1252.0,1193.0,1304.0,1457.0,1603.0,1668.0,1796.0,1959.0,2075.0,2277.0,2298.0,2325.0,2351.0,2351.0,0,0,0,0,0,0,0,0,0,0,0
root/dist/flatpickr.material_blue.min.css,root/dist,0,0,0,0,0,0,0,0,0,1.0,1.0,1.0,1.0,1.0,1.0,1.0,0,0,0,0,0,0,0,0,0,0,0,0,0,0,0,0,0,0,0,0,0
root/dist/flatpickr.material_green.min.css,root/dist,0,0,0,0,0,0,0,0,0,1.0,1.0,1.0,1.0,1.0,1.0,1.0,0,0,0,0,0,0,0,0,0,0,0,0,0,0,0,0,0,0,0,0,0
root/dist/flatpickr.material_orange.min.css,root/dist,0,0,0,0,0,0,0,0,0,1.0,1.0,1.0,1.0,1.0,1.0,1.0,0,0,0,0,0,0,0,0,0,0,0,0,0,0,0,0,0,0,0,0,0
root/dist/flatpickr.material_red.min.css,root/dist,0,0,0,0,0,0,0,0,0,1.0,1.0,1.0,1.0,1.0,1.0,1.0,0,0,0,0,0,0,0,0,0,0,0,0,0,0,0,0,0,0,0,0,0
root/dist/flatpickr.min.css,root/dist,0,1.0,1.0,1.0,1.0,1.0,1.0,1.0,1.0,1.0,1.0,1.0,1.0,1.0,1.0,1.0,13.0,1.0,1.0,15.0,13.0,13.0,13.0,13.0,13.0,13.0,0,0,0,0,0,0,0,0,0,0,0
root/dist/flatpickr.min.js,root/dist,0,1.0,1.0,1.0,1.0,1.0,1.0,1.0,1.0,1.0,1.0,1.0,2.0,2.0,2.0,2.0,3.0,3.0,3.0,3.0,3.0,3.0,2.0,2.0,2.0,2.0,0,0,0,0,0,0,0,0,0,0,0
root/dist/ie.css,root/dist,0,0,0,0,0,0,0,0,0,0,0,0,0,0,0,0,0,0,0,0,0,11.0,11.0,11.0,11.0,11.0,0,0,0,0,0,0,0,0,0,0,0
root/dist/l10n,root/dist,0,0,0,0,0,0,0,0,0,0,0,0,0,0,0,0,755.0,757.0,836.0,863.0,881.0,930.0,879.0,978.0,976.0,976.0,0,0,0,0,0,0,0,0,0,0,0
root/dist/l10n/ar.js,root/dist/l10n,0,0,0,0,0,0,0,0,0,0,0,0,0,0,0,0,16.0,16.0,16.0,16.0,16.0,16.0,14.0,14.0,14.0,14.0,0,0,0,0,0,0,0,0,0,0,0
root/dist/l10n/bg.js,root/dist/l10n,0,0,0,0,0,0,0,0,0,0,0,0,0,0,0,0,16.0,16.0,16.0,16.0,16.0,16.0,14.0,14.0,14.0,14.0,0,0,0,0,0,0,0,0,0,0,0
root/dist/l10n/bn.js,root/dist/l10n,0,0,0,0,0,0,0,0,0,0,0,0,0,0,0,0,16.0,16.0,16.0,16.0,16.0,16.0,14.0,14.0,14.0,14.0,0,0,0,0,0,0,0,0,0,0,0
root/dist/l10n/cat.js,root/dist/l10n,0,0,0,0,0,0,0,0,0,0,0,0,0,0,0,0,36.0,36.0,36.0,36.0,36.0,36.0,34.0,34.0,34.0,34.0,0,0,0,0,0,0,0,0,0,0,0
root/dist/l10n/cs.js,root/dist/l10n,0,0,0,0,0,0,0,0,0,0,0,0,0,0,0,0,22.0,22.0,22.0,22.0,22.0,22.0,20.0,20.0,20.0,20.0,0,0,0,0,0,0,0,0,0,0,0
root/dist/l10n/cy.js,root/dist/l10n,0,0,0,0,0,0,0,0,0,0,0,0,0,0,0,0,0,0,46.0,46.0,46.0,46.0,36.0,36.0,36.0,36.0,0,0,0,0,0,0,0,0,0,0,0
root/dist/l10n/da.js,root/dist/l10n,0,0,0,0,0,0,0,0,0,0,0,0,0,0,0,0,20.0,20.0,20.0,20.0,20.0,20.0,18.0,18.0,18.0,18.0,0,0,0,0,0,0,0,0,0,0,0
root/dist/l10n/de.js,root/dist/l10n,0,0,0,0,0,0,0,0,0,0,0,0,0,0,0,0,16.0,16.0,21.0,21.0,21.0,21.0,21.0,21.0,21.0,21.0,0,0,0,0,0,0,0,0,0,0,0
root/dist/l10n/eo.js,root/dist/l10n,0,0,0,0,0,0,0,0,0,0,0,0,0,0,0,0,0,0,0,0,0,0,26.0,26.0,26.0,26.0,0,0,0,0,0,0,0,0,0,0,0
root/dist/l10n/es.js,root/dist/l10n,0,0,0,0,0,0,0,0,0,0,0,0,0,0,0,0,22.0,22.0,22.0,22.0,22.0,22.0,20.0,20.0,20.0,20.0,0,0,0,0,0,0,0,0,0,0,0
root/dist/l10n/et.js,root/dist/l10n,0,0,0,0,0,0,0,0,0,0,0,0,0,0,0,0,27.0,27.0,27.0,28.0,28.0,28.0,26.0,26.0,26.0,26.0,0,0,0,0,0,0,0,0,0,0,0
root/dist/l10n/fa.js,root/dist/l10n,0,0,0,0,0,0,0,0,0,0,0,0,0,0,0,0,20.0,20.0,20.0,20.0,20.0,20.0,18.0,18.0,18.0,18.0,0,0,0,0,0,0,0,0,0,0,0
root/dist/l10n/fi.js,root/dist/l10n,0,0,0,0,0,0,0,0,0,0,0,0,0,0,0,0,22.0,22.0,22.0,22.0,22.0,22.0,20.0,20.0,20.0,20.0,0,0,0,0,0,0,0,0,0,0,0
root/dist/l10n/fr.js,root/dist/l10n,0,0,0,0,0,0,0,0,0,0,0,0,0,0,0,0,26.0,26.0,26.0,26.0,26.0,26.0,0,0,0,0,0,0,0,0,0,0,0,0,0,0,0
root/dist/l10n/gr.js,root/dist/l10n,0,0,0,0,0,0,0,0,0,0,0,0,0,0,0,0,0,0,0,0,0,31.0,29.0,29.0,29.0,29.0,0,0,0,0,0,0,0,0,0,0,0
root/dist/l10n/he.js,root/dist/l10n,0,0,0,0,0,0,0,0,0,0,0,0,0,0,0,0,16.0,16.0,16.0,16.0,16.0,16.0,14.0,14.0,14.0,14.0,0,0,0,0,0,0,0,0,0,0,0
root/dist/l10n/hi.js,root/dist/l10n,0,0,0,0,0,0,0,0,0,0,0,0,0,0,0,0,16.0,16.0,16.0,16.0,16.0,16.0,14.0,14.0,14.0,14.0,0,0,0,0,0,0,0,0,0,0,0
root/dist/l10n/hr.js,root/dist/l10n,0,0,0,0,0,0,0,0,0,0,0,0,0,0,0,0,19.0,19.0,19.0,19.0,19.0,19.0,17.0,17.0,17.0,17.0,0,0,0,0,0,0,0,0,0,0,0
root/dist/l10n/hu.js,root/dist/l10n,0,0,0,0,0,0,0,0,0,0,0,0,0,0,0,0,27.0,27.0,27.0,27.0,27.0,27.0,25.0,25.0,25.0,25.0,0,0,0,0,0,0,0,0,0,0,0
root/dist/l10n/id.js,root/dist/l10n,0,0,0,0,0,0,0,0,0,0,0,0,0,0,0,0,22.0,22.0,22.0,22.0,22.0,22.0,20.0,20.0,20.0,20.0,0,0,0,0,0,0,0,0,0,0,0
root/dist/l10n/index.js,root/dist/l10n,0,0,0,0,0,0,0,0,0,0,0,0,0,0,0,0,0,0,0,0,0,0,0,99.0,97.0,97.0,0,0,0,0,0,0,0,0,0,0,0
root/dist/l10n/it.js,root/dist/l10n,0,0,0,0,0,0,0,0,0,0,0,0,0,0,0,0,27.0,27.0,27.0,27.0,27.0,27.0,25.0,25.0,25.0,25.0,0,0,0,0,0,0,0,0,0,0,0
root/dist/l10n/ja.js,root/dist/l10n,0,0,0,0,0,0,0,0,0,0,0,0,0,0,0,0,16.0,16.0,16.0,16.0,16.0,16.0,14.0,14.0,14.0,14.0,0,0,0,0,0,0,0,0,0,0,0
root/dist/l10n/ko.js,root/dist/l10n,0,0,0,0,0,0,0,0,0,0,0,0,0,0,0,0,20.0,20.0,20.0,20.0,20.0,20.0,18.0,18.0,18.0,18.0,0,0,0,0,0,0,0,0,0,0,0
root/dist/l10n/lt.js,root/dist/l10n,0,0,0,0,0,0,0,0,0,0,0,0,0,0,0,0,27.0,27.0,27.0,27.0,27.0,27.0,25.0,25.0,25.0,25.0,0,0,0,0,0,0,0,0,0,0,0
root/dist/l10n/lv.js,root/dist/l10n,0,0,0,0,0,0,0,0,0,0,0,0,0,0,0,0,0,0,0,0,18.0,18.0,16.0,16.0,16.0,16.0,0,0,0,0,0,0,0,0,0,0,0
root/dist/l10n/mk.js,root/dist/l10n,0,0,0,0,0,0,0,0,0,0,0,0,0,0,0,0,0,0,0,21.0,21.0,21.0,19.0,19.0,19.0,19.0,0,0,0,0,0,0,0,0,0,0,0
root/dist/l10n/ms.js,root/dist/l10n,0,0,0,0,0,0,0,0,0,0,0,0,0,0,0,0,22.0,22.0,22.0,22.0,22.0,22.0,20.0,20.0,20.0,20.0,0,0,0,0,0,0,0,0,0,0,0
root/dist/l10n/my.js,root/dist/l10n,0,0,0,0,0,0,0,0,0,0,0,0,0,0,0,0,22.0,22.0,22.0,22.0,22.0,22.0,20.0,20.0,20.0,20.0,0,0,0,0,0,0,0,0,0,0,0
root/dist/l10n/nl.js,root/dist/l10n,0,0,0,0,0,0,0,0,0,0,0,0,0,0,0,0,26.0,26.0,26.0,26.0,26.0,26.0,27.0,27.0,27.0,27.0,0,0,0,0,0,0,0,0,0,0,0
root/dist/l10n/no.js,root/dist/l10n,0,0,0,0,0,0,0,0,0,0,0,0,0,0,0,0,20.0,20.0,20.0,20.0,20.0,20.0,24.0,24.0,24.0,24.0,0,0,0,0,0,0,0,0,0,0,0
root/dist/l10n/pa.js,root/dist/l10n,0,0,0,0,0,0,0,0,0,0,0,0,0,0,0,0,16.0,16.0,16.0,16.0,16.0,16.0,14.0,14.0,14.0,14.0,0,0,0,0,0,0,0,0,0,0,0
root/dist/l10n/pl.js,root/dist/l10n,0,0,0,0,0,0,0,0,0,0,0,0,0,0,0,0,20.0,20.0,20.0,20.0,20.0,20.0,18.0,18.0,18.0,18.0,0,0,0,0,0,0,0,0,0,0,0
root/dist/l10n/pt.js,root/dist/l10n,0,0,0,0,0,0,0,0,0,0,0,0,0,0,0,0,16.0,16.0,19.0,19.0,19.0,19.0,17.0,17.0,17.0,17.0,0,0,0,0,0,0,0,0,0,0,0
root/dist/l10n/ro.js,root/dist/l10n,0,0,0,0,0,0,0,0,0,0,0,0,0,0,0,0,23.0,23.0,23.0,23.0,23.0,23.0,21.0,21.0,21.0,21.0,0,0,0,0,0,0,0,0,0,0,0
root/dist/l10n/ru.js,root/dist/l10n,0,0,0,0,0,0,0,0,0,0,0,0,0,0,0,0,16.0,18.0,18.0,18.0,18.0,18.0,16.0,16.0,16.0,16.0,0,0,0,0,0,0,0,0,0,0,0
root/dist/l10n/si.js,root/dist/l10n,0,0,0,0,0,0,0,0,0,0,0,0,0,0,0,0,17.0,17.0,17.0,17.0,17.0,17.0,15.0,15.0,15.0,15.0,0,0,0,0,0,0,0,0,0,0,0
root/dist/l10n/sk.js,root/dist/l10n,0,0,0,0,0,0,0,0,0,0,0,0,0,0,0,0,0,0,0,0,0,0,21.0,21.0,21.0,21.0,0,0,0,0,0,0,0,0,0,0,0
root/dist/l10n/sl.js,root/dist/l10n,0,0,0,0,0,0,0,0,0,0,0,0,0,0,0,0,0,0,0,0,0,0,21.0,21.0,21.0,21.0,0,0,0,0,0,0,0,0,0,0,0
root/dist/l10n/sq.js,root/dist/l10n,0,0,0,0,0,0,0,0,0,0,0,0,0,0,0,0,16.0,16.0,16.0,16.0,16.0,16.0,14.0,14.0,14.0,14.0,0,0,0,0,0,0,0,0,0,0,0
root/dist/l10n/sr.js,root/dist/l10n,0,0,0,0,0,0,0,0,0,0,0,0,0,0,0,0,0,0,0,21.0,21.0,21.0,0,0,0,0,0,0,0,0,0,0,0,0,0,0,0
root/dist/l10n/sv.js,root/dist/l10n,0,0,0,0,0,0,0,0,0,0,0,0,0,0,0,0,22.0,22.0,23.0,23.0,23.0,23.0,21.0,21.0,21.0,21.0,0,0,0,0,0,0,0,0,0,0,0
root/dist/l10n/th.js,root/dist/l10n,0,0,0,0,0,0,0,0,0,0,0,0,0,0,0,0,0,0,24.0,24.0,24.0,24.0,24.0,24.0,24.0,24.0,0,0,0,0,0,0,0,0,0,0,0
root/dist/l10n/tr.js,root/dist/l10n,0,0,0,0,0,0,0,0,0,0,0,0,0,0,0,0,18.0,18.0,18.0,18.0,18.0,18.0,16.0,16.0,16.0,16.0,0,0,0,0,0,0,0,0,0,0,0
root/dist/l10n/uk.js,root/dist/l10n,0,0,0,0,0,0,0,0,0,0,0,0,0,0,0,0,16.0,16.0,16.0,0,0,18.0,16.0,16.0,16.0,16.0,0,0,0,0,0,0,0,0,0,0,0
root/dist/l10n/vn.js,root/dist/l10n,0,0,0,0,0,0,0,0,0,0,0,0,0,0,0,0,19.0,19.0,19.0,19.0,19.0,19.0,17.0,17.0,17.0,17.0,0,0,0,0,0,0,0,0,0,0,0
root/dist/l10n/zh.js,root/dist/l10n,0,0,0,0,0,0,0,0,0,0,0,0,0,0,0,0,17.0,17.0,17.0,17.0,17.0,17.0,20.0,20.0,20.0,20.0,0,0,0,0,0,0,0,0,0,0,0
root/dist/plugins,root/dist,0,0,0,0,0,0,0,0,0,0,0,0,0,0,0,0,0,0,33.0,33.0,113.0,116.0,118.0,240.0,240.0,240.0,0,0,0,0,0,0,0,0,0,0,0
root/dist/plugins/confirmDate,root/dist/plugins,0,0,0,0,0,0,0,0,0,0,0,0,0,0,0,0,0,0,33.0,33.0,45.0,45.0,47.0,47.0,47.0,47.0,0,0,0,0,0,0,0,0,0,0,0
root/dist/plugins/confirmDate/confirmDate.js,root/dist/plugins/confirmDate,0,0,0,0,0,0,0,0,0,0,0,0,0,0,0,0,0,0,33.0,33.0,45.0,45.0,47.0,47.0,47.0,47.0,0,0,0,0,0,0,0,0,0,0,0
root/dist/plugins/labelPlugin,root/dist/plugins,0,0,0,0,0,0,0,0,0,0,0,0,0,0,0,0,0,0,0,0,15.0,15.0,15.0,15.0,15.0,15.0,0,0,0,0,0,0,0,0,0,0,0
root/dist/plugins/labelPlugin/labelPlugin.js,root/dist/plugins/labelPlugin,0,0,0,0,0,0,0,0,0,0,0,0,0,0,0,0,0,0,0,0,15.0,15.0,15.0,15.0,15.0,15.0,0,0,0,0,0,0,0,0,0,0,0
root/dist/plugins/rangePlugin.js,root/dist/plugins,0,0,0,0,0,0,0,0,0,0,0,0,0,0,0,0,0,0,0,0,0,0,0,119.0,119.0,119.0,0,0,0,0,0,0,0,0,0,0,0
root/dist/plugins/weekSelect,root/dist/plugins,0,0,0,0,0,0,0,0,0,0,0,0,0,0,0,0,0,0,0,0,53.0,56.0,56.0,59.0,59.0,59.0,0,0,0,0,0,0,0,0,0,0,0
root/dist/plugins/weekSelect/weekSelect.js,root/dist/plugins/weekSelect,0,0,0,0,0,0,0,0,0,0,0,0,0,0,0,0,0,0,0,0,53.0,56.0,56.0,59.0,59.0,59.0,0,0,0,0,0,0,0,0,0,0,0
root/dist/rtl,root/dist,0,0,0,0,0,0,0,0,0,0,0,0,0,0,0,0,117.0,9.0,9.0,4999.0,5026.0,7112.0,7112.0,7112.0,7112.0,7112.0,0,0,0,0,0,0,0,0,0,0,0
root/dist/rtl/flatpickr.min.css,root/dist/rtl,0,0,0,0,0,0,0,0,0,0,0,0,0,0,0,0,13.0,1.0,1.0,13.0,0,13.0,13.0,13.0,13.0,13.0,0,0,0,0,0,0,0,0,0,0,0
root/dist/rtl/themes,root/dist/rtl,0,0,0,0,0,0,0,0,0,0,0,0,0,0,0,0,104.0,8.0,8.0,4986.0,5026.0,7099.0,7099.0,7099.0,7099.0,7099.0,0,0,0,0,0,0,0,0,0,0,0
root/dist/rtl/themes/airbnb.rtl.css,root/dist/rtl/themes,0,0,0,0,0,0,0,0,0,0,0,0,0,0,0,0,13.0,1.0,1.0,658.0,663.0,946.0,946.0,946.0,946.0,946.0,0,0,0,0,0,0,0,0,0,0,0
root/dist/rtl/themes/base16_flat.rtl.css,root/dist/rtl/themes,0,0,0,0,0,0,0,0,0,0,0,0,0,0,0,0,13.0,1.0,1.0,609.0,614.0,869.0,869.0,869.0,869.0,869.0,0,0,0,0,0,0,0,0,0,0,0
root/dist/rtl/themes/confetti.rtl.css,root/dist/rtl/themes,0,0,0,0,0,0,0,0,0,0,0,0,0,0,0,0,13.0,1.0,1.0,622.0,627.0,883.0,883.0,883.0,883.0,883.0,0,0,0,0,0,0,0,0,0,0,0
root/dist/rtl/themes/dark.rtl.css,root/dist/rtl/themes,0,0,0,0,0,0,0,0,0,0,0,0,0,0,0,0,13.0,1.0,1.0,609.0,614.0,869.0,869.0,869.0,869.0,869.0,0,0,0,0,0,0,0,0,0,0,0
root/dist/rtl/themes/material_blue.rtl.css,root/dist/rtl/themes,0,0,0,0,0,0,0,0,0,0,0,0,0,0,0,0,13.0,1.0,1.0,622.0,627.0,883.0,883.0,883.0,883.0,883.0,0,0,0,0,0,0,0,0,0,0,0
root/dist/rtl/themes/material_green.rtl.css,root/dist/rtl/themes,0,0,0,0,0,0,0,0,0,0,0,0,0,0,0,0,13.0,1.0,1.0,622.0,627.0,883.0,883.0,883.0,883.0,883.0,0,0,0,0,0,0,0,0,0,0,0
root/dist/rtl/themes/material_orange.rtl.css,root/dist/rtl/themes,0,0,0,0,0,0,0,0,0,0,0,0,0,0,0,0,13.0,1.0,1.0,622.0,627.0,883.0,883.0,883.0,883.0,883.0,0,0,0,0,0,0,0,0,0,0,0
root/dist/rtl/themes/material_red.rtl.css,root/dist/rtl/themes,0,0,0,0,0,0,0,0,0,0,0,0,0,0,0,0,13.0,1.0,1.0,622.0,627.0,883.0,883.0,883.0,883.0,883.0,0,0,0,0,0,0,0,0,0,0,0
root/dist/themes,root/dist,0,0,0,0,0,0,0,0,0,0,0,0,0,0,0,0,104.0,8.0,8.0,5002.0,5026.0,6736.0,6931.0,6931.0,6931.0,6931.0,0,0,0,0,0,0,0,0,0,0,0
root/dist/themes/airbnb.css,root/dist/themes,0,0,0,0,0,0,0,0,0,0,0,0,0,0,0,0,13.0,1.0,1.0,660.0,663.0,900.0,926.0,926.0,926.0,926.0,0,0,0,0,0,0,0,0,0,0,0
root/dist/themes/base16_flat.css,root/dist/themes,0,0,0,0,0,0,0,0,0,0,0,0,0,0,0,0,13.0,1.0,1.0,611.0,614.0,0,0,0,0,0,0,0,0,0,0,0,0,0,0,0,0
root/dist/themes/confetti.css,root/dist/themes,0,0,0,0,0,0,0,0,0,0,0,0,0,0,0,0,13.0,1.0,1.0,624.0,627.0,835.0,859.0,859.0,859.0,859.0,0,0,0,0,0,0,0,0,0,0,0
root/dist/themes/dark.css,root/dist/themes,0,0,0,0,0,0,0,0,0,0,0,0,0,0,0,0,13.0,1.0,1.0,611.0,614.0,823.0,848.0,848.0,848.0,848.0,0,0,0,0,0,0,0,0,0,0,0
root/dist/themes/light.css,root/dist/themes,0,0,0,0,0,0,0,0,0,0,0,0,0,0,0,0,0,0,0,0,0,838.0,862.0,862.0,862.0,862.0,0,0,0,0,0,0,0,0,0,0,0
root/dist/themes/material_blue.css,root/dist/themes,0,0,0,0,0,0,0,0,0,0,0,0,0,0,0,0,13.0,1.0,1.0,624.0,627.0,835.0,859.0,859.0,859.0,859.0,0,0,0,0,0,0,0,0,0,0,0
root/dist/themes/material_green.css,root/dist/themes,0,0,0,0,0,0,0,0,0,0,0,0,0,0,0,0,13.0,1.0,1.0,624.0,627.0,835.0,859.0,859.0,859.0,859.0,0,0,0,0,0,0,0,0,0,0,0
root/dist/themes/material_orange.css,root/dist/themes,0,0,0,0,0,0,0,0,0,0,0,0,0,0,0,0,13.0,1.0,1.0,624.0,627.0,835.0,859.0,859.0,859.0,859.0,0,0,0,0,0,0,0,0,0,0,0
root/dist/themes/material_red.css,root/dist/themes,0,0,0,0,0,0,0,0,0,0,0,0,0,0,0,0,13.0,1.0,1.0,624.0,627.0,835.0,859.0,859.0,859.0,859.0,0,0,0,0,0,0,0,0,0,0,0
root/emitDeclarations.sh,root,0,0,0,0,0,0,0,0,0,0,0,0,0,0,0,0,0,0,0,0,0,0,0,0,0,0,0,0,0,0,0,0,5.0,5.0,5.0,5.0,10.0
root/gulpfile.babel.js,root,0,0,0,0,0,0,0,0,0,57.0,0,0,0,0,0,0,0,0,0,0,0,0,0,0,0,0,0,0,0,0,0,0,0,0,0,0,0
root/gulpfile.js,root,0,0,0,0,18.0,18.0,26.0,37.0,37.0,0,58.0,59.0,73.0,73.0,99.0,101.0,0,0,0,0,0,0,0,0,0,0,0,0,0,0,0,0,0,0,0,0,0
root/index.html,root,82.0,299.0,574.0,574.0,574.0,574.0,573.0,603.0,620.0,784.0,793.0,881.0,1068.0,1146.0,83.0,138.0,0,0,0,0,0,0,0,0,0,0,0,0,0,0,0,0,0,0,0,0,0
root/index_.html,root,0,0,0,0,0,0,0,0,0,0,0,0,0,0,1171.0,0,0,0,0,0,0,0,0,0,0,0,0,0,0,0,0,0,0,0,0,0,0
root/newRelease.js,root,0,0,0,0,0,0,0,0,0,0,0,0,0,0,0,0,0,0,0,67.0,0,0,0,0,0,0,0,0,0,0,0,0,0,0,0,0,0
root/release,root,0,0,0,0,0,0,0,0,0,0,0,0,0,0,0,0,0,0,0,0,13.0,13.0,13.0,13.0,13.0,13.0,0,0,0,0,0,0,0,0,0,0,0
root/rollup.config.js,root,0,0,0,0,0,0,0,0,0,0,0,0,0,0,0,0,0,0,0,0,0,0,0,0,0,0,32.0,31.0,31.0,33.0,35.0,35.0,39.0,39.0,39.0,39.0,39.0
root/src,root,609.0,612.0,649.0,655.0,670.0,687.0,680.0,992.0,1062.0,796.0,829.0,1440.0,1635.0,1855.0,2079.0,2417.0,2703.0,2788.0,3118.0,3262.0,3537.0,3831.0,3915.0,4158.0,4185.0,4204.0,24.0,24.0,24.0,24.0,24.0,24.0,24.0,24.0,34.0,34.0,34.0
root/src/datepickr.css,root/src,125.0,0,0,0,0,0,0,0,0,0,0,0,0,0,0,0,0,0,0,0,0,0,0,0,0,0,0,0,0,0,0,0,0,0,0,0,0
root/src/datepickr.js,root/src,470.0,0,0,0,0,0,0,0,0,0,0,0,0,0,0,0,0,0,0,0,0,0,0,0,0,0,0,0,0,0,0,0,0,0,0,0,0
root/src/datepickr.min.css,root/src,1.0,0,0,0,0,0,0,0,0,0,0,0,0,0,0,0,0,0,0,0,0,0,0,0,0,0,0,0,0,0,0,0,0,0,0,0,0
root/src/datepickr.min.js,root/src,13.0,0,0,0,0,0,0,0,0,0,0,0,0,0,0,0,0,0,0,0,0,0,0,0,0,0,0,0,0,0,0,0,0,0,0,0,0
root/src/flatpickr.css,root/src,0,143.0,148.0,148.0,148.0,148.0,146.0,0,0,0,0,0,0,0,0,0,0,0,0,0,0,0,0,0,0,0,0,0,0,0,0,0,0,0,0,0,0
root/src/flatpickr.dark.scss,root/src,0,0,0,0,0,0,0,3.0,3.0,0,0,0,0,0,0,0,0,0,0,0,0,0,0,0,0,0,0,0,0,0,0,0,0,0,0,0,0
root/src/flatpickr.i10n.cs.js,root/src,0,0,0,0,0,0,0,0,0,0,0,0,17.0,0,0,0,0,0,0,0,0,0,0,0,0,0,0,0,0,0,0,0,0,0,0,0,0
root/src/flatpickr.js,root/src,0,469.0,501.0,507.0,522.0,539.0,534.0,696.0,745.0,796.0,829.0,1161.0,1290.0,1350.0,1492.0,1758.0,1953.0,2036.0,2188.0,2332.0,2479.0,2709.0,2739.0,2759.0,2787.0,2793.0,0,0,0,0,0,0,0,0,0,0,0
root/src/flatpickr.l10n.ar.js,root/src,0,0,0,0,0,0,0,0,0,0,0,11.0,11.0,15.0,15.0,15.0,0,0,0,0,0,0,0,0,0,0,0,0,0,0,0,0,0,0,0,0,0
root/src/flatpickr.l10n.bg.js,root/src,0,0,0,0,0,0,0,0,0,0,0,11.0,11.0,15.0,15.0,15.0,0,0,0,0,0,0,0,0,0,0,0,0,0,0,0,0,0,0,0,0,0
root/src/flatpickr.l10n.bn.js,root/src,0,0,0,0,0,0,0,0,0,0,0,11.0,11.0,15.0,15.0,15.0,0,0,0,0,0,0,0,0,0,0,0,0,0,0,0,0,0,0,0,0,0
root/src/flatpickr.l10n.cat.js,root/src,0,0,0,0,0,0,0,0,0,0,0,0,0,0,30.0,30.0,0,0,0,0,0,0,0,0,0,0,0,0,0,0,0,0,0,0,0,0,0
root/src/flatpickr.l10n.cs.js,root/src,0,0,0,0,0,0,0,0,0,0,0,0,0,21.0,21.0,21.0,0,0,0,0,0,0,0,0,0,0,0,0,0,0,0,0,0,0,0,0,0
root/src/flatpickr.l10n.da.js,root/src,0,0,0,0,0,0,0,0,0,0,0,0,15.0,19.0,19.0,19.0,0,0,0,0,0,0,0,0,0,0,0,0,0,0,0,0,0,0,0,0,0
root/src/flatpickr.l10n.de.js,root/src,0,0,0,0,0,0,0,0,0,0,0,11.0,11.0,15.0,15.0,15.0,0,0,0,0,0,0,0,0,0,0,0,0,0,0,0,0,0,0,0,0,0
root/src/flatpickr.l10n.es.js,root/src,0,0,0,0,0,0,0,0,0,0,0,17.0,17.0,21.0,21.0,21.0,0,0,0,0,0,0,0,0,0,0,0,0,0,0,0,0,0,0,0,0,0
root/src/flatpickr.l10n.fa.js,root/src,0,0,0,0,0,0,0,0,0,0,0,15.0,15.0,19.0,19.0,19.0,0,0,0,0,0,0,0,0,0,0,0,0,0,0,0,0,0,0,0,0,0
root/src/flatpickr.l10n.fi.js,root/src,0,0,0,0,0,0,0,0,0,0,0,17.0,17.0,21.0,21.0,21.0,0,0,0,0,0,0,0,0,0,0,0,0,0,0,0,0,0,0,0,0,0
root/src/flatpickr.l10n.fr.js,root/src,0,0,0,0,0,0,0,0,0,0,0,19.0,19.0,23.0,23.0,25.0,0,0,0,0,0,0,0,0,0,0,0,0,0,0,0,0,0,0,0,0,0
root/src/flatpickr.l10n.he.js,root/src,0,0,0,0,0,0,0,0,0,0,0,11.0,11.0,15.0,15.0,15.0,0,0,0,0,0,0,0,0,0,0,0,0,0,0,0,0,0,0,0,0,0
root/src/flatpickr.l10n.hi.js,root/src,0,0,0,0,0,0,0,0,0,0,0,11.0,11.0,15.0,15.0,15.0,0,0,0,0,0,0,0,0,0,0,0,0,0,0,0,0,0,0,0,0,0
root/src/flatpickr.l10n.hr.js,root/src,0,0,0,0,0,0,0,0,0,0,0,0,0,0,0,18.0,0,0,0,0,0,0,0,0,0,0,0,0,0,0,0,0,0,0,0,0,0
root/src/flatpickr.l10n.hu.js,root/src,0,0,0,0,0,0,0,0,0,0,0,0,0,0,0,26.0,0,0,0,0,0,0,0,0,0,0,0,0,0,0,0,0,0,0,0,0,0
root/src/flatpickr.l10n.id.js,root/src,0,0,0,0,0,0,0,0,0,0,0,0,17.0,21.0,21.0,21.0,0,0,0,0,0,0,0,0,0,0,0,0,0,0,0,0,0,0,0,0,0
root/src/flatpickr.l10n.it.js,root/src,0,0,0,0,0,0,0,0,0,0,0,0,0,26.0,26.0,26.0,0,0,0,0,0,0,0,0,0,0,0,0,0,0,0,0,0,0,0,0,0
root/src/flatpickr.l10n.ja.js,root/src,0,0,0,0,0,0,0,0,0,0,0,11.0,11.0,15.0,15.0,15.0,0,0,0,0,0,0,0,0,0,0,0,0,0,0,0,0,0,0,0,0,0
root/src/flatpickr.l10n.ko.js,root/src,0,0,0,0,0,0,0,0,0,0,0,15.0,15.0,19.0,19.0,19.0,0,0,0,0,0,0,0,0,0,0,0,0,0,0,0,0,0,0,0,0,0
root/src/flatpickr.l10n.ms.js,root/src,0,0,0,0,0,0,0,0,0,0,0,0,0,0,21.0,21.0,0,0,0,0,0,0,0,0,0,0,0,0,0,0,0,0,0,0,0,0,0
root/src/flatpickr.l10n.my.js,root/src,0,0,0,0,0,0,0,0,0,0,0,0,17.0,21.0,21.0,21.0,0,0,0,0,0,0,0,0,0,0,0,0,0,0,0,0,0,0,0,0,0
root/src/flatpickr.l10n.nl.js,root/src,0,0,0,0,0,0,0,0,0,0,0,21.0,21.0,25.0,25.0,25.0,0,0,0,0,0,0,0,0,0,0,0,0,0,0,0,0,0,0,0,0,0
root/src/flatpickr.l10n.no.js,root/src,0,0,0,0,0,0,0,0,0,0,0,15.0,15.0,19.0,19.0,19.0,0,0,0,0,0,0,0,0,0,0,0,0,0,0,0,0,0,0,0,0,0
root/src/flatpickr.l10n.pa.js,root/src,0,0,0,0,0,0,0,0,0,0,0,11.0,11.0,15.0,15.0,15.0,0,0,0,0,0,0,0,0,0,0,0,0,0,0,0,0,0,0,0,0,0
root/src/flatpickr.l10n.pl.js,root/src,0,0,0,0,0,0,0,0,0,0,0,15.0,15.0,19.0,19.0,19.0,0,0,0,0,0,0,0,0,0,0,0,0,0,0,0,0,0,0,0,0,0
root/src/flatpickr.l10n.pt.js,root/src,0,0,0,0,0,0,0,0,0,0,0,11.0,11.0,15.0,15.0,15.0,0,0,0,0,0,0,0,0,0,0,0,0,0,0,0,0,0,0,0,0,0
root/src/flatpickr.l10n.ro.js,root/src,0,0,0,0,0,0,0,0,0,0,0,0,0,0,0,22.0,0,0,0,0,0,0,0,0,0,0,0,0,0,0,0,0,0,0,0,0,0
root/src/flatpickr.l10n.ru.js,root/src,0,0,0,0,0,0,0,0,0,0,0,11.0,11.0,15.0,15.0,15.0,0,0,0,0,0,0,0,0,0,0,0,0,0,0,0,0,0,0,0,0,0
root/src/flatpickr.l10n.si.js,root/src,0,0,0,0,0,0,0,0,0,0,0,0,0,0,16.0,16.0,0,0,0,0,0,0,0,0,0,0,0,0,0,0,0,0,0,0,0,0,0
root/src/flatpickr.l10n.sq.js,root/src,0,0,0,0,0,0,0,0,0,0,0,11.0,11.0,15.0,15.0,15.0,0,0,0,0,0,0,0,0,0,0,0,0,0,0,0,0,0,0,0,0,0
root/src/flatpickr.l10n.sv.js,root/src,0,0,0,0,0,0,0,0,0,0,0,0,0,19.0,19.0,19.0,0,0,0,0,0,0,0,0,0,0,0,0,0,0,0,0,0,0,0,0,0
root/src/flatpickr.l10n.tr.js,root/src,0,0,0,0,0,0,0,0,0,0,0,13.0,13.0,17.0,17.0,17.0,0,0,0,0,0,0,0,0,0,0,0,0,0,0,0,0,0,0,0,0,0
root/src/flatpickr.l10n.uk.js,root/src,0,0,0,0,0,0,0,0,0,0,0,0,0,0,15.0,15.0,0,0,0,0,0,0,0,0,0,0,0,0,0,0,0,0,0,0,0,0,0
root/src/flatpickr.l10n.vn.js,root/src,0,0,0,0,0,0,0,0,0,0,0,0,0,18.0,18.0,18.0,0,0,0,0,0,0,0,0,0,0,0,0,0,0,0,0,0,0,0,0,0
root/src/flatpickr.l10n.zh.js,root/src,0,0,0,0,0,0,0,0,0,0,0,11.0,11.0,12.0,12.0,16.0,0,0,0,0,0,0,0,0,0,0,0,0,0,0,0,0,0,0,0,0,0
root/src/flatpickr.scss,root/src,0,0,0,0,0,0,0,3.0,3.0,0,0,0,0,0,0,0,0,0,0,0,0,0,0,0,0,0,0,0,0,0,0,0,0,0,0,0,0
root/src/flatpickr.vue.js,root/src,0,0,0,0,0,0,0,0,26.0,0,0,0,0,0,0,0,0,0,0,0,0,0,0,0,0,0,0,0,0,0,0,0,0,0,0,0,0
root/src/flatpickr_base.scss,root/src,0,0,0,0,0,0,0,262.0,257.0,0,0,0,0,0,0,0,0,0,0,0,0,0,0,0,0,0,0,0,0,0,0,0,0,0,0,0,0
root/src/l10n,root/src,0,0,0,0,0,0,0,0,0,0,0,0,0,0,0,0,750.0,752.0,875.0,878.0,896.0,959.0,1013.0,1112.0,1111.0,1118.0,0,0,0,0,0,0,0,0,0,0,0
root/src/l10n/ar.js,root/src/l10n,0,0,0,0,0,0,0,0,0,0,0,0,0,0,0,0,16.0,16.0,16.0,16.0,16.0,16.0,16.0,16.0,16.0,16.0,0,0,0,0,0,0,0,0,0,0,0
root/src/l10n/bg.js,root/src/l10n,0,0,0,0,0,0,0,0,0,0,0,0,0,0,0,0,16.0,16.0,16.0,16.0,16.0,16.0,16.0,16.0,16.0,16.0,0,0,0,0,0,0,0,0,0,0,0
root/src/l10n/bn.js,root/src/l10n,0,0,0,0,0,0,0,0,0,0,0,0,0,0,0,0,16.0,16.0,16.0,16.0,16.0,16.0,16.0,16.0,16.0,16.0,0,0,0,0,0,0,0,0,0,0,0
root/src/l10n/cat.js,root/src/l10n,0,0,0,0,0,0,0,0,0,0,0,0,0,0,0,0,31.0,31.0,31.0,31.0,31.0,31.0,31.0,31.0,31.0,31.0,0,0,0,0,0,0,0,0,0,0,0
root/src/l10n/cs.js,root/src/l10n,0,0,0,0,0,0,0,0,0,0,0,0,0,0,0,0,22.0,22.0,22.0,22.0,22.0,22.0,22.0,22.0,22.0,22.0,0,0,0,0,0,0,0,0,0,0,0
root/src/l10n/cy.js,root/src/l10n,0,0,0,0,0,0,0,0,0,0,0,0,0,0,0,0,0,0,46.0,46.0,46.0,46.0,46.0,46.0,46.0,46.0,0,0,0,0,0,0,0,0,0,0,0
root/src/l10n/da.js,root/src/l10n,0,0,0,0,0,0,0,0,0,0,0,0,0,0,0,0,20.0,20.0,20.0,20.0,20.0,20.0,20.0,20.0,20.0,24.0,0,0,0,0,0,0,0,0,0,0,0
root/src/l10n/de.js,root/src/l10n,0,0,0,0,0,0,0,0,0,0,0,0,0,0,0,0,16.0,16.0,21.0,21.0,21.0,23.0,23.0,23.0,23.0,23.0,0,0,0,0,0,0,0,0,0,0,0
root/src/l10n/eo.js,root/src/l10n,0,0,0,0,0,0,0,0,0,0,0,0,0,0,0,0,0,0,0,0,0,0,27.0,27.0,27.0,27.0,0,0,0,0,0,0,0,0,0,0,0
root/src/l10n/es.js,root/src/l10n,0,0,0,0,0,0,0,0,0,0,0,0,0,0,0,0,22.0,22.0,22.0,22.0,22.0,22.0,22.0,22.0,22.0,22.0,0,0,0,0,0,0,0,0,0,0,0
root/src/l10n/et.js,root/src/l10n,0,0,0,0,0,0,0,0,0,0,0,0,0,0,0,0,27.0,27.0,27.0,28.0,28.0,28.0,28.0,28.0,28.0,28.0,0,0,0,0,0,0,0,0,0,0,0
root/src/l10n/fa.js,root/src/l10n,0,0,0,0,0,0,0,0,0,0,0,0,0,0,0,0,20.0,20.0,20.0,20.0,20.0,20.0,20.0,20.0,20.0,20.0,0,0,0,0,0,0,0,0,0,0,0
root/src/l10n/fi.js,root/src/l10n,0,0,0,0,0,0,0,0,0,0,0,0,0,0,0,0,22.0,22.0,22.0,22.0,22.0,22.0,22.0,22.0,22.0,22.0,0,0,0,0,0,0,0,0,0,0,0
root/src/l10n/fr.js,root/src/l10n,0,0,0,0,0,0,0,0,0,0,0,0,0,0,0,0,26.0,26.0,26.0,26.0,26.0,31.0,31.0,31.0,31.0,31.0,0,0,0,0,0,0,0,0,0,0,0
root/src/l10n/gr.js,root/src/l10n,0,0,0,0,0,0,0,0,0,0,0,0,0,0,0,0,0,0,0,0,0,31.0,31.0,31.0,31.0,31.0,0,0,0,0,0,0,0,0,0,0,0
root/src/l10n/he.js,root/src/l10n,0,0,0,0,0,0,0,0,0,0,0,0,0,0,0,0,16.0,16.0,16.0,16.0,16.0,16.0,16.0,16.0,16.0,16.0,0,0,0,0,0,0,0,0,0,0,0
root/src/l10n/hi.js,root/src/l10n,0,0,0,0,0,0,0,0,0,0,0,0,0,0,0,0,16.0,16.0,16.0,16.0,16.0,16.0,16.0,16.0,16.0,16.0,0,0,0,0,0,0,0,0,0,0,0
root/src/l10n/hr.js,root/src/l10n,0,0,0,0,0,0,0,0,0,0,0,0,0,0,0,0,19.0,19.0,19.0,19.0,19.0,19.0,19.0,19.0,19.0,19.0,0,0,0,0,0,0,0,0,0,0,0
root/src/l10n/hu.js,root/src/l10n,0,0,0,0,0,0,0,0,0,0,0,0,0,0,0,0,27.0,27.0,27.0,27.0,27.0,27.0,27.0,27.0,27.0,27.0,0,0,0,0,0,0,0,0,0,0,0
root/src/l10n/id.js,root/src/l10n,0,0,0,0,0,0,0,0,0,0,0,0,0,0,0,0,22.0,22.0,22.0,22.0,22.0,22.0,22.0,22.0,22.0,22.0,0,0,0,0,0,0,0,0,0,0,0
root/src/l10n/index.js,root/src/l10n,0,0,0,0,0,0,0,0,0,0,0,0,0,0,0,0,0,0,0,0,0,0,0,99.0,98.0,98.0,0,0,0,0,0,0,0,0,0,0,0
root/src/l10n/it.js,root/src/l10n,0,0,0,0,0,0,0,0,0,0,0,0,0,0,0,0,27.0,27.0,27.0,27.0,27.0,27.0,27.0,27.0,27.0,27.0,0,0,0,0,0,0,0,0,0,0,0
root/src/l10n/ja.js,root/src/l10n,0,0,0,0,0,0,0,0,0,0,0,0,0,0,0,0,16.0,16.0,16.0,16.0,16.0,16.0,16.0,16.0,16.0,16.0,0,0,0,0,0,0,0,0,0,0,0
root/src/l10n/ko.js,root/src/l10n,0,0,0,0,0,0,0,0,0,0,0,0,0,0,0,0,20.0,20.0,20.0,20.0,20.0,20.0,20.0,20.0,20.0,20.0,0,0,0,0,0,0,0,0,0,0,0
root/src/l10n/lt.js,root/src/l10n,0,0,0,0,0,0,0,0,0,0,0,0,0,0,0,0,27.0,27.0,27.0,27.0,27.0,27.0,27.0,27.0,27.0,27.0,0,0,0,0,0,0,0,0,0,0,0
root/src/l10n/lv.js,root/src/l10n,0,0,0,0,0,0,0,0,0,0,0,0,0,0,0,0,0,0,0,0,18.0,17.0,17.0,17.0,17.0,20.0,0,0,0,0,0,0,0,0,0,0,0
root/src/l10n/mk.js,root/src/l10n,0,0,0,0,0,0,0,0,0,0,0,0,0,0,0,0,0,0,21.0,21.0,21.0,20.0,20.0,20.0,20.0,20.0,0,0,0,0,0,0,0,0,0,0,0
root/src/l10n/ms.js,root/src/l10n,0,0,0,0,0,0,0,0,0,0,0,0,0,0,0,0,22.0,22.0,22.0,22.0,22.0,22.0,22.0,22.0,22.0,22.0,0,0,0,0,0,0,0,0,0,0,0
root/src/l10n/my.js,root/src/l10n,0,0,0,0,0,0,0,0,0,0,0,0,0,0,0,0,22.0,22.0,22.0,22.0,22.0,22.0,22.0,22.0,22.0,22.0,0,0,0,0,0,0,0,0,0,0,0
root/src/l10n/nl.js,root/src/l10n,0,0,0,0,0,0,0,0,0,0,0,0,0,0,0,0,26.0,26.0,26.0,26.0,26.0,26.0,29.0,29.0,29.0,29.0,0,0,0,0,0,0,0,0,0,0,0
root/src/l10n/no.js,root/src/l10n,0,0,0,0,0,0,0,0,0,0,0,0,0,0,0,0,20.0,20.0,20.0,20.0,20.0,22.0,25.0,25.0,25.0,25.0,0,0,0,0,0,0,0,0,0,0,0
root/src/l10n/pa.js,root/src/l10n,0,0,0,0,0,0,0,0,0,0,0,0,0,0,0,0,16.0,16.0,16.0,16.0,16.0,16.0,16.0,16.0,16.0,16.0,0,0,0,0,0,0,0,0,0,0,0
root/src/l10n/pl.js,root/src/l10n,0,0,0,0,0,0,0,0,0,0,0,0,0,0,0,0,20.0,20.0,20.0,20.0,20.0,20.0,20.0,20.0,20.0,20.0,0,0,0,0,0,0,0,0,0,0,0
root/src/l10n/pt.js,root/src/l10n,0,0,0,0,0,0,0,0,0,0,0,0,0,0,0,0,16.0,16.0,19.0,19.0,19.0,19.0,19.0,19.0,19.0,19.0,0,0,0,0,0,0,0,0,0,0,0
root/src/l10n/ro.js,root/src/l10n,0,0,0,0,0,0,0,0,0,0,0,0,0,0,0,0,23.0,23.0,23.0,23.0,23.0,23.0,23.0,23.0,23.0,23.0,0,0,0,0,0,0,0,0,0,0,0
root/src/l10n/ru.js,root/src/l10n,0,0,0,0,0,0,0,0,0,0,0,0,0,0,0,0,16.0,18.0,18.0,18.0,18.0,18.0,18.0,18.0,18.0,18.0,0,0,0,0,0,0,0,0,0,0,0
root/src/l10n/si.js,root/src/l10n,0,0,0,0,0,0,0,0,0,0,0,0,0,0,0,0,17.0,17.0,17.0,17.0,17.0,17.0,17.0,17.0,17.0,17.0,0,0,0,0,0,0,0,0,0,0,0
root/src/l10n/sk.js,root/src/l10n,0,0,0,0,0,0,0,0,0,0,0,0,0,0,0,0,0,0,0,0,0,0,21.0,21.0,21.0,21.0,0,0,0,0,0,0,0,0,0,0,0
root/src/l10n/sl.js,root/src/l10n,0,0,0,0,0,0,0,0,0,0,0,0,0,0,0,0,0,0,0,0,0,23.0,23.0,23.0,23.0,23.0,0,0,0,0,0,0,0,0,0,0,0
root/src/l10n/sq.js,root/src/l10n,0,0,0,0,0,0,0,0,0,0,0,0,0,0,0,0,16.0,16.0,16.0,16.0,16.0,16.0,16.0,16.0,16.0,16.0,0,0,0,0,0,0,0,0,0,0,0
root/src/l10n/sr.js,root/src/l10n,0,0,0,0,0,0,0,0,0,0,0,0,0,0,0,0,0,0,21.0,21.0,21.0,20.0,20.0,20.0,20.0,20.0,0,0,0,0,0,0,0,0,0,0,0
root/src/l10n/sv.js,root/src/l10n,0,0,0,0,0,0,0,0,0,0,0,0,0,0,0,0,22.0,22.0,23.0,23.0,23.0,23.0,23.0,23.0,23.0,23.0,0,0,0,0,0,0,0,0,0,0,0
root/src/l10n/th.js,root/src/l10n,0,0,0,0,0,0,0,0,0,0,0,0,0,0,0,0,0,0,26.0,26.0,26.0,25.0,25.0,25.0,25.0,25.0,0,0,0,0,0,0,0,0,0,0,0
root/src/l10n/tr.js,root/src/l10n,0,0,0,0,0,0,0,0,0,0,0,0,0,0,0,0,18.0,18.0,18.0,18.0,18.0,18.0,18.0,18.0,18.0,18.0,0,0,0,0,0,0,0,0,0,0,0
root/src/l10n/uk.js,root/src/l10n,0,0,0,0,0,0,0,0,0,0,0,0,0,0,0,0,16.0,16.0,16.0,18.0,18.0,17.0,17.0,17.0,17.0,17.0,0,0,0,0,0,0,0,0,0,0,0
root/src/l10n/vn.js,root/src/l10n,0,0,0,0,0,0,0,0,0,0,0,0,0,0,0,0,19.0,19.0,19.0,19.0,19.0,19.0,19.0,19.0,19.0,19.0,0,0,0,0,0,0,0,0,0,0,0
root/src/l10n/zh.js,root/src/l10n,0,0,0,0,0,0,0,0,0,0,0,0,0,0,0,0,17.0,17.0,17.0,17.0,17.0,22.0,22.0,22.0,22.0,22.0,0,0,0,0,0,0,0,0,0,0,0
root/src/plugins,root/src,0,0,0,0,0,0,0,0,0,0,0,0,0,0,0,0,0,0,55.0,52.0,162.0,163.0,163.0,287.0,287.0,293.0,24.0,24.0,24.0,24.0,24.0,24.0,24.0,24.0,34.0,34.0,34.0
root/src/plugins/confirmDate,root/src/plugins,0,0,0,0,0,0,0,0,0,0,0,0,0,0,0,0,0,0,55.0,52.0,84.0,84.0,84.0,84.0,84.0,84.0,24.0,24.0,24.0,24.0,24.0,24.0,24.0,24.0,24.0,24.0,24.0
root/src/plugins/confirmDate/confirmDate.css,root/src/plugins/confirmDate,0,0,0,0,0,0,0,0,0,0,0,0,0,0,0,0,0,0,18.0,15.0,24.0,24.0,24.0,24.0,24.0,24.0,24.0,24.0,24.0,24.0,24.0,24.0,24.0,24.0,24.0,24.0,24.0
root/src/plugins/confirmDate/confirmDate.js,root/src/plugins/confirmDate,0,0,0,0,0,0,0,0,0,0,0,0,0,0,0,0,0,0,37.0,37.0,60.0,60.0,60.0,60.0,60.0,60.0,0,0,0,0,0,0,0,0,0,0,0
root/src/plugins/labelPlugin,root/src/plugins,0,0,0,0,0,0,0,0,0,0,0,0,0,0,0,0,0,0,0,0,16.0,16.0,16.0,16.0,16.0,16.0,0,0,0,0,0,0,0,0,0,0,0
root/src/plugins/labelPlugin/labelPlugin.js,root/src/plugins/labelPlugin,0,0,0,0,0,0,0,0,0,0,0,0,0,0,0,0,0,0,0,0,16.0,16.0,16.0,16.0,16.0,16.0,0,0,0,0,0,0,0,0,0,0,0
root/src/plugins/monthSelect,root/src/plugins,0,0,0,0,0,0,0,0,0,0,0,0,0,0,0,0,0,0,0,0,0,0,0,0,0,0,0,0,0,0,0,0,0,0,10.0,10.0,10.0
root/src/plugins/monthSelect/monthSelect.css,root/src/plugins/monthSelect,0,0,0,0,0,0,0,0,0,0,0,0,0,0,0,0,0,0,0,0,0,0,0,0,0,0,0,0,0,0,0,0,0,0,10.0,10.0,10.0
root/src/plugins/rangePlugin.js,root/src/plugins,0,0,0,0,0,0,0,0,0,0,0,0,0,0,0,0,0,0,0,0,0,0,0,121.0,121.0,121.0,0,0,0,0,0,0,0,0,0,0,0
root/src/plugins/weekSelect,root/src/plugins,0,0,0,0,0,0,0,0,0,0,0,0,0,0,0,0,0,0,0,0,62.0,63.0,63.0,66.0,66.0,72.0,0,0,0,0,0,0,0,0,0,0,0
root/src/plugins/weekSelect/weekSelect.css,root/src/plugins/weekSelect,0,0,0,0,0,0,0,0,0,0,0,0,0,0,0,0,0,0,0,0,4.0,0,0,0,0,0,0,0,0,0,0,0,0,0,0,0,0
root/src/plugins/weekSelect/weekSelect.js,root/src/plugins/weekSelect,0,0,0,0,0,0,0,0,0,0,0,0,0,0,0,0,0,0,0,0,58.0,63.0,63.0,66.0,66.0,72.0,0,0,0,0,0,0,0,0,0,0,0
root/src/theme_dark.scss,root/src,0,0,0,0,0,0,0,14.0,14.0,0,0,0,0,0,0,0,0,0,0,0,0,0,0,0,0,0,0,0,0,0,0,0,0,0,0,0,0
root/src/theme_light.scss,root/src,0,0,0,0,0,0,0,14.0,14.0,0,0,0,0,0,0,0,0,0,0,0,0,0,0,0,0,0,0,0,0,0,0,0,0,0,0,0,0
root/test,root,0,0,0,0,0,0,0,0,0,0,0,74.0,74.0,148.0,148.0,1024.0,1126.0,369.0,877.0,959.0,977.0,1074.0,1074.0,1082.0,1082.0,1097.0,0,0,0,0,0,0,0,0,0,0,0
root/test/favico.js,root/test,0,0,0,0,0,0,0,0,0,0,0,0,0,0,0,703.0,703.0,0,0,0,0,0,0,0,0,0,0,0,0,0,0,0,0,0,0,0,0
root/test/flatpickr.spec.js,root/test,0,0,0,0,0,0,0,0,0,0,0,0,0,0,0,0,0,369.0,877.0,959.0,977.0,1074.0,1074.0,1082.0,1082.0,1097.0,0,0,0,0,0,0,0,0,0,0,0
root/test/index.html,root/test,0,0,0,0,0,0,0,0,0,0,0,27.0,27.0,28.0,28.0,32.0,32.0,0,0,0,0,0,0,0,0,0,0,0,0,0,0,0,0,0,0,0,0
root/test/jasmine-favicon-reporter.js,root/test,0,0,0,0,0,0,0,0,0,0,0,0,0,0,0,25.0,25.0,0,0,0,0,0,0,0,0,0,0,0,0,0,0,0,0,0,0,0,0
root/test/spec.js,root/test,0,0,0,0,0,0,0,0,0,0,0,47.0,47.0,120.0,120.0,264.0,366.0,0,0,0,0,0,0,0,0,0,0,0,0,0,0,0,0,0,0,0,0
root/zip-release,root,0,0,0,0,0,0,0,0,0,0,0,0,0,0,0,0,0,0,0,0,0,0,0,0,0,0,0,2.0,2.0,2.0,0,0,0,0,0,0,0
