root/.travis.yml,root,0,0,0,0,0,0,0,0,0,0,0,0,0,0,0,0,0,27.0,27.0,27.0,27.0,27.0,27.0,28.0,28.0,28.0,26.0,26.0,25.0,25.0,25.0,25.0,25.0,22.0,22.0,22.0,27.0,27.0
root/__mocks__,root,0,0,0,0,0,0,0,0,0,0,0,0,0,0,0,0,0,0,0,0,1.0,1.0,1.0,1.0,1.0,1.0,1.0,1.0,1.0,1.0,1.0,1.0,1.0,1.0,1.0,1.0,1.0,1.0
root/__mocks__/styleMock.js,root/__mocks__,0,0,0,0,0,0,0,0,0,0,0,0,0,0,0,0,0,0,0,0,1.0,1.0,1.0,1.0,1.0,1.0,1.0,1.0,1.0,1.0,1.0,1.0,1.0,1.0,1.0,1.0,1.0,1.0
root/assets,root,0,0,0,0,0,44.0,44.0,44.0,44.0,44.0,44.0,44.0,44.0,44.0,44.0,0,0,0,0,0,0,0,0,0,0,0,0,0,0,0,0,0,0,0,0,0,0,0
root/assets/interactive.js,root/assets,0,0,0,0,0,44.0,44.0,44.0,44.0,44.0,44.0,44.0,44.0,44.0,44.0,0,0,0,0,0,0,0,0,0,0,0,0,0,0,0,0,0,0,0,0,0,0,0
root/dist,root,22.0,0,0,0,0,0,0,0,0,0,0,0,0,0,0,0,0,0,0,0,0,0,0,0,0,0,0,0,0,0,0,0,0,0,0,0,0,0
root/dist/200.html,root/dist,1.0,0,0,0,0,0,0,0,0,0,0,0,0,0,0,0,0,0,0,0,0,0,0,0,0,0,0,0,0,0,0,0,0,0,0,0,0,0
root/dist/index.html,root/dist,1.0,0,0,0,0,0,0,0,0,0,0,0,0,0,0,0,0,0,0,0,0,0,0,0,0,0,0,0,0,0,0,0,0,0,0,0,0,0
root/dist/spectacle.0.0.1.css,root/dist,1.0,0,0,0,0,0,0,0,0,0,0,0,0,0,0,0,0,0,0,0,0,0,0,0,0,0,0,0,0,0,0,0,0,0,0,0,0,0
root/dist/spectacle.0.0.1.js,root/dist,19.0,0,0,0,0,0,0,0,0,0,0,0,0,0,0,0,0,0,0,0,0,0,0,0,0,0,0,0,0,0,0,0,0,0,0,0,0,0
root/example,root,0,0,0,0,0,0,0,0,0,0,0,0,0,0,0,239.0,239.0,239.0,239.0,237.0,254.0,254.0,254.0,254.0,254.0,254.0,254.0,254.0,307.0,342.0,349.0,349.0,349.0,355.0,407.0,407.0,487.0,487.0
root/example/assets,root/example,0,0,0,0,0,0,0,0,0,0,0,0,0,0,0,44.0,44.0,44.0,44.0,44.0,44.0,44.0,44.0,44.0,44.0,44.0,44.0,44.0,44.0,44.0,44.0,44.0,44.0,44.0,44.0,44.0,44.0,44.0
root/example/assets/interactive.js,root/example/assets,0,0,0,0,0,0,0,0,0,0,0,0,0,0,0,44.0,44.0,44.0,44.0,44.0,44.0,44.0,44.0,44.0,44.0,44.0,44.0,44.0,44.0,44.0,44.0,44.0,44.0,44.0,44.0,44.0,44.0,44.0
root/example/src,root/example,0,0,0,0,0,0,0,0,0,0,0,0,0,0,0,195.0,195.0,195.0,195.0,193.0,210.0,210.0,210.0,210.0,210.0,210.0,210.0,210.0,263.0,298.0,305.0,305.0,305.0,311.0,363.0,363.0,443.0,443.0
root/example/src/index.js,root/example/src,0,0,0,0,0,0,0,0,0,0,0,0,0,0,0,195.0,195.0,195.0,195.0,193.0,210.0,210.0,210.0,210.0,210.0,210.0,210.0,210.0,263.0,298.0,305.0,305.0,305.0,311.0,363.0,363.0,443.0,443.0
root/index.html,root,0,0,0,0,0,17.0,17.0,17.0,17.0,17.0,17.0,17.0,17.0,17.0,17.0,17.0,17.0,17.0,17.0,17.0,17.0,17.0,17.0,17.0,17.0,17.0,17.0,17.0,14.0,14.0,14.0,14.0,14.0,14.0,14.0,14.0,14.0,14.0
root/index.js,root,0,0,0,0,0,141.0,141.0,6.0,6.0,6.0,6.0,6.0,6.0,6.0,6.0,6.0,6.0,6.0,6.0,6.0,6.0,6.0,6.0,6.0,6.0,6.0,6.0,6.0,6.0,6.0,6.0,6.0,6.0,6.0,6.0,6.0,6.0,6.0
root/jest-setup.js,root,0,0,0,0,0,0,0,0,0,0,0,0,0,0,0,0,0,0,0,0,0,0,0,0,0,0,0,0,7.0,7.0,7.0,7.0,7.0,7.0,7.0,7.0,7.0,7.0
root/one-page.html,root,0,0,0,0,0,0,0,0,0,0,0,0,0,0,0,0,0,0,0,0,0,0,0,0,0,0,296.0,296.0,293.0,292.0,292.0,292.0,292.0,292.0,292.0,292.0,292.0,292.0
root/presentation,root,6.0,8.0,8.0,8.0,8.0,0,0,150.0,149.0,190.0,195.0,195.0,195.0,195.0,195.0,0,0,0,0,0,0,0,0,0,0,0,0,0,0,0,0,0,0,0,0,0,0,0
root/presentation/config.js,root/presentation,6.0,8.0,8.0,8.0,8.0,0,0,0,0,0,0,0,0,0,0,0,0,0,0,0,0,0,0,0,0,0,0,0,0,0,0,0,0,0,0,0,0,0
root/presentation/index.js,root/presentation,0,0,0,0,0,0,0,150.0,149.0,190.0,195.0,195.0,195.0,195.0,195.0,0,0,0,0,0,0,0,0,0,0,0,0,0,0,0,0,0,0,0,0,0,0,0
root/server.js,root,0,0,0,0,0,29.0,29.0,29.0,29.0,29.0,29.0,29.0,29.0,29.0,29.0,29.0,29.0,29.0,29.0,29.0,29.0,29.0,29.0,29.0,29.0,29.0,29.0,29.0,29.0,29.0,29.0,29.0,29.0,0,0,46.0,0,0
root/src,root,0,0,0,0,0,2635.0,2635.0,2797.0,2953.0,3069.0,3077.0,3077.0,3103.0,3109.0,3165.0,3165.0,3177.0,4050.0,4050.0,4058.0,4717.0,4889.0,4961.0,5215.0,5304.0,5340.0,5594.0,5595.0,6069.0,7153.0,7152.0,7181.0,7181.0,7251.0,7366.0,7402.0,7538.0,7538.0
root/src/actions,root/src,0,0,0,0,0,6.0,6.0,6.0,6.0,6.0,6.0,6.0,6.0,6.0,6.0,6.0,6.0,8.0,8.0,8.0,8.0,8.0,8.0,8.0,8.0,8.0,8.0,8.0,8.0,8.0,8.0,8.0,8.0,8.0,8.0,8.0,8.0,8.0
root/src/actions/index.js,root/src/actions,0,0,0,0,0,6.0,6.0,6.0,6.0,6.0,6.0,6.0,6.0,6.0,6.0,6.0,6.0,8.0,8.0,8.0,8.0,8.0,8.0,8.0,8.0,8.0,8.0,8.0,8.0,8.0,8.0,8.0,8.0,8.0,8.0,8.0,8.0,8.0
root/src/components,root/src,0,0,0,0,0,1927.0,1927.0,1996.0,2094.0,2182.0,2184.0,2184.0,2190.0,2196.0,2247.0,2247.0,2259.0,3044.0,3044.0,3054.0,3420.0,3592.0,3664.0,3877.0,3964.0,4000.0,4133.0,4134.0,4469.0,5430.0,5446.0,5458.0,5458.0,5517.0,5618.0,5619.0,5750.0,5750.0
root/src/components/anim.js,root/src/components,0,0,0,0,0,0,0,0,0,0,0,0,0,0,0,0,0,0,0,0,0,0,0,0,0,0,0,0,0,0,0,0,0,0,139.0,139.0,146.0,146.0
root/src/components/appear.js,root/src/components,0,0,0,0,0,58.0,58.0,64.0,64.0,64.0,64.0,64.0,64.0,64.0,64.0,64.0,64.0,72.0,72.0,72.0,72.0,72.0,72.0,81.0,81.0,81.0,81.0,81.0,100.0,107.0,107.0,107.0,107.0,131.0,49.0,49.0,48.0,48.0
root/src/components/autoplay-controls.js,root/src/components,0,0,0,0,0,0,0,0,0,0,0,0,0,0,0,0,0,0,0,0,0,0,0,0,0,0,67.0,67.0,73.0,73.0,73.0,73.0,73.0,73.0,73.0,73.0,73.0,73.0
root/src/components/block-quote.js,root/src/components,0,0,0,0,0,23.0,23.0,24.0,24.0,24.0,24.0,24.0,24.0,24.0,24.0,24.0,24.0,27.0,27.0,27.0,27.0,27.0,27.0,28.0,28.0,28.0,28.0,28.0,37.0,37.0,37.0,37.0,37.0,37.0,37.0,37.0,34.0,34.0
root/src/components/block-quote.test.js,root/src/components,0,0,0,0,0,0,0,0,0,0,0,0,0,0,0,0,0,12.0,12.0,12.0,12.0,12.0,12.0,13.0,13.0,13.0,13.0,13.0,13.0,13.0,13.0,13.0,13.0,13.0,13.0,13.0,13.0,13.0
root/src/components/cite.js,root/src/components,0,0,0,0,0,23.0,23.0,24.0,24.0,24.0,24.0,24.0,24.0,24.0,24.0,24.0,24.0,27.0,27.0,27.0,27.0,27.0,27.0,28.0,28.0,28.0,28.0,28.0,37.0,37.0,37.0,37.0,37.0,37.0,37.0,37.0,34.0,34.0
root/src/components/cite.test.js,root/src/components,0,0,0,0,0,0,0,0,0,0,0,0,0,0,0,0,0,12.0,12.0,12.0,12.0,12.0,12.0,11.0,11.0,11.0,11.0,11.0,11.0,11.0,11.0,11.0,11.0,11.0,11.0,11.0,11.0,11.0
root/src/components/clock.js,root/src/components,0,0,0,0,0,0,0,0,0,0,0,0,0,0,0,0,0,0,0,0,0,41.0,34.0,34.0,34.0,34.0,34.0,34.0,34.0,34.0,34.0,34.0,34.0,36.0,36.0,36.0,34.0,34.0
root/src/components/code-pane.js,root/src/components,0,0,0,0,0,49.0,49.0,50.0,50.0,50.0,50.0,50.0,50.0,50.0,50.0,50.0,50.0,51.0,51.0,51.0,51.0,51.0,51.0,52.0,52.0,52.0,52.0,52.0,65.0,74.0,74.0,78.0,78.0,78.0,78.0,78.0,79.0,79.0
root/src/components/code-pane.test.js,root/src/components,0,0,0,0,0,0,0,0,0,0,0,0,0,0,0,0,0,27.0,27.0,27.0,27.0,27.0,27.0,21.0,21.0,21.0,21.0,21.0,21.0,24.0,24.0,24.0,24.0,24.0,24.0,24.0,26.0,26.0
root/src/components/code.js,root/src/components,0,0,0,0,0,23.0,23.0,24.0,35.0,35.0,35.0,35.0,35.0,35.0,35.0,35.0,35.0,36.0,36.0,36.0,36.0,36.0,36.0,37.0,37.0,37.0,37.0,37.0,43.0,43.0,43.0,43.0,43.0,43.0,43.0,43.0,45.0,45.0
root/src/components/code.test.js,root/src/components,0,0,0,0,0,0,0,0,0,0,0,0,0,0,0,0,0,14.0,14.0,14.0,14.0,14.0,14.0,13.0,13.0,13.0,13.0,13.0,13.0,13.0,13.0,13.0,13.0,13.0,13.0,13.0,13.0,13.0
root/src/components/component-playground.js,root/src/components,0,0,0,0,0,0,0,0,0,0,0,0,0,0,0,0,0,0,0,0,54.0,54.0,54.0,55.0,55.0,55.0,55.0,55.0,139.0,245.0,245.0,253.0,253.0,255.0,255.0,255.0,277.0,277.0
root/src/components/component-playground.test.js,root/src/components,0,0,0,0,0,0,0,0,0,0,0,0,0,0,0,0,0,0,0,0,58.0,58.0,58.0,45.0,45.0,45.0,45.0,45.0,46.0,64.0,64.0,64.0,64.0,64.0,64.0,64.0,74.0,74.0
root/src/components/controls.js,root/src/components,0,0,0,0,0,0,0,0,53.0,53.0,53.0,53.0,53.0,53.0,57.0,57.0,57.0,57.0,57.0,57.0,57.0,57.0,57.0,58.0,58.0,58.0,58.0,58.0,56.0,78.0,78.0,78.0,78.0,84.0,84.0,84.0,86.0,86.0
root/src/components/controls.test.js,root/src/components,0,0,0,0,0,0,0,0,0,0,0,0,0,0,0,0,0,56.0,56.0,56.0,56.0,56.0,56.0,62.0,62.0,62.0,62.0,62.0,62.0,62.0,62.0,62.0,62.0,62.0,62.0,62.0,62.0,62.0
root/src/components/deck.js,root/src/components,0,0,0,0,0,393.0,393.0,407.0,436.0,436.0,436.0,436.0,438.0,440.0,440.0,440.0,442.0,458.0,458.0,36.0,36.0,36.0,36.0,37.0,37.0,37.0,39.0,39.0,39.0,41.0,41.0,41.0,41.0,41.0,41.0,41.0,41.0,41.0
root/src/components/deck.test.js,root/src/components,0,0,0,0,0,0,0,0,0,0,0,0,0,0,0,0,0,73.0,73.0,0,0,0,0,0,0,0,0,0,0,0,0,0,0,0,0,0,0,0
root/src/components/export.js,root/src/components,0,0,0,0,0,37.0,37.0,39.0,39.0,39.0,39.0,39.0,40.0,40.0,40.0,40.0,40.0,40.0,40.0,40.0,47.0,47.0,47.0,48.0,48.0,48.0,48.0,48.0,46.0,48.0,48.0,48.0,48.0,48.0,48.0,48.0,44.0,44.0
root/src/components/fill.js,root/src/components,0,0,0,0,0,21.0,21.0,22.0,22.0,22.0,22.0,22.0,22.0,22.0,22.0,22.0,22.0,22.0,22.0,22.0,22.0,12.0,12.0,12.0,12.0,12.0,12.0,12.0,12.0,12.0,12.0,12.0,12.0,12.0,12.0,12.0,12.0,12.0
root/src/components/fill.test.js,root/src/components,0,0,0,0,0,0,0,0,0,0,0,0,0,0,0,0,0,11.0,11.0,11.0,11.0,11.0,11.0,10.0,10.0,10.0,10.0,10.0,10.0,10.0,10.0,10.0,10.0,10.0,10.0,10.0,10.0,10.0
root/src/components/fit.js,root/src/components,0,0,0,0,0,21.0,21.0,22.0,22.0,22.0,22.0,22.0,22.0,22.0,22.0,22.0,22.0,22.0,22.0,22.0,22.0,12.0,12.0,12.0,12.0,12.0,12.0,12.0,12.0,12.0,12.0,12.0,12.0,12.0,12.0,12.0,12.0,12.0
root/src/components/fit.test.js,root/src/components,0,0,0,0,0,0,0,0,0,0,0,0,0,0,0,0,0,11.0,11.0,11.0,11.0,11.0,11.0,10.0,10.0,10.0,10.0,10.0,10.0,10.0,10.0,10.0,10.0,10.0,10.0,10.0,10.0,10.0
root/src/components/fullscreen-button.js,root/src/components,0,0,0,0,0,0,0,0,0,0,0,0,0,0,0,0,0,0,0,0,0,0,0,0,0,0,0,0,0,29.0,29.0,29.0,29.0,29.0,29.0,29.0,32.0,32.0
root/src/components/fullscreen.js,root/src/components,0,0,0,0,0,58.0,58.0,58.0,58.0,58.0,58.0,58.0,58.0,58.0,58.0,58.0,58.0,62.0,62.0,62.0,62.0,62.0,62.0,63.0,63.0,63.0,63.0,63.0,61.0,51.0,51.0,51.0,51.0,51.0,51.0,51.0,51.0,51.0
root/src/components/fullscreen.test.js,root/src/components,0,0,0,0,0,0,0,0,0,0,0,0,0,0,0,0,0,21.0,21.0,21.0,21.0,21.0,21.0,20.0,20.0,20.0,20.0,20.0,21.0,21.0,21.0,21.0,21.0,21.0,21.0,21.0,24.0,24.0
root/src/components/go-to-action.js,root/src/components,0,0,0,0,0,0,0,0,0,0,0,0,0,0,0,0,0,0,0,0,0,0,0,0,0,0,0,0,0,55.0,55.0,55.0,55.0,55.0,55.0,55.0,53.0,53.0
root/src/components/go-to-action.test.js,root/src/components,0,0,0,0,0,0,0,0,0,0,0,0,0,0,0,0,0,0,0,0,0,0,0,0,0,0,0,0,0,50.0,50.0,50.0,50.0,50.0,50.0,50.0,49.0,49.0
root/src/components/heading.js,root/src/components,0,0,0,0,0,100.0,100.0,103.0,103.0,103.0,103.0,103.0,103.0,103.0,103.0,103.0,103.0,106.0,106.0,106.0,106.0,106.0,106.0,107.0,107.0,107.0,107.0,107.0,136.0,162.0,162.0,162.0,162.0,162.0,165.0,165.0,168.0,168.0
root/src/components/heading.test.js,root/src/components,0,0,0,0,0,0,0,0,0,0,0,0,0,0,0,0,0,20.0,20.0,20.0,20.0,20.0,20.0,29.0,29.0,29.0,29.0,29.0,29.0,29.0,29.0,29.0,29.0,29.0,29.0,29.0,29.0,29.0
root/src/components/image.js,root/src/components,0,0,0,0,0,43.0,43.0,45.0,45.0,45.0,45.0,45.0,45.0,45.0,45.0,45.0,45.0,46.0,46.0,46.0,46.0,46.0,46.0,47.0,47.0,47.0,47.0,47.0,57.0,59.0,59.0,59.0,59.0,59.0,59.0,59.0,53.0,53.0
root/src/components/image.test.js,root/src/components,0,0,0,0,0,0,0,0,0,0,0,0,0,0,0,0,0,18.0,18.0,18.0,18.0,18.0,18.0,14.0,14.0,14.0,14.0,14.0,14.0,14.0,14.0,14.0,14.0,14.0,14.0,14.0,14.0,14.0
root/src/components/layout.js,root/src/components,0,0,0,0,0,21.0,21.0,21.0,21.0,21.0,21.0,21.0,21.0,21.0,21.0,21.0,21.0,21.0,21.0,21.0,21.0,21.0,21.0,22.0,22.0,22.0,22.0,22.0,23.0,23.0,23.0,23.0,23.0,23.0,23.0,23.0,20.0,20.0
root/src/components/layout.test.js,root/src/components,0,0,0,0,0,0,0,0,0,0,0,0,0,0,0,0,0,11.0,11.0,11.0,11.0,11.0,11.0,10.0,10.0,10.0,10.0,10.0,10.0,10.0,10.0,10.0,10.0,10.0,10.0,10.0,14.0,14.0
root/src/components/link.js,root/src/components,0,0,0,0,0,25.0,25.0,26.0,26.0,26.0,26.0,26.0,26.0,26.0,26.0,26.0,26.0,29.0,29.0,29.0,29.0,29.0,29.0,30.0,30.0,30.0,30.0,30.0,41.0,41.0,41.0,41.0,41.0,41.0,41.0,41.0,41.0,41.0
root/src/components/link.test.js,root/src/components,0,0,0,0,0,0,0,0,0,0,0,0,0,0,0,0,0,19.0,19.0,19.0,19.0,19.0,19.0,16.0,16.0,16.0,16.0,16.0,16.0,16.0,16.0,16.0,16.0,16.0,16.0,16.0,16.0,16.0
root/src/components/list-item.js,root/src/components,0,0,0,0,0,23.0,23.0,24.0,24.0,24.0,24.0,24.0,24.0,24.0,24.0,24.0,24.0,27.0,27.0,27.0,27.0,27.0,27.0,28.0,28.0,28.0,28.0,28.0,37.0,37.0,37.0,37.0,37.0,37.0,37.0,37.0,37.0,37.0
root/src/components/list-item.test.js,root/src/components,0,0,0,0,0,0,0,0,0,0,0,0,0,0,0,0,0,14.0,14.0,14.0,14.0,14.0,14.0,19.0,19.0,19.0,19.0,19.0,19.0,19.0,19.0,19.0,19.0,19.0,19.0,19.0,19.0,19.0
root/src/components/list.js,root/src/components,0,0,0,0,0,23.0,23.0,24.0,24.0,24.0,24.0,24.0,24.0,24.0,24.0,24.0,37.0,38.0,38.0,38.0,38.0,38.0,38.0,39.0,39.0,39.0,39.0,39.0,58.0,58.0,58.0,58.0,58.0,58.0,58.0,58.0,60.0,60.0
root/src/components/list.test.js,root/src/components,0,0,0,0,0,0,0,0,0,0,0,0,0,0,0,0,0,26.0,26.0,26.0,26.0,26.0,26.0,26.0,26.0,26.0,26.0,26.0,30.0,30.0,30.0,30.0,30.0,30.0,30.0,30.0,38.0,38.0
root/src/components/magic-wrapper.js,root/src/components,0,0,0,0,0,0,0,0,0,0,0,0,0,0,0,0,0,0,0,0,0,0,0,0,0,0,0,0,0,234.0,234.0,234.0,234.0,234.0,234.0,234.0,235.0,235.0
root/src/components/magic.js,root/src/components,0,0,0,0,0,0,0,0,0,0,0,0,0,0,0,0,0,0,0,0,0,0,0,0,0,0,0,0,0,50.0,50.0,50.0,50.0,54.0,54.0,54.0,54.0,54.0
root/src/components/manager.js,root/src/components,0,0,0,0,0,0,0,0,0,0,0,0,0,0,0,0,0,0,0,458.0,499.0,499.0,510.0,601.0,601.0,602.0,666.0,666.0,674.0,794.0,794.0,794.0,794.0,797.0,829.0,827.0,845.0,845.0
root/src/components/manager.test.js,root/src/components,0,0,0,0,0,0,0,0,0,0,0,0,0,0,0,0,0,0,0,73.0,99.0,99.0,99.0,109.0,109.0,109.0,109.0,109.0,109.0,187.0,187.0,187.0,187.0,187.0,187.0,189.0,184.0,184.0
root/src/components/markdown-slides.js,root/src/components,0,0,0,0,0,0,0,0,0,0,0,0,0,0,0,0,0,0,0,0,28.0,28.0,28.0,28.0,28.0,28.0,28.0,28.0,28.0,28.0,28.0,28.0,28.0,28.0,28.0,28.0,26.0,26.0
root/src/components/markdown-slides.test.js,root/src/components,0,0,0,0,0,0,0,0,0,0,0,0,0,0,0,0,0,0,0,0,49.0,49.0,49.0,48.0,48.0,48.0,48.0,48.0,48.0,48.0,48.0,48.0,48.0,48.0,48.0,48.0,44.0,44.0
root/src/components/markdown.js,root/src/components,0,0,0,0,0,92.0,92.0,92.0,94.0,94.0,94.0,94.0,94.0,94.0,94.0,94.0,94.0,94.0,94.0,94.0,69.0,69.0,69.0,72.0,72.0,96.0,96.0,96.0,111.0,112.0,115.0,115.0,115.0,115.0,115.0,115.0,111.0,111.0
root/src/components/markdown.test.js,root/src/components,0,0,0,0,0,0,0,0,0,0,0,0,0,0,0,0,0,0,0,0,0,0,0,0,0,0,0,0,0,0,13.0,13.0,13.0,13.0,13.0,13.0,11.0,11.0
root/src/components/notes.js,root/src/components,0,0,0,0,0,0,0,0,0,0,0,0,0,0,0,0,0,0,0,0,0,0,0,0,31.0,31.0,31.0,31.0,31.0,31.0,31.0,31.0,31.0,31.0,31.0,31.0,35.0,35.0
root/src/components/notes.test.js,root/src/components,0,0,0,0,0,0,0,0,0,0,0,0,0,0,0,0,0,0,0,0,0,0,0,0,48.0,48.0,48.0,48.0,48.0,48.0,48.0,48.0,48.0,48.0,48.0,48.0,58.0,58.0
root/src/components/overview.js,root/src/components,0,0,0,0,0,57.0,57.0,77.0,77.0,77.0,77.0,77.0,91.0,91.0,91.0,91.0,91.0,91.0,91.0,91.0,94.0,101.0,101.0,102.0,102.0,102.0,102.0,102.0,102.0,102.0,102.0,102.0,102.0,102.0,102.0,102.0,98.0,98.0
root/src/components/presenter-components.js,root/src/components,0,0,0,0,0,0,0,0,0,0,0,0,0,0,0,0,0,0,0,0,0,96.0,81.0,81.0,81.0,82.0,82.0,83.0,83.0,83.0,83.0,83.0,83.0,83.0,83.0,83.0,83.0,83.0
root/src/components/presenter.js,root/src/components,0,0,0,0,0,193.0,193.0,197.0,200.0,200.0,200.0,200.0,202.0,202.0,237.0,237.0,235.0,235.0,235.0,235.0,245.0,165.0,142.0,159.0,159.0,159.0,159.0,159.0,159.0,158.0,158.0,158.0,158.0,158.0,158.0,158.0,158.0,158.0
root/src/components/presenter.test.js,root/src/components,0,0,0,0,0,0,0,0,0,0,0,0,0,0,0,0,0,61.0,61.0,61.0,71.0,71.0,96.0,101.0,101.0,101.0,101.0,101.0,101.0,101.0,101.0,101.0,101.0,101.0,101.0,101.0,101.0,101.0
root/src/components/progress.js,root/src/components,0,0,0,0,0,115.0,115.0,112.0,112.0,112.0,112.0,112.0,93.0,93.0,93.0,93.0,92.0,92.0,92.0,92.0,92.0,92.0,92.0,93.0,93.0,93.0,93.0,93.0,105.0,157.0,157.0,157.0,157.0,162.0,162.0,162.0,186.0,186.0
root/src/components/progress.test.js,root/src/components,0,0,0,0,0,0,0,0,0,0,0,0,0,0,0,0,0,59.0,59.0,59.0,58.0,58.0,58.0,61.0,61.0,61.0,61.0,61.0,61.0,61.0,61.0,61.0,61.0,61.0,61.0,61.0,61.0,61.0
root/src/components/quote.js,root/src/components,0,0,0,0,0,23.0,23.0,24.0,24.0,24.0,24.0,24.0,24.0,24.0,24.0,24.0,24.0,27.0,27.0,27.0,27.0,27.0,27.0,28.0,28.0,28.0,28.0,28.0,37.0,37.0,37.0,37.0,37.0,37.0,37.0,37.0,37.0,37.0
root/src/components/quote.test.js,root/src/components,0,0,0,0,0,0,0,0,0,0,0,0,0,0,0,0,0,14.0,14.0,14.0,14.0,14.0,14.0,19.0,19.0,19.0,19.0,19.0,19.0,19.0,19.0,19.0,19.0,19.0,19.0,19.0,19.0,19.0
root/src/components/s.js,root/src/components,0,0,0,0,0,40.0,40.0,41.0,41.0,41.0,41.0,41.0,41.0,41.0,41.0,41.0,41.0,43.0,43.0,43.0,43.0,43.0,43.0,44.0,44.0,44.0,44.0,44.0,58.0,58.0,58.0,58.0,58.0,58.0,58.0,58.0,55.0,55.0
root/src/components/s.test.js,root/src/components,0,0,0,0,0,0,0,0,0,0,0,0,0,0,0,0,0,38.0,38.0,38.0,38.0,38.0,38.0,69.0,69.0,69.0,69.0,69.0,69.0,69.0,69.0,69.0,69.0,69.0,69.0,69.0,69.0,69.0
root/src/components/slide-components.js,root/src/components,0,0,0,0,0,0,0,0,0,0,0,0,0,0,0,0,0,0,0,0,0,0,0,0,0,0,0,0,56.0,57.0,57.0,57.0,57.0,57.0,57.0,57.0,53.0,53.0
root/src/components/slide-set.js,root/src/components,0,0,0,0,0,0,0,0,0,0,0,0,0,0,0,0,0,0,0,0,22.0,22.0,22.0,23.0,23.0,23.0,23.0,23.0,23.0,23.0,23.0,23.0,23.0,23.0,23.0,23.0,23.0,23.0
root/src/components/slide-set.test.js,root/src/components,0,0,0,0,0,0,0,0,0,0,0,0,0,0,0,0,0,0,0,0,26.0,26.0,26.0,26.0,26.0,26.0,26.0,26.0,26.0,26.0,26.0,26.0,26.0,26.0,26.0,26.0,26.0,26.0
root/src/components/slide.js,root/src/components,0,0,0,0,0,146.0,146.0,151.0,151.0,151.0,151.0,151.0,152.0,155.0,167.0,167.0,167.0,185.0,185.0,185.0,185.0,185.0,185.0,203.0,211.0,211.0,211.0,211.0,285.0,309.0,309.0,309.0,309.0,320.0,329.0,330.0,337.0,337.0
root/src/components/slide.test.js,root/src/components,0,0,0,0,0,0,0,0,0,0,0,0,0,0,0,0,0,47.0,47.0,47.0,47.0,47.0,47.0,48.0,48.0,48.0,48.0,48.0,66.0,147.0,147.0,147.0,147.0,147.0,147.0,147.0,189.0,189.0
root/src/components/spectacle.js,root/src/components,0,0,0,0,0,25.0,25.0,26.0,26.0,26.0,26.0,26.0,25.0,26.0,26.0,26.0,26.0,26.0,26.0,0,0,0,0,0,0,0,0,0,0,0,0,0,0,0,0,0,0,0
root/src/components/table-body.js,root/src/components,0,0,0,0,0,0,0,0,0,0,0,0,0,0,0,0,0,0,0,0,14.0,14.0,14.0,15.0,15.0,15.0,15.0,15.0,15.0,15.0,15.0,15.0,15.0,15.0,15.0,15.0,15.0,15.0
root/src/components/table-body.test.js,root/src/components,0,0,0,0,0,0,0,0,0,0,0,0,0,0,0,0,0,0,0,0,15.0,15.0,15.0,14.0,14.0,14.0,14.0,14.0,14.0,14.0,14.0,14.0,14.0,14.0,14.0,14.0,16.0,16.0
root/src/components/table-header-item.js,root/src/components,0,0,0,0,0,0,0,0,0,22.0,22.0,22.0,24.0,24.0,24.0,24.0,24.0,27.0,27.0,27.0,27.0,27.0,27.0,28.0,28.0,28.0,28.0,28.0,37.0,37.0,37.0,37.0,37.0,37.0,37.0,37.0,37.0,37.0
root/src/components/table-header-item.test.js,root/src/components,0,0,0,0,0,0,0,0,0,0,0,0,0,0,0,0,0,16.0,16.0,16.0,16.0,16.0,16.0,21.0,21.0,21.0,21.0,21.0,21.0,21.0,21.0,21.0,21.0,21.0,21.0,21.0,21.0,21.0
root/src/components/table-header.js,root/src/components,0,0,0,0,0,0,0,0,0,0,0,0,0,0,0,0,0,0,0,0,14.0,14.0,14.0,15.0,15.0,15.0,15.0,15.0,15.0,15.0,15.0,15.0,15.0,15.0,15.0,15.0,15.0,15.0
root/src/components/table-header.test.js,root/src/components,0,0,0,0,0,0,0,0,0,0,0,0,0,0,0,0,0,0,0,0,15.0,15.0,15.0,14.0,14.0,14.0,14.0,14.0,14.0,14.0,14.0,14.0,14.0,14.0,14.0,14.0,16.0,16.0
root/src/components/table-item.js,root/src/components,0,0,0,0,0,0,0,0,0,22.0,22.0,22.0,24.0,24.0,24.0,24.0,24.0,27.0,27.0,27.0,27.0,27.0,27.0,28.0,28.0,28.0,28.0,28.0,37.0,37.0,37.0,37.0,37.0,37.0,37.0,37.0,37.0,37.0
root/src/components/table-item.test.js,root/src/components,0,0,0,0,0,0,0,0,0,0,0,0,0,0,0,0,0,16.0,16.0,16.0,16.0,16.0,16.0,21.0,21.0,21.0,21.0,21.0,21.0,21.0,21.0,21.0,21.0,21.0,21.0,21.0,21.0,21.0
root/src/components/table-row.js,root/src/components,0,0,0,0,0,0,0,0,0,22.0,22.0,22.0,24.0,24.0,24.0,24.0,24.0,25.0,25.0,25.0,25.0,25.0,25.0,26.0,26.0,26.0,26.0,26.0,35.0,35.0,35.0,35.0,35.0,35.0,35.0,35.0,34.0,34.0
root/src/components/table-row.test.js,root/src/components,0,0,0,0,0,0,0,0,0,0,0,0,0,0,0,0,0,16.0,16.0,16.0,16.0,16.0,16.0,21.0,21.0,21.0,21.0,21.0,21.0,21.0,21.0,21.0,21.0,21.0,21.0,21.0,26.0,26.0
root/src/components/table.js,root/src/components,0,0,0,0,0,0,0,0,0,22.0,24.0,24.0,24.0,24.0,24.0,24.0,24.0,25.0,25.0,25.0,25.0,25.0,25.0,26.0,26.0,26.0,26.0,26.0,34.0,34.0,34.0,34.0,34.0,34.0,34.0,34.0,34.0,34.0
root/src/components/table.test.js,root/src/components,0,0,0,0,0,0,0,0,0,0,0,0,0,0,0,0,0,16.0,16.0,16.0,16.0,16.0,16.0,16.0,16.0,16.0,16.0,16.0,16.0,16.0,16.0,16.0,16.0,16.0,16.0,16.0,20.0,20.0
root/src/components/text.js,root/src/components,0,0,0,0,0,97.0,97.0,99.0,99.0,99.0,99.0,99.0,99.0,99.0,99.0,99.0,99.0,102.0,102.0,102.0,102.0,102.0,102.0,103.0,103.0,103.0,103.0,103.0,129.0,129.0,129.0,129.0,129.0,130.0,130.0,130.0,136.0,136.0
root/src/components/text.test.js,root/src/components,0,0,0,0,0,0,0,0,0,0,0,0,0,0,0,0,0,18.0,18.0,18.0,18.0,18.0,18.0,17.0,17.0,17.0,17.0,17.0,17.0,17.0,17.0,17.0,17.0,17.0,17.0,17.0,17.0,17.0
root/src/components/time-components.js,root/src/components,0,0,0,0,0,0,0,0,0,0,0,0,0,0,0,0,0,0,0,0,0,0,80.0,80.0,80.0,80.0,80.0,80.0,83.0,83.0,83.0,83.0,83.0,83.0,83.0,83.0,82.0,82.0
root/src/components/time.js,root/src/components,0,0,0,0,0,0,0,0,0,0,0,0,0,0,0,0,0,0,0,0,0,40.0,28.0,29.0,29.0,29.0,29.0,29.0,29.0,29.0,29.0,29.0,29.0,29.0,29.0,29.0,27.0,27.0
root/src/components/timer.js,root/src/components,0,0,0,0,0,0,0,0,0,0,0,0,0,0,0,0,0,0,0,0,0,88.0,101.0,101.0,101.0,101.0,101.0,101.0,101.0,101.0,101.0,101.0,101.0,102.0,102.0,102.0,96.0,96.0
root/src/components/transitionable.js,root/src/components,0,0,0,0,0,0,0,0,0,0,0,0,0,0,0,0,0,111.0,111.0,111.0,111.0,111.0,111.0,111.0,111.0,121.0,121.0,121.0,0,0,0,0,0,0,0,0,0,0
root/src/components/transitionable.test.js,root/src/components,0,0,0,0,0,0,0,0,0,0,0,0,0,0,0,0,0,39.0,39.0,39.0,39.0,39.0,39.0,39.0,39.0,39.0,39.0,39.0,0,0,0,0,0,0,0,0,0,0
root/src/components/transitions.js,root/src/components,0,0,0,0,0,198.0,198.0,200.0,200.0,200.0,200.0,200.0,200.0,200.0,200.0,200.0,200.0,0,0,0,0,0,0,0,0,0,0,0,0,0,0,0,0,0,0,0,0,0
root/src/components/typeface.js,root/src/components,0,0,0,0,0,0,0,0,0,0,0,0,0,0,0,0,0,57.0,57.0,57.0,57.0,57.0,57.0,58.0,58.0,58.0,58.0,58.0,58.0,58.0,58.0,58.0,58.0,58.0,58.0,58.0,62.0,62.0
root/src/components/typeface.test.js,root/src/components,0,0,0,0,0,0,0,0,0,0,0,0,0,0,0,0,0,51.0,51.0,51.0,51.0,51.0,51.0,42.0,42.0,42.0,42.0,42.0,42.0,42.0,42.0,42.0,42.0,42.0,42.0,42.0,38.0,38.0
root/src/index.js,root/src,0,0,0,0,0,43.0,43.0,43.0,43.0,51.0,51.0,51.0,51.0,51.0,51.0,51.0,51.0,53.0,53.0,51.0,61.0,61.0,61.0,61.0,63.0,63.0,71.0,71.0,71.0,75.0,75.0,75.0,75.0,75.0,77.0,77.0,77.0,77.0
root/src/one-page.js,root/src,0,0,0,0,0,0,0,0,0,0,0,0,0,0,0,0,0,0,0,0,0,0,0,0,0,0,85.0,85.0,85.0,85.0,85.0,85.0,85.0,96.0,96.0,96.0,93.0,93.0
root/src/reducers,root/src,0,0,0,0,0,46.0,46.0,46.0,46.0,46.0,46.0,46.0,46.0,46.0,46.0,46.0,46.0,61.0,61.0,61.0,69.0,69.0,69.0,78.0,78.0,78.0,78.0,78.0,78.0,78.0,78.0,78.0,78.0,78.0,78.0,78.0,80.0,80.0
root/src/reducers/fragment.js,root/src/reducers,0,0,0,0,0,24.0,24.0,24.0,24.0,24.0,24.0,24.0,24.0,24.0,24.0,24.0,24.0,24.0,24.0,24.0,24.0,24.0,24.0,24.0,24.0,24.0,24.0,24.0,24.0,24.0,24.0,24.0,24.0,24.0,24.0,24.0,23.0,23.0
root/src/reducers/index.js,root/src/reducers,0,0,0,0,0,10.0,10.0,10.0,10.0,10.0,10.0,10.0,10.0,10.0,10.0,10.0,10.0,12.0,12.0,12.0,12.0,12.0,12.0,12.0,12.0,12.0,12.0,12.0,12.0,12.0,12.0,12.0,12.0,12.0,12.0,12.0,12.0,12.0
root/src/reducers/route.js,root/src/reducers,0,0,0,0,0,12.0,12.0,12.0,12.0,12.0,12.0,12.0,12.0,12.0,12.0,12.0,12.0,16.0,16.0,16.0,24.0,24.0,24.0,33.0,33.0,33.0,33.0,33.0,33.0,33.0,33.0,33.0,33.0,33.0,33.0,33.0,33.0,33.0
root/src/reducers/style.js,root/src/reducers,0,0,0,0,0,0,0,0,0,0,0,0,0,0,0,0,0,9.0,9.0,9.0,9.0,9.0,9.0,9.0,9.0,9.0,9.0,9.0,9.0,9.0,9.0,9.0,9.0,9.0,9.0,9.0,12.0,12.0
root/src/store,root/src,0,0,0,0,0,20.0,20.0,19.0,19.0,19.0,19.0,19.0,19.0,19.0,19.0,19.0,19.0,19.0,19.0,19.0,19.0,19.0,19.0,19.0,19.0,19.0,19.0,19.0,19.0,19.0,19.0,19.0,19.0,19.0,19.0,19.0,19.0,19.0
root/src/store/index.js,root/src/store,0,0,0,0,0,20.0,20.0,19.0,19.0,19.0,19.0,19.0,19.0,19.0,19.0,19.0,19.0,19.0,19.0,19.0,19.0,19.0,19.0,19.0,19.0,19.0,19.0,19.0,19.0,19.0,19.0,19.0,19.0,19.0,19.0,19.0,19.0,19.0
root/src/sync,root/src,0,0,0,0,0,0,0,0,0,0,0,0,0,0,0,0,0,0,0,0,0,0,0,0,0,0,0,0,0,0,0,0,0,0,0,33.0,0,0
root/src/sync/__mocks__,root/src/sync,0,0,0,0,0,0,0,0,0,0,0,0,0,0,0,0,0,0,0,0,0,0,0,0,0,0,0,0,0,0,0,0,0,0,0,6.0,0,0
root/src/sync/__mocks__/index.js,root/src/sync/__mocks__,0,0,0,0,0,0,0,0,0,0,0,0,0,0,0,0,0,0,0,0,0,0,0,0,0,0,0,0,0,0,0,0,0,0,0,6.0,0,0
root/src/sync/index.js,root/src/sync,0,0,0,0,0,0,0,0,0,0,0,0,0,0,0,0,0,0,0,0,0,0,0,0,0,0,0,0,0,0,0,0,0,0,0,27.0,0,0
root/src/themes,root/src,0,0,0,0,0,441.0,441.0,519.0,577.0,597.0,597.0,597.0,617.0,617.0,617.0,617.0,617.0,628.0,628.0,628.0,821.0,821.0,821.0,821.0,821.0,821.0,849.0,849.0,916.0,869.0,869.0,869.0,869.0,869.0,869.0,869.0,869.0,869.0
root/src/themes/default,root/src/themes,0,0,0,0,0,441.0,441.0,519.0,577.0,597.0,597.0,597.0,617.0,617.0,617.0,617.0,617.0,628.0,628.0,628.0,821.0,821.0,821.0,821.0,821.0,821.0,849.0,849.0,916.0,869.0,869.0,869.0,869.0,869.0,869.0,869.0,869.0,869.0
root/src/themes/default/codemirror.css,root/src/themes/default,0,0,0,0,0,0,0,0,0,0,0,0,0,0,0,0,0,0,0,0,2.0,2.0,2.0,2.0,2.0,2.0,2.0,2.0,0,0,0,0,0,0,0,0,0,0
root/src/themes/default/dark.codemirror.css,root/src/themes/default,0,0,0,0,0,0,0,0,0,0,0,0,0,0,0,0,0,0,0,0,53.0,53.0,53.0,53.0,53.0,53.0,53.0,53.0,0,0,0,0,0,0,0,0,0,0
root/src/themes/default/index.css,root/src/themes/default,0,0,0,0,0,25.0,25.0,25.0,25.0,25.0,25.0,25.0,45.0,45.0,45.0,45.0,45.0,45.0,45.0,45.0,45.0,45.0,45.0,45.0,45.0,45.0,45.0,45.0,45.0,0,0,0,0,0,0,0,0,0
root/src/themes/default/index.js,root/src/themes/default,0,0,0,0,0,9.0,9.0,9.0,9.0,9.0,9.0,9.0,9.0,9.0,9.0,9.0,9.0,9.0,9.0,9.0,9.0,9.0,9.0,9.0,9.0,9.0,9.0,9.0,9.0,9.0,9.0,9.0,9.0,9.0,9.0,9.0,9.0,9.0
root/src/themes/default/light.codemirror.css,root/src/themes/default,0,0,0,0,0,0,0,0,0,0,0,0,0,0,0,0,0,0,0,0,15.0,15.0,15.0,15.0,15.0,15.0,15.0,15.0,0,0,0,0,0,0,0,0,0,0
root/src/themes/default/monokai.codemirror.css,root/src/themes/default,0,0,0,0,0,0,0,0,0,0,0,0,0,0,0,0,0,0,0,0,46.0,46.0,46.0,46.0,46.0,46.0,46.0,46.0,0,0,0,0,0,0,0,0,0,0
root/src/themes/default/playground.css,root/src/themes/default,0,0,0,0,0,0,0,0,0,0,0,0,0,0,0,0,0,0,0,0,77.0,77.0,77.0,77.0,77.0,77.0,77.0,77.0,0,0,0,0,0,0,0,0,0,0
root/src/themes/default/print.js,root/src/themes/default,0,0,0,0,0,165.0,165.0,242.0,271.0,281.0,281.0,281.0,281.0,281.0,281.0,281.0,281.0,281.0,281.0,281.0,281.0,281.0,281.0,281.0,281.0,281.0,281.0,281.0,281.0,301.0,301.0,301.0,301.0,301.0,301.0,301.0,301.0,301.0
root/src/themes/default/prism.dark.css,root/src/themes/default,0,0,0,0,0,0,0,0,0,0,0,0,0,0,0,0,0,0,0,0,0,0,0,0,0,0,0,0,131.0,0,0,0,0,0,0,0,0,0
root/src/themes/default/prism.dark.js,root/src/themes/default,0,0,0,0,0,0,0,0,0,0,0,0,0,0,0,0,0,0,0,0,0,0,0,0,0,0,0,0,0,100.0,100.0,100.0,100.0,100.0,100.0,100.0,100.0,100.0
root/src/themes/default/prism.light.css,root/src/themes/default,0,0,0,0,0,0,0,0,0,0,0,0,0,0,0,0,0,0,0,0,0,0,0,0,0,0,0,0,128.0,0,0,0,0,0,0,0,0,0
root/src/themes/default/prism.light.js,root/src/themes/default,0,0,0,0,0,0,0,0,0,0,0,0,0,0,0,0,0,0,0,0,0,0,0,0,0,0,0,0,0,98.0,98.0,98.0,98.0,98.0,98.0,98.0,98.0,98.0
root/src/themes/default/screen.js,root/src/themes/default,0,0,0,0,0,242.0,242.0,243.0,272.0,282.0,282.0,282.0,282.0,282.0,282.0,282.0,282.0,293.0,293.0,293.0,293.0,293.0,293.0,293.0,293.0,293.0,321.0,321.0,322.0,361.0,361.0,361.0,361.0,361.0,361.0,361.0,361.0,361.0
root/src/utils,root/src,0,0,0,0,0,152.0,152.0,168.0,168.0,168.0,174.0,174.0,174.0,174.0,179.0,179.0,179.0,237.0,237.0,237.0,319.0,319.0,319.0,351.0,351.0,351.0,351.0,351.0,423.0,589.0,572.0,589.0,589.0,589.0,601.0,603.0,642.0,642.0
root/src/utils/base.js,root/src/utils,0,0,0,0,0,80.0,80.0,81.0,81.0,81.0,87.0,87.0,87.0,87.0,87.0,87.0,87.0,150.0,150.0,150.0,150.0,150.0,150.0,150.0,150.0,150.0,150.0,150.0,157.0,157.0,157.0,157.0,157.0,157.0,157.0,157.0,169.0,169.0
root/src/utils/context.js,root/src/utils,0,0,0,0,0,27.0,27.0,25.0,25.0,25.0,25.0,25.0,25.0,25.0,29.0,29.0,29.0,45.0,45.0,45.0,46.0,46.0,46.0,30.0,30.0,30.0,30.0,30.0,30.0,30.0,30.0,30.0,30.0,30.0,30.0,30.0,30.0,30.0
root/src/utils/controller.js,root/src/utils,0,0,0,0,0,36.0,36.0,53.0,53.0,53.0,53.0,53.0,53.0,53.0,54.0,54.0,54.0,33.0,33.0,33.0,33.0,33.0,33.0,80.0,80.0,80.0,80.0,80.0,80.0,80.0,80.0,80.0,80.0,80.0,80.0,80.0,80.0,80.0
root/src/utils/fullscreen.js,root/src/utils,0,0,0,0,0,0,0,0,0,0,0,0,0,0,0,0,0,0,0,0,0,0,0,0,0,0,0,0,0,32.0,32.0,32.0,32.0,32.0,32.0,32.0,29.0,29.0
root/src/utils/magic.js,root/src/utils,0,0,0,0,0,0,0,0,0,0,0,0,0,0,0,0,0,0,0,0,0,0,0,0,0,0,0,0,0,112.0,95.0,112.0,112.0,112.0,112.0,114.0,117.0,117.0
root/src/utils/playground.default-code.js,root/src/utils,0,0,0,0,0,0,0,0,0,0,0,0,0,0,0,0,0,0,0,0,31.0,31.0,31.0,31.0,31.0,31.0,31.0,31.0,29.0,29.0,29.0,29.0,29.0,29.0,29.0,29.0,29.0,29.0
root/src/utils/preloader.js,root/src/utils,0,0,0,0,0,9.0,9.0,9.0,9.0,9.0,9.0,9.0,9.0,9.0,9.0,9.0,9.0,9.0,9.0,9.0,9.0,9.0,9.0,10.0,10.0,10.0,10.0,10.0,10.0,10.0,10.0,10.0,10.0,10.0,10.0,10.0,10.0,10.0
root/src/utils/prism-import.js,root/src/utils,0,0,0,0,0,0,0,0,0,0,0,0,0,0,0,0,0,0,0,0,0,0,0,0,0,0,0,0,46.0,46.0,46.0,46.0,46.0,46.0,46.0,46.0,46.0,46.0
root/src/utils/slides.js,root/src/utils,0,0,0,0,0,0,0,0,0,0,0,0,0,0,0,0,0,0,0,0,25.0,25.0,25.0,25.0,25.0,25.0,25.0,25.0,25.0,47.0,47.0,47.0,47.0,47.0,47.0,47.0,47.0,47.0
root/src/utils/slides.test.js,root/src/utils,0,0,0,0,0,0,0,0,0,0,0,0,0,0,0,0,0,0,0,0,25.0,25.0,25.0,25.0,25.0,25.0,25.0,25.0,25.0,25.0,25.0,25.0,25.0,25.0,25.0,25.0,22.0,22.0
root/src/utils/step-counter.js,root/src/utils,0,0,0,0,0,0,0,0,0,0,0,0,0,0,0,0,0,0,0,0,0,0,0,0,0,0,0,0,21.0,21.0,21.0,21.0,21.0,21.0,21.0,21.0,21.0,21.0
root/src/utils/types.js,root/src/utils,0,0,0,0,0,0,0,0,0,0,0,0,0,0,0,0,0,0,0,0,0,0,0,0,0,0,0,0,0,0,0,0,0,0,12.0,12.0,42.0,42.0
root/themes,root,169.0,253.0,424.0,424.0,437.0,0,0,0,0,0,0,0,0,0,0,0,0,0,0,0,0,0,0,0,0,0,0,0,0,0,0,0,0,0,0,0,0,0
root/themes/default,root/themes,169.0,253.0,424.0,424.0,437.0,0,0,0,0,0,0,0,0,0,0,0,0,0,0,0,0,0,0,0,0,0,0,0,0,0,0,0,0,0,0,0,0,0
root/themes/default/html.js,root/themes/default,21.0,21.0,21.0,21.0,21.0,0,0,0,0,0,0,0,0,0,0,0,0,0,0,0,0,0,0,0,0,0,0,0,0,0,0,0,0,0,0,0,0,0
root/themes/default/index.css,root/themes/default,0,0,14.0,14.0,25.0,0,0,0,0,0,0,0,0,0,0,0,0,0,0,0,0,0,0,0,0,0,0,0,0,0,0,0,0,0,0,0,0,0
root/themes/default/index.js,root/themes/default,148.0,232.0,232.0,232.0,233.0,0,0,0,0,0,0,0,0,0,0,0,0,0,0,0,0,0,0,0,0,0,0,0,0,0,0,0,0,0,0,0,0,0
root/themes/default/print.js,root/themes/default,0,0,157.0,157.0,158.0,0,0,0,0,0,0,0,0,0,0,0,0,0,0,0,0,0,0,0,0,0,0,0,0,0,0,0,0,0,0,0,0,0
root/webpack.config.js,root,9.0,23.0,23.0,23.0,24.0,60.0,60.0,61.0,60.0,60.0,60.0,60.0,60.0,60.0,60.0,60.0,60.0,60.0,60.0,60.0,60.0,60.0,60.0,66.0,66.0,66.0,66.0,66.0,66.0,66.0,66.0,66.0,66.0,50.0,50.0,50.0,47.0,47.0
root/webpack.config.production.js,root,0,0,0,0,0,42.0,42.0,45.0,43.0,43.0,43.0,43.0,43.0,43.0,43.0,43.0,43.0,43.0,43.0,43.0,43.0,43.0,43.0,44.0,44.0,44.0,44.0,44.0,44.0,44.0,44.0,44.0,44.0,41.0,41.0,41.0,35.0,35.0
root/webpack.config.umd.js,root,0,0,0,0,0,0,0,0,0,0,0,0,0,0,0,0,0,0,0,0,0,0,0,0,0,0,63.0,63.0,63.0,63.0,63.0,63.0,63.0,63.0,63.0,63.0,63.0,63.0
root/webpack.config.umd.production.js,root,0,0,0,0,0,0,0,0,0,0,0,0,0,0,0,0,0,0,0,0,0,0,0,0,0,0,21.0,21.0,21.0,21.0,21.0,21.0,21.0,9.0,9.0,9.0,9.0,9.0
