root/.swiftlint.yml,root,0,0,0,25.0,25.0,25.0,25.0,25.0,25.0,25.0,25.0,25.0,25.0,25.0,25.0,25.0,25.0,25.0,25.0,25.0,25.0,25.0,25.0,25.0,25.0,25.0,25.0,25.0,25.0,25.0,25.0,25.0
root/.travis.yml,root,25.0,25.0,27.0,41.0,41.0,41.0,41.0,42.0,42.0,44.0,48.0,48.0,47.0,47.0,47.0,47.0,47.0,47.0,47.0,47.0,47.0,47.0,47.0,49.0,53.0,54.0,54.0,54.0,54.0,54.0,54.0,54.0
root/All-Pairs Shortest Paths,root,0,0,19.0,18.0,18.0,18.0,18.0,18.0,18.0,18.0,18.0,18.0,18.0,18.0,18.0,18.0,18.0,18.0,18.0,18.0,18.0,18.0,18.0,18.0,18.0,18.0,18.0,18.0,18.0,18.0,18.0,18.0
root/All-Pairs Shortest Paths/APSP,root/All-Pairs Shortest Paths,0,0,19.0,18.0,18.0,18.0,18.0,18.0,18.0,18.0,18.0,18.0,18.0,18.0,18.0,18.0,18.0,18.0,18.0,18.0,18.0,18.0,18.0,18.0,18.0,18.0,18.0,18.0,18.0,18.0,18.0,18.0
root/All-Pairs Shortest Paths/APSP/APSP,root/All-Pairs Shortest Paths/APSP,0,0,19.0,18.0,18.0,18.0,18.0,18.0,18.0,18.0,18.0,18.0,18.0,18.0,18.0,18.0,18.0,18.0,18.0,18.0,18.0,18.0,18.0,18.0,18.0,18.0,18.0,18.0,18.0,18.0,18.0,18.0
root/All-Pairs Shortest Paths/APSP/APSP/APSP.h,root/All-Pairs Shortest Paths/APSP/APSP,0,0,19.0,18.0,18.0,18.0,18.0,18.0,18.0,18.0,18.0,18.0,18.0,18.0,18.0,18.0,18.0,18.0,18.0,18.0,18.0,18.0,18.0,18.0,18.0,18.0,18.0,18.0,18.0,18.0,18.0,18.0
root/Graph,root,0,0,0,18.0,18.0,18.0,18.0,18.0,18.0,18.0,18.0,18.0,18.0,18.0,18.0,18.0,18.0,18.0,18.0,18.0,18.0,18.0,18.0,18.0,18.0,18.0,18.0,18.0,18.0,18.0,18.0,18.0
root/Graph/Graph,root/Graph,0,0,0,18.0,18.0,18.0,18.0,18.0,18.0,18.0,18.0,18.0,18.0,18.0,18.0,18.0,18.0,18.0,18.0,18.0,18.0,18.0,18.0,18.0,18.0,18.0,18.0,18.0,18.0,18.0,18.0,18.0
root/Graph/Graph/Graph.h,root/Graph/Graph,0,0,0,18.0,18.0,18.0,18.0,18.0,18.0,18.0,18.0,18.0,18.0,18.0,18.0,18.0,18.0,18.0,18.0,18.0,18.0,18.0,18.0,18.0,18.0,18.0,18.0,18.0,18.0,18.0,18.0,18.0
root/Single-Source Shortest Paths (Weighted),root,0,0,0,18.0,18.0,18.0,18.0,18.0,18.0,18.0,18.0,18.0,18.0,18.0,18.0,18.0,18.0,18.0,18.0,18.0,18.0,18.0,18.0,18.0,18.0,18.0,18.0,18.0,18.0,18.0,18.0,18.0
root/Single-Source Shortest Paths (Weighted)/SSSP,root/Single-Source Shortest Paths (Weighted),0,0,0,18.0,18.0,18.0,18.0,18.0,18.0,18.0,18.0,18.0,18.0,18.0,18.0,18.0,18.0,18.0,18.0,18.0,18.0,18.0,18.0,18.0,18.0,18.0,18.0,18.0,18.0,18.0,18.0,18.0
root/Single-Source Shortest Paths (Weighted)/SSSP/SSSP.h,root/Single-Source Shortest Paths (Weighted)/SSSP,0,0,0,18.0,18.0,18.0,18.0,18.0,18.0,18.0,18.0,18.0,18.0,18.0,18.0,18.0,18.0,18.0,18.0,18.0,18.0,18.0,18.0,18.0,18.0,18.0,18.0,18.0,18.0,18.0,18.0,18.0
root/Splay Tree,root,0,0,0,0,0,0,0,0,0,0,0,0,0,0,0,0,0,0,0,0,0,0,4.0,4.0,4.0,4.0,4.0,4.0,4.0,4.0,4.0,4.0
root/Splay Tree/Tests,root/Splay Tree,0,0,0,0,0,0,0,0,0,0,0,0,0,0,0,0,0,0,0,0,0,0,4.0,4.0,4.0,4.0,4.0,4.0,4.0,4.0,4.0,4.0
root/Splay Tree/Tests/Tests-Bridging-Header.h,root/Splay Tree/Tests,0,0,0,0,0,0,0,0,0,0,0,0,0,0,0,0,0,0,0,0,0,0,4.0,4.0,4.0,4.0,4.0,4.0,4.0,4.0,4.0,4.0
root/gfm-render.sh,root,0,0,0,0,0,0,0,0,0,0,0,0,0,0,0,0,0,0,0,0,0,0,0,0,106.0,141.0,141.0,141.0,141.0,141.0,141.0,141.0
root/install_swiftlint.sh,root,0,0,0,23.0,23.0,23.0,23.0,23.0,23.0,23.0,23.0,23.0,23.0,23.0,23.0,23.0,23.0,23.0,23.0,23.0,23.0,23.0,23.0,23.0,23.0,23.0,23.0,23.0,23.0,23.0,23.0,23.0
