root/.travis.yml,root,0,0,0,0,0,0,0,0,0,0,0,0,0,0,0,0,0,0,0,0,0,0,0,0,0,0,0,0,0,0,0,0,0,0,0,11.0,11.0,11.0,11.0,11.0,13.0,11.0,13.0,13.0,13.0,13.0,13.0,13.0,13.0,13.0,13.0,13.0,13.0,13.0,13.0,14.0,14.0,14.0,14.0,14.0,15.0,15.0,15.0,15.0,15.0,15.0,15.0,15.0,15.0,15.0,15.0,15.0,15.0,15.0,15.0,15.0,15.0,15.0,15.0,15.0,15.0,15.0,15.0,15.0,15.0,15.0,15.0,15.0,15.0,15.0,16.0,17.0,17.0,17.0,17.0,17.0,17.0,17.0,17.0
root/background,root,0,0,0,0,0,0,0,0,0,0,0,0,0,0,0,0,0,0,0,0,0,0,0,0,0,0,76.0,81.0,81.0,81.0,0,0,0,0,0,0,0,0,0,0,0,0,0,0,0,0,0,0,0,0,0,0,0,0,0,0,0,0,0,0,0,0,0,0,0,0,0,0,0,0,0,0,0,0,0,0,0,0,0,0,0,0,0,0,0,0,0,0,0,0,0,0,0,0,0,0,0,0,0
root/background/settings.js,root/background,0,0,0,0,0,0,0,0,0,0,0,0,0,0,0,0,0,0,0,0,0,0,0,0,0,0,76.0,81.0,81.0,81.0,0,0,0,0,0,0,0,0,0,0,0,0,0,0,0,0,0,0,0,0,0,0,0,0,0,0,0,0,0,0,0,0,0,0,0,0,0,0,0,0,0,0,0,0,0,0,0,0,0,0,0,0,0,0,0,0,0,0,0,0,0,0,0,0,0,0,0,0,0
root/background_page.html,root,32.0,106.0,258.0,372.0,481.0,440.0,544.0,605.0,612.0,614.0,614.0,698.0,706.0,700.0,702.0,728.0,745.0,746.0,764.0,764.0,749.0,749.0,749.0,749.0,749.0,760.0,742.0,731.0,771.0,832.0,830.0,818.0,0,0,0,0,0,0,0,0,0,0,0,0,0,0,0,0,0,0,0,0,0,0,0,0,0,0,0,0,0,0,0,0,0,0,0,0,0,0,0,0,0,0,0,0,0,0,0,0,0,0,0,0,0,0,0,0,0,0,0,0,0,0,0,0,0,0,0
root/background_scripts,root,0,0,0,0,0,0,0,0,0,0,0,0,0,0,0,0,0,0,0,0,0,0,0,0,0,0,0,0,0,0,993.0,677.0,1499.0,1474.0,1259.0,1306.0,1378.0,1382.0,1382.0,1390.0,1411.0,1413.0,1405.0,1404.0,1404.0,1404.0,1404.0,1404.0,1404.0,1404.0,1404.0,1535.0,1580.0,1674.0,1676.0,1756.0,1763.0,1904.0,1941.0,1944.0,1977.0,1972.0,1993.0,2007.0,2332.0,2476.0,2476.0,2476.0,2488.0,2488.0,2488.0,2488.0,2499.0,2426.0,2239.0,2273.0,2276.0,2276.0,2276.0,2309.0,2347.0,2354.0,2344.0,2344.0,2344.0,2344.0,2355.0,2358.0,2358.0,2362.0,2386.0,2393.0,2408.0,2409.0,2409.0,2418.0,2418.0,2418.0,2418.0
root/background_scripts/bg_utils.coffee,root/background_scripts,0,0,0,0,0,0,0,0,0,0,0,0,0,0,0,0,0,0,0,0,0,0,0,0,0,0,0,0,0,0,0,0,0,0,0,0,0,0,0,0,0,0,0,0,0,0,0,0,0,0,0,0,0,0,0,0,0,0,0,0,0,0,0,0,0,0,0,0,0,0,0,0,0,56.0,80.0,80.0,80.0,80.0,80.0,80.0,80.0,88.0,119.0,119.0,119.0,119.0,119.0,119.0,119.0,119.0,119.0,119.0,119.0,119.0,119.0,120.0,120.0,120.0,120.0
root/background_scripts/commands.coffee,root/background_scripts,0,0,0,0,0,0,0,0,0,0,0,0,0,0,0,0,0,0,0,0,0,0,0,0,0,0,0,0,0,0,0,240.0,244.0,246.0,246.0,252.0,252.0,252.0,252.0,256.0,262.0,262.0,263.0,263.0,263.0,263.0,263.0,263.0,263.0,263.0,263.0,267.0,267.0,271.0,273.0,279.0,279.0,353.0,353.0,351.0,361.0,360.0,360.0,363.0,355.0,355.0,355.0,355.0,355.0,355.0,355.0,355.0,352.0,381.0,390.0,392.0,391.0,391.0,391.0,394.0,423.0,422.0,413.0,413.0,413.0,413.0,413.0,413.0,413.0,413.0,413.0,416.0,416.0,416.0,416.0,416.0,416.0,416.0,416.0
root/background_scripts/commands.js,root/background_scripts,0,0,0,0,0,0,0,0,0,0,0,0,0,0,0,0,0,0,0,0,0,0,0,0,0,0,0,0,0,0,252.0,0,0,0,0,0,0,0,0,0,0,0,0,0,0,0,0,0,0,0,0,0,0,0,0,0,0,0,0,0,0,0,0,0,0,0,0,0,0,0,0,0,0,0,0,0,0,0,0,0,0,0,0,0,0,0,0,0,0,0,0,0,0,0,0,0,0,0,0
root/background_scripts/completion.coffee,root/background_scripts,0,0,0,0,0,0,0,0,0,0,0,0,0,0,0,0,0,0,0,0,0,0,0,0,0,0,0,0,0,0,0,370.0,371.0,371.0,373.0,380.0,439.0,440.0,440.0,440.0,440.0,440.0,440.0,440.0,440.0,440.0,440.0,440.0,440.0,440.0,440.0,441.0,463.0,540.0,540.0,540.0,540.0,549.0,593.0,599.0,599.0,602.0,624.0,624.0,857.0,867.0,867.0,867.0,865.0,865.0,865.0,865.0,865.0,823.0,823.0,828.0,828.0,828.0,828.0,828.0,828.0,828.0,828.0,828.0,828.0,828.0,832.0,832.0,832.0,832.0,832.0,832.0,832.0,832.0,832.0,832.0,832.0,832.0,832.0
root/background_scripts/completion.js,root/background_scripts,0,0,0,0,0,0,0,0,0,0,0,0,0,0,0,0,0,0,0,0,0,0,0,0,0,0,0,0,0,0,660.0,0,0,0,0,0,0,0,0,0,0,0,0,0,0,0,0,0,0,0,0,0,0,0,0,0,0,0,0,0,0,0,0,0,0,0,0,0,0,0,0,0,0,0,0,0,0,0,0,0,0,0,0,0,0,0,0,0,0,0,0,0,0,0,0,0,0,0,0
root/background_scripts/completion_engines.coffee,root/background_scripts,0,0,0,0,0,0,0,0,0,0,0,0,0,0,0,0,0,0,0,0,0,0,0,0,0,0,0,0,0,0,0,0,0,0,0,0,0,0,0,0,0,0,0,0,0,0,0,0,0,0,0,0,0,0,0,0,0,0,0,0,0,0,0,0,135.0,165.0,165.0,165.0,178.0,178.0,178.0,178.0,178.0,178.0,178.0,178.0,178.0,178.0,178.0,178.0,178.0,178.0,178.0,178.0,178.0,178.0,178.0,178.0,178.0,178.0,190.0,190.0,202.0,202.0,202.0,202.0,202.0,202.0,202.0
root/background_scripts/completion_search.coffee,root/background_scripts,0,0,0,0,0,0,0,0,0,0,0,0,0,0,0,0,0,0,0,0,0,0,0,0,0,0,0,0,0,0,0,0,0,0,0,0,0,0,0,0,0,0,0,0,0,0,0,0,0,0,0,0,0,0,0,0,0,0,0,0,0,0,0,0,139.0,171.0,171.0,171.0,171.0,171.0,171.0,171.0,171.0,171.0,171.0,171.0,171.0,171.0,171.0,171.0,171.0,171.0,171.0,171.0,171.0,171.0,171.0,171.0,171.0,171.0,171.0,171.0,171.0,171.0,171.0,171.0,171.0,171.0,171.0
root/background_scripts/exclusions.coffee,root/background_scripts,0,0,0,0,0,0,0,0,0,0,0,0,0,0,0,0,0,0,0,0,0,0,0,0,0,0,0,0,0,0,0,0,0,0,0,0,0,0,0,0,0,0,0,0,0,0,0,0,0,0,0,0,0,0,0,0,0,70.0,70.0,72.0,72.0,72.0,72.0,74.0,79.0,79.0,79.0,79.0,79.0,79.0,79.0,79.0,79.0,53.0,57.0,57.0,57.0,57.0,57.0,57.0,57.0,57.0,57.0,57.0,57.0,57.0,57.0,60.0,60.0,60.0,60.0,60.0,60.0,60.0,60.0,60.0,60.0,60.0,60.0
root/background_scripts/main.coffee,root/background_scripts,0,0,0,0,0,0,0,0,0,0,0,0,0,0,0,0,0,0,0,0,0,0,0,0,0,0,0,0,0,0,0,0,0,0,578.0,570.0,583.0,586.0,586.0,590.0,605.0,607.0,598.0,598.0,598.0,598.0,598.0,598.0,598.0,598.0,598.0,604.0,606.0,619.0,619.0,689.0,696.0,681.0,672.0,663.0,686.0,697.0,717.0,726.0,733.0,742.0,742.0,742.0,743.0,743.0,743.0,743.0,757.0,667.0,455.0,482.0,486.0,486.0,486.0,504.0,513.0,513.0,481.0,481.0,481.0,481.0,488.0,488.0,488.0,492.0,504.0,504.0,507.0,508.0,508.0,516.0,516.0,516.0,516.0
root/background_scripts/main.js,root/background_scripts,0,0,0,0,0,0,0,0,0,0,0,0,0,0,0,0,0,0,0,0,0,0,0,0,0,0,0,0,0,0,0,0,810.0,786.0,0,0,0,0,0,0,0,0,0,0,0,0,0,0,0,0,0,0,0,0,0,0,0,0,0,0,0,0,0,0,0,0,0,0,0,0,0,0,0,0,0,0,0,0,0,0,0,0,0,0,0,0,0,0,0,0,0,0,0,0,0,0,0,0,0
root/background_scripts/marks.coffee,root/background_scripts,0,0,0,0,0,0,0,0,0,0,0,0,0,0,0,0,0,0,0,0,0,0,0,0,0,0,0,0,0,0,0,0,0,0,0,34.0,34.0,34.0,34.0,34.0,34.0,34.0,34.0,34.0,34.0,34.0,34.0,34.0,34.0,34.0,34.0,34.0,34.0,34.0,34.0,34.0,34.0,34.0,34.0,34.0,34.0,34.0,34.0,34.0,34.0,97.0,97.0,97.0,97.0,97.0,97.0,97.0,97.0,97.0,85.0,85.0,85.0,85.0,85.0,97.0,97.0,97.0,97.0,97.0,97.0,97.0,97.0,97.0,97.0,97.0,97.0,101.0,101.0,101.0,101.0,101.0,101.0,101.0,101.0
root/background_scripts/settings.coffee,root/background_scripts,0,0,0,0,0,0,0,0,0,0,0,0,0,0,0,0,0,0,0,0,0,0,0,0,0,0,0,0,0,0,0,67.0,74.0,71.0,62.0,70.0,70.0,70.0,70.0,70.0,70.0,70.0,70.0,69.0,69.0,69.0,69.0,69.0,69.0,69.0,69.0,87.0,108.0,108.0,108.0,112.0,112.0,115.0,117.0,123.0,123.0,133.0,112.0,112.0,0,0,0,0,0,0,0,0,0,0,0,0,0,0,0,0,0,0,0,0,0,0,0,0,0,0,0,0,0,0,0,0,0,0,0
root/background_scripts/settings.js,root/background_scripts,0,0,0,0,0,0,0,0,0,0,0,0,0,0,0,0,0,0,0,0,0,0,0,0,0,0,0,0,0,0,81.0,0,0,0,0,0,0,0,0,0,0,0,0,0,0,0,0,0,0,0,0,0,0,0,0,0,0,0,0,0,0,0,0,0,0,0,0,0,0,0,0,0,0,0,0,0,0,0,0,0,0,0,0,0,0,0,0,0,0,0,0,0,0,0,0,0,0,0,0
root/background_scripts/sync.coffee,root/background_scripts,0,0,0,0,0,0,0,0,0,0,0,0,0,0,0,0,0,0,0,0,0,0,0,0,0,0,0,0,0,0,0,0,0,0,0,0,0,0,0,0,0,0,0,0,0,0,0,0,0,0,0,102.0,102.0,102.0,102.0,102.0,102.0,102.0,102.0,102.0,102.0,74.0,74.0,74.0,0,0,0,0,0,0,0,0,0,0,0,0,0,0,0,0,0,0,0,0,0,0,0,0,0,0,0,0,0,0,0,0,0,0,0
root/bookmarks.js,root,0,0,0,0,0,0,0,0,0,0,0,170.0,137.0,0,0,0,0,0,138.0,138.0,138.0,138.0,138.0,138.0,131.0,131.0,131.0,131.0,131.0,0,0,0,0,0,0,0,0,0,0,0,0,0,0,0,0,0,0,0,0,0,0,0,0,0,0,0,0,0,0,0,0,0,0,0,0,0,0,0,0,0,0,0,0,0,0,0,0,0,0,0,0,0,0,0,0,0,0,0,0,0,0,0,0,0,0,0,0,0,0
root/commands.js,root,0,0,0,0,0,134.0,153.0,160.0,160.0,180.0,185.0,211.0,211.0,202.0,202.0,243.0,236.0,236.0,242.0,243.0,239.0,239.0,239.0,239.0,239.0,243.0,249.0,249.0,249.0,252.0,0,0,0,0,0,0,0,0,0,0,0,0,0,0,0,0,0,0,0,0,0,0,0,0,0,0,0,0,0,0,0,0,0,0,0,0,0,0,0,0,0,0,0,0,0,0,0,0,0,0,0,0,0,0,0,0,0,0,0,0,0,0,0,0,0,0,0,0,0
root/completionDialog.js,root,0,0,0,0,0,0,0,0,0,0,0,0,178.0,0,0,0,0,0,177.0,177.0,177.0,177.0,177.0,179.0,180.0,180.0,145.0,145.0,145.0,0,0,0,0,0,0,0,0,0,0,0,0,0,0,0,0,0,0,0,0,0,0,0,0,0,0,0,0,0,0,0,0,0,0,0,0,0,0,0,0,0,0,0,0,0,0,0,0,0,0,0,0,0,0,0,0,0,0,0,0,0,0,0,0,0,0,0,0,0,0
root/content_scripts,root,0,0,0,0,0,0,0,0,0,0,0,0,0,0,0,0,0,0,0,0,0,0,0,0,0,0,0,0,0,0,1977.0,1745.0,1759.0,1714.0,1762.0,2249.0,2254.0,2256.0,2258.0,2261.0,2270.0,2270.0,2270.0,2270.0,2271.0,2271.0,2271.0,2271.0,2273.0,2273.0,2273.0,2285.0,2285.0,2312.0,2311.0,2358.0,2069.0,2092.0,2510.0,2458.0,3746.0,3785.0,3805.0,3874.0,3937.0,3973.0,3973.0,3982.0,4015.0,4056.0,4056.0,4056.0,3754.0,3758.0,3538.0,3616.0,3620.0,3620.0,3620.0,3706.0,3739.0,3738.0,3767.0,3768.0,3767.0,3763.0,3736.0,3738.0,3738.0,3738.0,3741.0,3790.0,3785.0,3817.0,3817.0,3820.0,3820.0,3824.0,3827.0
root/content_scripts/file_urls.css,root/content_scripts,0,0,0,0,0,0,0,0,0,0,0,0,0,0,0,0,0,0,0,0,0,0,0,0,0,0,0,0,0,0,0,0,0,0,0,0,0,0,0,0,0,0,0,0,0,0,0,0,0,0,0,6.0,6.0,6.0,6.0,6.0,6.0,6.0,6.0,6.0,6.0,6.0,6.0,6.0,6.0,6.0,6.0,6.0,6.0,6.0,6.0,6.0,6.0,6.0,6.0,6.0,6.0,6.0,6.0,6.0,6.0,6.0,6.0,6.0,6.0,6.0,6.0,6.0,6.0,6.0,6.0,6.0,6.0,6.0,6.0,6.0,6.0,6.0,6.0
root/content_scripts/hud.coffee,root/content_scripts,0,0,0,0,0,0,0,0,0,0,0,0,0,0,0,0,0,0,0,0,0,0,0,0,0,0,0,0,0,0,0,0,0,0,0,0,0,0,0,0,0,0,0,0,0,0,0,0,0,0,0,0,0,0,0,0,0,0,0,0,0,0,0,0,99.0,139.0,139.0,139.0,139.0,139.0,139.0,139.0,139.0,138.0,139.0,127.0,129.0,129.0,129.0,129.0,129.0,129.0,129.0,129.0,129.0,129.0,131.0,131.0,131.0,131.0,131.0,132.0,161.0,161.0,161.0,161.0,161.0,161.0,161.0
root/content_scripts/injected.coffee,root/content_scripts,0,0,0,0,0,0,0,0,0,0,0,0,0,0,0,0,0,0,0,0,0,0,0,0,0,0,0,0,0,0,0,0,0,0,0,0,0,0,0,0,0,0,0,0,0,0,0,0,0,0,0,0,0,0,0,0,0,0,0,0,0,0,0,0,0,0,0,0,0,0,0,0,0,0,0,0,0,0,0,0,0,0,0,0,0,0,0,0,0,0,0,0,0,19.0,19.0,37.0,37.0,40.0,40.0
root/content_scripts/link_hints.coffee,root/content_scripts,0,0,0,0,0,0,0,0,0,0,0,0,0,0,0,0,0,0,0,0,0,0,0,0,0,0,0,0,0,0,0,497.0,501.0,476.0,476.0,482.0,482.0,484.0,484.0,484.0,493.0,493.0,493.0,493.0,493.0,493.0,493.0,493.0,493.0,493.0,493.0,497.0,497.0,497.0,497.0,497.0,497.0,507.0,507.0,579.0,592.0,592.0,596.0,607.0,607.0,641.0,641.0,658.0,661.0,677.0,677.0,677.0,655.0,695.0,758.0,826.0,826.0,826.0,826.0,908.0,914.0,913.0,915.0,915.0,915.0,915.0,900.0,900.0,900.0,900.0,900.0,906.0,890.0,893.0,893.0,893.0,893.0,894.0,894.0
root/content_scripts/link_hints.js,root/content_scripts,0,0,0,0,0,0,0,0,0,0,0,0,0,0,0,0,0,0,0,0,0,0,0,0,0,0,0,0,0,0,552.0,0,0,0,0,0,0,0,0,0,0,0,0,0,0,0,0,0,0,0,0,0,0,0,0,0,0,0,0,0,0,0,0,0,0,0,0,0,0,0,0,0,0,0,0,0,0,0,0,0,0,0,0,0,0,0,0,0,0,0,0,0,0,0,0,0,0,0,0
root/content_scripts/marks.coffee,root/content_scripts,0,0,0,0,0,0,0,0,0,0,0,0,0,0,0,0,0,0,0,0,0,0,0,0,0,0,0,0,0,0,0,0,0,0,0,45.0,45.0,45.0,45.0,45.0,45.0,45.0,45.0,45.0,45.0,45.0,45.0,45.0,45.0,45.0,45.0,45.0,45.0,45.0,45.0,45.0,45.0,45.0,45.0,45.0,45.0,45.0,45.0,45.0,45.0,79.0,79.0,79.0,79.0,79.0,79.0,79.0,79.0,79.0,84.0,84.0,84.0,84.0,84.0,84.0,84.0,84.0,84.0,84.0,84.0,84.0,86.0,88.0,88.0,88.0,88.0,89.0,89.0,95.0,95.0,95.0,95.0,95.0,98.0
root/content_scripts/mode.coffee,root/content_scripts,0,0,0,0,0,0,0,0,0,0,0,0,0,0,0,0,0,0,0,0,0,0,0,0,0,0,0,0,0,0,0,0,0,0,0,0,0,0,0,0,0,0,0,0,0,0,0,0,0,0,0,0,0,0,0,0,0,0,0,12.0,209.0,220.0,230.0,199.0,199.0,219.0,219.0,219.0,219.0,241.0,241.0,241.0,241.0,241.0,214.0,213.0,213.0,213.0,213.0,213.0,213.0,213.0,212.0,212.0,212.0,212.0,213.0,213.0,213.0,213.0,213.0,203.0,203.0,203.0,203.0,203.0,203.0,203.0,203.0
root/content_scripts/mode_find.coffee,root/content_scripts,0,0,0,0,0,0,0,0,0,0,0,0,0,0,0,0,0,0,0,0,0,0,0,0,0,0,0,0,0,0,0,0,0,0,0,0,0,0,0,0,0,0,0,0,0,0,0,0,0,0,0,0,0,0,0,0,0,0,0,0,67.0,67.0,67.0,58.0,58.0,214.0,214.0,214.0,211.0,211.0,211.0,211.0,211.0,211.0,211.0,211.0,211.0,211.0,211.0,211.0,215.0,215.0,214.0,214.0,214.0,214.0,220.0,220.0,220.0,220.0,220.0,271.0,272.0,272.0,272.0,269.0,269.0,269.0,269.0
root/content_scripts/mode_insert.coffee,root/content_scripts,0,0,0,0,0,0,0,0,0,0,0,0,0,0,0,0,0,0,0,0,0,0,0,0,0,0,0,0,0,0,0,0,0,0,0,0,0,0,0,0,0,0,0,0,0,0,0,0,0,0,0,0,0,0,0,0,0,0,0,0,89.0,89.0,89.0,85.0,105.0,102.0,102.0,102.0,102.0,102.0,102.0,102.0,102.0,134.0,134.0,134.0,134.0,134.0,134.0,134.0,134.0,134.0,133.0,134.0,133.0,134.0,134.0,134.0,134.0,134.0,134.0,134.0,83.0,86.0,86.0,86.0,86.0,86.0,86.0
root/content_scripts/mode_key_handler.coffee,root/content_scripts,0,0,0,0,0,0,0,0,0,0,0,0,0,0,0,0,0,0,0,0,0,0,0,0,0,0,0,0,0,0,0,0,0,0,0,0,0,0,0,0,0,0,0,0,0,0,0,0,0,0,0,0,0,0,0,0,0,0,0,0,0,0,0,0,0,0,0,0,0,0,0,0,0,0,108.0,108.0,108.0,108.0,108.0,108.0,112.0,112.0,128.0,128.0,128.0,123.0,97.0,97.0,97.0,97.0,97.0,98.0,98.0,98.0,98.0,98.0,98.0,98.0,98.0
root/content_scripts/mode_normal.coffee,root/content_scripts,0,0,0,0,0,0,0,0,0,0,0,0,0,0,0,0,0,0,0,0,0,0,0,0,0,0,0,0,0,0,0,0,0,0,0,0,0,0,0,0,0,0,0,0,0,0,0,0,0,0,0,0,0,0,0,0,0,0,0,0,0,0,0,0,0,0,0,0,0,0,0,0,0,0,0,0,0,0,0,0,0,0,0,0,0,0,0,0,0,0,0,346.0,369.0,369.0,369.0,366.0,366.0,366.0,366.0
root/content_scripts/mode_passkeys.coffee,root/content_scripts,0,0,0,0,0,0,0,0,0,0,0,0,0,0,0,0,0,0,0,0,0,0,0,0,0,0,0,0,0,0,0,0,0,0,0,0,0,0,0,0,0,0,0,0,0,0,0,0,0,0,0,0,0,0,0,0,0,0,0,0,24.0,24.0,24.0,21.0,21.0,21.0,21.0,21.0,21.0,21.0,21.0,21.0,21.0,21.0,0,0,0,0,0,0,0,0,0,0,0,0,0,0,0,0,0,0,0,0,0,0,0,0,0
root/content_scripts/mode_visual.coffee,root/content_scripts,0,0,0,0,0,0,0,0,0,0,0,0,0,0,0,0,0,0,0,0,0,0,0,0,0,0,0,0,0,0,0,0,0,0,0,0,0,0,0,0,0,0,0,0,0,0,0,0,0,0,0,0,0,0,0,0,0,0,0,0,0,0,0,0,0,0,0,0,0,0,0,0,0,0,376.0,385.0,385.0,385.0,385.0,385.0,385.0,385.0,385.0,385.0,385.0,385.0,385.0,385.0,385.0,385.0,385.0,386.0,386.0,386.0,386.0,386.0,386.0,386.0,386.0
root/content_scripts/mode_visual_edit.coffee,root/content_scripts,0,0,0,0,0,0,0,0,0,0,0,0,0,0,0,0,0,0,0,0,0,0,0,0,0,0,0,0,0,0,0,0,0,0,0,0,0,0,0,0,0,0,0,0,0,0,0,0,0,0,0,0,0,0,0,0,0,0,0,0,756.0,804.0,804.0,803.0,808.0,809.0,809.0,809.0,809.0,812.0,812.0,812.0,567.0,567.0,0,0,0,0,0,0,0,0,0,0,0,0,0,0,0,0,0,0,0,0,0,0,0,0,0
root/content_scripts/scroller.coffee,root/content_scripts,0,0,0,0,0,0,0,0,0,0,0,0,0,0,0,0,0,0,0,0,0,0,0,0,0,0,0,0,0,0,0,0,0,0,0,89.0,89.0,89.0,89.0,89.0,89.0,89.0,89.0,89.0,89.0,89.0,89.0,89.0,89.0,89.0,89.0,89.0,89.0,93.0,93.0,93.0,93.0,93.0,217.0,241.0,283.0,297.0,297.0,301.0,300.0,300.0,300.0,303.0,308.0,308.0,308.0,308.0,308.0,308.0,292.0,294.0,294.0,294.0,294.0,301.0,301.0,301.0,305.0,305.0,305.0,305.0,305.0,305.0,305.0,305.0,305.0,306.0,313.0,313.0,313.0,313.0,313.0,313.0,313.0
root/content_scripts/ui_component.coffee,root/content_scripts,0,0,0,0,0,0,0,0,0,0,0,0,0,0,0,0,0,0,0,0,0,0,0,0,0,0,0,0,0,0,0,0,0,0,0,0,0,0,0,0,0,0,0,0,0,0,0,0,0,0,0,0,0,0,0,0,0,0,0,54.0,54.0,54.0,55.0,113.0,128.0,128.0,128.0,116.0,144.0,144.0,144.0,144.0,144.0,139.0,138.0,101.0,100.0,100.0,100.0,100.0,100.0,100.0,100.0,100.0,100.0,100.0,100.0,100.0,100.0,100.0,100.0,101.0,101.0,101.0,101.0,101.0,101.0,101.0,101.0
root/content_scripts/vimium.css,root/content_scripts,0,0,0,0,0,0,0,0,0,0,0,0,0,0,0,0,0,0,0,0,0,0,0,0,0,0,0,0,0,0,0,0,0,0,0,400.0,400.0,400.0,402.0,402.0,402.0,402.0,402.0,402.0,402.0,402.0,402.0,402.0,404.0,404.0,404.0,406.0,406.0,406.0,405.0,405.0,299.0,299.0,405.0,317.0,318.0,316.0,316.0,316.0,328.0,348.0,348.0,348.0,348.0,348.0,348.0,348.0,348.0,373.0,362.0,404.0,404.0,404.0,404.0,401.0,401.0,401.0,404.0,404.0,404.0,404.0,404.0,404.0,404.0,404.0,404.0,404.0,404.0,404.0,404.0,404.0,404.0,404.0,404.0
root/content_scripts/vimium_frontend.coffee,root/content_scripts,0,0,0,0,0,0,0,0,0,0,0,0,0,0,0,0,0,0,0,0,0,0,0,0,0,0,0,0,0,0,0,1036.0,1037.0,1013.0,1060.0,1007.0,1007.0,1007.0,1007.0,1010.0,1010.0,1010.0,1010.0,1010.0,1011.0,1011.0,1011.0,1011.0,1011.0,1011.0,1011.0,1011.0,1011.0,1024.0,1024.0,1071.0,1073.0,1067.0,1085.0,1153.0,1252.0,1220.0,1222.0,1262.0,1153.0,887.0,887.0,888.0,888.0,888.0,888.0,888.0,853.0,777.0,648.0,658.0,661.0,661.0,661.0,661.0,680.0,680.0,690.0,690.0,690.0,690.0,693.0,693.0,693.0,693.0,696.0,345.0,347.0,348.0,348.0,339.0,339.0,339.0,339.0
root/content_scripts/vimium_frontend.js,root/content_scripts,0,0,0,0,0,0,0,0,0,0,0,0,0,0,0,0,0,0,0,0,0,0,0,0,0,0,0,0,0,0,1182.0,0,0,0,0,0,0,0,0,0,0,0,0,0,0,0,0,0,0,0,0,0,0,0,0,0,0,0,0,0,0,0,0,0,0,0,0,0,0,0,0,0,0,0,0,0,0,0,0,0,0,0,0,0,0,0,0,0,0,0,0,0,0,0,0,0,0,0,0
root/content_scripts/vomnibar.coffee,root/content_scripts,0,0,0,0,0,0,0,0,0,0,0,0,0,0,0,0,0,0,0,0,0,0,0,0,0,0,0,0,0,0,0,212.0,221.0,225.0,226.0,226.0,231.0,231.0,231.0,231.0,231.0,231.0,231.0,231.0,231.0,231.0,231.0,231.0,231.0,231.0,231.0,231.0,231.0,241.0,241.0,241.0,56.0,75.0,245.0,51.0,51.0,51.0,54.0,58.0,80.0,80.0,80.0,80.0,80.0,80.0,80.0,80.0,80.0,69.0,68.0,65.0,65.0,65.0,65.0,65.0,65.0,65.0,62.0,62.0,62.0,62.0,62.0,62.0,62.0,62.0,62.0,63.0,63.0,63.0,63.0,63.0,63.0,63.0,63.0
root/content_scripts/vomnibar.js,root/content_scripts,0,0,0,0,0,0,0,0,0,0,0,0,0,0,0,0,0,0,0,0,0,0,0,0,0,0,0,0,0,0,243.0,0,0,0,0,0,0,0,0,0,0,0,0,0,0,0,0,0,0,0,0,0,0,0,0,0,0,0,0,0,0,0,0,0,0,0,0,0,0,0,0,0,0,0,0,0,0,0,0,0,0,0,0,0,0,0,0,0,0,0,0,0,0,0,0,0,0,0,0
root/fuzzyMode.js,root,0,0,0,0,0,0,0,0,0,0,0,0,0,0,0,0,0,0,0,0,0,0,0,0,0,0,0,0,0,177.0,0,0,0,0,0,0,0,0,0,0,0,0,0,0,0,0,0,0,0,0,0,0,0,0,0,0,0,0,0,0,0,0,0,0,0,0,0,0,0,0,0,0,0,0,0,0,0,0,0,0,0,0,0,0,0,0,0,0,0,0,0,0,0,0,0,0,0,0,0
root/git_hooks,root,0,0,0,0,0,0,0,0,0,0,0,0,0,0,0,0,0,0,0,0,0,0,0,0,0,0,0,0,0,0,0,0,18.0,18.0,18.0,18.0,25.0,25.0,25.0,25.0,25.0,25.0,25.0,25.0,25.0,25.0,25.0,25.0,25.0,25.0,25.0,25.0,25.0,25.0,25.0,25.0,25.0,25.0,25.0,25.0,25.0,25.0,25.0,25.0,25.0,25.0,25.0,25.0,25.0,25.0,25.0,25.0,25.0,25.0,25.0,25.0,25.0,25.0,25.0,25.0,25.0,25.0,25.0,25.0,25.0,25.0,25.0,25.0,25.0,25.0,25.0,25.0,25.0,25.0,25.0,25.0,25.0,25.0,25.0
root/git_hooks/pre-commit,root/git_hooks,0,0,0,0,0,0,0,0,0,0,0,0,0,0,0,0,0,0,0,0,0,0,0,0,0,0,0,0,0,0,0,0,18.0,18.0,18.0,18.0,25.0,25.0,25.0,25.0,25.0,25.0,25.0,25.0,25.0,25.0,25.0,25.0,25.0,25.0,25.0,25.0,25.0,25.0,25.0,25.0,25.0,25.0,25.0,25.0,25.0,25.0,25.0,25.0,25.0,25.0,25.0,25.0,25.0,25.0,25.0,25.0,25.0,25.0,25.0,25.0,25.0,25.0,25.0,25.0,25.0,25.0,25.0,25.0,25.0,25.0,25.0,25.0,25.0,25.0,25.0,25.0,25.0,25.0,25.0,25.0,25.0,25.0,25.0
root/helpDialog.html,root,0,0,0,0,0,0,108.0,110.0,116.0,116.0,116.0,121.0,121.0,121.0,121.0,157.0,177.0,177.0,177.0,177.0,170.0,170.0,168.0,168.0,168.0,168.0,86.0,86.0,86.0,86.0,0,0,0,0,0,0,0,0,0,0,0,0,0,0,0,0,0,0,0,0,0,0,0,0,0,0,0,0,0,0,0,0,0,0,0,0,0,0,0,0,0,0,0,0,0,0,0,0,0,0,0,0,0,0,0,0,0,0,0,0,0,0,0,0,0,0,0,0,0
root/help_dialog.html,root,0,0,0,0,0,0,0,0,0,0,0,0,0,0,0,0,0,0,0,0,0,0,0,0,0,0,0,0,0,0,86.0,86.0,87.0,51.0,51.0,0,0,0,0,0,0,0,0,0,0,0,0,0,0,0,0,0,0,0,0,0,0,0,0,0,0,0,0,0,0,0,0,0,0,0,0,0,0,0,0,0,0,0,0,0,0,0,0,0,0,0,0,0,0,0,0,0,0,0,0,0,0,0,0
root/lib,root,0,0,0,0,14.0,14.0,65.0,65.0,65.0,77.0,77.0,77.0,99.0,77.0,77.0,91.0,77.0,77.0,91.0,91.0,91.0,91.0,91.0,91.0,91.0,91.0,278.0,292.0,301.0,1077.0,404.0,343.0,343.0,373.0,354.0,400.0,408.0,408.0,411.0,411.0,409.0,411.0,407.0,407.0,407.0,407.0,417.0,407.0,407.0,407.0,407.0,418.0,418.0,418.0,418.0,418.0,418.0,418.0,424.0,574.0,831.0,785.0,815.0,821.0,1233.0,1277.0,1277.0,1284.0,1298.0,1302.0,1302.0,1302.0,1318.0,1365.0,1281.0,1291.0,1317.0,1319.0,1322.0,1335.0,1338.0,1338.0,1305.0,1305.0,1305.0,1315.0,1267.0,1270.0,1270.0,1271.0,1381.0,1394.0,1405.0,1405.0,1405.0,1415.0,1415.0,1415.0,1415.0
root/lib/clipboard.coffee,root/lib,0,0,0,0,0,0,0,0,0,0,0,0,0,0,0,0,0,0,0,0,0,0,0,0,0,0,0,0,0,0,0,29.0,29.0,29.0,29.0,29.0,29.0,29.0,29.0,29.0,29.0,29.0,29.0,29.0,29.0,29.0,29.0,29.0,29.0,29.0,29.0,29.0,29.0,29.0,29.0,29.0,29.0,29.0,29.0,29.0,29.0,29.0,29.0,29.0,29.0,29.0,29.0,29.0,29.0,29.0,29.0,29.0,29.0,29.0,29.0,29.0,29.0,29.0,29.0,29.0,29.0,29.0,29.0,29.0,29.0,29.0,29.0,29.0,29.0,29.0,29.0,30.0,31.0,31.0,31.0,31.0,31.0,31.0,31.0
root/lib/clipboard.js,root/lib,0,0,0,0,14.0,14.0,14.0,14.0,14.0,14.0,14.0,14.0,14.0,14.0,14.0,14.0,14.0,14.0,14.0,14.0,14.0,14.0,14.0,14.0,14.0,14.0,29.0,29.0,29.0,29.0,29.0,0,0,0,0,0,0,0,0,0,0,0,0,0,0,0,0,0,0,0,0,0,0,0,0,0,0,0,0,0,0,0,0,0,0,0,0,0,0,0,0,0,0,0,0,0,0,0,0,0,0,0,0,0,0,0,0,0,0,0,0,0,0,0,0,0,0,0,0
root/lib/completion.js,root/lib,0,0,0,0,0,0,0,0,0,0,0,0,0,0,0,0,0,0,0,0,0,0,0,0,0,0,0,0,0,633.0,0,0,0,0,0,0,0,0,0,0,0,0,0,0,0,0,0,0,0,0,0,0,0,0,0,0,0,0,0,0,0,0,0,0,0,0,0,0,0,0,0,0,0,0,0,0,0,0,0,0,0,0,0,0,0,0,0,0,0,0,0,0,0,0,0,0,0,0,0
root/lib/domUtils.js,root/lib,0,0,0,0,0,0,0,0,0,0,0,0,0,0,0,0,0,0,0,0,0,0,0,0,0,0,94.0,108.0,117.0,121.0,0,0,0,0,0,0,0,0,0,0,0,0,0,0,0,0,0,0,0,0,0,0,0,0,0,0,0,0,0,0,0,0,0,0,0,0,0,0,0,0,0,0,0,0,0,0,0,0,0,0,0,0,0,0,0,0,0,0,0,0,0,0,0,0,0,0,0,0,0
root/lib/dom_utils.coffee,root/lib,0,0,0,0,0,0,0,0,0,0,0,0,0,0,0,0,0,0,0,0,0,0,0,0,0,0,0,0,0,0,0,105.0,105.0,135.0,135.0,125.0,125.0,125.0,125.0,125.0,125.0,125.0,125.0,125.0,125.0,125.0,135.0,125.0,125.0,125.0,125.0,135.0,135.0,135.0,135.0,135.0,135.0,135.0,138.0,182.0,348.0,299.0,329.0,337.0,349.0,361.0,361.0,374.0,380.0,380.0,380.0,380.0,395.0,395.0,326.0,333.0,344.0,344.0,344.0,344.0,351.0,351.0,352.0,352.0,352.0,355.0,376.0,376.0,376.0,376.0,420.0,422.0,429.0,429.0,429.0,438.0,438.0,438.0,438.0
root/lib/dom_utils.js,root/lib,0,0,0,0,0,0,0,0,0,0,0,0,0,0,0,0,0,0,0,0,0,0,0,0,0,0,0,0,0,0,121.0,0,0,0,0,0,0,0,0,0,0,0,0,0,0,0,0,0,0,0,0,0,0,0,0,0,0,0,0,0,0,0,0,0,0,0,0,0,0,0,0,0,0,0,0,0,0,0,0,0,0,0,0,0,0,0,0,0,0,0,0,0,0,0,0,0,0,0,0
root/lib/find_mode_history.coffee,root/lib,0,0,0,0,0,0,0,0,0,0,0,0,0,0,0,0,0,0,0,0,0,0,0,0,0,0,0,0,0,0,0,0,0,0,0,0,0,0,0,0,0,0,0,0,0,0,0,0,0,0,0,0,0,0,0,0,0,0,0,0,0,0,0,0,0,50.0,50.0,50.0,50.0,50.0,50.0,50.0,50.0,50.0,50.0,50.0,50.0,50.0,50.0,50.0,50.0,50.0,50.0,50.0,50.0,50.0,50.0,50.0,50.0,50.0,50.0,51.0,51.0,51.0,51.0,51.0,51.0,51.0,51.0
root/lib/handler_stack.coffee,root/lib,0,0,0,0,0,0,0,0,0,0,0,0,0,0,0,0,0,0,0,0,0,0,0,0,0,0,0,0,0,0,0,0,0,0,0,37.0,37.0,37.0,37.0,37.0,37.0,37.0,37.0,37.0,37.0,37.0,37.0,37.0,37.0,37.0,37.0,37.0,37.0,37.0,37.0,37.0,37.0,37.0,37.0,45.0,108.0,111.0,111.0,109.0,109.0,109.0,109.0,109.0,109.0,109.0,109.0,109.0,109.0,109.0,121.0,122.0,122.0,122.0,122.0,122.0,122.0,122.0,122.0,122.0,122.0,122.0,122.0,122.0,122.0,122.0,122.0,127.0,130.0,130.0,130.0,130.0,130.0,130.0,130.0
root/lib/keyboardUtils.js,root/lib,0,0,0,0,0,0,51.0,51.0,51.0,63.0,63.0,63.0,85.0,63.0,63.0,63.0,63.0,63.0,63.0,63.0,63.0,63.0,63.0,63.0,63.0,63.0,63.0,63.0,63.0,66.0,0,0,0,0,0,0,0,0,0,0,0,0,0,0,0,0,0,0,0,0,0,0,0,0,0,0,0,0,0,0,0,0,0,0,0,0,0,0,0,0,0,0,0,0,0,0,0,0,0,0,0,0,0,0,0,0,0,0,0,0,0,0,0,0,0,0,0,0,0
root/lib/keyboard_utils.coffee,root/lib,0,0,0,0,0,0,0,0,0,0,0,0,0,0,0,0,0,0,0,0,0,0,0,0,0,0,0,0,0,0,0,62.0,62.0,62.0,62.0,62.0,62.0,62.0,62.0,62.0,62.0,62.0,62.0,62.0,62.0,62.0,62.0,62.0,62.0,62.0,62.0,63.0,63.0,63.0,63.0,63.0,63.0,63.0,63.0,63.0,74.0,74.0,74.0,74.0,74.0,74.0,74.0,74.0,74.0,74.0,74.0,74.0,74.0,102.0,102.0,102.0,117.0,119.0,122.0,126.0,135.0,135.0,135.0,135.0,135.0,142.0,61.0,61.0,61.0,61.0,101.0,106.0,109.0,109.0,109.0,109.0,109.0,109.0,109.0
root/lib/keyboard_utils.js,root/lib,0,0,0,0,0,0,0,0,0,0,0,0,0,0,0,0,0,0,0,0,0,0,0,0,0,0,0,0,0,0,66.0,0,0,0,0,0,0,0,0,0,0,0,0,0,0,0,0,0,0,0,0,0,0,0,0,0,0,0,0,0,0,0,0,0,0,0,0,0,0,0,0,0,0,0,0,0,0,0,0,0,0,0,0,0,0,0,0,0,0,0,0,0,0,0,0,0,0,0,0
root/lib/rect.coffee,root/lib,0,0,0,0,0,0,0,0,0,0,0,0,0,0,0,0,0,0,0,0,0,0,0,0,0,0,0,0,0,0,0,0,0,0,0,0,0,0,0,0,0,0,0,0,0,0,0,0,0,0,0,0,0,0,0,0,0,0,0,82.0,82.0,82.0,82.0,82.0,82.0,82.0,82.0,82.0,82.0,86.0,86.0,86.0,86.0,86.0,86.0,86.0,86.0,86.0,86.0,95.0,95.0,95.0,95.0,95.0,95.0,95.0,95.0,95.0,95.0,95.0,95.0,96.0,93.0,93.0,93.0,93.0,93.0,93.0,93.0
root/lib/settings.coffee,root/lib,0,0,0,0,0,0,0,0,0,0,0,0,0,0,0,0,0,0,0,0,0,0,0,0,0,0,0,0,0,0,0,0,0,0,0,0,0,0,0,0,0,0,0,0,0,0,0,0,0,0,0,0,0,0,0,0,0,0,0,0,0,0,0,0,220.0,201.0,201.0,201.0,202.0,202.0,202.0,202.0,202.0,221.0,221.0,223.0,223.0,223.0,223.0,223.0,203.0,203.0,203.0,203.0,203.0,203.0,215.0,218.0,218.0,219.0,222.0,225.0,225.0,225.0,225.0,226.0,226.0,226.0,226.0
root/lib/utils.coffee,root/lib,0,0,0,0,0,0,0,0,0,0,0,0,0,0,0,0,0,0,0,0,0,0,0,0,0,0,0,0,0,0,0,147.0,147.0,147.0,128.0,147.0,155.0,155.0,158.0,158.0,156.0,158.0,154.0,154.0,154.0,154.0,154.0,154.0,154.0,154.0,154.0,154.0,154.0,154.0,154.0,154.0,154.0,154.0,157.0,173.0,190.0,190.0,190.0,190.0,370.0,371.0,371.0,365.0,372.0,372.0,372.0,372.0,373.0,373.0,346.0,346.0,346.0,346.0,346.0,346.0,353.0,353.0,319.0,319.0,319.0,319.0,319.0,319.0,319.0,319.0,342.0,337.0,337.0,337.0,337.0,337.0,337.0,337.0,337.0
root/lib/utils.js,root/lib,0,0,0,0,0,0,0,0,0,0,0,0,0,0,0,14.0,0,0,14.0,14.0,14.0,14.0,14.0,14.0,14.0,14.0,92.0,92.0,92.0,228.0,188.0,0,0,0,0,0,0,0,0,0,0,0,0,0,0,0,0,0,0,0,0,0,0,0,0,0,0,0,0,0,0,0,0,0,0,0,0,0,0,0,0,0,0,0,0,0,0,0,0,0,0,0,0,0,0,0,0,0,0,0,0,0,0,0,0,0,0,0,0
root/linkHints.js,root,0,0,271.0,297.0,282.0,282.0,283.0,297.0,293.0,316.0,316.0,336.0,337.0,376.0,469.0,558.0,337.0,339.0,565.0,567.0,583.0,583.0,585.0,603.0,603.0,603.0,579.0,579.0,554.0,552.0,0,0,0,0,0,0,0,0,0,0,0,0,0,0,0,0,0,0,0,0,0,0,0,0,0,0,0,0,0,0,0,0,0,0,0,0,0,0,0,0,0,0,0,0,0,0,0,0,0,0,0,0,0,0,0,0,0,0,0,0,0,0,0,0,0,0,0,0,0
root/options,root,0,0,0,0,0,0,0,0,0,0,0,0,0,0,0,0,0,0,0,0,0,0,0,0,0,0,0,0,0,0,0,0,0,411.0,427.0,0,0,0,0,0,0,0,0,0,0,0,0,0,0,0,0,0,0,0,0,0,0,0,0,0,0,0,0,0,0,0,0,0,0,0,0,0,0,0,0,0,0,0,0,0,0,0,0,0,0,0,0,0,0,0,0,0,0,0,0,0,0,0,0
root/options.html,root,0,0,0,0,232.0,259.0,273.0,277.0,270.0,271.0,271.0,271.0,271.0,300.0,300.0,320.0,259.0,259.0,306.0,306.0,300.0,300.0,300.0,300.0,306.0,306.0,324.0,338.0,338.0,336.0,337.0,337.0,227.0,0,0,0,0,0,0,0,0,0,0,0,0,0,0,0,0,0,0,0,0,0,0,0,0,0,0,0,0,0,0,0,0,0,0,0,0,0,0,0,0,0,0,0,0,0,0,0,0,0,0,0,0,0,0,0,0,0,0,0,0,0,0,0,0,0,0
root/options.js,root,0,0,0,0,0,0,0,0,0,0,0,0,0,0,0,0,0,0,0,0,0,0,0,0,0,0,0,0,0,0,0,0,109.0,0,0,0,0,0,0,0,0,0,0,0,0,0,0,0,0,0,0,0,0,0,0,0,0,0,0,0,0,0,0,0,0,0,0,0,0,0,0,0,0,0,0,0,0,0,0,0,0,0,0,0,0,0,0,0,0,0,0,0,0,0,0,0,0,0,0
root/options/options.coffee,root/options,0,0,0,0,0,0,0,0,0,0,0,0,0,0,0,0,0,0,0,0,0,0,0,0,0,0,0,0,0,0,0,0,0,97.0,99.0,0,0,0,0,0,0,0,0,0,0,0,0,0,0,0,0,0,0,0,0,0,0,0,0,0,0,0,0,0,0,0,0,0,0,0,0,0,0,0,0,0,0,0,0,0,0,0,0,0,0,0,0,0,0,0,0,0,0,0,0,0,0,0,0
root/options/options.html,root/options,0,0,0,0,0,0,0,0,0,0,0,0,0,0,0,0,0,0,0,0,0,0,0,0,0,0,0,0,0,0,0,0,0,314.0,328.0,0,0,0,0,0,0,0,0,0,0,0,0,0,0,0,0,0,0,0,0,0,0,0,0,0,0,0,0,0,0,0,0,0,0,0,0,0,0,0,0,0,0,0,0,0,0,0,0,0,0,0,0,0,0,0,0,0,0,0,0,0,0,0,0
root/pages,root,0,0,0,0,0,0,0,0,0,0,0,0,0,0,0,0,0,0,0,0,0,0,0,0,0,0,0,0,0,0,0,0,0,0,0,600.0,600.0,600.0,600.0,600.0,600.0,600.0,600.0,600.0,600.0,600.0,600.0,600.0,600.0,600.0,600.0,594.0,619.0,614.0,614.0,640.0,1076.0,1251.0,945.0,1405.0,1405.0,1416.0,1443.0,1444.0,1607.0,1780.0,1780.0,1780.0,1780.0,1780.0,1780.0,1780.0,1817.0,1953.0,1975.0,2000.0,2000.0,2000.0,2000.0,2112.0,1993.0,1993.0,2068.0,2068.0,2068.0,2069.0,2146.0,2146.0,2146.0,2161.0,2175.0,2264.0,2280.0,2310.0,2311.0,2325.0,2326.0,2326.0,2326.0
root/pages/blank.html,root/pages,0,0,0,0,0,0,0,0,0,0,0,0,0,0,0,0,0,0,0,0,0,0,0,0,0,0,0,0,0,0,0,0,0,0,0,0,0,0,0,0,0,0,0,0,0,0,0,0,0,0,0,0,0,0,0,0,0,0,8.0,8.0,8.0,8.0,8.0,8.0,8.0,8.0,8.0,8.0,8.0,8.0,8.0,8.0,8.0,8.0,8.0,8.0,8.0,8.0,8.0,31.0,8.0,8.0,8.0,8.0,8.0,8.0,28.0,28.0,28.0,28.0,28.0,29.0,29.0,29.0,29.0,29.0,29.0,29.0,29.0
root/pages/completion_engines.coffee,root/pages,0,0,0,0,0,0,0,0,0,0,0,0,0,0,0,0,0,0,0,0,0,0,0,0,0,0,0,0,0,0,0,0,0,0,0,0,0,0,0,0,0,0,0,0,0,0,0,0,0,0,0,0,0,0,0,0,0,0,0,0,0,0,0,0,0,35.0,35.0,35.0,35.0,35.0,35.0,35.0,35.0,35.0,35.0,35.0,35.0,35.0,35.0,35.0,35.0,35.0,35.0,35.0,35.0,35.0,35.0,35.0,35.0,35.0,35.0,35.0,35.0,35.0,35.0,35.0,35.0,35.0,35.0
root/pages/completion_engines.css,root/pages,0,0,0,0,0,0,0,0,0,0,0,0,0,0,0,0,0,0,0,0,0,0,0,0,0,0,0,0,0,0,0,0,0,0,0,0,0,0,0,0,0,0,0,0,0,0,0,0,0,0,0,0,0,0,0,0,0,0,0,0,0,0,0,0,0,15.0,15.0,15.0,15.0,15.0,15.0,15.0,15.0,15.0,15.0,15.0,15.0,15.0,15.0,15.0,15.0,15.0,15.0,15.0,15.0,15.0,15.0,15.0,15.0,15.0,15.0,15.0,15.0,15.0,15.0,15.0,15.0,15.0,15.0
root/pages/completion_engines.html,root/pages,0,0,0,0,0,0,0,0,0,0,0,0,0,0,0,0,0,0,0,0,0,0,0,0,0,0,0,0,0,0,0,0,0,0,0,0,0,0,0,0,0,0,0,0,0,0,0,0,0,0,0,0,0,0,0,0,0,0,0,0,0,0,0,0,0,32.0,32.0,32.0,32.0,32.0,32.0,32.0,32.0,32.0,32.0,32.0,32.0,32.0,32.0,54.0,31.0,31.0,34.0,34.0,34.0,34.0,54.0,54.0,54.0,54.0,54.0,55.0,55.0,55.0,55.0,55.0,55.0,55.0,55.0
root/pages/content_script_loader.coffee,root/pages,0,0,0,0,0,0,0,0,0,0,0,0,0,0,0,0,0,0,0,0,0,0,0,0,0,0,0,0,0,0,0,0,0,0,0,0,0,0,0,0,0,0,0,0,0,0,0,0,0,0,0,0,0,0,0,0,0,0,28.0,28.0,28.0,28.0,28.0,28.0,28.0,28.0,28.0,28.0,28.0,28.0,28.0,28.0,28.0,28.0,28.0,28.0,28.0,28.0,28.0,28.0,0,0,0,0,0,0,0,0,0,0,0,0,0,0,0,0,0,0,0
root/pages/exclusions.html,root/pages,0,0,0,0,0,0,0,0,0,0,0,0,0,0,0,0,0,0,0,0,0,0,0,0,0,0,0,0,0,0,0,0,0,0,0,0,0,0,0,0,0,0,0,0,0,0,0,0,0,0,0,0,0,0,0,0,0,0,0,13.0,13.0,13.0,13.0,13.0,13.0,13.0,13.0,13.0,13.0,13.0,13.0,13.0,13.0,13.0,13.0,13.0,13.0,13.0,13.0,13.0,13.0,13.0,13.0,13.0,13.0,13.0,13.0,13.0,13.0,13.0,13.0,13.0,13.0,13.0,13.0,13.0,13.0,13.0,13.0
root/pages/help_dialog.coffee,root/pages,0,0,0,0,0,0,0,0,0,0,0,0,0,0,0,0,0,0,0,0,0,0,0,0,0,0,0,0,0,0,0,0,0,0,0,0,0,0,0,0,0,0,0,0,0,0,0,0,0,0,0,0,0,0,0,0,0,0,0,0,0,0,0,0,0,0,0,0,0,0,0,0,0,69.0,91.0,85.0,85.0,85.0,85.0,85.0,85.0,85.0,136.0,136.0,136.0,136.0,136.0,136.0,136.0,136.0,139.0,139.0,139.0,139.0,139.0,139.0,139.0,139.0,139.0
root/pages/help_dialog.html,root/pages,0,0,0,0,0,0,0,0,0,0,0,0,0,0,0,0,0,0,0,0,0,0,0,0,0,0,0,0,0,0,0,0,0,0,0,51.0,51.0,51.0,51.0,51.0,51.0,51.0,51.0,51.0,51.0,51.0,51.0,51.0,51.0,51.0,51.0,51.0,51.0,51.0,51.0,51.0,51.0,51.0,51.0,51.0,51.0,51.0,51.0,52.0,55.0,55.0,55.0,55.0,55.0,55.0,55.0,55.0,55.0,76.0,76.0,101.0,101.0,101.0,101.0,123.0,100.0,100.0,121.0,121.0,121.0,121.0,141.0,141.0,141.0,141.0,141.0,142.0,142.0,142.0,142.0,142.0,142.0,142.0,142.0
root/pages/hud.coffee,root/pages,0,0,0,0,0,0,0,0,0,0,0,0,0,0,0,0,0,0,0,0,0,0,0,0,0,0,0,0,0,0,0,0,0,0,0,0,0,0,0,0,0,0,0,0,0,0,0,0,0,0,0,0,0,0,0,0,0,0,0,0,0,0,0,0,15.0,102.0,102.0,102.0,102.0,102.0,102.0,102.0,102.0,103.0,103.0,92.0,92.0,92.0,92.0,92.0,92.0,92.0,93.0,93.0,93.0,93.0,96.0,96.0,96.0,96.0,99.0,99.0,113.0,113.0,113.0,122.0,122.0,122.0,122.0
root/pages/hud.html,root/pages,0,0,0,0,0,0,0,0,0,0,0,0,0,0,0,0,0,0,0,0,0,0,0,0,0,0,0,0,0,0,0,0,0,0,0,0,0,0,0,0,0,0,0,0,0,0,0,0,0,0,0,0,0,0,0,0,0,0,0,0,0,0,0,0,11.0,14.0,14.0,14.0,14.0,14.0,14.0,14.0,14.0,14.0,14.0,14.0,14.0,14.0,14.0,14.0,14.0,14.0,14.0,14.0,14.0,15.0,15.0,15.0,15.0,15.0,16.0,16.0,17.0,17.0,17.0,17.0,17.0,17.0,17.0
root/pages/logging.coffee,root/pages,0,0,0,0,0,0,0,0,0,0,0,0,0,0,0,0,0,0,0,0,0,0,0,0,0,0,0,0,0,0,0,0,0,0,0,0,0,0,0,0,0,0,0,0,0,0,0,0,0,0,0,0,0,0,0,0,0,0,0,0,0,0,0,0,0,0,0,0,0,0,0,0,0,19.0,19.0,19.0,19.0,19.0,19.0,19.0,19.0,19.0,19.0,19.0,19.0,19.0,19.0,19.0,19.0,19.0,20.0,20.0,20.0,20.0,20.0,20.0,20.0,20.0,20.0
root/pages/logging.html,root/pages,0,0,0,0,0,0,0,0,0,0,0,0,0,0,0,0,0,0,0,0,0,0,0,0,0,0,0,0,0,0,0,0,0,0,0,0,0,0,0,0,0,0,0,0,0,0,0,0,0,0,0,0,0,0,0,0,0,0,0,0,0,0,0,0,0,0,0,0,0,0,0,0,37.0,47.0,47.0,47.0,47.0,47.0,47.0,70.0,47.0,47.0,47.0,47.0,47.0,47.0,67.0,67.0,67.0,67.0,67.0,68.0,68.0,68.0,68.0,68.0,68.0,68.0,68.0
root/pages/options.coffee,root/pages,0,0,0,0,0,0,0,0,0,0,0,0,0,0,0,0,0,0,0,0,0,0,0,0,0,0,0,0,0,0,0,0,0,0,0,109.0,109.0,109.0,109.0,109.0,109.0,109.0,109.0,109.0,109.0,109.0,109.0,109.0,109.0,109.0,109.0,103.0,103.0,103.0,103.0,103.0,105.0,199.0,216.0,322.0,322.0,323.0,325.0,325.0,323.0,324.0,324.0,324.0,324.0,324.0,324.0,324.0,324.0,325.0,325.0,327.0,327.0,327.0,327.0,327.0,327.0,327.0,326.0,326.0,326.0,326.0,326.0,326.0,326.0,327.0,328.0,381.0,381.0,409.0,409.0,411.0,411.0,411.0,411.0
root/pages/options.css,root/pages,0,0,0,0,0,0,0,0,0,0,0,0,0,0,0,0,0,0,0,0,0,0,0,0,0,0,0,0,0,0,0,0,0,0,0,0,0,0,0,0,0,0,0,0,0,0,0,0,0,0,0,0,0,0,0,0,0,0,0,232.0,232.0,232.0,232.0,232.0,233.0,233.0,233.0,233.0,233.0,233.0,233.0,233.0,233.0,233.0,233.0,233.0,233.0,233.0,233.0,233.0,233.0,233.0,233.0,233.0,233.0,233.0,233.0,233.0,233.0,233.0,233.0,236.0,236.0,236.0,236.0,236.0,237.0,237.0,237.0
root/pages/options.html,root/pages,0,0,0,0,0,0,0,0,0,0,0,0,0,0,0,0,0,0,0,0,0,0,0,0,0,0,0,0,0,0,0,0,0,0,0,357.0,357.0,357.0,357.0,357.0,357.0,357.0,357.0,357.0,357.0,357.0,357.0,357.0,357.0,357.0,357.0,357.0,382.0,377.0,377.0,392.0,392.0,412.0,446.0,248.0,248.0,262.0,262.0,262.0,294.0,294.0,294.0,294.0,294.0,294.0,294.0,294.0,294.0,309.0,309.0,309.0,309.0,309.0,309.0,332.0,309.0,309.0,309.0,309.0,309.0,309.0,329.0,329.0,329.0,343.0,344.0,372.0,373.0,373.0,373.0,371.0,371.0,371.0,371.0
root/pages/popup.coffee,root/pages,0,0,0,0,0,0,0,0,0,0,0,0,0,0,0,0,0,0,0,0,0,0,0,0,0,0,0,0,0,0,0,0,0,0,0,16.0,16.0,16.0,16.0,16.0,16.0,16.0,16.0,16.0,16.0,16.0,16.0,16.0,16.0,16.0,16.0,16.0,16.0,16.0,16.0,27.0,27.0,88.0,110.0,0,0,0,0,0,0,0,0,0,0,0,0,0,0,0,0,0,0,0,0,0,0,0,0,0,0,0,0,0,0,0,0,0,0,0,0,0,0,0,0
root/pages/popup.html,root/pages,0,0,0,0,0,0,0,0,0,0,0,0,0,0,0,0,0,0,0,0,0,0,0,0,0,0,0,0,0,0,0,0,0,0,0,67.0,67.0,67.0,67.0,67.0,67.0,67.0,67.0,67.0,67.0,67.0,67.0,67.0,67.0,67.0,67.0,67.0,67.0,67.0,67.0,67.0,67.0,75.0,86.0,83.0,83.0,83.0,83.0,83.0,85.0,85.0,85.0,85.0,85.0,85.0,85.0,85.0,85.0,85.0,85.0,85.0,85.0,85.0,85.0,85.0,85.0,85.0,85.0,85.0,85.0,85.0,84.0,84.0,84.0,84.0,84.0,85.0,85.0,87.0,87.0,87.0,87.0,87.0,87.0
root/pages/ui_component_server.coffee,root/pages,0,0,0,0,0,0,0,0,0,0,0,0,0,0,0,0,0,0,0,0,0,0,0,0,0,0,0,0,0,0,0,0,0,0,0,0,0,0,0,0,0,0,0,0,0,0,0,0,0,0,0,0,0,0,0,0,0,0,0,27.0,27.0,27.0,27.0,27.0,27.0,27.0,27.0,27.0,27.0,27.0,27.0,27.0,27.0,27.0,27.0,42.0,42.0,42.0,42.0,42.0,42.0,42.0,42.0,42.0,42.0,42.0,42.0,42.0,42.0,42.0,42.0,42.0,42.0,42.0,42.0,42.0,42.0,42.0,42.0
root/pages/vimium_resources.html,root/pages,0,0,0,0,0,0,0,0,0,0,0,0,0,0,0,0,0,0,0,0,0,0,0,0,0,0,0,0,0,0,0,0,0,0,0,0,0,0,0,0,0,0,0,0,0,0,0,0,0,0,0,0,0,0,0,0,0,0,0,0,0,0,0,0,0,0,0,0,0,0,0,0,0,0,0,0,0,0,0,0,24.0,24.0,24.0,24.0,24.0,24.0,0,0,0,0,0,0,0,0,0,0,0,0,0
root/pages/vomnibar.coffee,root/pages,0,0,0,0,0,0,0,0,0,0,0,0,0,0,0,0,0,0,0,0,0,0,0,0,0,0,0,0,0,0,0,0,0,0,0,0,0,0,0,0,0,0,0,0,0,0,0,0,0,0,0,0,0,0,0,0,284.0,269.0,0,235.0,235.0,231.0,256.0,256.0,340.0,340.0,340.0,340.0,340.0,340.0,340.0,340.0,340.0,340.0,340.0,340.0,340.0,340.0,340.0,340.0,340.0,340.0,340.0,340.0,340.0,340.0,339.0,339.0,339.0,339.0,342.0,342.0,342.0,342.0,343.0,348.0,348.0,348.0,348.0
root/pages/vomnibar.css,root/pages,0,0,0,0,0,0,0,0,0,0,0,0,0,0,0,0,0,0,0,0,0,0,0,0,0,0,0,0,0,0,0,0,0,0,0,0,0,0,0,0,0,0,0,0,0,0,0,0,0,0,0,0,0,0,0,0,129.0,136.0,0,136.0,136.0,136.0,136.0,136.0,153.0,153.0,153.0,153.0,153.0,153.0,153.0,153.0,153.0,153.0,153.0,153.0,153.0,153.0,153.0,152.0,152.0,152.0,152.0,152.0,152.0,152.0,152.0,152.0,152.0,152.0,152.0,152.0,152.0,152.0,152.0,152.0,152.0,152.0,152.0
root/pages/vomnibar.html,root/pages,0,0,0,0,0,0,0,0,0,0,0,0,0,0,0,0,0,0,0,0,0,0,0,0,0,0,0,0,0,0,0,0,0,0,0,0,0,0,0,0,0,0,0,0,0,0,0,0,0,0,0,0,0,0,0,0,21.0,21.0,0,22.0,22.0,22.0,22.0,22.0,22.0,22.0,22.0,22.0,22.0,22.0,22.0,22.0,22.0,22.0,22.0,22.0,22.0,22.0,22.0,22.0,22.0,22.0,22.0,22.0,22.0,22.0,22.0,22.0,22.0,22.0,23.0,23.0,23.0,23.0,23.0,23.0,23.0,23.0,23.0
root/popup.html,root,0,0,0,0,0,0,0,0,0,0,0,0,0,0,0,0,0,0,0,0,0,0,0,0,0,0,0,0,64.0,79.0,79.0,79.0,79.0,67.0,67.0,0,0,0,0,0,0,0,0,0,0,0,0,0,0,0,0,0,0,0,0,0,0,0,0,0,0,0,0,0,0,0,0,0,0,0,0,0,0,0,0,0,0,0,0,0,0,0,0,0,0,0,0,0,0,0,0,0,0,0,0,0,0,0,0
root/popup.js,root,0,0,0,0,0,0,0,0,0,0,0,0,0,0,0,0,0,0,0,0,0,0,0,0,0,0,0,0,0,0,0,0,0,20.0,20.0,0,0,0,0,0,0,0,0,0,0,0,0,0,0,0,0,0,0,0,0,0,0,0,0,0,0,0,0,0,0,0,0,0,0,0,0,0,0,0,0,0,0,0,0,0,0,0,0,0,0,0,0,0,0,0,0,0,0,0,0,0,0,0,0
root/settings.html,root,0,0,42.0,100.0,0,0,0,0,0,0,0,0,0,0,0,0,0,0,0,0,0,0,0,0,0,0,0,0,0,0,0,0,0,0,0,0,0,0,0,0,0,0,0,0,0,0,0,0,0,0,0,0,0,0,0,0,0,0,0,0,0,0,0,0,0,0,0,0,0,0,0,0,0,0,0,0,0,0,0,0,0,0,0,0,0,0,0,0,0,0,0,0,0,0,0,0,0,0,0
root/test_harnesses,root,0,0,84.0,213.0,247.0,247.0,247.0,260.0,260.0,260.0,260.0,262.0,262.0,262.0,365.0,617.0,365.0,365.0,617.0,617.0,617.0,617.0,617.0,617.0,617.0,617.0,686.0,686.0,698.0,698.0,758.0,737.0,737.0,737.0,425.0,425.0,425.0,425.0,425.0,425.0,425.0,425.0,425.0,425.0,425.0,425.0,425.0,425.0,425.0,425.0,425.0,425.0,425.0,425.0,425.0,435.0,435.0,435.0,435.0,435.0,435.0,435.0,435.0,435.0,435.0,435.0,435.0,435.0,435.0,435.0,435.0,435.0,435.0,435.0,435.0,435.0,435.0,435.0,435.0,435.0,435.0,435.0,435.0,435.0,435.0,435.0,435.0,435.0,435.0,435.0,435.0,435.0,435.0,435.0,435.0,435.0,435.0,435.0,435.0
root/test_harnesses/automated.html,root/test_harnesses,0,0,0,0,0,0,0,0,0,0,0,0,0,0,0,252.0,0,0,252.0,252.0,252.0,252.0,252.0,252.0,252.0,252.0,321.0,321.0,333.0,333.0,333.0,312.0,312.0,312.0,0,0,0,0,0,0,0,0,0,0,0,0,0,0,0,0,0,0,0,0,0,0,0,0,0,0,0,0,0,0,0,0,0,0,0,0,0,0,0,0,0,0,0,0,0,0,0,0,0,0,0,0,0,0,0,0,0,0,0,0,0,0,0,0,0
root/test_harnesses/form.html,root/test_harnesses,0,0,0,35.0,35.0,35.0,35.0,35.0,35.0,35.0,35.0,37.0,37.0,37.0,39.0,39.0,39.0,39.0,39.0,39.0,39.0,39.0,39.0,39.0,39.0,39.0,39.0,39.0,39.0,39.0,39.0,39.0,39.0,39.0,39.0,39.0,39.0,39.0,39.0,39.0,39.0,39.0,39.0,39.0,39.0,39.0,39.0,39.0,39.0,39.0,39.0,39.0,39.0,39.0,39.0,39.0,39.0,39.0,39.0,39.0,39.0,39.0,39.0,39.0,39.0,39.0,39.0,39.0,39.0,39.0,39.0,39.0,39.0,39.0,39.0,39.0,39.0,39.0,39.0,39.0,39.0,39.0,39.0,39.0,39.0,39.0,39.0,39.0,39.0,39.0,39.0,39.0,39.0,39.0,39.0,39.0,39.0,39.0,39.0
root/test_harnesses/has_popup_and_link_hud.html,root/test_harnesses,0,0,0,54.0,79.0,79.0,79.0,79.0,79.0,79.0,79.0,79.0,79.0,79.0,79.0,79.0,79.0,79.0,79.0,79.0,79.0,79.0,79.0,79.0,79.0,79.0,79.0,79.0,79.0,79.0,79.0,79.0,79.0,79.0,79.0,79.0,79.0,79.0,79.0,79.0,79.0,79.0,79.0,79.0,79.0,79.0,79.0,79.0,79.0,79.0,79.0,79.0,79.0,79.0,79.0,79.0,79.0,79.0,79.0,79.0,79.0,79.0,79.0,79.0,79.0,79.0,79.0,79.0,79.0,79.0,79.0,79.0,79.0,79.0,79.0,79.0,79.0,79.0,79.0,79.0,79.0,79.0,79.0,79.0,79.0,79.0,79.0,79.0,79.0,79.0,79.0,79.0,79.0,79.0,79.0,79.0,79.0,79.0,79.0
root/test_harnesses/iframe.html,root/test_harnesses,0,0,26.0,26.0,26.0,26.0,26.0,26.0,26.0,26.0,26.0,26.0,26.0,26.0,26.0,26.0,26.0,26.0,26.0,26.0,26.0,26.0,26.0,26.0,26.0,26.0,26.0,26.0,26.0,26.0,26.0,26.0,26.0,26.0,26.0,26.0,26.0,26.0,26.0,26.0,26.0,26.0,26.0,26.0,26.0,26.0,26.0,26.0,26.0,26.0,26.0,26.0,26.0,26.0,26.0,26.0,26.0,26.0,26.0,26.0,26.0,26.0,26.0,26.0,26.0,26.0,26.0,26.0,26.0,26.0,26.0,26.0,26.0,26.0,26.0,26.0,26.0,26.0,26.0,26.0,26.0,26.0,26.0,26.0,26.0,26.0,26.0,26.0,26.0,26.0,26.0,26.0,26.0,26.0,26.0,26.0,26.0,26.0,26.0
root/test_harnesses/page_with_links.html,root/test_harnesses,0,0,0,40.0,49.0,49.0,49.0,49.0,49.0,49.0,49.0,49.0,49.0,49.0,49.0,49.0,49.0,49.0,49.0,49.0,49.0,49.0,49.0,49.0,49.0,49.0,49.0,49.0,49.0,49.0,49.0,49.0,49.0,49.0,49.0,49.0,49.0,49.0,49.0,49.0,49.0,49.0,49.0,49.0,49.0,49.0,49.0,49.0,49.0,49.0,49.0,49.0,49.0,49.0,49.0,49.0,49.0,49.0,49.0,49.0,49.0,49.0,49.0,49.0,49.0,49.0,49.0,49.0,49.0,49.0,49.0,49.0,49.0,49.0,49.0,49.0,49.0,49.0,49.0,49.0,49.0,49.0,49.0,49.0,49.0,49.0,49.0,49.0,49.0,49.0,49.0,49.0,49.0,49.0,49.0,49.0,49.0,49.0,49.0
root/test_harnesses/visibility_test.html,root/test_harnesses,0,0,58.0,58.0,58.0,58.0,58.0,71.0,71.0,71.0,71.0,71.0,71.0,71.0,172.0,172.0,172.0,172.0,172.0,172.0,172.0,172.0,172.0,172.0,172.0,172.0,172.0,172.0,172.0,172.0,172.0,172.0,172.0,172.0,172.0,172.0,172.0,172.0,172.0,172.0,172.0,172.0,172.0,172.0,172.0,172.0,172.0,172.0,172.0,172.0,172.0,172.0,172.0,172.0,172.0,172.0,172.0,172.0,172.0,172.0,172.0,172.0,172.0,172.0,172.0,172.0,172.0,172.0,172.0,172.0,172.0,172.0,172.0,172.0,172.0,172.0,172.0,172.0,172.0,172.0,172.0,172.0,172.0,172.0,172.0,172.0,172.0,172.0,172.0,172.0,172.0,172.0,172.0,172.0,172.0,172.0,172.0,172.0,172.0
root/test_harnesses/vomnibar.html,root/test_harnesses,0,0,0,0,0,0,0,0,0,0,0,0,0,0,0,0,0,0,0,0,0,0,0,0,0,0,0,0,0,0,60.0,60.0,60.0,60.0,60.0,60.0,60.0,60.0,60.0,60.0,60.0,60.0,60.0,60.0,60.0,60.0,60.0,60.0,60.0,60.0,60.0,60.0,60.0,60.0,60.0,70.0,70.0,70.0,70.0,70.0,70.0,70.0,70.0,70.0,70.0,70.0,70.0,70.0,70.0,70.0,70.0,70.0,70.0,70.0,70.0,70.0,70.0,70.0,70.0,70.0,70.0,70.0,70.0,70.0,70.0,70.0,70.0,70.0,70.0,70.0,70.0,70.0,70.0,70.0,70.0,70.0,70.0,70.0,70.0
root/tests,root,0,0,0,0,0,0,0,0,0,0,0,0,0,0,0,0,0,0,0,0,0,0,0,0,0,0,0,0,0,0,0,190.0,190.0,190.0,591.0,853.0,1000.0,1016.0,1016.0,1016.0,1016.0,1016.0,1019.0,1019.0,1019.0,1017.0,1027.0,1017.0,1017.0,1017.0,1017.0,1134.0,1157.0,1221.0,1221.0,1355.0,1363.0,1418.0,1481.0,1728.0,2207.0,2063.0,2108.0,2063.0,2108.0,2122.0,2122.0,2122.0,2128.0,2128.0,2128.0,2128.0,2127.0,2133.0,2771.0,2810.0,2810.0,2810.0,2810.0,2895.0,2949.0,2971.0,2970.0,2970.0,2966.0,2966.0,2879.0,2880.0,2880.0,2880.0,2887.0,2884.0,2885.0,2886.0,2886.0,2886.0,2886.0,2886.0,2886.0
root/tests/completion_test.coffee,root/tests,0,0,0,0,0,0,0,0,0,0,0,0,0,0,0,0,0,0,0,0,0,0,0,0,0,0,0,0,0,0,0,165.0,165.0,165.0,0,0,0,0,0,0,0,0,0,0,0,0,0,0,0,0,0,0,0,0,0,0,0,0,0,0,0,0,0,0,0,0,0,0,0,0,0,0,0,0,0,0,0,0,0,0,0,0,0,0,0,0,0,0,0,0,0,0,0,0,0,0,0,0,0
root/tests/dom_tests,root/tests,0,0,0,0,0,0,0,0,0,0,0,0,0,0,0,0,0,0,0,0,0,0,0,0,0,0,0,0,0,0,0,0,0,0,339.0,533.0,533.0,533.0,533.0,533.0,533.0,533.0,536.0,536.0,536.0,534.0,542.0,534.0,534.0,534.0,534.0,542.0,542.0,542.0,542.0,576.0,584.0,590.0,576.0,594.0,1048.0,898.0,941.0,890.0,919.0,925.0,925.0,925.0,928.0,928.0,928.0,928.0,926.0,929.0,1471.0,1504.0,1504.0,1504.0,1504.0,1533.0,1533.0,1538.0,1537.0,1537.0,1537.0,1537.0,1450.0,1450.0,1450.0,1450.0,1452.0,1453.0,1453.0,1454.0,1454.0,1454.0,1454.0,1454.0,1454.0
root/tests/dom_tests/bind.js,root/tests/dom_tests,0,0,0,0,0,0,0,0,0,0,0,0,0,0,0,0,0,0,0,0,0,0,0,0,0,0,0,0,0,0,0,0,0,0,27.0,27.0,27.0,27.0,27.0,27.0,27.0,27.0,27.0,27.0,27.0,27.0,27.0,27.0,27.0,27.0,27.0,27.0,27.0,27.0,27.0,27.0,27.0,27.0,27.0,27.0,27.0,27.0,27.0,27.0,27.0,27.0,27.0,27.0,27.0,27.0,27.0,27.0,27.0,27.0,27.0,27.0,27.0,27.0,27.0,27.0,27.0,27.0,27.0,27.0,27.0,27.0,27.0,27.0,27.0,27.0,27.0,27.0,27.0,27.0,27.0,27.0,27.0,27.0,27.0
root/tests/dom_tests/chrome.coffee,root/tests/dom_tests,0,0,0,0,0,0,0,0,0,0,0,0,0,0,0,0,0,0,0,0,0,0,0,0,0,0,0,0,0,0,0,0,0,0,20.0,20.0,20.0,20.0,20.0,20.0,20.0,20.0,23.0,23.0,23.0,21.0,21.0,21.0,21.0,21.0,21.0,21.0,21.0,21.0,21.0,21.0,21.0,21.0,21.0,29.0,29.0,31.0,31.0,33.0,37.0,37.0,37.0,37.0,37.0,37.0,37.0,37.0,37.0,37.0,37.0,37.0,37.0,37.0,37.0,37.0,37.0,37.0,37.0,37.0,37.0,37.0,37.0,37.0,37.0,37.0,39.0,39.0,39.0,39.0,39.0,39.0,39.0,39.0,39.0
root/tests/dom_tests/dom_tests.coffee,root/tests/dom_tests,0,0,0,0,0,0,0,0,0,0,0,0,0,0,0,0,0,0,0,0,0,0,0,0,0,0,0,0,0,0,0,0,0,0,205.0,222.0,222.0,222.0,222.0,222.0,222.0,222.0,222.0,222.0,222.0,222.0,222.0,222.0,222.0,222.0,222.0,222.0,222.0,222.0,222.0,251.0,251.0,251.0,251.0,251.0,700.0,538.0,581.0,528.0,536.0,541.0,541.0,541.0,544.0,544.0,544.0,544.0,542.0,545.0,1072.0,1090.0,1090.0,1090.0,1090.0,1119.0,1119.0,1124.0,1124.0,1124.0,1124.0,1124.0,1061.0,1061.0,1061.0,1061.0,1061.0,1061.0,1061.0,1062.0,1062.0,1062.0,1062.0,1062.0,1062.0
root/tests/dom_tests/dom_tests.html,root/tests/dom_tests,0,0,0,0,0,0,0,0,0,0,0,0,0,0,0,0,0,0,0,0,0,0,0,0,0,0,0,0,0,0,0,0,0,0,51.0,57.0,57.0,57.0,57.0,57.0,57.0,57.0,57.0,57.0,57.0,57.0,57.0,57.0,57.0,57.0,57.0,57.0,57.0,57.0,57.0,57.0,65.0,71.0,57.0,58.0,63.0,63.0,63.0,63.0,65.0,66.0,66.0,66.0,66.0,66.0,66.0,66.0,66.0,66.0,66.0,68.0,68.0,68.0,68.0,68.0,68.0,68.0,68.0,68.0,68.0,68.0,68.0,68.0,68.0,68.0,68.0,69.0,69.0,69.0,69.0,69.0,69.0,69.0,69.0
root/tests/dom_tests/dom_utils_test.coffee,root/tests/dom_tests,0,0,0,0,0,0,0,0,0,0,0,0,0,0,0,0,0,0,0,0,0,0,0,0,0,0,0,0,0,0,0,0,0,0,0,92.0,92.0,92.0,92.0,92.0,92.0,92.0,92.0,92.0,92.0,92.0,100.0,92.0,92.0,92.0,92.0,100.0,100.0,100.0,100.0,100.0,100.0,100.0,100.0,94.0,94.0,94.0,94.0,94.0,103.0,103.0,103.0,103.0,103.0,103.0,103.0,103.0,103.0,103.0,103.0,115.0,115.0,115.0,115.0,115.0,115.0,115.0,115.0,115.0,115.0,115.0,115.0,115.0,115.0,115.0,115.0,115.0,115.0,115.0,115.0,115.0,115.0,115.0,115.0
root/tests/dom_tests/phantom_runner.coffee,root/tests/dom_tests,0,0,0,0,0,0,0,0,0,0,0,0,0,0,0,0,0,0,0,0,0,0,0,0,0,0,0,0,0,0,0,0,0,0,36.0,36.0,36.0,36.0,36.0,36.0,36.0,36.0,36.0,36.0,36.0,36.0,36.0,36.0,36.0,36.0,36.0,36.0,36.0,36.0,36.0,41.0,41.0,41.0,41.0,41.0,41.0,51.0,51.0,51.0,56.0,56.0,56.0,56.0,56.0,56.0,56.0,56.0,56.0,56.0,70.0,70.0,70.0,70.0,70.0,70.0,70.0,70.0,70.0,70.0,70.0,70.0,46.0,46.0,46.0,46.0,46.0,46.0,46.0,46.0,46.0,46.0,46.0,46.0,46.0
root/tests/dom_tests/test_runner.coffee,root/tests/dom_tests,0,0,0,0,0,0,0,0,0,0,0,0,0,0,0,0,0,0,0,0,0,0,0,0,0,0,0,0,0,0,0,0,0,0,0,14.0,14.0,14.0,14.0,14.0,14.0,14.0,14.0,14.0,14.0,14.0,14.0,14.0,14.0,14.0,14.0,14.0,14.0,14.0,14.0,14.0,14.0,14.0,14.0,14.0,14.0,14.0,14.0,14.0,14.0,14.0,14.0,14.0,14.0,14.0,14.0,14.0,14.0,14.0,14.0,14.0,14.0,14.0,14.0,14.0,14.0,14.0,14.0,14.0,14.0,14.0,14.0,14.0,14.0,14.0,14.0,14.0,14.0,14.0,14.0,14.0,14.0,14.0,14.0
root/tests/dom_tests/vomnibar_test.coffee,root/tests/dom_tests,0,0,0,0,0,0,0,0,0,0,0,0,0,0,0,0,0,0,0,0,0,0,0,0,0,0,0,0,0,0,0,0,0,0,0,65.0,65.0,65.0,65.0,65.0,65.0,65.0,65.0,65.0,65.0,65.0,65.0,65.0,65.0,65.0,65.0,65.0,65.0,65.0,65.0,65.0,65.0,65.0,65.0,80.0,80.0,80.0,80.0,80.0,81.0,81.0,81.0,81.0,81.0,81.0,81.0,81.0,81.0,81.0,82.0,83.0,83.0,83.0,83.0,83.0,83.0,83.0,82.0,82.0,82.0,82.0,82.0,82.0,82.0,82.0,82.0,82.0,82.0,82.0,82.0,82.0,82.0,82.0,82.0
root/tests/test_helper.coffee,root/tests,0,0,0,0,0,0,0,0,0,0,0,0,0,0,0,0,0,0,0,0,0,0,0,0,0,0,0,0,0,0,0,5.0,5.0,5.0,0,0,0,0,0,0,0,0,0,0,0,0,0,0,0,0,0,0,0,0,0,0,0,0,0,0,0,0,0,0,0,0,0,0,0,0,0,0,0,0,0,0,0,0,0,0,0,0,0,0,0,0,0,0,0,0,0,0,0,0,0,0,0,0,0
root/tests/unit_tests,root/tests,0,0,0,0,0,0,0,0,0,0,0,0,0,0,0,0,0,0,0,0,0,0,0,0,0,0,0,0,0,0,0,0,0,0,252.0,320.0,467.0,483.0,483.0,483.0,483.0,483.0,483.0,483.0,483.0,483.0,485.0,483.0,483.0,483.0,483.0,592.0,615.0,679.0,679.0,779.0,779.0,828.0,905.0,1134.0,1159.0,1165.0,1167.0,1173.0,1189.0,1197.0,1197.0,1197.0,1200.0,1200.0,1200.0,1200.0,1201.0,1204.0,1300.0,1306.0,1306.0,1306.0,1306.0,1362.0,1416.0,1433.0,1433.0,1433.0,1429.0,1429.0,1429.0,1430.0,1430.0,1430.0,1435.0,1431.0,1432.0,1432.0,1432.0,1432.0,1432.0,1432.0,1432.0
root/tests/unit_tests/commands_test.coffee,root/tests/unit_tests,0,0,0,0,0,0,0,0,0,0,0,0,0,0,0,0,0,0,0,0,0,0,0,0,0,0,0,0,0,0,0,0,0,0,10.0,10.0,10.0,10.0,10.0,10.0,10.0,10.0,10.0,10.0,10.0,10.0,10.0,10.0,10.0,10.0,10.0,10.0,10.0,10.0,10.0,10.0,10.0,55.0,52.0,52.0,52.0,52.0,52.0,52.0,53.0,53.0,53.0,53.0,53.0,53.0,53.0,53.0,53.0,53.0,53.0,53.0,53.0,53.0,53.0,53.0,102.0,119.0,119.0,119.0,119.0,119.0,119.0,119.0,119.0,119.0,119.0,135.0,135.0,135.0,135.0,135.0,135.0,135.0,135.0
root/tests/unit_tests/completion_test.coffee,root/tests/unit_tests,0,0,0,0,0,0,0,0,0,0,0,0,0,0,0,0,0,0,0,0,0,0,0,0,0,0,0,0,0,0,0,0,0,0,165.0,165.0,312.0,328.0,328.0,328.0,328.0,328.0,328.0,328.0,328.0,328.0,328.0,328.0,328.0,328.0,328.0,328.0,342.0,406.0,406.0,406.0,406.0,408.0,460.0,467.0,467.0,467.0,467.0,471.0,471.0,468.0,468.0,468.0,468.0,468.0,468.0,468.0,468.0,469.0,469.0,469.0,469.0,469.0,469.0,469.0,469.0,469.0,469.0,469.0,469.0,469.0,469.0,469.0,469.0,469.0,469.0,469.0,469.0,469.0,469.0,469.0,469.0,469.0,469.0
root/tests/unit_tests/exclusion_test.coffee,root/tests/unit_tests,0,0,0,0,0,0,0,0,0,0,0,0,0,0,0,0,0,0,0,0,0,0,0,0,0,0,0,0,0,0,0,0,0,0,0,0,0,0,0,0,0,0,0,0,0,0,0,0,0,0,0,0,0,0,0,71.0,71.0,73.0,73.0,57.0,57.0,61.0,61.0,57.0,56.0,55.0,55.0,55.0,55.0,55.0,55.0,55.0,55.0,55.0,77.0,77.0,77.0,77.0,77.0,77.0,77.0,77.0,77.0,77.0,77.0,77.0,77.0,78.0,78.0,78.0,78.0,78.0,78.0,78.0,78.0,78.0,78.0,78.0,78.0
root/tests/unit_tests/handler_stack_test.coffee,root/tests/unit_tests,0,0,0,0,0,0,0,0,0,0,0,0,0,0,0,0,0,0,0,0,0,0,0,0,0,0,0,0,0,0,0,0,0,0,0,52.0,52.0,52.0,52.0,52.0,52.0,52.0,52.0,52.0,52.0,52.0,52.0,52.0,52.0,52.0,52.0,52.0,52.0,52.0,52.0,52.0,52.0,52.0,52.0,52.0,75.0,75.0,75.0,75.0,75.0,75.0,75.0,75.0,75.0,75.0,75.0,75.0,75.0,75.0,76.0,76.0,76.0,76.0,76.0,76.0,76.0,76.0,76.0,76.0,76.0,76.0,76.0,76.0,76.0,76.0,76.0,76.0,77.0,77.0,77.0,77.0,77.0,77.0,77.0
root/tests/unit_tests/rect_test.coffee,root/tests/unit_tests,0,0,0,0,0,0,0,0,0,0,0,0,0,0,0,0,0,0,0,0,0,0,0,0,0,0,0,0,0,0,0,0,0,0,0,0,0,0,0,0,0,0,0,0,0,0,0,0,0,0,0,0,0,0,0,0,0,0,0,232.0,232.0,232.0,232.0,232.0,232.0,232.0,232.0,232.0,232.0,232.0,232.0,232.0,232.0,232.0,232.0,232.0,232.0,232.0,232.0,288.0,288.0,288.0,288.0,288.0,288.0,288.0,288.0,288.0,288.0,288.0,288.0,288.0,288.0,288.0,288.0,288.0,288.0,288.0,288.0
root/tests/unit_tests/settings_test.coffee,root/tests/unit_tests,0,0,0,0,0,0,0,0,0,0,0,0,0,0,0,0,0,0,0,0,0,0,0,0,0,0,0,0,0,0,0,0,0,0,30.0,30.0,30.0,30.0,30.0,30.0,30.0,30.0,30.0,30.0,30.0,30.0,30.0,30.0,30.0,30.0,30.0,74.0,83.0,83.0,83.0,83.0,83.0,83.0,83.0,84.0,84.0,84.0,84.0,84.0,76.0,84.0,84.0,84.0,84.0,84.0,84.0,84.0,84.0,84.0,84.0,84.0,84.0,84.0,84.0,84.0,84.0,84.0,84.0,84.0,84.0,84.0,84.0,84.0,84.0,84.0,84.0,84.0,84.0,84.0,84.0,84.0,84.0,84.0,84.0
root/tests/unit_tests/test_chrome_stubs.coffee,root/tests/unit_tests,0,0,0,0,0,0,0,0,0,0,0,0,0,0,0,0,0,0,0,0,0,0,0,0,0,0,0,0,0,0,0,0,0,0,0,0,0,0,0,0,0,0,0,0,0,0,0,0,0,0,0,61.0,61.0,61.0,61.0,90.0,90.0,90.0,97.0,101.0,103.0,105.0,107.0,113.0,116.0,121.0,121.0,121.0,124.0,124.0,124.0,124.0,125.0,127.0,130.0,136.0,136.0,136.0,136.0,136.0,136.0,136.0,136.0,136.0,132.0,132.0,132.0,132.0,132.0,132.0,134.0,134.0,134.0,134.0,134.0,134.0,134.0,134.0,134.0
root/tests/unit_tests/test_helper.coffee,root/tests/unit_tests,0,0,0,0,0,0,0,0,0,0,0,0,0,0,0,0,0,0,0,0,0,0,0,0,0,0,0,0,0,0,0,0,0,0,5.0,5.0,5.0,5.0,5.0,5.0,5.0,5.0,5.0,5.0,5.0,5.0,5.0,5.0,5.0,5.0,5.0,5.0,5.0,5.0,5.0,5.0,5.0,5.0,5.0,5.0,5.0,5.0,5.0,5.0,5.0,5.0,5.0,5.0,5.0,5.0,5.0,5.0,5.0,5.0,5.0,5.0,5.0,5.0,5.0,5.0,5.0,5.0,5.0,5.0,5.0,5.0,5.0,5.0,5.0,5.0,5.0,5.0,5.0,5.0,5.0,5.0,5.0,5.0,5.0
root/tests/unit_tests/utils_test.coffee,root/tests/unit_tests,0,0,0,0,0,0,0,0,0,0,0,0,0,0,0,0,0,0,0,0,0,0,0,0,0,0,0,0,0,0,0,0,0,0,42.0,58.0,58.0,58.0,58.0,58.0,58.0,58.0,58.0,58.0,58.0,58.0,60.0,58.0,58.0,58.0,58.0,62.0,62.0,62.0,62.0,62.0,62.0,62.0,83.0,84.0,84.0,84.0,84.0,84.0,105.0,104.0,104.0,104.0,104.0,104.0,104.0,104.0,104.0,104.0,174.0,174.0,174.0,174.0,174.0,174.0,179.0,179.0,179.0,179.0,179.0,179.0,179.0,179.0,179.0,179.0,182.0,162.0,162.0,162.0,162.0,162.0,162.0,162.0,162.0
root/tests/utils_test.coffee,root/tests,0,0,0,0,0,0,0,0,0,0,0,0,0,0,0,0,0,0,0,0,0,0,0,0,0,0,0,0,0,0,0,20.0,20.0,20.0,0,0,0,0,0,0,0,0,0,0,0,0,0,0,0,0,0,0,0,0,0,0,0,0,0,0,0,0,0,0,0,0,0,0,0,0,0,0,0,0,0,0,0,0,0,0,0,0,0,0,0,0,0,0,0,0,0,0,0,0,0,0,0,0,0
root/toolstrip.html,root,3.0,3.0,0,0,0,0,0,0,0,0,0,0,0,0,0,0,0,0,0,0,0,0,0,0,0,0,0,0,0,0,0,0,0,0,0,0,0,0,0,0,0,0,0,0,0,0,0,0,0,0,0,0,0,0,0,0,0,0,0,0,0,0,0,0,0,0,0,0,0,0,0,0,0,0,0,0,0,0,0,0,0,0,0,0,0,0,0,0,0,0,0,0,0,0,0,0,0,0,0
root/vimium.css,root,0,0,0,0,0,0,0,0,0,0,0,0,0,0,0,0,0,0,0,0,0,0,0,0,0,0,285.0,285.0,285.0,390.0,362.0,368.0,381.0,381.0,400.0,0,0,0,0,0,0,0,0,0,0,0,0,0,0,0,0,0,0,0,0,0,0,0,0,0,0,0,0,0,0,0,0,0,0,0,0,0,0,0,0,0,0,0,0,0,0,0,0,0,0,0,0,0,0,0,0,0,0,0,0,0,0,0,0
root/vimiumFrontend.js,root,101.0,107.0,317.0,535.0,672.0,672.0,678.0,686.0,690.0,703.0,705.0,764.0,806.0,805.0,847.0,886.0,868.0,876.0,959.0,959.0,894.0,894.0,895.0,895.0,895.0,895.0,1168.0,1162.0,1180.0,1182.0,0,0,0,0,0,0,0,0,0,0,0,0,0,0,0,0,0,0,0,0,0,0,0,0,0,0,0,0,0,0,0,0,0,0,0,0,0,0,0,0,0,0,0,0,0,0,0,0,0,0,0,0,0,0,0,0,0,0,0,0,0,0,0,0,0,0,0,0,0
