root/EastAsia&PacificAustralia,root,1319.0,1229.0,1185.0,1116.0,1011.0,1007.0,982.0,931.0,930.0,1009.0,1028.0,1162.0,1427.0,1393.0,1258.0,1089.0,968.0,1038.0,1070.0,1144.0,1129.0,1135.0,1159.0,1162.0,1217.0,1333.0,1334.0,1355.0,1405.0,1514.0,1643.0,1751.0,1913.0,1924.0,1882.0,1913.0,1983.0,1959.0,1955.0,1967.0,1989.0,1969.0,2013.0
root/EastAsia&PacificChina,root,0,0,0,0,0,0,0,0,0,0,0,0,0,0,0,0,0,0,0,0,323.0,524.0,799.0,909.0,947.0,1086.0,1154.0,1223.0,1285.0,1373.0,1377.0,1421.0,1530.0,1604.0,1700.0,2063.0,2342.0,2494.0,2489.0,2613.0,2827.0,3052.0,3485.0
root/EastAsia&PacificHongKongSARChina,root,136.0,134.0,130.0,130.0,133.0,137.0,0,0,0,0,260.0,248.0,264.0,282.0,284.0,284.0,333.0,386.0,450.0,502.0,518.0,561.0,638.0,665.0,688.0,779.0,857.0,968.0,1027.0,1086.0,1126.0,1165.0,1232.0,1251.0,1308.0,1396.0,1472.0,1459.0,1553.0,1661.0,1770.0,1872.0,1987.0
root/EastAsia&PacificIndonesia,root,0,0,0,0,0,6.0,8.0,13.0,23.0,24.0,24.0,24.0,24.0,24.0,57.0,123.0,139.0,153.0,172.0,217.0,237.0,252.0,281.0,287.0,276.0,286.0,315.0,330.0,333.0,331.0,336.0,344.0,383.0,396.0,398.0,420.0,440.0,459.0,483.0,506.0,521.0,537.0,566.0
root/EastAsia&PacificJapan,root,1398.0,1401.0,1407.0,1389.0,1398.0,1402.0,1412.0,1427.0,1441.0,1444.0,1476.0,1499.0,1532.0,1571.0,1597.0,1627.0,1641.0,1651.0,1667.0,1689.0,1714.0,1766.0,1805.0,1818.0,1889.0,2055.0,2103.0,2119.0,2174.0,2276.0,2323.0,2391.0,2389.0,2374.0,2320.0,2281.0,2280.0,2294.0,3408.0,3458.0,3504.0,3535.0,3598.0
root/EastAsia&PacificKoreaRep,root,0,0,0,0,355.0,352.0,343.0,334.0,328.0,336.0,342.0,355.0,389.0,502.0,629.0,677.0,686.0,688.0,693.0,699.0,721.0,760.0,776.0,748.0,712.0,1242.0,1390.0,1512.0,1558.0,1570.0,1616.0,1689.0,1755.0,1789.0,1778.0,1781.0,1799.0,1767.0,1798.0,1849.0,1948.0,2039.0,2114.0
root/EastAsia&PacificMalaysia,root,0,0,0,0,0,181.0,187.0,194.0,204.0,218.0,222.0,226.0,232.0,238.0,249.0,268.0,318.0,363.0,407.0,475.0,523.0,615.0,700.0,728.0,749.0,787.0,804.0,857.0,897.0,955.0,1015.0,1021.0,983.0,972.0,952.0,948.0,932.0,911.0,900.0,895.0,892.0,893.0,894.0
root/EastAsia&PacificNewZealand,root,0,0,0,0,0,0,0,0,0,237.0,317.0,339.0,289.0,235.0,247.0,171.0,139.0,123.0,132.0,144.0,135.0,132.0,120.0,122.0,113.0,131.0,145.0,149.0,166.0,158.0,153.0,151.0,152.0,147.0,143.0,137.0,144.0,141.0,143.0,154.0,171.0,173.0,164.0
root/EastAsia&PacificPapuaNewGuinea,root,0,0,0,0,0,0,0,0,0,0,0,0,0,0,0,0,0,0,0,0,0,0,0,0,0,8.0,9.0,8.0,9.0,9.0,9.0,9.0,9.0,11.0,11.0,10.0,12.0,8.0,11.0,6.0,6.0,6.0,0
root/EastAsia&PacificPhilippines,root,0,0,0,0,0,0,0,0,0,0,0,0,140.0,142.0,144.0,153.0,161.0,169.0,178.0,189.0,205.0,216.0,221.0,221.0,226.0,228.0,230.0,233.0,234.0,233.0,235.0,238.0,242.0,244.0,246.0,251.0,251.0,252.0,254.0,260.0,262.0,262.0,264.0
root/EastAsia&PacificSingapore,root,0,0,0,0,95.0,97.0,103.0,112.0,118.0,121.0,122.0,122.0,127.0,132.0,136.0,150.0,166.0,181.0,201.0,313.0,250.0,266.0,294.0,257.0,274.0,328.0,318.0,321.0,475.0,536.0,564.0,461.0,472.0,455.0,459.0,461.0,462.0,472.0,479.0,484.0,483.0,479.0,483.0
root/EastAsia&PacificThailand,root,0,0,0,0,0,72.0,76.0,78.0,85.0,93.0,95.0,92.0,102.0,122.0,145.0,159.0,270.0,315.0,347.0,1689.0,416.0,454.0,431.0,418.0,392.0,381.0,382.0,398.0,419.0,463.0,504.0,518.0,523.0,525.0,535.0,541.0,545.0,558.0,584.0,613.0,639.0,656.0,688.0
root/EastAsia&PacificVietnam,root,0,0,0,0,0,0,0,0,0,0,0,0,0,0,0,0,0,0,0,0,0,0,0,0,0,0,0,0,0,0,0,0,0,162.0,188.0,267.0,294.0,301.0,301.0,305.0,307.0,320.0,344.0
root/Europe&CentralAsiaAustria,root,76.0,74.0,71.0,68.0,67.0,66.0,63.0,62.0,62.0,63.0,64.0,74.0,75.0,80.0,87.0,99.0,103.0,112.0,111.0,111.0,109.0,106.0,101.0,96.0,97.0,97.0,99.0,109.0,104.0,100.0,92.0,96.0,102.0,101.0,97.0,89.0,88.0,84.0,82.0,82.0,79.0,71.0,67.0
root/Europe&CentralAsiaAzerbaijan,root,0,0,0,0,0,0,0,0,0,0,0,0,0,0,0,0,0,0,0,0,0,0,1.0,2.0,2.0,0,0,0,0,0,0,0,0,0,0,0,0,0,0,0,0,0,0
root/Europe&CentralAsiaBelarus,root,0,0,0,0,0,0,0,0,0,0,0,0,0,0,0,0,0,0,0,0,0,0,0,0,0,0,0,0,0,0,0,0,0,0,0,0,0,0,0,67.0,62.0,55.0,0
root/Europe&CentralAsiaBelgium,root,290.0,277.0,253.0,239.0,231.0,225.0,218.0,212.0,204.0,197.0,192.0,191.0,192.0,186.0,190.0,182.0,183.0,171.0,165.0,162.0,150.0,143.0,138.0,156.0,278.0,265.0,275.0,256.0,250.0,235.0,222.0,205.0,175.0,171.0,165.0,161.0,151.0,147.0,117.0,113.0,117.0,116.0,116.0
root/Europe&CentralAsiaBulgaria,root,0,0,0,0,0,0,0,0,0,0,0,0,0,0,0,0,0,0,8.0,13.0,15.0,9.0,0,18.0,28.0,23.0,404.0,351.0,326.0,332.0,331.0,347.0,369.0,404.0,398.0,390.0,393.0,387.0,381.0,0,0,0,0
root/Europe&CentralAsiaChannelIslands,root,0,0,0,0,0,0,0,0,0,0,0,0,0,0,0,0,0,0,0,0,0,0,0,1.0,1.0,1.0,3.0,2.0,2.0,1.0,5.0,11.0,1.0,0,0,0,0,0,0,0,0,0,0
root/Europe&CentralAsiaCroatia,root,0,0,0,0,0,0,0,0,0,0,0,0,0,0,0,0,0,0,2.0,36.0,61.0,71.0,77.0,50.0,61.0,63.0,63.0,67.0,157.0,166.0,177.0,182.0,359.0,356.0,271.0,240.0,233.0,211.0,192.0,193.0,186.0,160.0,155.0
root/Europe&CentralAsiaCyprus,root,0,0,0,0,0,0,0,0,0,0,0,0,0,0,0,0,0,0,36.0,35.0,37.0,39.0,40.0,45.0,48.0,93.0,120.0,130.0,133.0,124.0,119.0,141.0,124.0,119.0,115.0,110.0,106.0,101.0,95.0,94.0,84.0,81.0,74.0
root/Europe&CentralAsiaCzechRepublic,root,0,0,0,0,0,0,0,0,0,0,0,0,0,0,0,0,0,0,3.0,28.0,54.0,82.0,91.0,92.0,74.0,57.0,47.0,44.0,37.0,33.0,23.0,15.0,13.0,19.0,16.0,16.0,15.0,17.0,15.0,13.0,15.0,0,0
root/Europe&CentralAsiaDenmark,root,248.0,247.0,245.0,231.0,224.0,218.0,210.0,206.0,206.0,231.0,243.0,274.0,269.0,260.0,272.0,273.0,260.0,257.0,206.0,242.0,242.0,237.0,237.0,242.0,233.0,225.0,208.0,193.0,188.0,178.0,0,0,0,0,0,0,0,0,0,0,0,0,0
root/Europe&CentralAsiaEstonia,root,0,0,0,0,0,0,0,0,0,0,0,0,0,0,0,0,0,0,0,0,0,0,0,25.0,23.0,20.0,17.0,14.0,14.0,0,0,0,0,0,0,0,0,0,0,0,0,0,0
root/Europe&CentralAsiaFinland,root,0,0,0,0,0,0,0,0,48.0,52.0,50.0,49.0,49.0,66.0,79.0,73.0,63.0,61.0,57.0,65.0,73.0,113.0,124.0,129.0,147.0,158.0,152.0,147.0,142.0,134.0,0,0,0,0,0,0,0,0,0,0,0,0,0
root/Europe&CentralAsiaFrance,root,724.0,685.0,674.0,630.0,595.0,586.0,568.0,535.0,518.0,504.0,489.0,482.0,481.0,459.0,462.0,443.0,839.0,786.0,726.0,218.0,710.0,708.0,740.0,784.0,1144.0,1185.0,936.0,874.0,817.0,787.0,749.0,730.0,707.0,673.0,652.0,617.0,586.0,562.0,500.0,495.0,490.0,485.0,465.0
root/Europe&CentralAsiaGermany,root,471.0,469.0,465.0,459.0,458.0,459.0,456.0,450.0,442.0,449.0,472.0,492.0,574.0,609.0,408.0,413.0,665.0,665.0,664.0,666.0,678.0,681.0,700.0,741.0,617.0,744.0,749.0,715.0,684.0,660.0,648.0,656.0,761.0,742.0,704.0,690.0,670.0,665.0,639.0,595.0,555.0,531.0,450.0
root/Europe&CentralAsiaGreece,root,0,0,0,0,0,116.0,111.0,113.0,113.0,114.0,114.0,114.0,116.0,119.0,119.0,145.0,159.0,164.0,135.0,180.0,186.0,200.0,210.0,246.0,262.0,309.0,313.0,313.0,339.0,319.0,302.0,288.0,289.0,289.0,285.0,277.0,269.0,262.0,248.0,240.0,236.0,213.0,196.0
root/Europe&CentralAsiaHungary,root,0,0,0,0,0,0,0,0,0,0,0,0,0,0,0,6.0,20.0,23.0,28.0,40.0,42.0,44.0,47.0,53.0,64.0,58.0,55.0,48.0,50.0,47.0,44.0,41.0,39.0,40.0,42.0,48.0,52.0,51.0,50.0,48.0,45.0,43.0,41.0
root/Europe&CentralAsiaIceland,root,0,0,0,0,0,0,0,0,0,0,0,0,0,0,0,0,0,0,17.0,24.0,27.0,26.0,41.0,67.0,64.0,64.0,62.0,64.0,48.0,34.0,0,0,0,0,0,0,0,0,0,0,0,0,0
root/Europe&CentralAsiaIreland,root,0,0,0,0,0,0,0,0,0,0,0,0,0,0,0,0,0,0,0,0,80.0,93.0,83.0,78.0,84.0,76.0,68.0,62.0,55.0,53.0,53.0,57.0,60.0,58.0,55.0,50.0,48.0,42.0,41.0,43.0,43.0,40.0,41.0
root/Europe&CentralAsiaItaly,root,152.0,154.0,154.0,142.0,138.0,134.0,132.0,138.0,139.0,143.0,147.0,184.0,204.0,211.0,217.0,220.0,265.0,255.0,242.0,256.0,250.0,244.0,235.0,243.0,270.0,297.0,294.0,295.0,271.0,269.0,275.0,284.0,301.0,294.0,291.0,290.0,311.0,303.0,285.0,290.0,0,0,0
root/Europe&CentralAsiaKazakhstan,root,0,0,0,0,0,0,0,0,0,0,0,0,0,0,0,0,0,0,0,0,0,0,11.0,18.0,0,0,0,50.0,68.0,75.0,62.0,67.0,66.0,72.0,70.0,61.0,63.0,74.0,72.0,68.0,78.0,85.0,90.0
root/Europe&CentralAsiaLatvia,root,0,0,0,0,0,0,0,0,0,0,0,0,0,0,0,0,0,0,0,0,17.0,34.0,50.0,67.0,66.0,63.0,63.0,62.0,56.0,0,0,0,0,0,0,0,0,0,0,0,0,0,0
root/Europe&CentralAsiaLithuania,root,0,0,0,0,0,0,0,0,0,0,0,0,0,0,0,0,0,0,0,0,0,0,0,60.0,52.0,53.0,45.0,46.0,45.0,0,0,0,0,0,0,0,0,0,0,0,0,0,0
root/Europe&CentralAsiaLuxembourg,root,76.0,73.0,73.0,68.0,69.0,74.0,80.0,88.0,102.0,134.0,175.0,253.0,347.0,52.0,54.0,54.0,62.0,59.0,56.0,67.0,55.0,54.0,56.0,53.0,50.0,54.0,49.0,47.0,44.0,42.0,39.0,36.0,34.0,33.0,30.0,29.0,27.0,25.0,24.0,25.0,27.0,28.0,28.0
root/Europe&CentralAsiaMontenegro,root,0,0,0,0,0,0,0,0,0,0,0,0,0,0,0,0,0,0,0,0,0,0,0,0,0,0,0,0,0,0,0,0,331.0,420.0,0,361.0,146.0,112.0,0,0,0,0,0
root/Europe&CentralAsiaNetherlands,root,242.0,234.0,231.0,229.0,219.0,214.0,202.0,216.0,215.0,263.0,232.0,267.0,226.0,232.0,251.0,260.0,204.0,187.0,239.0,234.0,184.0,185.0,198.0,214.0,387.0,392.0,329.0,294.0,268.0,256.0,237.0,224.0,221.0,211.0,164.0,150.0,144.0,135.0,99.0,98.0,100.0,103.0,102.0
root/Europe&CentralAsiaNorway,root,0,0,0,0,0,117.0,109.0,112.0,113.0,140.0,156.0,149.0,139.0,128.0,122.0,112.0,103.0,115.0,120.0,132.0,151.0,158.0,196.0,214.0,195.0,191.0,188.0,180.0,160.0,166.0,191.0,195.0,208.0,209.0,190.0,195.0,194.0,184.0,173.0,173.0,171.0,171.0,180.0
root/Europe&CentralAsiaPoland,root,0,0,0,0,0,0,0,0,0,0,0,0,0,0,0,0,0,9.0,22.0,44.0,65.0,83.0,143.0,198.0,221.0,225.0,230.0,202.0,188.0,211.0,234.0,253.0,352.0,432.0,470.0,570.0,757.0,844.0,869.0,872.0,872.0,861.0,861.0
root/Europe&CentralAsiaPortugal,root,0,0,37.0,38.0,24.0,25.0,23.0,26.0,25.0,23.0,23.0,40.0,131.0,158.0,152.0,152.0,153.0,100.0,89.0,83.0,78.0,81.0,81.0,76.0,81.0,111.0,99.0,60.0,57.0,55.0,51.0,51.0,52.0,55.0,54.0,52.0,51.0,49.0,46.0,47.0,47.0,45.0,43.0
root/Europe&CentralAsiaRomania,root,0,0,0,0,0,0,0,0,0,0,0,0,0,0,0,0,0,0,0,0,0,0,76.0,126.0,122.0,109.0,60.0,60.0,57.0,55.0,59.0,53.0,54.0,62.0,68.0,73.0,77.0,77.0,81.0,81.0,82.0,84.0,86.0
root/Europe&CentralAsiaRussianFederation,root,0,0,0,0,0,0,0,0,0,0,0,0,0,0,0,0,0,0,52.0,79.0,340.0,240.0,43.0,41.0,0,21.0,21.0,57.0,266.0,412.0,414.0,539.0,592.0,561.0,550.0,556.0,817.0,292.0,261.0,254.0,251.0,242.0,230.0
root/Europe&CentralAsiaSlovakRepublic,root,0,0,0,0,0,0,0,0,0,0,0,0,0,0,0,0,0,0,9.0,13.0,15.0,14.0,10.0,10.0,8.0,7.0,9.0,11.0,9.0,8.0,7.0,187.0,160.0,125.0,107.0,90.0,147.0,69.0,67.0,0,0,0,0
root/Europe&CentralAsiaSlovenia,root,0,0,0,0,0,0,0,0,0,0,0,0,0,0,0,0,0,0,16.0,17.0,22.0,45.0,78.0,90.0,130.0,149.0,151.0,135.0,134.0,140.0,116.0,100.0,87.0,84.0,76.0,72.0,66.0,61.0,55.0,51.0,46.0,38.0,35.0
root/Europe&CentralAsiaSpain,root,941.0,1019.0,519.0,1034.0,978.0,943.0,944.0,874.0,772.0,750.0,687.0,636.0,642.0,691.0,866.0,906.0,1221.0,1131.0,1075.0,729.0,1138.0,1130.0,1188.0,1423.0,1488.0,1720.0,2959.0,2986.0,3191.0,0,0,3339.0,3498.0,3538.0,3435.0,3310.0,3241.0,3167.0,3213.0,3419.0,3623.0,3480.0,3110.0
root/Europe&CentralAsiaSweden,root,101.0,98.0,96.0,94.0,96.0,103.0,130.0,138.0,145.0,159.0,164.0,154.0,150.0,142.0,135.0,121.0,117.0,108.0,197.0,216.0,212.0,217.0,245.0,258.0,277.0,292.0,285.0,278.0,0,0,0,0,0,0,0,0,0,0,0,0,0,0,0
root/Europe&CentralAsiaSwitzerland,root,104.0,106.0,116.0,116.0,117.0,118.0,121.0,119.0,120.0,121.0,131.0,145.0,153.0,161.0,177.0,182.0,182.0,180.0,215.0,216.0,216.0,213.0,216.0,232.0,239.0,252.0,263.0,258.0,289.0,282.0,284.0,256.0,257.0,253.0,257.0,246.0,246.0,238.0,236.0,240.0,234.0,227.0,228.0
root/Europe&CentralAsiaTurkey,root,0,0,0,0,0,0,0,0,0,0,0,80.0,82.0,79.0,76.0,110.0,134.0,145.0,160.0,176.0,205.0,228.0,258.0,262.0,286.0,315.0,310.0,288.0,244.0,253.0,257.0,259.0,259.0,250.0,248.0,263.0,263.0,242.0,235.0,226.0,392.0,380.0,374.0
root/Europe&CentralAsiaUkraine,root,0,0,0,0,0,0,0,0,0,0,0,0,0,0,0,0,0,0,0,0,0,0,0,0,0,0,0,0,0,0,0,0,0,0,0,0,0,0,0,172.0,158.0,121.0,94.0
root/Europe&CentralAsiaUnitedKingdom,root,2820.0,2568.0,2853.0,2795.0,2722.0,2659.0,2403.0,2279.0,2217.0,2171.0,2116.0,2101.0,2061.0,1993.0,1955.0,1946.0,2027.0,1918.0,1927.0,1747.0,1971.0,2041.0,2046.0,2399.0,2292.0,2428.0,2438.0,2405.0,2311.0,2486.0,2757.0,2913.0,2588.0,2415.0,2179.0,2105.0,1987.0,1879.0,1857.0,1858.0,0,0,0
root/LatinAmerica&CaribbeanArgentina,root,321.0,308.0,302.0,295.0,295.0,277.0,262.0,247.0,237.0,235.0,226.0,216.0,205.0,193.0,183.0,178.0,169.0,170.0,165.0,156.0,149.0,147.0,136.0,131.0,125.0,122.0,116.0,110.0,106.0,103.0,100.0,101.0,106.0,107.0,101.0,101.0,99.0,101.0,97.0,95.0,93.0,93.0,96.0
root/LatinAmerica&CaribbeanBarbados,root,0,0,0,0,0,0,0,0,0,0,0,0,0,0,0,0,0,0,16.0,19.0,18.0,19.0,18.0,18.0,18.0,22.0,20.0,0,0,0,0,0,0,0,0,21.0,20.0,19.0,17.0,22.0,20.0,19.0,17.0
root/LatinAmerica&CaribbeanBrazil,root,0,0,0,0,404.0,426.0,477.0,478.0,505.0,522.0,541.0,592.0,590.0,589.0,592.0,579.0,570.0,565.0,550.0,548.0,543.0,550.0,544.0,527.0,478.0,457.0,426.0,396.0,367.0,357.0,342.0,347.0,395.0,383.0,377.0,373.0,366.0,353.0,352.0,351.0,345.0,338.0,335.0
root/LatinAmerica&CaribbeanCaymanIslands,root,0,0,0,0,0,0,0,0,0,0,0,0,0,0,0,0,0,0,0,0,0,0,1.0,2.0,1.0,1.0,1.0,1.0,1.0,1.0,1.0,1.0,2.0,2.0,2.0,2.0,5.0,3.0,0,0,6.0,0,0
root/LatinAmerica&CaribbeanChile,root,0,0,0,0,0,0,0,0,0,208.0,215.0,215.0,211.0,203.0,213.0,216.0,223.0,244.0,263.0,281.0,282.0,290.0,294.0,287.0,282.0,260.0,249.0,245.0,239.0,239.0,245.0,244.0,238.0,235.0,232.0,227.0,229.0,225.0,227.0,230.0,223.0,214.0,212.0
root/LatinAmerica&CaribbeanColombia,root,0,0,0,0,0,0,0,0,0,0,0,0,0,0,0,80.0,83.0,83.0,89.0,113.0,117.0,126.0,128.0,118.0,85.0,73.0,120.0,110.0,110.0,106.0,98.0,94.0,90.0,89.0,87.0,84.0,79.0,76.0,72.0,70.0,69.0,68.0,67.0
root/LatinAmerica&CaribbeanCostaRica,root,0,0,0,0,0,0,0,0,15.0,0,16.0,16.0,0,0,0,24.0,17.0,23.0,29.0,31.0,25.0,25.0,23.0,22.0,21.0,23.0,25.0,23.0,22.0,22.0,20.0,18.0,12.0,11.0,9.0,9.0,9.0,9.0,9.0,9.0,10.0,10.0,10.0
root/LatinAmerica&CaribbeanEcuador,root,0,0,0,0,0,0,0,0,0,0,0,0,0,0,0,0,0,0,0,0,37.0,42.0,41.0,36.0,36.0,26.0,0,0,0,0,0,0,0,0,0,0,0,0,0,0,0,0,0
root/LatinAmerica&CaribbeanHonduras,root,0,0,0,0,0,0,0,0,0,0,0,0,0,0,0,0,0,0,0,0,93.0,105.0,107.0,104.0,0,0,41.0,0,0,0,0,0,0,0,0,0,0,0,0,0,0,0,0
root/LatinAmerica&CaribbeanJamaica,root,0,0,0,0,0,0,0,0,0,0,0,0,0,0,0,0,0,0,50.0,49.0,50.0,49.0,48.0,47.0,42.0,42.0,38.0,41.0,0,0,0,0,0,0,0,48.0,50.0,50.0,53.0,59.0,59.0,64.0,71.0
root/LatinAmerica&CaribbeanMexico,root,369.0,410.0,0,349.0,337.0,271.0,240.0,215.0,174.0,178.0,188.0,235.0,260.0,309.0,354.0,390.0,207.0,199.0,190.0,206.0,185.0,193.0,194.0,194.0,186.0,175.0,167.0,163.0,158.0,151.0,150.0,132.0,125.0,125.0,125.0,130.0,128.0,131.0,138.0,141.0,136.0,137.0,141.0
root/LatinAmerica&CaribbeanPanama,root,0,0,0,0,0,0,0,0,0,0,0,0,0,0,0,0,0,0,57.0,77.0,97.0,18.0,21.0,27.0,140.0,151.0,30.0,30.0,28.0,26.0,27.0,26.0,28.0,21.0,32.0,34.0,37.0,20.0,20.0,29.0,30.0,30.0,30.0
root/LatinAmerica&CaribbeanParaguay,root,0,0,0,0,0,0,0,0,0,0,0,0,0,0,0,0,0,0,0,0,30.0,60.0,59.0,59.0,55.0,0,0,0,0,0,0,0,0,0,0,0,0,0,0,0,0,0,0
root/LatinAmerica&CaribbeanPeru,root,0,0,0,0,0,0,0,0,0,0,0,0,0,0,0,0,0,0,235.0,220.0,242.0,236.0,245.0,246.0,229.0,209.0,204.0,198.0,195.0,192.0,193.0,189.0,188.0,201.0,195.0,199.0,202.0,214.0,212.0,211.0,212.0,217.0,218.0
root/LatinAmerica&CaribbeanTrinidadandTobago,root,0,0,0,0,0,0,0,0,0,0,0,0,0,0,0,0,0,0,0,0,0,0,0,0,0,0,26.0,0,0,0,0,0,0,0,0,0,0,0,0,0,0,0,0
root/LatinAmerica&CaribbeanUruguay,root,0,0,0,0,0,0,0,0,0,0,0,0,0,0,0,0,0,0,0,0,18.0,18.0,0,18.0,17.0,0,0,0,0,0,0,0,0,0,0,0,0,0,0,0,0,0,0
root/LatinAmerica&CaribbeanVenezuelaRB,root,0,0,0,0,0,0,0,0,0,0,0,0,0,0,0,118.0,150.0,139.0,157.0,155.0,86.0,154.0,158.0,73.0,70.0,66.0,63.0,57.0,54.0,52.0,51.0,55.0,59.0,62.0,62.0,55.0,41.0,41.0,39.0,37.0,0,0,0
root/MiddleEast&NorthAfricaBahrain,root,0,0,0,0,0,0,0,0,0,0,0,0,0,0,0,0,0,0,0,0,35.0,35.0,38.0,38.0,37.0,36.0,36.0,0,38.0,38.0,40.0,43.0,44.0,45.0,44.0,44.0,44.0,43.0,43.0,44.0,44.0,43.0,42.0
root/MiddleEast&NorthAfricaEgyptArabRep,root,0,0,0,0,0,0,0,0,0,0,0,0,0,0,0,0,0,0,0,0,0,0,654.0,869.0,1032.0,1075.0,1109.0,1150.0,977.0,795.0,744.0,595.0,435.0,373.0,312.0,227.0,231.0,234.0,235.0,246.0,250.0,251.0,252.0
root/MiddleEast&NorthAfricaIranIslamicRep,root,54.0,60.0,84.0,106.0,0,0,0,0,0,0,0,0,0,0,0,0,97.0,118.0,119.0,142.0,142.0,221.0,250.0,277.0,295.0,285.0,297.0,307.0,345.0,404.0,408.0,320.0,329.0,356.0,364.0,369.0,348.0,322.0,314.0,315.0,318.0,325.0,326.0
root/MiddleEast&NorthAfricaIsrael,root,0,0,0,0,107.0,117.0,136.0,212.0,258.0,269.0,267.0,255.0,268.0,265.0,208.0,216.0,285.0,377.0,556.0,636.0,652.0,653.0,657.0,661.0,653.0,664.0,648.0,622.0,573.0,573.0,579.0,601.0,643.0,630.0,609.0,596.0,576.0,532.0,491.0,458.0,440.0,427.0,431.0
root/MiddleEast&NorthAfricaJordan,root,0,0,0,0,0,0,0,0,0,0,0,0,0,0,0,0,0,0,101.0,95.0,126.0,132.0,139.0,150.0,151.0,163.0,161.0,158.0,161.0,192.0,201.0,227.0,245.0,262.0,272.0,277.0,247.0,243.0,239.0,236.0,228.0,224.0,194.0
root/MiddleEast&NorthAfricaKuwait,root,0,0,0,0,0,0,0,0,0,0,0,0,0,0,0,0,0,0,40.0,41.0,45.0,53.0,65.0,68.0,76.0,77.0,78.0,87.0,98.0,108.0,147.0,164.0,0,0,0,0,215.0,199.0,196.0,0,0,0,0
root/MiddleEast&NorthAfricaLebanon,root,0,0,0,0,0,0,0,0,0,0,0,0,0,0,0,0,0,0,0,0,0,6.0,8.0,11.0,12.0,12.0,13.0,11.0,11.0,11.0,11.0,11.0,11.0,11.0,10.0,10.0,10.0,10.0,10.0,10.0,10.0,10.0,10.0
root/MiddleEast&NorthAfricaMalta,root,0,0,0,0,0,0,0,0,0,0,0,0,0,0,0,0,0,0,2.0,4.0,5.0,5.0,6.0,7.0,7.0,10.0,12.0,13.0,14.0,13.0,14.0,15.0,16.0,19.0,20.0,21.0,21.0,22.0,23.0,24.0,23.0,23.0,23.0
root/MiddleEast&NorthAfricaMorocco,root,0,0,0,0,0,0,0,0,0,0,0,0,0,0,0,0,0,0,60.0,56.0,44.0,47.0,49.0,53.0,54.0,53.0,55.0,55.0,52.0,53.0,54.0,63.0,73.0,77.0,76.0,73.0,75.0,76.0,75.0,74.0,74.0,74.0,73.0
root/MiddleEast&NorthAfricaOman,root,0,0,0,0,0,0,0,0,0,0,0,0,0,0,0,0,0,0,90.0,100.0,114.0,133.0,154.0,131.0,134.0,208.0,208.0,0,0,225.0,235.0,215.0,120.0,122.0,120.0,114.0,114.0,115.0,116.0,117.0,116.0,113.0,112.0
root/MiddleEast&NorthAfricaQatar,root,0,0,0,0,0,0,0,0,0,0,0,0,0,0,0,0,0,0,0,0,0,0,0,0,0,0,0,0,0,0,0,0,0,43.0,44.0,43.0,42.0,42.0,42.0,43.0,43.0,44.0,45.0
root/MiddleEast&NorthAfricaSaudiArabia,root,0,0,0,0,0,0,0,0,0,0,0,0,0,0,0,0,0,0,0,0,0,0,0,0,0,0,0,68.0,70.0,73.0,77.0,86.0,111.0,127.0,135.0,146.0,150.0,158.0,163.0,169.0,171.0,176.0,188.0
root/MiddleEast&NorthAfricaTunisia,root,0,0,0,0,0,0,0,0,0,0,0,0,0,0,0,0,0,0,0,20.0,24.0,28.0,32.0,36.0,44.0,44.0,45.0,46.0,45.0,44.0,45.0,48.0,51.0,50.0,52.0,56.0,57.0,59.0,71.0,77.0,78.0,79.0,81.0
root/MiddleEast&NorthAfricaUnitedArabEmirates,root,0,0,0,0,0,0,0,0,0,0,0,0,0,0,0,0,0,0,0,0,0,0,0,0,0,0,0,0,0,0,0,0,0,103.0,104.0,104.0,108.0,107.0,117.0,120.0,125.0,125.0,127.0
root/MiddleEast&NorthAfricaWestBankandGaza,root,0,0,0,0,0,0,0,0,0,0,0,0,0,0,0,0,0,0,0,0,0,0,0,0,24.0,25.0,25.0,28.0,26.0,27.0,28.0,32.0,34.0,36.0,38.0,39.0,45.0,47.0,48.0,48.0,49.0,48.0,48.0
root/NorthAmericaBermuda,root,0,0,0,0,0,0,0,0,0,0,0,0,0,0,0,0,0,0,0,0,28.0,27.0,26.0,25.0,22.0,22.0,22.0,22.0,22.0,21.0,19.0,16.0,16.0,16.0,16.0,14.0,13.0,13.0,13.0,14.0,14.0,13.0,13.0
root/NorthAmericaCanada,root,1488.0,1381.0,1304.0,1188.0,1134.0,1124.0,1167.0,1146.0,1208.0,1303.0,1383.0,1656.0,1861.0,1856.0,1813.0,1763.0,1649.0,1605.0,1673.0,1747.0,1736.0,1801.0,1937.0,1991.0,1538.0,1507.0,1278.0,1252.0,3578.0,3597.0,3719.0,3790.0,3881.0,3836.0,3727.0,3771.0,3980.0,4030.0,3810.0,3948.0,3799.0,3368.0,3278.0
root/NorthAmericaUnitedStates,root,0,0,0,0,0,5164.0,5590.0,5430.0,6175.0,6230.0,6260.0,6580.0,7001.0,6795.0,6627.0,6429.0,6513.0,6562.0,6912.0,7255.0,7487.0,8090.0,7905.0,7499.0,7229.0,6917.0,6177.0,5685.0,5295.0,5226.0,5145.0,5133.0,5109.0,4666.0,4401.0,4279.0,4171.0,4102.0,4180.0,4369.0,4381.0,4331.0,4336.0
root/SouthAsiaBangladesh,root,0,0,0,0,0,0,0,0,0,0,0,0,0,0,0,0,0,0,143.0,157.0,231.0,302.0,341.0,355.0,348.0,364.0,163.0,0,0,185.0,195.0,199.0,211.0,221.0,197.0,192.0,433.0,453.0,481.0,274.0,543.0,557.0,572.0
root/SouthAsiaIndia,root,0,0,0,0,0,0,0,0,1151.0,1295.0,1529.0,1911.0,2095.0,2240.0,2407.0,2435.0,2556.0,2781.0,3263.0,4413.0,5398.0,5999.0,5843.0,5724.0,5789.0,5853.0,5795.0,5650.0,5644.0,4725.0,4763.0,4796.0,4887.0,4921.0,4955.0,5034.0,5112.0,5191.0,5294.0,5541.0,5835.0,5820.0,5615.0
root/SouthAsiaPakistan,root,0,0,0,0,0,0,0,0,0,0,0,0,0,0,0,0,0,0,653.0,724.0,764.0,782.0,781.0,773.0,765.0,762.0,747.0,712.0,701.0,661.0,661.0,651.0,654.0,653.0,651.0,644.0,638.0,573.0,550.0,557.0,0,0,0
root/SouthAsiaSriLanka,root,0,0,0,0,0,0,0,0,0,0,0,0,0,0,0,0,0,0,197.0,211.0,226.0,235.0,239.0,240.0,237.0,239.0,238.0,238.0,244.0,242.0,239.0,237.0,235.0,235.0,231.0,241.0,272.0,287.0,289.0,294.0,294.0,295.0,296.0
root/Sub-SaharanAfricaBotswana,root,0,0,0,0,0,0,0,0,0,0,0,0,0,0,0,0,0,0,9.0,10.0,12.0,12.0,12.0,14.0,15.0,16.0,0,0,0,0,0,0,0,0,0,0,0,0,0,0,0,0,0
root/Sub-SaharanAfricaGhana,root,0,0,0,0,0,0,0,0,0,0,0,0,0,0,0,0,0,0,15.0,17.0,19.0,21.0,21.0,21.0,22.0,22.0,22.0,23.0,25.0,28.0,27.0,29.0,29.0,31.0,31.0,31.0,29.0,29.0,29.0,0,0,0,0
root/Sub-SaharanAfricaKenya,root,0,0,0,0,0,0,0,0,0,0,0,0,0,0,0,0,0,0,38.0,40.0,56.0,57.0,57.0,57.0,0,56.0,57.0,49.0,47.0,48.0,48.0,52.0,55.0,55.0,55.0,55.0,58.0,60.0,61.0,65.0,64.0,65.0,0
root/Sub-SaharanAfricaMauritius,root,0,0,0,0,0,0,0,0,0,0,0,0,0,0,0,0,0,0,23.0,26.0,28.0,30.0,30.0,30.0,31.0,31.0,31.0,30.0,28.0,29.0,30.0,62.0,67.0,65.0,64.0,62.0,63.0,60.0,63.0,66.0,71.0,75.0,74.0
root/Sub-SaharanAfricaNamibia,root,0,0,0,0,0,0,0,0,0,0,0,0,0,0,0,0,0,0,4.0,8.0,10.0,12.0,13.0,15.0,14.0,12.0,13.0,12.0,11.0,9.0,9.0,9.0,7.0,7.0,7.0,7.0,6.0,7.0,8.0,8.0,8.0,8.0,10.0
root/Sub-SaharanAfricaNigeria,root,0,0,0,0,0,0,0,0,0,0,0,0,0,0,0,0,0,0,174.0,177.0,181.0,183.0,182.0,186.0,194.0,0,0,0,0,206.0,215.0,201.0,211.0,212.0,214.0,215.0,196.0,189.0,188.0,188.0,183.0,169.0,166.0
root/Sub-SaharanAfricaSeychelles,root,0,0,0,0,0,0,0,0,0,0,0,0,0,0,0,0,0,0,0,0,0,0,0,0,0,0,0,0,0,0,0,0,0,0,0,0,0,0,1.0,2.0,3.0,8.0,22.0
root/Sub-SaharanAfricaSouthAfrica,root,577.0,545.0,547.0,507.0,491.0,481.0,475.0,470.0,464.0,470.0,462.0,536.0,734.0,754.0,736.0,740.0,698.0,642.0,615.0,600.0,612.0,599.0,615.0,650.0,652.0,604.0,510.0,429.0,390.0,369.0,348.0,359.0,374.0,367.0,353.0,352.0,347.0,338.0,322.0,322.0,316.0,303.0,294.0
root/Sub-SaharanAfricaSwaziland,root,0,0,0,0,0,0,0,0,0,0,0,0,0,0,0,0,0,0,4.0,4.0,4.0,5.0,4.0,6.0,7.0,6.0,5.0,5.0,5.0,6.0,6.0,6.0,6.0,0,0,0,0,0,0,0,0,0,0
root/Sub-SaharanAfricaTanzania,root,0,0,0,0,0,0,0,0,0,0,0,0,0,0,0,0,0,0,0,0,0,0,0,0,3.0,4.0,4.0,0,0,0,0,0,0,0,0,0,0,0,0,0,0,0,0
root/Sub-SaharanAfricaZambia,root,0,0,0,0,0,0,0,0,0,0,0,0,0,0,0,0,0,0,0,0,2.0,5.0,6.0,10.0,14.0,8.0,9.0,30.0,10.0,11.0,12.0,14.0,0,0,0,0,20.0,0,0,0,0,0,0
root/Sub-SaharanAfricaZimbabwe,root,0,0,0,0,0,0,0,0,0,0,0,0,0,0,0,0,0,0,62.0,65.0,65.0,63.0,64.0,67.0,69.0,0,0,0,0,0,0,0,0,0,0,0,0,0,0,0,0,0,0
