root/EastAsia&Pacific,root,61867610000.0,94157480000.0,104637870000.0,195325440000.0,173103510000.0,196241450000.0,277950810000.0,187182620000.0,294492380000.0,341463800000.0,480838080000.0,1215043660000.0,2172520320000.0,2716050288000.0,2847330440000.0,1742453840000.0,1251974930000.0,960148830000.0,1526191504000.0,1796651960000.0,1820345900000.0,2145874070000.0,2373045350000.0,1994655270000.0,3459210630000.0,4512439660000.0,3161839770000.0,3268836001000.0,4131259170000.0,5755802310000.0,7253401080000.0,10018250010000.0,18972076230000.0,14248980450000.0,16226811650000.0,17567529110000.0,16248654570000.0,12696896200000.0,18097404230000.0,21059451130000.0,50282597270000.0,28043023731124.207,28682401973875.223
root/EastAsia&Pacific/Australia,root/EastAsia&Pacific,1171000000.0,1340000000.0,1483000000.0,883000000.0,2005310000.0,4948400000.0,7788180000.0,4921550000.0,9334800000.0,10108440000.0,15263050000.0,22661000000.0,57498550000.0,40964150000.0,43548950000.0,40186100000.0,45671250000.0,42055310000.0,66719950000.0,99588430000.0,98197350000.0,144964000000.0,150211750000.0,155533610000.0,198808400000.0,213223310000.0,240570260000.0,290946000000.0,421669680000.0,544922320000.0,612669600000.0,858943720000.0,1373259640000.0,839733940000.0,841481100000.0,1131337350000.0,1128482900000.0,905665740000.0,787881310000.0,703485810000.0,750636340000.0,794977154799.654,842771714903.792
root/EastAsia&Pacific/China,root/EastAsia&Pacific,0,0,0,0,0,0,0,0,0,0,0,0,0,0,0,0,0,0,0,0,77528800000.0,307739100000.0,371054900000.0,284389900000.0,0,752583100000.0,462779500000.0,338208200000.0,388001840000.0,511495930000.0,392366700000.0,1158991130000.0,6305448050000.0,3905057640000.0,7830776640000.0,8257742340000.0,6673984990000.0,5027199160000.0,7695981020000.0,11959329140000.0,39326016590000.0,18295058830306.6,17223330026369.8
root/EastAsia&Pacific/HongKongSARChina,root/EastAsia&Pacific,484000000.0,646000000.0,327870000.0,408440000.0,1073940000.0,777050000.0,0,0,0,0,0,15316600000.0,45408110000.0,23422710000.0,34582330000.0,34583770000.0,38525460000.0,78452650000.0,132114100000.0,125745700000.0,95588900000.0,166243900000.0,453034520000.0,205945810000.0,227669000000.0,372996060000.0,238191310000.0,178937670000.0,272849940000.0,403727910000.0,421194600000.0,755545250000.0,2015819340000.0,1568212800000.0,1413270670000.0,1487593610000.0,1436954110000.0,1076727570000.0,1267004630000.0,1450936260000.0,2068670580000.0,1351097197683.87,1953131618025.77
root/EastAsia&Pacific/Indonesia,root/EastAsia&Pacific,0,0,0,0,0,0,0,0,0,0,0,0,0,0,0,0,0,0,9088400000.0,11787500000.0,14374600000.0,32438700000.0,21994720000.0,12930830000.0,21161630000.0,12901770000.0,9638140000.0,12387720000.0,12760430000.0,21878750000.0,27858890000.0,40323050000.0,94914290000.0,75849340000.0,86073390000.0,104452210000.0,105475470000.0,91929370000.0,98857720000.0,90721490000.0,75045300000.0,90406630406.6304,92513090234.7969
root/EastAsia&Pacific/Japan,root/EastAsia&Pacific,60212610000.0,92171480000.0,102827000000.0,194034000000.0,166261260000.0,180196400000.0,256454360000.0,175097550000.0,272156880000.0,320277200000.0,455099560000.0,1155995930000.0,2014249660000.0,2542913790000.0,2609244310000.0,1540570390000.0,1030891100000.0,606281820000.0,909672500000.0,1069508520000.0,1144393100000.0,1189212200000.0,1042327000000.0,1045479810000.0,2028693270000.0,2481024210000.0,1701945370000.0,1732589850000.0,2327856190000.0,3457685670000.0,4337679650000.0,5498545140000.0,6585830110000.0,6208708320000.0,3868144490000.0,4270296890000.0,4310282370000.0,3346412600000.0,6083165810000.0,4844710410000.0,5571527250000.0,5230238447398.79,5778429302687.51
root/EastAsia&Pacific/KoreaRep,root/EastAsia&Pacific,0,0,0,0,2700000000.0,1866300000.0,3617700000.0,2635550000.0,2203140000.0,3768630000.0,4067180000.0,11142330000.0,25866350000.0,84959278000.0,119481390000.0,74616040000.0,82543250000.0,115175330000.0,210539070000.0,286829400000.0,184227050000.0,177506200000.0,170825900000.0,160370260000.0,764683790000.0,495365930000.0,374013950000.0,580979270000.0,457213710000.0,525823420000.0,1199717440000.0,1339271820000.0,1917885830000.0,1187222280000.0,1685458380000.0,1629753530000.0,1934405350000.0,1584674350000.0,1329851670000.0,1283699570000.0,1843731080000.0,1600850346071.08,2011934132826.63
root/EastAsia&Pacific/Malaysia,root/EastAsia&Pacific,0,0,0,0,0,2572600000.0,3103870000.0,1223970000.0,2999960000.0,2154930000.0,2399010000.0,1168600000.0,3810980000.0,2503230000.0,6606150000.0,10711640000.0,10684400000.0,18566190000.0,14162584000.0,11942760000.0,60129400000.0,25646550000.0,42592300000.0,26551930000.0,42056320000.0,52511580000.0,21032890000.0,25728420000.0,45712010000.0,54191340000.0,44644510000.0,69145410000.0,154640500000.0,82321320000.0,80838640000.0,114789300000.0,130317510000.0,123657190000.0,142164230000.0,142651430000.0,111481680000.0,98285417642.4668,137419329555.596
root/EastAsia&Pacific/NewZealand,root/EastAsia&Pacific,0,0,0,0,0,0,0,0,0,0,937670000.0,2151500000.0,2934250000.0,1078100000.0,943800000.0,1925800000.0,2705770000.0,3023160000.0,6731400000.0,7399850000.0,8373880000.0,9684600000.0,8861920000.0,11767040000.0,12045890000.0,9975220000.0,8509680000.0,2586820000.0,3861970000.0,5090390000.0,5456180000.0,5406900000.0,5950220000.0,3297690000.0,3296850000.0,1916000000.0,3863440000.0,5347360000.0,8852080000.0,8655490000.0,9059180000.0,10935502052.7451,11867884008.6754
root/EastAsia&Pacific/PapuaNewGuinea,root/EastAsia&Pacific,0,0,0,0,0,0,0,0,0,0,0,0,0,0,0,0,0,0,0,0,0,0,0,0,0,0,580000.0,1301000.0,2360000.0,3990000.0,17090000.0,24860000.0,53720000.0,65060000.0,28170000.0,26750000.0,72560000.0,0,0,0,0,0,0
root/EastAsia&Pacific/Philippines,root/EastAsia&Pacific,0,0,0,0,0,1542000000.0,377000000.0,330000000.0,1416000000.0,376000000.0,303000000.0,1724000000.0,4733000000.0,2471000000.0,6087000000.0,3054000000.0,3469000000.0,6243000000.0,6593100000.0,13934400000.0,14666800000.0,25510400000.0,20350000000.0,10505910000.0,19378710000.0,7374260000.0,3013660000.0,2142550000.0,2444850000.0,3233590000.0,5352940000.0,9158600000.0,24234700000.0,12368670000.0,14319410000.0,22249330000.0,27366630000.0,35684030000.0,44588930000.0,42213210000.0,38418040000.0,35851411587.4958,33804496728.0034
root/EastAsia&Pacific/Singapore,root/EastAsia&Pacific,0,0,0,0,1063000000.0,3645700000.0,6376700000.0,2419000000.0,5587600000.0,3842600000.0,1445610000.0,2681700000.0,7222420000.0,4622030000.0,14114810000.0,21069600000.0,18083700000.0,18905900000.0,83468250000.0,88880800000.0,63952220000.0,60254800000.0,74137300000.0,58509600000.0,107406500000.0,95153100000.0,71093600000.0,63047800000.0,94336510000.0,110812120000.0,116623470000.0,185884510000.0,381288700000.0,253028450000.0,253832050000.0,305796890000.0,274686370000.0,260747370000.0,278735280000.0,200606610000.0,198030460000.0,188052424095.719,219611952181.099
root/EastAsia&Pacific/Thailand,root/EastAsia&Pacific,0,0,0,0,0,693000000.0,233000000.0,555000000.0,794000000.0,936000000.0,1323000000.0,2202000000.0,10797000000.0,13116000000.0,12721700000.0,15736500000.0,19401000000.0,71445470000.0,87102150000.0,81034600000.0,58913800000.0,6673620000.0,17655040000.0,22670570000.0,37307120000.0,19331120000.0,31050830000.0,41280400000.0,104549680000.0,116936880000.0,89820010000.0,97009620000.0,112751130000.0,106057510000.0,126621460000.0,222431070000.0,215271140000.0,238851460000.0,349911670000.0,310639820000.0,271316690000.0,324998738315.399,339528729671.634
root/EastAsia&Pacific/Vietnam,root/EastAsia&Pacific,0,0,0,0,0,0,0,0,0,0,0,0,0,0,0,0,0,0,0,0,0,0,0,0,0,0,0,0,0,0,0,0,0,7057430000.0,22670400000.0,19143840000.0,7491730000.0,0,10409880000.0,21801890000.0,18664080000.0,22271630763.7529,38059696681.915
root/Europe&CentralAsia,root,92212070000.0,91831930000.0,81871110000.0,106237390000.0,131852860000.0,155872060000.0,150525250000.0,69768350000.0,235082940000.0,243004600000.0,449780980000.0,567381470000.0,1534298290000.0,1227805360000.0,1409793310000.0,1620132090000.0,1154921610000.0,1136798550000.0,1585073140000.0,2010480890000.0,2160408160000.0,2117039060000.0,3837093560000.0,5739649510000.0,6751256260000.0,9756794020000.0,8153361940000.0,5629188880000.0,6470652340000.0,7736133910000.0,7797405970000.0,12020823580000.0,20253898490000.0,17065466940000.0,10838541740000.0,11038867100000.0,10684149090000.0,8540182850000.0,7980258070000.0,9996410240000.0,4075574330000.0,3191595672907.3438,4053217253325.0537
root/Europe&CentralAsia/Austria,root/Europe&CentralAsia,67000000.0,96000000.0,74000000.0,85000000.0,91200000.0,105300000.0,84300000.0,73100000.0,132600000.0,113400000.0,801730000.0,1195600000.0,1383730000.0,1989650000.0,26209560000.0,57671350000.0,7685860000.0,4757560000.0,6586150000.0,8772950000.0,13000810000.0,10338400000.0,12071580000.0,18056390000.0,11813170000.0,9665760000.0,7313690000.0,6507290000.0,12035820000.0,25927690000.0,43328140000.0,82970200000.0,129135230000.0,98137240000.0,51509760000.0,48838610000.0,38787870000.0,23639550000.0,26528040000.0,28719260000.0,31732950000.0,26552486712.2248,39986893431.8602
root/Europe&CentralAsia/Belgium,root/Europe&CentralAsia,576010000.0,661000000.0,620000000.0,723000000.0,1056010000.0,772530000.0,621220000.0,1034380000.0,1315560000.0,1442630000.0,2211400000.0,4801260000.0,8049500000.0,8238000000.0,8493120000.0,7285890000.0,6761040000.0,7770800000.0,10556370000.0,12992300000.0,15196200000.0,21877400000.0,28467060000.0,58960900000.0,50562290000.0,38584170000.0,37775700000.0,38167730000.0,41355490000.0,75105190000.0,106522720000.0,135253470000.0,231569720000.0,190715380000.0,123238720000.0,107418060000.0,103250420000.0,100925430000.0,115306850000.0,107247760000.0,0,0,0
root/Europe&CentralAsia/Bulgaria,root/Europe&CentralAsia,0,0,0,0,0,0,0,0,0,0,0,0,0,0,0,0,0,0,2200000.0,2200000.0,4200000.0,9690000.0,43330000.0,146110000.0,5800000.0,4110000.0,70300000.0,163100000.0,116210000.0,458150000.0,781480000.0,1868260000.0,6784270000.0,1314850000.0,487090000.0,377250000.0,321870000.0,362000000.0,879600000.0,0,0,0,0
root/Europe&CentralAsia/ChannelIslands,root/Europe&CentralAsia,0,0,0,0,0,0,0,0,0,0,0,0,0,0,0,0,0,0,0,0,0,0,0,0,73500000.0,34460000.0,59800000.0,46990000.0,8470000.0,12520000.0,2750000.0,780000.0,100000.0,0,0,0,0,0,0,0,0,0,0
root/Europe&CentralAsia/Croatia,root/Europe&CentralAsia,0,0,0,0,0,0,0,0,0,0,0,0,0,0,0,0,0,0,13200000.0,13200000.0,308000000.0,178720000.0,242360000.0,100040000.0,68810000.0,189230000.0,115900000.0,160170000.0,246530000.0,464980000.0,756920000.0,1876170000.0,4386100000.0,3215960000.0,1461890000.0,1049850000.0,926790000.0,542700000.0,553800000.0,490100000.0,423780000.0,317770000.0,432312165.65727997
root/Europe&CentralAsia/Cyprus,root/Europe&CentralAsia,0,0,0,0,0,0,0,0,0,0,0,0,0,0,0,0,0,0,28100000.0,88200000.0,296700000.0,458500000.0,402500000.0,700300000.0,6409000000.0,9541300000.0,3148800000.0,668000000.0,310300000.0,264700000.0,472800000.0,3146500000.0,4464700000.0,1794400000.0,1761280000.0,742500000.0,449200000.0,294610000.0,41220000.0,56610000.0,130900000.0,74231207.2892938,69126963.589139
root/Europe&CentralAsia/CzechRepublic,root/Europe&CentralAsia,0,0,0,0,0,0,0,0,0,0,0,0,0,0,0,0,0,0,237500000.0,1527300000.0,2744870000.0,6329680000.0,5712390000.0,4725690000.0,3933790000.0,6650030000.0,3448100000.0,5922260000.0,8768390000.0,18009920000.0,34340240000.0,28778550000.0,37788550000.0,32280700000.0,26637000000.0,22077000000.0,20608000000.0,17535000000.0,12269000000.0,10777000000.0,0,0,0
root/Europe&CentralAsia/Denmark,root/Europe&CentralAsia,54000000.0,65000000.0,49000000.0,62000000.0,62890000.0,54560000.0,56930000.0,55820000.0,168030000.0,159420000.0,1505520000.0,2055870000.0,2145550000.0,5000290000.0,13998180000.0,11894040000.0,10036490000.0,15204790000.0,20028360000.0,25793870000.0,26206400000.0,33809000000.0,43861170000.0,67133470000.0,55562340000.0,89909810000.0,66026060000.0,32507890000.0,43877390000.0,68190070000.0,0,0,0,0,0,0,0,0,0,0,0,0,0
root/Europe&CentralAsia/Estonia,root/Europe&CentralAsia,0,0,0,0,0,0,0,0,0,0,0,0,0,0,0,0,0,0,0,0,0,0,0,691000000.0,280400000.0,332100000.0,258300000.0,230600000.0,615200000.0,899200000.0,0,0,0,0,0,0,0,0,0,0,0,0,0
root/Europe&CentralAsia/Finland,root/Europe&CentralAsia,0,0,0,0,0,0,0,137600000.0,239160000.0,384000000.0,574030000.0,1976180000.0,6735730000.0,7099740000.0,7784920000.0,4138690000.0,1513030000.0,1958120000.0,7809610000.0,13296000000.0,19206500000.0,4532410000.0,34654130000.0,63595810000.0,105065650000.0,210660030000.0,179015230000.0,143783330000.0,142323710000.0,188759280000.0,0,0,0,0,0,0,0,0,0,0,0,0,0
root/Europe&CentralAsia/France,root/Europe&CentralAsia,5644990000.0,4013970000.0,3488000000.0,9519000000.0,9431940000.0,9418460000.0,7945300000.0,7161340000.0,7619230000.0,7006760000.0,17435720000.0,55352670000.0,89407880000.0,64377790000.0,110818280000.0,122115810000.0,123463900000.0,116743530000.0,160583800000.0,205528880000.0,211257340000.0,269928220000.0,393446810000.0,603976050000.0,723606290000.0,1080301380000.0,980888380000.0,1032545060000.0,1103021950000.0,1323735230000.0,1271455120000.0,2015577290000.0,2895762310000.0,2405976410000.0,1284109570000.0,1350174790000.0,1329956610000.0,1074477150000.0,1105516960000.0,1168618040000.0,0,0,0
root/Europe&CentralAsia/Germany,root/Europe&CentralAsia,10495060000.0,10564960000.0,13172000000.0,18804000000.0,14821250000.0,14148550000.0,13701440000.0,14795290000.0,30886260000.0,26907560000.0,85608420000.0,151830690000.0,424407210000.0,345321000000.0,348053300000.0,542481790000.0,437577310000.0,430083960000.0,529576730000.0,603703230000.0,580134700000.0,149809670000.0,988221460000.0,1468731990000.0,1308493540000.0,1827236880000.0,1301049770000.0,871757290000.0,1017280520000.0,1181299170000.0,1288068410000.0,1950838200000.0,3254836700000.0,4189639200000.0,1787794400000.0,1494656830000.0,1573604310000.0,1249945420000.0,1312611820000.0,1269066800000.0,1444613090000.0,1124111807137.43,1558599058819.02
root/Europe&CentralAsia/Greece,root/Europe&CentralAsia,0,0,0,0,0,291000000.0,189000000.0,132000000.0,64000000.0,48000000.0,71000000.0,107000000.0,1202000000.0,832000000.0,1429000000.0,7977000000.0,4785000000.0,2755000000.0,5037000000.0,5008500000.0,5950100000.0,8234400000.0,21136600000.0,50019500000.0,183894700000.0,91619800000.0,37130260000.0,20448960000.0,33877540000.0,39892350000.0,49161710000.0,86545360000.0,121523700000.0,81801420000.0,59313130000.0,40642980000.0,22978960000.0,15077480000.0,24010790000.0,33050380000.0,17942840000.0,12224003416.8565,15211933446.4284
root/Europe&CentralAsia/Hungary,root/Europe&CentralAsia,0,0,0,0,0,0,0,0,0,0,0,0,0,0,0,0,0,0,0,0,0,0,0,0,0,0,0,6642220000.0,8862590000.0,14269590000.0,22164080000.0,30986590000.0,47286400000.0,27563770000.0,27205900000.0,26466460000.0,15651910000.0,10963360000.0,10822660000.0,7113710000.0,7440530000.0,7812418043.96444,10382730752.3874
root/Europe&CentralAsia/Iceland,root/Europe&CentralAsia,0,0,0,0,0,0,0,0,0,0,0,0,0,0,0,0,0,0,13200000.0,19500000.0,43800000.0,84900000.0,180900000.0,517600000.0,1571800000.0,2205400000.0,1282000000.0,3963600000.0,7808700000.0,11735200000.0,0,0,0,0,0,0,0,0,0,0,0,0,0
root/Europe&CentralAsia/Ireland,root/Europe&CentralAsia,0,0,0,0,0,0,0,0,0,0,0,0,0,0,0,0,0,0,0,0,13327400000.0,11794400000.0,16003420000.0,43099750000.0,45080690000.0,14714110000.0,22484200000.0,3139580000.0,6103660000.0,5977030000.0,7806200000.0,12079770000.0,24661110000.0,17562380000.0,9880900000.0,8869570000.0,8171340000.0,9374110000.0,14901120000.0,16573830000.0,20929460000.0,22345510630.2202,28924231097.3097
root/Europe&CentralAsia/Italy,root/Europe&CentralAsia,1637000000.0,1256000000.0,866000000.0,1968000000.0,3460700000.0,8573800000.0,10850100000.0,2787300000.0,3871700000.0,4045400000.0,13714280000.0,38351200000.0,32379400000.0,31604400000.0,42033300000.0,42170000000.0,23433200000.0,27632100000.0,65943300000.0,119347400000.0,87085100000.0,102544800000.0,203132300000.0,485934800000.0,535981000000.0,989553600000.0,599668800000.0,576460100000.0,732470860000.0,900204160000.0,1054772710000.0,1208950290000.0,2213561990000.0,1384425960000.0,926817220000.0,665858470000.0,846602000000.0,782606000000.0,769991000000.0,2055661000000.0,0,0,0
root/Europe&CentralAsia/Kazakhstan,root/Europe&CentralAsia,0,0,0,0,0,0,0,0,0,0,0,0,0,0,0,0,0,0,0,0,0,0,0,0,0,0,0,30000000.0,438450000.0,1016410000.0,1040850000.0,2438560000.0,9005240000.0,3740720000.0,4265280000.0,526360000.0,545740000.0,1123000000.0,700900000.0,861600000.0,2656490000.0,741676553.5996809,785262029.071786
root/Europe&CentralAsia/Latvia,root/Europe&CentralAsia,0,0,0,0,0,0,0,0,0,0,0,0,0,0,0,0,0,0,0,0,20000.0,11800000.0,83100000.0,88700000.0,43000000.0,272700000.0,164100000.0,188500000.0,158200000.0,159200000.0,0,0,0,0,0,0,0,0,0,0,0,0,0
root/Europe&CentralAsia/Lithuania,root/Europe&CentralAsia,0,0,0,0,0,0,0,0,0,0,0,0,0,0,0,0,0,0,0,0,0,0,0,0,0,0,0,0,203800000.0,492900000.0,0,0,0,0,0,0,0,0,0,0,0,0,0
root/Europe&CentralAsia/Luxembourg,root/Europe&CentralAsia,0,0,0,0,0,0,0,17000000.0,16010000.0,20140000.0,42250000.0,120310000.0,125450000.0,255120000.0,204500000.0,197250000.0,147450000.0,114210000.0,211240000.0,268840000.0,205310000.0,514100000.0,995520000.0,1548420000.0,951190000.0,1222420000.0,430950000.0,307290000.0,283010000.0,396490000.0,226700000.0,240370000.0,244010000.0,1790660000.0,280880000.0,177820000.0,122730000.0,114950000.0,119540000.0,110450000.0,95950000.0,70425208.8078967,93543038.4235698
root/Europe&CentralAsia/Montenegro,root/Europe&CentralAsia,0,0,0,0,0,0,0,0,0,0,0,0,0,0,0,0,0,0,0,0,0,0,0,0,0,0,0,0,0,0,0,0,357020000.0,83270000.0,0,44400000.0,76590000.0,43510000.0,0,0,0,0,0
root/Europe&CentralAsia/Netherlands,root/Europe&CentralAsia,4763010000.0,5872000000.0,7866000000.0,9963000000.0,4678350000.0,4747900000.0,4020580000.0,4921430000.0,9482660000.0,11095310000.0,20206640000.0,33607600000.0,44544020000.0,30165540000.0,48881340000.0,43698110000.0,42545370000.0,44532750000.0,51112190000.0,75939950000.0,115795800000.0,171321000000.0,248329300000.0,404865990000.0,419908790000.0,650382120000.0,455908330000.0,528096140000.0,538915870000.0,628501280000.0,594702360000.0,900783940000.0,1541464470000.0,970763610000.0,542076600000.0,557392430000.0,517450890000.0,417462270000.0,476592480000.0,476177030000.0,0,0,0
root/Europe&CentralAsia/Norway,root/Europe&CentralAsia,0,0,0,0,0,84000000.0,99510000.0,87380000.0,906430000.0,2195860000.0,2127620000.0,1700320000.0,9646190000.0,4815010000.0,13030540000.0,14829960000.0,12609870000.0,9120080000.0,16629300000.0,18179710000.0,24486420000.0,35396600000.0,45792280000.0,39820060000.0,49890630000.0,60355500000.0,52842920000.0,36490730000.0,48890150000.0,91525110000.0,141729430000.0,282837140000.0,407836500000.0,271720100000.0,207692070000.0,212021310000.0,184790590000.0,119607130000.0,96531630000.0,102330310000.0,95998950000.0,105332521597.959,117842406717.32
root/Europe&CentralAsia/Poland,root/Europe&CentralAsia,0,0,0,0,0,0,0,0,0,0,0,0,0,0,0,0,83000000.0,417000000.0,1975100000.0,5206700000.0,2769110000.0,5543800000.0,7424680000.0,8872930000.0,10745410000.0,20459530000.0,10176860000.0,3242530000.0,7764010000.0,17805410000.0,26241350000.0,53233690000.0,90168840000.0,51688940000.0,56628310000.0,69439410000.0,73064170000.0,60228450000.0,72612730000.0,57794630000.0,52627770000.0,45639568724.1222,68001894912.4385
root/Europe&CentralAsia/Portugal,root/Europe&CentralAsia,0,0,0,0,0,0,0,0,0,0,0,0,0,0,0,0,0,0,2396700000.0,4978500000.0,4212300000.0,7078900000.0,19886680000.0,50223630000.0,38162770000.0,55584450000.0,27286080000.0,22559990000.0,23901400000.0,37116910000.0,35726030000.0,66037100000.0,137401780000.0,75908300000.0,44769670000.0,53651340000.0,35645570000.0,26436150000.0,38972910000.0,46804660000.0,0,0,0
root/Europe&CentralAsia/Romania,root/Europe&CentralAsia,0,0,0,0,0,0,0,0,0,0,0,0,0,0,0,0,0,0,0,0,0,0,238200000.0,151260000.0,100990000.0,56520000.0,104500000.0,143000000.0,220680000.0,828200000.0,1421570000.0,1604660000.0,2787110000.0,1225040000.0,1649630000.0,1677610000.0,2930150000.0,2005700000.0,1081100000.0,1617500000.0,0,0,0
root/Europe&CentralAsia/RussianFederation,root/Europe&CentralAsia,0,0,0,0,0,0,0,0,0,0,0,0,0,0,0,0,0,0,0,0,0,0,0,0,0,0,28201700000.0,47667400000.0,79722900000.0,118693700000.0,147885600000.0,582649200000.0,1277021300000.0,1155013100000.0,510389990000.0,506852040000.0,554231500000.0,340315680000.0,235509960000.0,159939710000.0,117316660000.0,139578411733.55402,145514680300.889
root/Europe&CentralAsia/Serbia,root/Europe&CentralAsia,0,0,0,0,0,0,0,0,0,0,0,0,0,0,0,0,0,0,0,0,0,0,48500000.0,12500000.0,26700000.0,22000000.0,90000000.0,118100000.0,561630000.0,437770000.0,540130000.0,1434420000.0,2722900000.0,1045980000.0,548500000.0,231450000.0,298550000.0,240600000.0,0,0,0,0,0
root/Europe&CentralAsia/SlovakRepublic,root/Europe&CentralAsia,0,0,0,0,0,0,0,0,0,0,0,0,0,0,0,0,0,0,2700000.0,174700000.0,834700000.0,2607100000.0,2368800000.0,1012000000.0,478000000.0,534000000.0,953200000.0,880900000.0,746500000.0,750500000.0,66400000.0,99500000.0,31270000.0,21080000.0,174680000.0,308920000.0,452810000.0,166640000.0,109620000.0,0,0,0,0
root/Europe&CentralAsia/Slovenia,root/Europe&CentralAsia,0,0,0,0,0,0,0,0,0,0,0,0,0,0,0,0,0,0,400000.0,416600000.0,348100000.0,494100000.0,519740000.0,806050000.0,848370000.0,638860000.0,965680000.0,926520000.0,500240000.0,771260000.0,476050000.0,1056370000.0,2936580000.0,1352320000.0,1032860000.0,484040000.0,512100000.0,399910000.0,412580000.0,735840000.0,364530000.0,305770690.964313,0
root/Europe&CentralAsia/Spain,root/Europe&CentralAsia,1807000000.0,1962000000.0,0,2148000000.0,1119220000.0,887760000.0,1536270000.0,1206910000.0,1189500000.0,2285720000.0,3731060000.0,15808470000.0,40861730000.0,26273780000.0,39543850000.0,45237610000.0,48194420000.0,38079680000.0,45389680000.0,69287400000.0,65931590000.0,103558370000.0,190139930000.0,376134970000.0,1025852420000.0,1583553500000.0,1490411300000.0,453547920000.0,618319840000.0,860943370000.0,981438310000.0,1498503960000.0,2278395800000.0,1727120120000.0,1278007430000.0,1374271440000.0,1127592290000.0,864383240000.0,914963460000.0,991721470000.0,978396430000.0,587443280182.232,741732546939.245
root/Europe&CentralAsia/Sweden,root/Europe&CentralAsia,109000000.0,126000000.0,374000000.0,424000000.0,2062300000.0,1796400000.0,3669500000.0,4614200000.0,9847400000.0,8470200000.0,10799760000.0,16924000000.0,19588400000.0,18661700000.0,18034400000.0,15665200000.0,20534700000.0,28450200000.0,40607900000.0,88487090000.0,99323720000.0,130469500000.0,152823830000.0,199768810000.0,214818920000.0,379060460000.0,299878360000.0,185567120000.0,198436600000.0,309800400000.0,0,0,0,0,0,0,0,0,0,0,0,0,0
root/Europe&CentralAsia/Switzerland,root/Europe&CentralAsia,31659000000.0,43140000000.0,36001110000.0,42907390000.0,69497400000.0,79167200000.0,74911900000.0,0,126768600000.0,130547100000.0,214595940000.0,130547100000.0,426770400000.0,388573800000.0,413779500000.0,400523200000.0,73511430000.0,72399770000.0,187135350000.0,255674000000.0,319117000000.0,415205600000.0,540289320000.0,688088100000.0,465251450000.0,634098120000.0,586594590000.0,490762350000.0,448671720000.0,43853810000.0,56648390000.0,81267490000.0,1259262900000.0,1412767510000.0,770619190000.0,875368250000.0,827906500000.0,591987480000.0,699584830000.0,734057670000.0,955219290000.0,837238026509.573,948337108766.279
root/Europe&CentralAsia/Turkey,root/Europe&CentralAsia,0,0,0,0,0,0,0,0,0,0,0,0,0,0,0,0,8277400000.0,8346300000.0,15999100000.0,21667000000.0,50888700000.0,36232800000.0,43687250000.0,57170300000.0,67989190000.0,165968040000.0,65679790000.0,67971290000.0,98127800000.0,146561700000.0,199727190000.0,226470170000.0,324801670000.0,221235580000.0,312719790000.0,403248210000.0,361075930000.0,358926430000.0,374250870000.0,369745680000.0,349684710000.0,281807764558.547,377303523945.135
root/Europe&CentralAsia/Ukraine,root/Europe&CentralAsia,0,0,0,0,0,0,0,0,0,0,0,0,0,0,0,0,0,0,0,0,0,0,0,0,0,0,0,0,0,0,0,0,0,0,0,2838700000.0,1177700000.0,624900000.0,329600000.0,122200000.0,0,0,0
root/Europe&CentralAsia/UnitedKingdom,root/Europe&CentralAsia,35400000000.0,24075000000.0,19361000000.0,19634000000.0,25571600000.0,35824600000.0,32839200000.0,32744600000.0,42575800000.0,48283100000.0,76355610000.0,113003200000.0,427051100000.0,294597540000.0,317499520000.0,304246190000.0,333762140000.0,328432700000.0,417197960000.0,474106870000.0,501733270000.0,588675200000.0,836890420000.0,1044696390000.0,1423785660000.0,1833383630000.0,1893938290000.0,1047574930000.0,1245706210000.0,1621275060000.0,1729902330000.0,2763295580000.0,3947700220000.0,2735562940000.0,2807470000000.0,3213161000000.0,3034966000000.0,2470374000000.0,1675053000000.0,2357017000000.0,0,0,0
root/LatinAmerica&Caribbean,root,450000000.0,806000000.0,239000000.0,1688000000.0,8828170000.0,10820320000.0,11487950000.0,7295400000.0,4789350000.0,9656230000.0,20283740000.0,33963230000.0,21761670000.0,19664800000.0,20076120000.0,26866280000.0,50091630000.0,85705390000.0,154608870000.0,264064550000.0,161757610000.0,199289860000.0,324919450000.0,238881100000.0,217306400000.0,159676720000.0,131329560000.0,70956000000.0,105996330000.0,178901660000.0,262558190000.0,412584080000.0,839115290000.0,708994730000.0,846841930000.0,1106556750000.0,1010285770000.0,1038246290000.0,970750770000.0,823686030000.0,559044300000.0,718173318821.2931,816462303973.5409
root/LatinAmerica&Caribbean/Argentina,root/LatinAmerica&Caribbean,450000000.0,806000000.0,239000000.0,352000000.0,1471500000.0,1115000000.0,184050000.0,242900000.0,175700000.0,253300000.0,474410000.0,239220000.0,143980000.0,4272730000.0,396070000.0,800770000.0,4548690000.0,15738610000.0,49764530000.0,112828000000.0,31903600000.0,31303500000.0,38206640000.0,26064460000.0,11862190000.0,9145630000.0,6662000000.0,1168610000.0,2929510000.0,4551450000.0,5257770000.0,3387990000.0,4845000000.0,3337600000.0,1510580000.0,2544790000.0,2454310000.0,1462140000.0,2237310000.0,3522520000.0,2699820000.0,4360745593.334471,6592777693.4465
root/LatinAmerica&Caribbean/Barbados,root/LatinAmerica&Caribbean,0,0,0,0,0,0,0,0,0,0,0,0,0,0,0,0,0,0,4400000.0,5700000.0,3110000.0,6160000.0,23170000.0,31830000.0,10190000.0,48100000.0,10300000.0,0,0,0,0,0,0,0,0,33600000.0,117180000.0,16000000.0,6400000.0,8700000.0,0,0,0
root/LatinAmerica&Caribbean/Brazil,root/LatinAmerica&Caribbean,0,0,0,0,3243400000.0,5375700000.0,6183900000.0,5925400000.0,3508700000.0,7413700000.0,16579730000.0,28909560000.0,9826800000.0,6100000000.0,4152600000.0,5842900000.0,11767600000.0,23062200000.0,35188000000.0,81758100000.0,78902600000.0,116128300000.0,217399100000.0,172862330000.0,158849900000.0,94051280000.0,64476950000.0,39374690000.0,70478750000.0,113682350000.0,170920010000.0,279476770000.0,645438740000.0,569862390000.0,707866810000.0,908131940000.0,824916470000.0,831638950000.0,739678310000.0,644171360000.0,419977770000.0,561080859110.756,642502620122.419
root/LatinAmerica&Caribbean/CaymanIslands,root/LatinAmerica&Caribbean,0,0,0,0,0,0,0,0,0,0,0,0,0,0,0,0,0,0,0,0,0,0,0,0,0,0,0,0,0,0,0,1580000.0,5800000.0,1400000.0,1900000.0,1000000.0,2540000.0,2540000.0,0,0,500000.0,0,0
root/LatinAmerica&Caribbean/Chile,root/LatinAmerica&Caribbean,0,0,0,0,0,753000000.0,449000000.0,221000000.0,107000000.0,100000000.0,144000000.0,755000000.0,1266000000.0,1525000000.0,1879000000.0,1577000000.0,1768840000.0,1921160000.0,2641310000.0,5298300000.0,11086000000.0,1078430000.0,7427600000.0,4299050000.0,6521940000.0,5763660000.0,4071120000.0,2661800000.0,7562670000.0,13081570000.0,20450590000.0,27812170000.0,45162640000.0,28872350000.0,37034010000.0,57925320000.0,51266630000.0,46491890000.0,41226990000.0,27130870000.0,19674570000.0,23973143323.6123,38092071235.1455
root/LatinAmerica&Caribbean/Colombia,root/LatinAmerica&Caribbean,0,0,0,0,0,357000000.0,490000000.0,124000000.0,62000000.0,54000000.0,43000000.0,52000000.0,105000000.0,95000000.0,101000000.0,108000000.0,358000000.0,828000000.0,908000000.0,2633000000.0,1202000000.0,2557000000.0,2389000000.0,3263000000.0,1382000000.0,1179000000.0,784000000.0,1031000000.0,805800000.0,2079600000.0,9548720000.0,15617180000.0,17247590000.0,18034040000.0,19849620000.0,22697170000.0,25946340000.0,32202940000.0,20409200000.0,17216000000.0,11586530000.0,14167836235.6802,13865382953.3394
root/LatinAmerica&Caribbean/CostaRica,root/LatinAmerica&Caribbean,0,0,0,0,0,0,0,0,0,0,0,0,0,0,0,0,0,0,11000000.0,21700000.0,15740000.0,13510000.0,17250000.0,32360000.0,208320000.0,0,0,0,114900000.0,37580000.0,21900000.0,61830000.0,71690000.0,54460000.0,31340000.0,41350000.0,36830000.0,33600000.0,66100000.0,0,0,0,0
root/LatinAmerica&Caribbean/Ecuador,root/LatinAmerica&Caribbean,0,0,0,0,0,0,0,0,0,0,0,0,0,0,0,0,0,0,0,71300000.0,112500000.0,70200000.0,62200000.0,9400000.0,18300000.0,18300000.0,4800000.0,13200000.0,0,0,0,0,0,0,0,0,0,0,0,0,0,0,0
root/LatinAmerica&Caribbean/Jamaica,root/LatinAmerica&Caribbean,0,0,0,0,0,0,0,0,0,0,0,0,0,0,0,0,0,0,293300000.0,161400000.0,97690000.0,136160000.0,132210000.0,55710000.0,53850000.0,76300000.0,124000000.0,153200000.0,0,0,0,0,0,0,0,0,256040000.0,716400000.0,71000000.0,125200000.0,0,0,0
root/LatinAmerica&Caribbean/Mexico,root/LatinAmerica&Caribbean,0,0,0,1336000000.0,4113270000.0,3219620000.0,4181000000.0,782100000.0,935950000.0,1835230000.0,3042600000.0,4007450000.0,10419890000.0,7672070000.0,13547450000.0,18537610000.0,31648500000.0,44155420000.0,62595530000.0,57168360000.0,34191800000.0,43122900000.0,51705040000.0,27960160000.0,34930700000.0,44700320000.0,53088620000.0,25436580000.0,23082300000.0,44231400000.0,54486860000.0,81840850000.0,117920480000.0,84860570000.0,77556620000.0,111120160000.0,99789260000.0,119686590000.0,163691860000.0,128035390000.0,103654060000.0,111895470585.112,109070965641.72801
root/LatinAmerica&Caribbean/Panama,root/LatinAmerica&Caribbean,0,0,0,0,0,0,0,0,0,0,0,0,0,0,0,0,0,0,61700000.0,70190000.0,8560000.0,23220000.0,54690000.0,106200000.0,57700000.0,181980000.0,44800000.0,58900000.0,53200000.0,180500000.0,156400000.0,253400000.0,362500000.0,290800000.0,32300000.0,68000000.0,324000000.0,716400000.0,190500000.0,248300000.0,0,0,0
root/LatinAmerica&Caribbean/Paraguay,root/LatinAmerica&Caribbean,0,0,0,0,0,0,0,0,0,0,0,0,0,0,0,0,0,0,0,0,19200000.0,29740000.0,19410000.0,15330000.0,11960000.0,0,13700000.0,9400000.0,0,0,0,0,0,0,0,0,0,0,0,0,0,0,0
root/LatinAmerica&Caribbean/Peru,root/LatinAmerica&Caribbean,0,0,0,0,0,0,0,0,0,0,0,0,0,0,0,0,0,0,1547500000.0,3091400000.0,3884800000.0,3554100000.0,3857670000.0,2627380000.0,2455010000.0,2190650000.0,736170000.0,959820000.0,969200000.0,1057210000.0,1715940000.0,4132310000.0,8060850000.0,3681120000.0,2958750000.0,3993420000.0,5176170000.0,5278840000.0,3173100000.0,3227690000.0,1451050000.0,2695263972.7982,6338486327.46256
root/LatinAmerica&Caribbean/TrinidadandTobago,root/LatinAmerica&Caribbean,0,0,0,0,0,0,0,0,0,0,0,0,0,0,0,0,0,0,0,0,0,0,0,0,0,139100000.0,166100000.0,0,0,0,0,0,0,0,0,0,0,0,0,0,0,0,0
root/LatinAmerica&Caribbean/Uruguay,root/LatinAmerica&Caribbean,0,0,0,0,0,0,0,0,0,0,0,0,0,0,0,0,0,0,0,9300000.0,560000.0,550000.0,0,260000.0,130000.0,0,0,0,0,0,0,0,0,0,0,0,0,0,0,0,0,0,0
root/LatinAmerica&Caribbean/VenezuelaRB,root/LatinAmerica&Caribbean,0,0,0,0,0,0,0,0,0,0,0,0,0,0,0,0,0,0,1593600000.0,947800000.0,329450000.0,1266090000.0,3625470000.0,1553630000.0,944210000.0,2182400000.0,1147000000.0,88800000.0,0,0,0,0,0,0,0,0,0,0,0,0,0,0,0
root/MiddleEast&NorthAfrica,root,153000000.0,300000000.0,202000000.0,449000000.0,621360000.0,1657730000.0,3076120000.0,4802450000.0,5374800000.0,622650000.0,718900000.0,2095900000.0,4828200000.0,2322300000.0,3740500000.0,5257320000.0,8916740000.0,13691670000.0,33583990000.0,29668220000.0,19599920000.0,31278900000.0,56555610000.0,32865480000.0,32798740000.0,38023150000.0,43384530000.0,54377760000.0,193605610000.0,574926770000.0,1283588830000.0,1653884970000.0,978959260000.0,903562697000.0,625748440000.0,432192710000.0,470274530000.0,664371430000.0,616428250000.0,876973730000.0,608552540000.0,464455395110.7414,385650313627.1676
root/MiddleEast&NorthAfrica/Bahrain,root/MiddleEast&NorthAfrica,0,0,0,0,0,0,0,0,0,0,0,0,0,0,0,0,0,0,0,160200000.0,106100000.0,176700000.0,479500000.0,576390000.0,445390000.0,245440000.0,191500000.0,215000000.0,266730000.0,311640000.0,702290000.0,1381120000.0,1044720000.0,2083620000.0,466280000.0,287560000.0,156130000.0,278400000.0,604600000.0,717800000.0,294040000.0,332914102.22103304,562999038.223297
root/MiddleEast&NorthAfrica/EgyptArabRep,root/MiddleEast&NorthAfrica,0,0,0,0,0,0,0,0,0,0,0,0,0,0,0,0,0,0,0,0,0,0,0,0,0,0,0,0,0,0,0,48363770000.0,61517870000.0,95826680000.0,74374270000.0,37215400000.0,15897550000.0,17093390000.0,12735110000.0,26440980000.0,14760100000.0,10080164453.5071,14428816885.2011
root/MiddleEast&NorthAfrica/IranIslamicRep,root/MiddleEast&NorthAfrica,153000000.0,300000000.0,202000000.0,449000000.0,0,0,0,0,0,0,0,0,0,0,0,0,530700000.0,595850000.0,211960000.0,432500000.0,554560000.0,1865100000.0,962190000.0,871610000.0,1775020000.0,4460570000.0,1567300000.0,1741100000.0,3912990000.0,11257690000.0,7197880000.0,4713980000.0,8146940000.0,14618110000.0,16988400000.0,16987110000.0,14409330000.0,15061390000.0,44305850000.0,23365970000.0,8444810000.0,18689210535.0725,11741666197.0633
root/MiddleEast&NorthAfrica/Israel,root/MiddleEast&NorthAfrica,0,0,0,0,621360000.0,1657730000.0,3076120000.0,4802450000.0,5374800000.0,622650000.0,718900000.0,2095900000.0,4828200000.0,2322300000.0,3740500000.0,5257320000.0,8386040000.0,13095820000.0,28782030000.0,25054020000.0,8789260000.0,8100000000.0,13896080000.0,13820100000.0,20933460000.0,28704830000.0,14989800000.0,11370200000.0,17805460000.0,30280790000.0,42441080000.0,63163660000.0,99551830000.0,95990440000.0,79544090000.0,108232110000.0,76610440000.0,50802180000.0,55578800000.0,47300530000.0,56371100000.0,51823858462.339005,69037746840.0521
root/MiddleEast&NorthAfrica/Jordan,root/MiddleEast&NorthAfrica,0,0,0,0,0,0,0,0,0,0,0,0,0,0,0,0,0,0,1325900000.0,703200000.0,591000000.0,350200000.0,500900000.0,652200000.0,548500000.0,471400000.0,943400000.0,1339200000.0,2616600000.0,5350200000.0,23815600000.0,19557200000.0,17427100000.0,27192780000.0,12905330000.0,8597360000.0,3897390000.0,2729780000.0,3427410000.0,3092270000.0,3554980000.0,2584523809.5238104,2334520769.77534
root/MiddleEast&NorthAfrica/Kuwait,root/MiddleEast&NorthAfrica,0,0,0,0,0,0,0,0,0,0,0,0,0,0,0,0,0,0,2588200000.0,1925700000.0,6173400000.0,17790000000.0,32985910000.0,9270560000.0,0,0,1165490000.0,2230000000.0,5610000000.0,48454400000.0,92368280000.0,57196160000.0,0,0,0,0,21400000000.0,21764200000.0,40330800000.0,0,0,0,0
root/MiddleEast&NorthAfrica/Lebanon,root/MiddleEast&NorthAfrica,0,0,0,0,0,0,0,0,0,0,0,0,0,0,0,0,0,0,0,0,0,67090000.0,639730000.0,328350000.0,86200000.0,116360000.0,52600000.0,117660000.0,124010000.0,188230000.0,902100000.0,2010570000.0,967400000.0,1711280000.0,1040920000.0,1877260000.0,511490000.0,408000000.0,156900000.0,624400000.0,505220000.0,902710000.0,609983808.2367309
root/MiddleEast&NorthAfrica/Malta,root/MiddleEast&NorthAfrica,0,0,0,0,0,0,0,0,0,0,0,0,0,0,0,0,0,0,0,0,0,0,0,35420000.0,52700000.0,185910000.0,48860000.0,54850000.0,51110000.0,100660000.0,139480000.0,270520000.0,94590000.0,68090000.0,36470000.0,48560000.0,48770000.0,44090000.0,67360000.0,61460000.0,88800000.0,73870539.10402429,105439585.190297
root/MiddleEast&NorthAfrica/Morocco,root/MiddleEast&NorthAfrica,0,0,0,0,0,0,0,0,0,0,0,0,0,0,0,0,0,0,488000000.0,812700000.0,2446200000.0,2070600000.0,3167000000.0,5206900000.0,8365000000.0,3155900000.0,1733700000.0,998900000.0,2578500000.0,3928700000.0,7890600000.0,9859300000.0,23172000000.0,13766900000.0,7913100000.0,6098300000.0,4092520000.0,3492990000.0,3236760000.0,3039870000.0,2919000000.0,3177675707.7806396,4227434946.6209
root/MiddleEast&NorthAfrica/Oman,root/MiddleEast&NorthAfrica,0,0,0,0,0,0,0,0,0,0,0,0,0,0,0,0,0,0,187900000.0,304300000.0,269780000.0,657910000.0,3727530000.0,1942080000.0,485850000.0,548600000.0,348000000.0,600780000.0,1542260000.0,1971430000.0,3654220000.0,2916820000.0,6909370000.0,8799790000.0,5833970000.0,3309430000.0,2548940000.0,2662690000.0,5735640000.0,5804960000.0,3559680000.0,2459047123.14501,2385830010.09985
root/MiddleEast&NorthAfrica/Qatar,root/MiddleEast&NorthAfrica,0,0,0,0,0,0,0,0,0,0,0,0,0,0,0,0,0,0,0,0,0,0,0,0,0,0,0,0,0,0,0,20754100000.0,29940120000.0,48186490000.0,25319200000.0,18401500000.0,22908600000.0,19410000000.0,20564610000.0,54729710000.0,24152160000.0,18956146617.5743,18330180816.8357
root/MiddleEast&NorthAfrica/SaudiArabia,root/MiddleEast&NorthAfrica,0,0,0,0,0,0,0,0,0,0,0,0,0,0,0,0,0,0,0,0,0,0,0,0,0,0,22291000000.0,35678100000.0,159056600000.0,472940800000.0,1103534500000.0,1403048100000.0,681947600000.0,523326600000.0,335109900000.0,201210910000.0,291435880000.0,511178270000.0,362402350000.0,567392070000.0,436941100000.0,306380423760.474,218380624729.869
root/MiddleEast&NorthAfrica/Tunisia,root/MiddleEast&NorthAfrica,0,0,0,0,0,0,0,0,0,0,0,0,0,0,0,0,0,0,0,275600000.0,669620000.0,201300000.0,196770000.0,161870000.0,0,0,0,0,0,0,0,0,0,0,0,1835600000.0,1050650000.0,1251300000.0,461900000.0,887200000.0,0,0,0
root/MiddleEast&NorthAfrica/UnitedArabEmirates,root/MiddleEast&NorthAfrica,0,0,0,0,0,0,0,0,0,0,0,0,0,0,0,0,0,0,0,0,0,0,0,0,0,0,0,0,0,0,0,20187670000.0,47604080000.0,71135377000.0,65802580000.0,27717670000.0,15004370000.0,17951830000.0,66579810000.0,143162600000.0,56641170000.0,48548890000.0,43036010000.0
root/MiddleEast&NorthAfrica/WestBankandGaza,root/MiddleEast&NorthAfrica,0,0,0,0,0,0,0,0,0,0,0,0,0,0,0,0,0,0,0,0,0,0,0,0,106620000.0,134140000.0,52880000.0,31970000.0,41350000.0,142230000.0,942800000.0,462000000.0,635640000.0,856540000.0,413930000.0,373940000.0,302470000.0,242920000.0,240350000.0,353910000.0,320380000.0,445960000.0,469060000.0
root/NorthAmerica,root,5208850000.0,6368860000.0,6667000000.0,10159000000.0,18077390000.0,27156300000.0,23686730000.0,16468200000.0,28169400000.0,1133729140000.0,1507774270000.0,2238904160000.0,2970218800000.0,2033878640000.0,2430951290000.0,2100221540000.0,2213177490000.0,2606154520000.0,3567770960000.0,3804886150000.0,5362068500000.0,7230513400000.0,9603600440000.0,12662035510000.0,19208623480000.0,30410669050000.0,21329743240000.0,17501415000000.0,16551682410000.0,19809681930000.0,26724369790000.0,31819076820000.0,44597733780000.0,48748527520000.0,35639317814455.0,37430466587933.8,42519619880000.0,33697638610000.0,34570878990000.0,40320880360000.0,42494786650000.0,43224913644108.8,41073111909748.08
root/NorthAmerica/Bermuda,root/NorthAmerica,0,0,0,0,0,0,0,0,0,0,0,0,0,0,0,0,0,0,0,0,32100000.0,35700000.0,96400000.0,97600000.0,226000000.0,136000000.0,213000000.0,92000000.0,50720000.0,63970000.0,68350000.0,157000000.0,161920000.0,102000000.0,30990000.0,104510000.0,18730000.0,29260000.0,44100000.0,23670000.0,15310000.0,216970000.0,39140000.0
root/NorthAmerica/Canada,root/NorthAmerica,5208850000.0,6368860000.0,6667000000.0,10159000000.0,18077390000.0,27156300000.0,23686730000.0,16468200000.0,28169400000.0,25308240000.0,38991270000.0,57184660000.0,93254500000.0,68777140000.0,89380290000.0,68125140000.0,73335290000.0,75705320000.0,133358660000.0,156142060000.0,183405600000.0,264981700000.0,337957940000.0,356701110000.0,392672780000.0,628487350000.0,445950640000.0,448461700000.0,506548290000.0,706494160000.0,932109740000.0,1237142820000.0,1744996560000.0,1502929720000.0,1332906090000.0,1404983930000.0,1474053940000.0,1348144220000.0,1323581430000.0,1344210110000.0,1096269370000.0,1153366674108.8,1287191389748.08
root/NorthAmerica/UnitedStates,root/NorthAmerica,0,0,0,0,0,0,0,0,0,1108420900000.0,1468783000000.0,2181719500000.0,2876964300000.0,1965101500000.0,2341571000000.0,2032096400000.0,2139842200000.0,2530449200000.0,3434412300000.0,3648744090000.0,5178630800000.0,6965496000000.0,9265546100000.0,12305236800000.0,18815724700000.0,29782045700000.0,20883579600000.0,17052861300000.0,16045083400000.0,19103123800000.0,25792191700000.0,30581777000000.0,42852575300000.0,47245495800000.0,34306380734455.0,36025378147933.8,41045547210000.0,32349465130000.0,33247253460000.0,38976646580000.0,41398501970000.0,42071330000000.0,39785881380000.0
root/SouthAsia,root,0,0,0,0,0,0,0,0,0,0,0,0,0,0,0,0,0,0,392300000.0,802800000.0,235360000.0,6472430000.0,11441250000.0,10280120000.0,22001050000.0,32068930000.0,12844420000.0,25682070000.0,340471680000.0,533868190000.0,604581550000.0,777829100000.0,1244889520000.0,970164760000.0,1111733910000.0,1102542390000.0,662103497040.0,631167280000.0,541108799200.0,733842020000.0,800898920000.0,820739377377.2809,1188138160894.7605
root/SouthAsia/Bangladesh,root/SouthAsia,0,0,0,0,0,0,0,0,0,0,0,0,0,0,0,0,0,0,14800000.0,107700000.0,150060000.0,852940000.0,569150000.0,1008800000.0,968390000.0,935530000.0,261100000.0,0,0,248100000.0,205560000.0,236490000.0,707840000.0,1461690000.0,2339290000.0,4837590000.0,2224437040.0,1443100000.0,1235919200.0,0,0,0,0
root/SouthAsia/India,root/SouthAsia,0,0,0,0,0,0,0,0,0,0,0,0,0,0,0,0,0,0,0,0,0,0,0,0,0,0,0,0,272033250000.0,392769190000.0,463859800000.0,651783330000.0,1143383650000.0,925454690000.0,1090556000000.0,1081056310000.0,645445240000.0,616073730000.0,537777350000.0,730703870000.0,771997910000.0,791999174138.745,1185737513949.08
root/SouthAsia/Pakistan,root/SouthAsia,0,0,0,0,0,0,0,0,0,0,0,0,0,0,0,0,0,0,0,0,0,5560590000.0,10562900000.0,8989720000.0,20824200000.0,30999800000.0,12452800000.0,25366610000.0,67718210000.0,140292780000.0,139436330000.0,124830650000.0,99831760000.0,42279910000.0,17593320000.0,11653590000.0,9637900000.0,11976000000.0,562900000.0,539700000.0,27107730000.0,27536400000.0,0
root/SouthAsia/SriLanka,root/SouthAsia,0,0,0,0,0,0,0,0,0,0,0,0,0,0,0,0,0,0,377500000.0,695100000.0,85300000.0,58900000.0,309200000.0,281600000.0,208460000.0,133600000.0,130520000.0,315460000.0,720220000.0,558120000.0,1079860000.0,978630000.0,966270000.0,968470000.0,1245300000.0,4994900000.0,4795920000.0,1674450000.0,1532630000.0,2598450000.0,1793280000.0,1203803238.53586,2400646945.68048
root/Sub-SaharanAfrica,root,894000000.0,743020000.0,837000000.0,1094000000.0,2102300000.0,5188400000.0,2602660000.0,2593830000.0,3415490000.0,1832370000.0,2429540000.0,5184670000.0,9899210000.0,4405510000.0,7399170000.0,8245810000.0,8078710000.0,7242640000.0,8048680000.0,13840200000.0,16344660000.0,27822610000.0,43586700000.0,55480280000.0,73336770000.0,70636560000.0,35714500000.0,47795570000.0,49414670000.0,85941920000.0,113978570000.0,178939440000.0,276793360000.0,220748390000.0,222621860000.0,283629560000.0,231417560000.0,232389890000.0,240830800000.0,252531380000.0,239217130000.0,405083647585.4338,412373030509.13007
root/Sub-SaharanAfrica/Botswana,root/Sub-SaharanAfrica,0,0,0,0,0,0,0,0,0,0,0,0,0,0,0,0,0,0,0,30000000.0,37910000.0,28510000.0,56400000.0,66250000.0,36710000.0,0,0,0,0,0,0,0,0,0,0,0,0,0,0,0,0,0,0
root/Sub-SaharanAfrica/Ghana,root/Sub-SaharanAfrica,0,0,0,0,0,0,0,0,0,0,0,0,0,0,0,0,0,0,4100000.0,69000000.0,18850000.0,16150000.0,41310000.0,57270000.0,19890000.0,6960000.0,12500000.0,10000000.0,43990000.0,72880000.0,51000000.0,51600000.0,145400000.0,286800000.0,51800000.0,101800000.0,254100000.0,51000000.0,192900000.0,0,0,0,0
root/Sub-SaharanAfrica/Kenya,root/Sub-SaharanAfrica,0,0,0,0,0,0,0,0,0,0,0,0,0,0,0,0,0,0,12100000.0,68600000.0,59850000.0,71180000.0,97490000.0,74200000.0,48500000.0,37800000.0,39300000.0,37380000.0,200000000.0,283840000.0,504120000.0,1364270000.0,1127770000.0,742200000.0,198340000.0,793530000.0,917250000.0,1008100000.0,1804700000.0,1010900000.0,683050000.0,815820000.0,0
root/Sub-SaharanAfrica/Mauritius,root/Sub-SaharanAfrica,0,0,0,0,0,0,0,0,0,0,0,0,0,0,0,0,0,0,37520000.0,83450000.0,53540000.0,99190000.0,122160000.0,94470000.0,70810000.0,65420000.0,105350000.0,55030000.0,102660000.0,114100000.0,139800000.0,156870000.0,411780000.0,348680000.0,340260000.0,365000000.0,510030000.0,295840000.0,321260000.0,463330000.0,460790000.0,319568571.01741296,449585432.59049696
root/Sub-SaharanAfrica/Namibia,root/Sub-SaharanAfrica,0,0,0,0,0,0,0,0,0,0,0,0,0,0,0,0,0,0,0,12200000.0,2990000.0,37710000.0,23100000.0,12980000.0,22380000.0,18520000.0,5200000.0,1620000.0,2740000.0,19880000.0,5520000.0,17300000.0,20480000.0,14650000.0,24990000.0,20250000.0,12760000.0,59900000.0,33600000.0,69820000.0,0,0,0
root/Sub-SaharanAfrica/Nigeria,root/Sub-SaharanAfrica,0,0,0,0,0,0,0,0,0,0,0,0,0,0,0,0,0,0,30200000.0,44800000.0,83580000.0,314620000.0,499030000.0,609520000.0,112600000.0,0,169200000.0,0,0,1680630000.0,1953770000.0,3597590000.0,17359880000.0,16718610000.0,4492730000.0,5105160000.0,3871930000.0,4092800000.0,6227900000.0,5132910000.0,4084890000.0,1509644083.4654,2206106213.07957
root/Sub-SaharanAfrica/Seychelles,root/Sub-SaharanAfrica,0,0,0,0,0,0,0,0,0,0,0,0,0,0,0,0,0,0,0,0,0,0,0,0,0,0,0,0,0,0,0,0,0,0,0,0,0,0,0,157800000.0,0,0,0
root/Sub-SaharanAfrica/SouthAfrica,root/Sub-SaharanAfrica,894000000.0,743020000.0,837000000.0,1094000000.0,2102300000.0,5188400000.0,2602660000.0,2593830000.0,3415490000.0,1832370000.0,2429540000.0,5184670000.0,9899210000.0,4405510000.0,7399170000.0,8245810000.0,8078710000.0,7242640000.0,7914560000.0,13356750000.0,15947900000.0,26646700000.0,42069040000.0,54282820000.0,72818840000.0,70501850000.0,35362320000.0,47686360000.0,49058710000.0,83768360000.0,111313230000.0,173739710000.0,257724510000.0,202637450000.0,217513740000.0,277223790000.0,225830990000.0,226864050000.0,232250440000.0,245696620000.0,233988400000.0,402438614930.951,409717338863.46
root/Sub-SaharanAfrica/Swaziland,root/Sub-SaharanAfrica,0,0,0,0,0,0,0,0,0,0,0,0,0,0,0,0,0,0,0,2100000.0,380000.0,371760000.0,357320000.0,201200000.0,150000.0,210000.0,8500000.0,180000.0,50000.0,40000.0,30000.0,60000.0,3540000.0,0,0,0,0,0,0,0,0,0,0
root/Sub-SaharanAfrica/Tanzania,root/Sub-SaharanAfrica,0,0,0,0,0,0,0,0,0,0,0,0,0,0,0,0,0,0,0,0,0,0,0,0,40000.0,4800000.0,7130000.0,0,0,0,0,0,0,0,0,0,0,0,0,0,0,0,0
root/Sub-SaharanAfrica/Zambia,root/Sub-SaharanAfrica,0,0,0,0,0,0,0,0,0,0,0,0,0,0,0,0,0,0,0,400000.0,220000.0,2660000.0,8000000.0,1310000.0,5690000.0,1000000.0,5000000.0,5000000.0,6520000.0,2190000.0,11100000.0,12040000.0,0,0,0,20030000.0,20500000.0,18200000.0,0,0,0,0,0
root/Sub-SaharanAfrica/Zimbabwe,root/Sub-SaharanAfrica,0,0,0,0,0,0,0,0,0,0,0,0,0,0,0,0,0,0,50200000.0,172900000.0,139440000.0,234130000.0,312850000.0,80260000.0,201160000.0,0,0,0,0,0,0,0,0,0,0,0,0,0,0,0,0,0,0
