root/EastAsia&Pacific,root,48735000.0,121572000.0,239591000.0,267121000.0,324014000.0,1519974000.0,708180000.0,685530000.0,869127000.0,1346814000.0,2576407000.0,2958791000.0,3769493000.0,2757913000.0,1561440000.0,4428180000.0,2613203000.0,5409389000.0,5766523000.0,2107121000.0,6177150000.0,2097276000.0,5022034000.0,4971377000.0,1839664000.0,4912021000.0,2983280000.0,2345410000.0,6312086000.0,4980710000.0,5682866000.0,4678792000.0,4147461000.0,5424024000.0,3724121000.0,3056335000.0,1148899000.0,1698970000.0,2484330000.0,2642189000.0,6229403000.0,20040445000.0,12713547000.0,13177075000.0,12814632000.0,12409715000.0,15269306000.0
root/EastAsia&Pacific/China,root/EastAsia&Pacific,0,0,0,0,0,0,0,0,0,0,0,235779000.0,223833000.0,100332000.0,175191000.0,623016000.0,1451724000.0,4138346000.0,3715352000.0,1149518000.0,2438977000.0,613158000.0,3015701000.0,2729298000.0,576970000.0,2332337000.0,782761000.0,730004000.0,1481412000.0,747995000.0,1884559000.0,1208476000.0,624822000.0,897055000.0,195821000.0,225607000.0,132219000.0,460806000.0,237224000.0,154268000.0,1998998000.0,17039849000.0,9306827000.0,10452895000.0,10335027000.0,11459401000.0,13509367000.0
root/EastAsia&Pacific/Fiji,root/EastAsia&Pacific,0,0,0,0,0,0,0,0,0,10000000.0,31000000.0,0,0,3299000.0,6873000.0,6129000.0,8997000.0,11194000.0,11253000.0,10064000.0,5116000.0,5870000.0,3418000.0,939000.0,187000.0,207000.0,202000.0,176000.0,15000.0,0,0,0,0,0,0,0,0,0,0,0,0,0,0,0,0,0,0
root/EastAsia&Pacific/Indonesia,root/EastAsia&Pacific,251000.0,186000.0,134107000.0,197618000.0,198255000.0,1094496000.0,312870000.0,232885000.0,326957000.0,176263000.0,823199000.0,498736000.0,789321000.0,1191976000.0,166063000.0,245524000.0,533219000.0,11787000.0,113489000.0,127932000.0,1223910000.0,539094000.0,53744000.0,731593000.0,259655000.0,670742000.0,498547000.0,282950000.0,965095000.0,2335159000.0,1849109000.0,1412579000.0,1659591000.0,1648266000.0,2220373000.0,1413957000.0,34049000.0,126744000.0,216240000.0,888748000.0,709091000.0,461798000.0,585460000.0,10544000.0,820179000.0,216242000.0,504531000.0
root/EastAsia&Pacific/LaoPDR,root/EastAsia&Pacific,0,0,0,0,0,0,0,0,0,0,0,0,0,0,0,0,0,0,0,0,0,0,0,0,0,0,0,0,0,0,0,0,0,0,0,0,0,0,0,0,2637000.0,2925000.0,1142000.0,1207000.0,12807000.0,76068000.0,4777000.0
root/EastAsia&Pacific/Malaysia,root/EastAsia&Pacific,0,84209000.0,75266000.0,1320000.0,49800000.0,314891000.0,171842000.0,133481000.0,22492000.0,29555000.0,492820000.0,1393421000.0,1611473000.0,759931000.0,1059161000.0,2447209000.0,94772000.0,512709000.0,1273307000.0,591790000.0,607977000.0,148534000.0,134997000.0,727122000.0,342385000.0,785146000.0,913051000.0,120911000.0,117491000.0,353361000.0,192807000.0,20510000.0,714183000.0,1625008000.0,289197000.0,1205372000.0,79050000.0,204728000.0,1407724000.0,347318000.0,2665423000.0,1688053000.0,1862667000.0,1207814000.0,6211000.0,304793000.0,175706000.0
root/EastAsia&Pacific/Mongolia,root/EastAsia&Pacific,0,0,0,0,0,0,0,0,0,0,0,0,0,0,0,0,0,0,0,0,0,0,18000000.0,0,300000.0,5175000.0,4146000.0,4146000.0,3705000.0,315000.0,292000.0,146000.0,146000.0,146000.0,146000.0,146000.0,146000.0,154000.0,0,0,0,0,0,0,0,0,240000000.0
root/EastAsia&Pacific/Myanmar,root/EastAsia&Pacific,0,0,0,0,0,0,0,0,38751000.0,11757000.0,2318000.0,24455000.0,5343000.0,10902000.0,5917000.0,5846000.0,8212000.0,3357000.0,5473000.0,3990000.0,0,0,0,0,0,0,0,440000000.0,0,0,0,0,0,0,0,0,0,0,0,0,0,0,0,0,0,0,0
root/EastAsia&Pacific/PapuaNewGuinea,root/EastAsia&Pacific,37242000.0,28567000.0,9464000.0,15938000.0,5818000.0,439000.0,14282000.0,22716000.0,1635000.0,27049000.0,58435000.0,93078000.0,96431000.0,120124000.0,13597000.0,13677000.0,18415000.0,38840000.0,31752000.0,10763000.0,108956000.0,63421000.0,31959000.0,62357000.0,30560000.0,49603000.0,36531000.0,53599000.0,7765000.0,7461000.0,3473000.0,22918000.0,6822000.0,22594000.0,23000000.0,15361000.0,4119000.0,362000.0,362000.0,362000.0,362000.0,181000.0,543000.0,362000.0,362000.0,362000.0,216193000.0
root/EastAsia&Pacific/Philippines,root/EastAsia&Pacific,10879000.0,8547000.0,16024000.0,51982000.0,68567000.0,108506000.0,109288000.0,272569000.0,292282000.0,627244000.0,613566000.0,443565000.0,834381000.0,513702000.0,95151000.0,397868000.0,425975000.0,422891000.0,459448000.0,80972000.0,575992000.0,493843000.0,1566622000.0,715564000.0,72681000.0,26310000.0,21683000.0,421216000.0,692333000.0,467431000.0,522818000.0,431078000.0,251182000.0,89630000.0,33803000.0,46221000.0,666316000.0,216454000.0,4443000.0,209815000.0,90495000.0,53748000.0,320000.0,108973000.0,90674000.0,91259000.0,78239000.0
root/EastAsia&Pacific/Samoa,root/EastAsia&Pacific,0,0,0,170000.0,184000.0,151000.0,1344000.0,344000.0,1514000.0,486000.0,600000.0,275000.0,271000.0,1270000.0,17000.0,7000.0,0,0,0,0,0,0,0,0,0,0,0,0,0,0,0,0,0,0,0,0,0,0,0,0,0,0,0,0,0,0,0
root/EastAsia&Pacific/SolomonIslands,root/EastAsia&Pacific,0,0,0,0,0,0,0,0,0,0,0,0,0,0,5000000.0,6000000.0,4000000.0,0,0,1364000.0,2728000.0,2728000.0,2726000.0,2726000.0,2728000.0,0,0,0,0,0,0,0,0,0,0,0,0,0,0,0,0,0,0,0,0,0,0
root/EastAsia&Pacific/Thailand,root/EastAsia&Pacific,363000.0,63000.0,4730000.0,93000.0,1390000.0,1491000.0,98554000.0,23535000.0,185496000.0,464460000.0,554469000.0,269482000.0,208440000.0,55934000.0,34385000.0,682820000.0,67792000.0,270156000.0,156337000.0,127471000.0,1213494000.0,230628000.0,194867000.0,1778000.0,460670000.0,653985000.0,525431000.0,169746000.0,2666005000.0,255959000.0,621815000.0,1022328000.0,321968000.0,969454000.0,838637000.0,127998000.0,209936000.0,308131000.0,114857000.0,555901000.0,80575000.0,374218000.0,116074000.0,293571000.0,0,82632000.0,0
root/EastAsia&Pacific/Tonga,root/EastAsia&Pacific,0,0,0,0,0,0,0,0,0,0,0,0,0,0,0,0,0,0,0,0,0,0,0,0,0,0,0,0,0,0,0,0,0,0,0,0,0,0,0,0,248000.0,0,0,72000.0,17000.0,18000.0,18000.0
root/EastAsia&Pacific/Vanuatu,root/EastAsia&Pacific,0,0,0,0,0,0,0,0,0,0,0,0,0,443000.0,85000.0,84000.0,97000.0,109000.0,112000.0,0,0,0,0,0,0,0,0,0,0,0,0,0,0,0,0,0,0,0,0,0,0,0,0,0,0,0,0
root/EastAsia&Pacific/Vietnam,root/EastAsia&Pacific,0,0,0,0,0,0,0,0,0,0,0,0,0,0,0,0,0,0,0,3257000.0,0,0,0,0,93528000.0,388516000.0,200928000.0,122662000.0,378265000.0,813029000.0,607993000.0,560757000.0,568747000.0,171871000.0,123144000.0,21673000.0,23064000.0,381591000.0,503480000.0,485777000.0,681574000.0,419673000.0,840514000.0,1101637000.0,1549355000.0,178940000.0,540475000.0
root/Europe&CentralAsia,root,1684000.0,26438000.0,104684000.0,16105000.0,18951000.0,7510000.0,136467000.0,391829000.0,252450000.0,4610656000.0,2011774000.0,1302949000.0,1134717000.0,1144289000.0,1417840000.0,1358383000.0,3103400000.0,2341985000.0,3206702000.0,2195936000.0,1513616000.0,1333844000.0,2647240000.0,1101346000.0,865070000.0,641164000.0,2126475000.0,1899651000.0,1261127000.0,3367923000.0,3231689000.0,1045474000.0,1659378000.0,2597697000.0,2575490000.0,11442384000.0,5859374000.0,14646922000.0,3370335000.0,7688925000.0,16993922000.0,16465006000.0,5164830000.0,49371484000.0,21101051000.0,21648904000.0,17080036000.0
root/Europe&CentralAsia/Albania,root/Europe&CentralAsia,0,0,0,0,0,0,0,0,0,0,0,0,0,0,0,0,0,0,0,0,0,0,0,5201000.0,0,1000.0,0,0,0,0,324000.0,314000.0,331000.0,80000.0,90000.0,88000.0,88000.0,12000.0,345333000.0,299180000.0,53044000.0,48776000.0,63683000.0,7585000.0,18678000.0,3666000.0,5073000.0
root/Europe&CentralAsia/Armenia,root/Europe&CentralAsia,0,0,0,0,0,0,0,0,0,0,0,0,0,0,0,0,0,0,0,0,0,0,0,0,0,0,0,0,5000000.0,0,0,0,5000000.0,0,0,0,0,0,0,0,0,2366000.0,10236000.0,3158000.0,1645000.0,8661000.0,13000.0
root/Europe&CentralAsia/Azerbaijan,root/Europe&CentralAsia,0,0,0,0,0,0,0,0,0,0,0,0,0,0,0,0,0,0,0,0,0,0,0,0,0,0,0,0,0,27939000.0,84438000.0,21411000.0,16310000.0,16239000.0,16166000.0,219275000.0,103901000.0,106855000.0,107777000.0,286475000.0,69911000.0,63366000.0,9674000.0,196413000.0,131992000.0,280485000.0,282217000.0
root/Europe&CentralAsia/Belarus,root/Europe&CentralAsia,0,0,0,0,0,0,0,0,0,0,0,0,0,0,0,0,0,0,0,0,0,0,0,0,23287000.0,19977000.0,6974000.0,489000.0,9383000.0,5686000.0,19996000.0,8718000.0,14732000.0,18216000.0,12547000.0,21626000.0,40512000.0,1094537000.0,564734000.0,323727000.0,233268000.0,813113000.0,1084860000.0,829340000.0,555144000.0,354659000.0,836933000.0
root/Europe&CentralAsia/BosniaandHerzegovina,root/Europe&CentralAsia,0,0,0,0,0,0,0,0,0,0,0,0,0,0,0,0,0,0,0,0,0,0,0,0,0,0,0,0,0,0,0,0,0,0,0,3336000.0,3363000.0,4890000.0,17150000.0,1007000.0,1460000.0,4597000.0,2284000.0,3298000.0,11756000.0,13151000.0,27705000.0
root/Europe&CentralAsia/Bulgaria,root/Europe&CentralAsia,0,0,0,0,0,0,0,0,0,0,0,251036000.0,462731000.0,308305000.0,650054000.0,712168000.0,976682000.0,518622000.0,446933000.0,1002056000.0,411436000.0,86850000.0,86584000.0,20734000.0,193631000.0,86082000.0,121599000.0,28295000.0,7152000.0,29271000.0,23574000.0,3635000.0,17693000.0,23402000.0,25892000.0,8382000.0,2980000.0,10897000.0,10432000.0,15114000.0,6843000.0,6843000.0,0,0,0,0,0
root/Europe&CentralAsia/Georgia,root/Europe&CentralAsia,0,0,0,0,0,0,0,0,0,0,0,0,0,0,0,0,0,0,0,0,0,0,926000.0,0,926000.0,0,0,0,0,0,0,0,0,0,0,0,0,0,69234000.0,181241000.0,66525000.0,117512000.0,109155000.0,111641000.0,0,9202000.0,194122000.0
root/Europe&CentralAsia/Kazakhstan,root/Europe&CentralAsia,0,0,0,0,0,0,0,0,0,0,0,0,0,0,0,0,0,0,0,0,0,0,0,0,0,17362000.0,0,86294000.0,29572000.0,942000.0,75718000.0,2636000.0,19609000.0,58233000.0,69393000.0,72446000.0,22306000.0,10812000.0,10812000.0,1681000.0,841000.0,0,0,0,0,0,0
root/Europe&CentralAsia/Kosovo,root/Europe&CentralAsia,0,0,0,0,0,0,0,0,0,0,0,0,0,0,0,0,0,0,0,0,0,0,0,0,0,0,0,0,0,0,0,0,0,0,0,0,0,0,0,0,0,0,0,0,2574000.0,17563000.0,4050000.0
root/Europe&CentralAsia/KyrgyzRepublic,root/Europe&CentralAsia,0,0,0,0,0,0,0,0,0,0,0,0,0,0,0,0,0,0,0,0,0,0,0,0,0,0,7000000.0,23012000.0,0,0,2333000.0,4667000.0,23012000.0,0,0,0,0,0,0,0,0,0,0,0,0,0,0
root/Europe&CentralAsia/MacedoniaFYR,root/Europe&CentralAsia,0,0,0,0,0,0,0,0,0,0,0,0,0,0,0,0,0,0,0,0,0,0,0,302000.0,4000.0,3000.0,972000.0,178000.0,356000.0,22286000.0,1706000.0,230000.0,2148000.0,2065000.0,1409000.0,11925000.0,198306000.0,2917000.0,26106000.0,4753000.0,319000.0,233082000.0,86645000.0,354781000.0,17661000.0,749000.0,128142000.0
root/Europe&CentralAsia/Moldova,root/Europe&CentralAsia,0,0,0,0,0,0,0,0,0,0,0,0,0,0,0,0,0,0,0,0,0,0,0,0,0,4316000.0,80095000.0,3056000.0,46742000.0,546000.0,0,215000.0,0,1277000.0,295000.0,831000.0,836000.0,913000.0,0,698000.0,665000.0,3346000.0,12467000.0,2779000.0,3192000.0,2982000.0,3913000.0
root/Europe&CentralAsia/Montenegro,root/Europe&CentralAsia,0,0,0,0,0,0,0,0,0,0,0,0,0,0,0,0,0,0,0,0,0,0,0,0,0,0,0,0,0,0,0,0,0,0,0,0,2811000.0,684000.0,1056000.0,180043000.0,56345000.0,32041000.0,200784000.0,9323000.0,23822000.0,69984000.0,84623000.0
root/Europe&CentralAsia/Romania,root/Europe&CentralAsia,0,0,0,0,0,0,0,0,0,1679564000.0,919169000.0,715394000.0,335905000.0,153615000.0,529327000.0,544352000.0,686837000.0,945766000.0,1332639000.0,299610000.0,0,0,0,4395000.0,34433000.0,151417000.0,1108193000.0,416810000.0,263803000.0,1020862000.0,345350000.0,137410000.0,1194148000.0,455210000.0,1134827000.0,311916000.0,193249000.0,230258000.0,519995000.0,478300000.0,386616000.0,288763000.0,1200458000.0,347795000.0,317711000.0,230019000.0,245318000.0
root/Europe&CentralAsia/RussianFederation,root/Europe&CentralAsia,0,0,0,0,0,0,0,0,0,0,0,0,0,0,0,0,0,0,0,0,0,0,2248684000.0,385586000.0,68239000.0,30949000.0,24424000.0,26853000.0,264313000.0,35015000.0,19371000.0,311879000.0,26634000.0,506492000.0,24883000.0,10026871000.0,4902688000.0,12143695000.0,899054000.0,4426983000.0,15080994000.0,13498876000.0,2173491000.0,46522742000.0,18735646000.0,19733040000.0,12950592000.0
root/Europe&CentralAsia/Serbia,root/Europe&CentralAsia,612000.0,634000.0,101329000.0,8859000.0,15405000.0,5180000.0,34872000.0,14382000.0,7967000.0,16785000.0,646690000.0,316535000.0,15184000.0,620958000.0,2020000.0,16712000.0,726327000.0,276786000.0,227731000.0,559320000.0,891408000.0,506802000.0,0,0,0,0,0,0,0,0,0,0,0,0,0,222000.0,50002000.0,41119000.0,1471000.0,4178000.0,163152000.0,302679000.0,27488000.0,353603000.0,147878000.0,50124000.0,147660000.0
root/Europe&CentralAsia/Tajikistan,root/Europe&CentralAsia,0,0,0,0,0,0,0,0,0,0,0,0,0,0,0,0,0,0,0,0,0,0,0,68000000.0,0,0,0,0,8050000.0,4470000.0,0,0,0,15000000.0,0,0,0,0,0,0,0,0,0,0,0,0,0
root/Europe&CentralAsia/Turkey,root/Europe&CentralAsia,1072000.0,25804000.0,3355000.0,7246000.0,3546000.0,2330000.0,101595000.0,377447000.0,244483000.0,2914307000.0,445915000.0,19984000.0,320897000.0,61411000.0,236439000.0,85151000.0,713554000.0,600811000.0,1199399000.0,334950000.0,210772000.0,740192000.0,311046000.0,494037000.0,538394000.0,328766000.0,639176000.0,492298000.0,469152000.0,1890669000.0,2555756000.0,513888000.0,288247000.0,1398987000.0,17523000.0,616184000.0,163796000.0,699460000.0,526243000.0,1168559000.0,605878000.0,743828000.0,157975000.0,597732000.0,1021388000.0,766914000.0,2132555000.0
root/Europe&CentralAsia/Turkmenistan,root/Europe&CentralAsia,0,0,0,0,0,0,0,0,0,0,0,0,0,0,0,0,0,0,0,0,0,0,0,0,0,0,25324000.0,128179000.0,27793000.0,24894000.0,78200000.0,2525000.0,41965000.0,33098000.0,36423000.0,34718000.0,27072000.0,28152000.0,23505000.0,22450000.0,21568000.0,18420000.0,0,0,0,0,0
root/Europe&CentralAsia/Ukraine,root/Europe&CentralAsia,0,0,0,0,0,0,0,0,0,0,0,0,0,0,0,0,0,0,0,0,0,0,0,123091000.0,6156000.0,2291000.0,16538000.0,519957000.0,80750000.0,225429000.0,11851000.0,13657000.0,922000.0,1124000.0,1179925000.0,99565000.0,95345000.0,240562000.0,237529000.0,255086000.0,234890000.0,232142000.0,11737000.0,14286000.0,14284000.0,7142000.0,7270000.0
root/Europe&CentralAsia/Uzbekistan,root/Europe&CentralAsia,0,0,0,0,0,0,0,0,0,0,0,0,0,0,0,0,0,0,0,0,0,0,0,0,0,0,96180000.0,174230000.0,49061000.0,79914000.0,13072000.0,24289000.0,8627000.0,68274000.0,56117000.0,14999000.0,52119000.0,31159000.0,9904000.0,39450000.0,11603000.0,55256000.0,13893000.0,17008000.0,97680000.0,100563000.0,29850000.0
root/LatinAmerica&Caribbean,root,638926000.0,918933000.0,1800276000.0,3156092000.0,5544505000.0,6268100000.0,9075566000.0,8530751000.0,11115029000.0,14105546000.0,10743908000.0,15197439000.0,13785904000.0,10282536000.0,9370026000.0,4903054000.0,3707450000.0,6804288000.0,5764483000.0,3762429000.0,5229319000.0,1559814000.0,1111143000.0,2465630000.0,3182605000.0,4638002000.0,3055722000.0,3250938000.0,7048236000.0,10234407000.0,5671205000.0,6217780000.0,5273933000.0,4554844000.0,5459180000.0,1186804000.0,2303229000.0,5243937000.0,2169534000.0,5949131000.0,6088778000.0,6737121000.0,8509660000.0,18825383000.0,16212499000.0,7284044000.0,10027069000.0
root/LatinAmerica&Caribbean/Argentina,root/LatinAmerica&Caribbean,16188000.0,69576000.0,159721000.0,254609000.0,178283000.0,95168000.0,1060249000.0,312580000.0,395657000.0,1999697000.0,1692421000.0,560139000.0,135819000.0,1204540000.0,138595000.0,2565930000.0,827679000.0,1547930000.0,696033000.0,188788000.0,1158577000.0,282504000.0,18702000.0,28218000.0,5018000.0,52635000.0,39833000.0,83772000.0,132094000.0,160374000.0,159715000.0,257172000.0,7347000.0,110000.0,12000.0,240000.0,512000.0,371000.0,175000.0,2428110000.0,177772000.0,264341000.0,16602000.0,86624000.0,174612000.0,80745000.0,11659000.0
root/LatinAmerica&Caribbean/Belize,root/LatinAmerica&Caribbean,0,0,0,0,0,0,0,0,0,0,0,2000000.0,1732000.0,178000.0,1450000.0,1221000.0,1198000.0,1129000.0,7753000.0,213000.0,2341000.0,2531000.0,4492000.0,1455000.0,2302000.0,165000.0,9188000.0,9869000.0,7579000.0,59375000.0,74175000.0,79651000.0,82022000.0,47073000.0,114757000.0,82135000.0,15125000.0,493026000.0,4141000.0,3047000.0,4353000.0,3982000.0,311000.0,100000.0,0,0,0
root/LatinAmerica&Caribbean/Bolivia,root/LatinAmerica&Caribbean,1002000.0,8563000.0,22085000.0,1757000.0,47663000.0,65475000.0,134048000.0,195035000.0,91723000.0,29909000.0,5916000.0,22058000.0,9731000.0,3396000.0,3143000.0,3011000.0,450000.0,23815000.0,25000000.0,0,1625000.0,6574000.0,300000.0,578000.0,3228000.0,3728000.0,5027000.0,628000.0,4779000.0,937000.0,995000.0,13000.0,2962000.0,327000.0,1171000.0,2568000.0,1757000.0,947000.0,65435000.0,6382000.0,67057000.0,64969000.0,64811000.0,1618000.0,1593000.0,1571000.0,1193000.0
root/LatinAmerica&Caribbean/Brazil,root/LatinAmerica&Caribbean,196177000.0,334768000.0,743070000.0,1043912000.0,2048763000.0,2188592000.0,2482277000.0,2281842000.0,4909834000.0,4343219000.0,2443780000.0,5022251000.0,5103866000.0,3824179000.0,6601660000.0,426409000.0,254375000.0,22378000.0,3249846000.0,2959648000.0,752734000.0,894974000.0,178878000.0,1904713000.0,1450283000.0,3289494000.0,978725000.0,924333000.0,3880570000.0,6357892000.0,1985385000.0,2965842000.0,3321461000.0,2897254000.0,2175970000.0,314933000.0,635160000.0,2642815000.0,217957000.0,233201000.0,1975877000.0,3562880000.0,5127585000.0,3264195000.0,11027840000.0,847543000.0,3003627000.0
root/LatinAmerica&Caribbean/Colombia,root/LatinAmerica&Caribbean,69868000.0,14678000.0,94322000.0,61471000.0,48311000.0,117616000.0,6672000.0,134742000.0,11965000.0,446146000.0,449070000.0,742970000.0,473876000.0,335640000.0,372805000.0,117594000.0,838754000.0,404560000.0,302997000.0,87152000.0,34694000.0,70974000.0,279973000.0,105022000.0,889706000.0,466441000.0,62398000.0,635250000.0,365410000.0,257437000.0,369020000.0,651995000.0,524533000.0,223619000.0,146668000.0,65046000.0,48539000.0,1462822000.0,18702000.0,15460000.0,175935000.0,391247000.0,239544000.0,1964844000.0,1260519000.0,2257445000.0,1434603000.0
root/LatinAmerica&Caribbean/CostaRica,root/LatinAmerica&Caribbean,5373000.0,11544000.0,8953000.0,25110000.0,30307000.0,47884000.0,38287000.0,101349000.0,24666000.0,129365000.0,79297000.0,82547000.0,3462000.0,28107000.0,30267000.0,63358000.0,3245000.0,3327000.0,7550000.0,10934000.0,93912000.0,23880000.0,7572000.0,1523000.0,3545000.0,1650000.0,6908000.0,24215000.0,1804000.0,5103000.0,4300000.0,4642000.0,10573000.0,83248000.0,3559000.0,16878000.0,11350000.0,6601000.0,119077000.0,44432000.0,3721000.0,111085000.0,13642000.0,1004464000.0,210851000.0,51421000.0,67103000.0
root/LatinAmerica&Caribbean/Dominica,root/LatinAmerica&Caribbean,0,0,0,0,0,0,0,0,0,0,0,0,0,0,0,0,292000.0,68000.0,68000.0,63000.0,74000.0,72000.0,0,0,0,0,0,0,0,0,0,0,11196000.0,274000.0,0,37000.0,37000.0,299000.0,1724000.0,249000.0,0,140000.0,140000.0,1204000.0,1204000.0,1204000.0,1204000.0
root/LatinAmerica&Caribbean/DominicanRepublic,root/LatinAmerica&Caribbean,100000.0,700000.0,15793000.0,29400000.0,26949000.0,15149000.0,43013000.0,54197000.0,81112000.0,66017000.0,41535000.0,32673000.0,64214000.0,5126000.0,13175000.0,863000.0,11779000.0,4415000.0,4564000.0,9148000.0,0,778000.0,15278000.0,4738000.0,72150000.0,5044000.0,1460000.0,982000.0,490000.0,21810000.0,79507000.0,81547000.0,369198000.0,557273000.0,214824000.0,82530000.0,33448000.0,51303000.0,66527000.0,310254000.0,193591000.0,88817000.0,185652000.0,235567000.0,161722000.0,16391000.0,249510000.0
root/LatinAmerica&Caribbean/Ecuador,root/LatinAmerica&Caribbean,262000.0,514000.0,51221000.0,10995000.0,10069000.0,82516000.0,91434000.0,391245000.0,302660000.0,363357000.0,387202000.0,435678000.0,158117000.0,17372000.0,377150000.0,159763000.0,260984000.0,28627000.0,114686000.0,63580000.0,12220000.0,34968000.0,47242000.0,60917000.0,41512000.0,1542000.0,253515000.0,359672000.0,33559000.0,7540000.0,48258000.0,16286000.0,28077000.0,112066000.0,439185000.0,76727000.0,29358000.0,17960000.0,31297000.0,29115000.0,28895000.0,24497000.0,23951000.0,25017000.0,1257018000.0,1744686000.0,10283000.0
root/LatinAmerica&Caribbean/ElSalvador,root/LatinAmerica&Caribbean,1638000.0,735000.0,458000.0,9511000.0,60350000.0,40486000.0,15427000.0,31510000.0,1509000.0,1510000.0,969000.0,1460000.0,40152000.0,22304000.0,14721000.0,34690000.0,30350000.0,19214000.0,3189000.0,43283000.0,15664000.0,24256000.0,15743000.0,11139000.0,52393000.0,20121000.0,8489000.0,854000.0,64547000.0,7868000.0,83735000.0,6139000.0,9134000.0,13332000.0,13295000.0,14434000.0,5154000.0,28390000.0,63000000.0,1999000.0,66045000.0,17000.0,651485000.0,26784000.0,50733000.0,3403000.0,42719000.0
root/LatinAmerica&Caribbean/Grenada,root/LatinAmerica&Caribbean,0,0,0,0,0,0,0,0,0,0,0,0,1833000.0,0,181000.0,240000.0,295000.0,334000.0,227000.0,66000.0,105000.0,108000.0,20000.0,89000.0,40000.0,242000.0,192000.0,119000.0,10000.0,2490000.0,27611000.0,2611000.0,1416000.0,5980000.0,2511000.0,359000.0,7275000.0,0,0,0,4365000.0,2910000.0,0,0,0,1069000.0,1008000.0
root/LatinAmerica&Caribbean/Guatemala,root/LatinAmerica&Caribbean,19293000.0,6646000.0,6134000.0,5123000.0,15574000.0,3262000.0,2094000.0,394000.0,100000.0,6000.0,11444000.0,53122000.0,32280000.0,109776000.0,7474000.0,6581000.0,43921000.0,28217000.0,36247000.0,18727000.0,14899000.0,1056000.0,10125000.0,13896000.0,17211000.0,15712000.0,21346000.0,10401000.0,5582000.0,4465000.0,0,0,0,0,0,0,0,1645000.0,232000.0,269000.0,1547000.0,407000.0,14000.0,17243000.0,817000.0,8838000.0,2518000.0
root/LatinAmerica&Caribbean/Guyana,root/LatinAmerica&Caribbean,675000.0,0,0,12500000.0,1163000.0,49319000.0,33305000.0,7921000.0,5031000.0,1112000.0,9816000.0,10754000.0,2009000.0,2002000.0,1231000.0,269000.0,74000.0,3311000.0,0,0,7507000.0,0,0,0,0,2409000.0,6185000.0,2168000.0,2852000.0,0,0,322000.0,322000.0,693000.0,322000.0,161000.0,0,0,0,0,0,0,0,0,0,0,0
root/LatinAmerica&Caribbean/Haiti,root/LatinAmerica&Caribbean,0,0,0,0,0,0,0,2000000.0,400000.0,1325000.0,4655000.0,39799000.0,2262000.0,2691000.0,2684000.0,1179000.0,800000.0,0,0,1200000.0,0,0,0,0,0,0,0,0,0,0,0,0,0,0,0,0,0,0,0,0,0,0,0,0,0,0,0
root/LatinAmerica&Caribbean/Honduras,root/LatinAmerica&Caribbean,0,0,3000000.0,300000.0,3038000.0,754000.0,15658000.0,36360000.0,29191000.0,71677000.0,45872000.0,49594000.0,18986000.0,33508000.0,3444000.0,566000.0,5983000.0,42703000.0,3455000.0,8187000.0,17727000.0,6014000.0,25042000.0,7920000.0,8909000.0,3095000.0,19916000.0,3406000.0,1591000.0,3640000.0,14000.0,15576000.0,278000.0,6489000.0,13119000.0,2694000.0,1814000.0,1680000.0,1802000.0,2304000.0,2304000.0,2876000.0,19438000.0,79313000.0,122064000.0,4117000.0,28728000.0
root/LatinAmerica&Caribbean/Jamaica,root/LatinAmerica&Caribbean,1440000.0,6954000.0,19903000.0,96332000.0,143352000.0,139429000.0,5038000.0,5362000.0,9890000.0,26065000.0,11890000.0,4367000.0,27559000.0,33218000.0,24555000.0,12227000.0,9960000.0,10684000.0,3946000.0,8944000.0,1143000.0,5268000.0,9760000.0,32970000.0,2357000.0,30171000.0,27928000.0,12091000.0,13149000.0,125000.0,23014000.0,72504000.0,4437000.0,44861000.0,74236000.0,31091000.0,51726000.0,3174000.0,24098000.0,21065000.0,148619000.0,24660000.0,34130000.0,42790000.0,16523000.0,42740000.0,76175000.0
root/LatinAmerica&Caribbean/Mexico,root/LatinAmerica&Caribbean,165700000.0,223559000.0,306677000.0,1205719000.0,2083110000.0,2679787000.0,3736168000.0,3115821000.0,3271925000.0,3182792000.0,4180190000.0,6976302000.0,6019017000.0,2647570000.0,1194549000.0,990171000.0,489460000.0,3996197000.0,810765000.0,239743000.0,2367340000.0,129321000.0,305105000.0,128034000.0,242881000.0,67312000.0,169944000.0,228891000.0,2344192000.0,2503308000.0,2259953000.0,1762637000.0,313309000.0,45273000.0,1948702000.0,326170000.0,980162000.0,102051000.0,1117808000.0,2563268000.0,3029457000.0,1626665000.0,1915471000.0,11640268000.0,1788717000.0,1977934000.0,4890095000.0
root/LatinAmerica&Caribbean/Nicaragua,root/LatinAmerica&Caribbean,1087000.0,7082000.0,38418000.0,66080000.0,81593000.0,96567000.0,5543000.0,61796000.0,3856000.0,2606000.0,20184000.0,10193000.0,12513000.0,687000.0,939000.0,3468000.0,266000.0,4677000.0,2953000.0,1014000.0,283000.0,0,1734000.0,1075000.0,229000.0,76873000.0,8528000.0,3851000.0,8107000.0,3912000.0,752000.0,2442000.0,4969000.0,6223000.0,3108000.0,8000.0,8000.0,7000.0,8000.0,7000.0,8000.0,7000.0,8000.0,7000.0,7000.0,8000.0,7067000.0
root/LatinAmerica&Caribbean/Panama,root/LatinAmerica&Caribbean,2235000.0,43354000.0,54612000.0,87248000.0,107339000.0,126912000.0,201505000.0,154349000.0,222042000.0,57904000.0,108598000.0,81804000.0,389573000.0,89172000.0,9957000.0,36887000.0,17703000.0,40858000.0,21157000.0,23274000.0,640000.0,1534000.0,1750000.0,1691000.0,22983000.0,649000.0,15128000.0,65830000.0,43283000.0,16914000.0,139389000.0,86849000.0,55791000.0,16825000.0,14287000.0,16771000.0,17067000.0,16911000.0,156633000.0,45363000.0,4550000.0,3394000.0,113185000.0,359518000.0,80227000.0,112146000.0,118903000.0
root/LatinAmerica&Caribbean/Paraguay,root/LatinAmerica&Caribbean,1534000.0,328000.0,3281000.0,3835000.0,7173000.0,8039000.0,1071000.0,6083000.0,28231000.0,30638000.0,16189000.0,43031000.0,120187000.0,57981000.0,36369000.0,19054000.0,19042000.0,4831000.0,5548000.0,220000.0,7389000.0,31171000.0,88449000.0,28320000.0,11207000.0,1718000.0,4783000.0,5667000.0,3751000.0,390162000.0,3520000.0,3421000.0,3463000.0,7559000.0,5733000.0,15126000.0,29552000.0,28907000.0,28923000.0,41494000.0,15145000.0,33615000.0,39453000.0,38710000.0,31710000.0,12903000.0,38710000.0
root/LatinAmerica&Caribbean/Peru,root/LatinAmerica&Caribbean,22074000.0,21777000.0,92340000.0,221081000.0,478148000.0,346536000.0,306987000.0,130207000.0,103863000.0,247141000.0,197163000.0,139026000.0,604951000.0,538560000.0,381506000.0,60693000.0,1881000.0,18589000.0,11124000.0,43817000.0,59806000.0,38281000.0,41246000.0,36822000.0,36722000.0,28033000.0,540262000.0,24063000.0,23700000.0,28947000.0,96056000.0,5448000.0,7441000.0,7440000.0,8580000.0,10517000.0,9389000.0,8694000.0,22587000.0,23356000.0,20838000.0,22788000.0,22216000.0,13803000.0,13089000.0,11605000.0,12091000.0
root/LatinAmerica&Caribbean/StKittsandNevis,root/LatinAmerica&Caribbean,0,0,0,0,0,0,0,0,0,0,0,0,0,0,0,0,0,0,0,0,0,0,0,0,0,0,0,18000000.0,529000.0,4676000.0,20005000.0,49226000.0,26572000.0,2801000.0,7285000.0,13918000.0,12966000.0,13054000.0,14862000.0,11860000.0,10494000.0,0,0,0,0,0,0
root/LatinAmerica&Caribbean/StLucia,root/LatinAmerica&Caribbean,0,0,0,0,0,0,0,0,0,0,0,0,0,0,0,13000.0,2805000.0,23000.0,15000.0,359000.0,782000.0,928000.0,771000.0,528000.0,10000.0,10000.0,10000.0,9000.0,273000.0,9708000.0,775000.0,12000.0,44000.0,6047000.0,51000.0,13000.0,14000.0,0,3072000.0,0,0,0,0,0,0,0,0
root/LatinAmerica&Caribbean/StVincentandtheGrenadines,root/LatinAmerica&Caribbean,0,0,0,0,0,0,0,0,0,0,0,0,0,0,0,0,0,0,0,0,0,0,0,0,4749000.0,51000.0,0,1560000.0,400000.0,400000.0,400000.0,400000.0,640000.0,360000.0,29695000.0,29760000.0,6433000.0,6312000.0,8887000.0,7913000.0,7913000.0,7913000.0,9413000.0,5443000.0,398000.0,6387000.0,3387000.0
root/LatinAmerica&Caribbean/VenezuelaRB,root/LatinAmerica&Caribbean,134280000.0,168155000.0,180288000.0,21109000.0,173320000.0,164609000.0,896790000.0,1507958000.0,1621374000.0,3105060000.0,1037717000.0,887671000.0,563765000.0,1326529000.0,154171000.0,398867000.0,886154000.0,598401000.0,457360000.0,54069000.0,679857000.0,4622000.0,58961000.0,95982000.0,315170000.0,570907000.0,875957000.0,835307000.0,109985000.0,387324000.0,294626000.0,153045000.0,488748000.0,469717000.0,242110000.0,84688000.0,406383000.0,356968000.0,202587000.0,159983000.0,150292000.0,499911000.0,32609000.0,17871000.0,12855000.0,101888000.0,26486000.0
root/MiddleEast&NorthAfrica,root,14600000.0,66403000.0,141210000.0,933337000.0,117097000.0,1005722000.0,947066000.0,1907744000.0,2561926000.0,1357244000.0,638916000.0,950584000.0,755299000.0,663808000.0,652869000.0,452948000.0,1979797000.0,1018790000.0,1285130000.0,1041278000.0,1445301000.0,1413561000.0,698437000.0,971104000.0,734639000.0,647229000.0,970797000.0,445593000.0,1371200000.0,1668281000.0,1595109000.0,1574806000.0,1211611000.0,1405975000.0,1248188000.0,2050173000.0,1539533000.0,750287000.0,1150651000.0,1352593000.0,1337107000.0,623558000.0,257022000.0,667110000.0,1611503000.0,2654047000.0,2037449000.0
root/MiddleEast&NorthAfrica/Algeria,root/MiddleEast&NorthAfrica,14600000.0,66403000.0,134000000.0,932126000.0,6073000.0,549427000.0,556839000.0,594219000.0,1888580000.0,775054000.0,26854000.0,629067000.0,235573000.0,97961000.0,335400000.0,170956000.0,1338137000.0,561081000.0,687760000.0,549645000.0,1123832000.0,1155219000.0,317798000.0,653911000.0,281393000.0,1906000.0,64349000.0,81874000.0,471394000.0,459658000.0,438940000.0,356433000.0,83298000.0,329166000.0,354898000.0,339680000.0,992449000.0,7949000.0,14169000.0,8678000.0,9660000.0,10032000.0,10217000.0,28916000.0,5729000.0,5698000.0,4163000.0
root/MiddleEast&NorthAfrica/Djibouti,root/MiddleEast&NorthAfrica,0,0,0,0,0,0,0,0,0,0,4977000.0,0,3532000.0,1623000.0,457000.0,987000.0,1465000.0,1650000.0,1053000.0,380000.0,380000.0,0,0,0,0,0,0,0,0,0,0,0,0,0,0,0,0,0,0,0,191000.0,1877000.0,2558000.0,2625000.0,979000.0,1811000.0,23000.0
root/MiddleEast&NorthAfrica/EgyptArabRep,root/MiddleEast&NorthAfrica,0,0,7210000.0,0,102008000.0,0,9245000.0,240759000.0,9241000.0,9241000.0,57514000.0,59186000.0,140270000.0,38547000.0,38822000.0,11868000.0,13021000.0,1603000.0,143910000.0,70038000.0,141535000.0,161990000.0,144938000.0,157349000.0,58256000.0,60025000.0,85622000.0,85055000.0,122416000.0,149694000.0,74988000.0,171276000.0,12998000.0,264191000.0,93887000.0,521548000.0,184208000.0,45656000.0,347043000.0,13262000.0,153217000.0,42508000.0,5874000.0,142452000.0,41199000.0,924531000.0,576402000.0
root/MiddleEast&NorthAfrica/IranIslamicRep,root/MiddleEast&NorthAfrica,0,0,0,0,0,0,0,0,0,0,45000000.0,0,0,0,0,0,1636000.0,1351000.0,892000.0,355000.0,30000.0,1000.0,0,6296000.0,1476000.0,556000.0,67425000.0,5706000.0,457240000.0,340067000.0,203238000.0,696310000.0,618620000.0,347258000.0,403333000.0,844325000.0,273860000.0,281975000.0,646490000.0,838716000.0,573086000.0,374314000.0,125456000.0,103969000.0,111797000.0,314609000.0,1193690000.0
root/MiddleEast&NorthAfrica/Jordan,root/MiddleEast&NorthAfrica,0,0,0,1211000.0,9016000.0,13910000.0,4721000.0,106902000.0,82127000.0,18647000.0,30913000.0,51182000.0,20975000.0,207956000.0,48377000.0,134965000.0,207389000.0,228355000.0,332003000.0,152641000.0,4400000.0,29934000.0,89580000.0,85535000.0,131303000.0,134640000.0,116731000.0,98072000.0,57870000.0,38029000.0,19053000.0,0,64000.0,64000.0,64000.0,64000.0,64000.0,64000.0,5630000.0,5637000.0,12159000.0,32000.0,482000.0,524000.0,526000.0,11050000.0,488000.0
root/MiddleEast&NorthAfrica/Lebanon,root/MiddleEast&NorthAfrica,0,0,0,0,0,0,0,0,0,0,70000000.0,42677000.0,32323000.0,26784000.0,26786000.0,26784000.0,0,0,0,0,0,0,0,0,4073000.0,331121000.0,118760000.0,107591000.0,48010000.0,84613000.0,297451000.0,14524000.0,74656000.0,34834000.0,28679000.0,24697000.0,29163000.0,277724000.0,9148000.0,39417000.0,4908000.0,16606000.0,52452000.0,121598000.0,52225000.0,49001000.0,48490000.0
root/MiddleEast&NorthAfrica/Morocco,root/MiddleEast&NorthAfrica,0,0,0,0,0,442385000.0,376261000.0,766364000.0,371978000.0,497860000.0,377048000.0,167497000.0,237640000.0,196841000.0,92929000.0,2791000.0,252800000.0,106803000.0,151000.0,162337000.0,149597000.0,3049000.0,58909000.0,24920000.0,174974000.0,112740000.0,158996000.0,51842000.0,196888000.0,472401000.0,207395000.0,267291000.0,384553000.0,415031000.0,299641000.0,293374000.0,54873000.0,131094000.0,108166000.0,440647000.0,154450000.0,135051000.0,11204000.0,221734000.0,1345272000.0,1127501000.0,181506000.0
root/MiddleEast&NorthAfrica/Tunisia,root/MiddleEast&NorthAfrica,0,0,0,0,0,0,0,199500000.0,210000000.0,56442000.0,26610000.0,975000.0,84986000.0,94096000.0,110098000.0,104597000.0,95349000.0,93280000.0,62202000.0,83390000.0,25527000.0,63368000.0,87212000.0,43093000.0,83164000.0,6241000.0,358914000.0,15453000.0,15620000.0,118767000.0,353781000.0,68431000.0,37422000.0,15431000.0,67686000.0,26416000.0,4541000.0,4822000.0,18928000.0,5216000.0,428465000.0,42128000.0,47846000.0,44384000.0,53219000.0,219846000.0,32687000.0
root/MiddleEast&NorthAfrica/YemenRep,root/MiddleEast&NorthAfrica,0,0,0,0,0,0,0,0,0,0,0,0,0,0,0,0,70000000.0,24667000.0,57159000.0,22492000.0,0,0,0,0,0,0,0,0,1762000.0,5052000.0,263000.0,541000.0,0,0,0,69000.0,375000.0,1003000.0,1077000.0,1020000.0,971000.0,1010000.0,933000.0,908000.0,557000.0,0,0
root/SouthAsia,root,8682000.0,4980000.0,16692000.0,38002000.0,9833000.0,6360000.0,6432000.0,93554000.0,35766000.0,49016000.0,753657000.0,565972000.0,1302274000.0,1337173000.0,1345516000.0,1701429000.0,2154284000.0,2883846000.0,3147511000.0,2468961000.0,1866206000.0,335440000.0,1866861000.0,1305686000.0,650530000.0,180322000.0,303072000.0,1053491000.0,264873000.0,280915000.0,1965091000.0,1325799000.0,1019582000.0,865591000.0,441111000.0,205335000.0,1766718000.0,2936007000.0,772149000.0,1051176000.0,3282882000.0,2355249000.0,4533237000.0,4700054000.0,4185362000.0,6509621000.0,5895710000.0
root/SouthAsia/Bangladesh,root/SouthAsia,0,0,0,13136000.0,42000.0,3087000.0,3086000.0,3086000.0,3090000.0,830000.0,0,0,4126000.0,532000.0,484000.0,445000.0,59000.0,725000.0,1411000.0,714000.0,20434000.0,2774000.0,2774000.0,2776000.0,2342000.0,2419000.0,5601000.0,5601000.0,1208000.0,0,15053000.0,11305000.0,0,2906000.0,10051000.0,4697000.0,5186000.0,4953000.0,4876000.0,2910000.0,4861000.0,4930000.0,5000000.0,0,0,0,0
root/SouthAsia/Bhutan,root/SouthAsia,0,0,0,0,0,0,0,0,0,0,0,0,0,0,0,0,0,0,0,0,0,0,0,0,0,0,0,0,0,0,0,0,0,0,0,0,0,0,0,4913000.0,16050000.0,9078000.0,8612000.0,9270000.0,6909000.0,4356000.0,4345000.0
root/SouthAsia/India,root/SouthAsia,6780000.0,3474000.0,15468000.0,23435000.0,8887000.0,2943000.0,2622000.0,90330000.0,22944000.0,33377000.0,605683000.0,470933000.0,711451000.0,1100952000.0,1124708000.0,1539375000.0,2093909000.0,2639352000.0,2928293000.0,2419286000.0,1733834000.0,211762000.0,1708284000.0,883936000.0,178412000.0,86925000.0,216044000.0,260109000.0,92429000.0,130725000.0,1869481000.0,1072443000.0,680126000.0,572994000.0,351026000.0,90096000.0,1625765000.0,2712463000.0,483850000.0,872365000.0,3070691000.0,2293256000.0,2312981000.0,4186000000.0,1747748000.0,5314291000.0,4065637000.0
root/SouthAsia/Maldives,root/SouthAsia,0,0,0,0,0,0,0,0,0,0,0,0,0,3400000.0,4760000.0,2146000.0,307000.0,560000.0,1350000.0,2910000.0,1455000.0,19000.0,1100000.0,150000.0,640000.0,1804000.0,1318000.0,4549000.0,6690000.0,6054000.0,1862000.0,2563000.0,13967000.0,1949000.0,1900000.0,9014000.0,9554000.0,5992000.0,29064000.0,18044000.0,12635000.0,10004000.0,21426000.0,8851000.0,3273000.0,4728000.0,13788000.0
root/SouthAsia/Nepal,root/SouthAsia,0,0,0,0,0,0,0,0,0,0,0,0,0,0,0,0,2250000.0,2250000.0,0,0,0,0,0,0,0,0,0,0,0,0,0,0,0,0,0,0,0,0,0,0,0,0,0,0,0,0,0
root/SouthAsia/Pakistan,root/SouthAsia,1058000.0,706000.0,419000.0,362000.0,265000.0,177000.0,155000.0,11000.0,9606000.0,14683000.0,90956000.0,800000.0,471638000.0,173639000.0,161717000.0,152285000.0,40353000.0,173593000.0,156279000.0,2003000.0,80490000.0,80625000.0,148241000.0,409991000.0,453148000.0,50840000.0,72302000.0,698927000.0,74588000.0,64802000.0,30305000.0,170311000.0,281532000.0,182284000.0,45266000.0,15000000.0,23444000.0,3225000.0,121773000.0,50208000.0,75210000.0,0,0,0,768482000.0,1033373000.0,1803914000.0
root/SouthAsia/SriLanka,root/SouthAsia,844000.0,800000.0,805000.0,1069000.0,639000.0,153000.0,569000.0,127000.0,126000.0,126000.0,57018000.0,94239000.0,115059000.0,58650000.0,53847000.0,7178000.0,17406000.0,67366000.0,60178000.0,44048000.0,29993000.0,40260000.0,6462000.0,8833000.0,15988000.0,38334000.0,7807000.0,84305000.0,89958000.0,79334000.0,48390000.0,69177000.0,43957000.0,105458000.0,32868000.0,86528000.0,102769000.0,209374000.0,132586000.0,102736000.0,103435000.0,37981000.0,2185218000.0,495933000.0,1658950000.0,152873000.0,8026000.0
root/Sub-SaharanAfrica,root,19271000.0,133610000.0,167630000.0,475372000.0,344648000.0,345960000.0,460121000.0,681372000.0,2152639000.0,1805106000.0,1925672000.0,2091310000.0,2443644000.0,430680000.0,1242133000.0,1535162000.0,984218000.0,638272000.0,680185000.0,676755000.0,663293000.0,784208000.0,255095000.0,670270000.0,900819000.0,981632000.0,1220471000.0,756229000.0,704191000.0,352096000.0,900822000.0,1208558000.0,179310000.0,1228901000.0,1824753000.0,2837799000.0,2462240000.0,2274549000.0,3193896000.0,2395542000.0,3293534000.0,3417562000.0,3828638000.0,5345924000.0,3824815000.0,5297491000.0,2628271000.0
root/Sub-SaharanAfrica/Angola,root/Sub-SaharanAfrica,0,0,0,0,0,0,0,0,0,0,0,0,0,0,0,0,0,0,0,10346000.0,8020000.0,6550000.0,4036000.0,15934000.0,251517000.0,287804000.0,274969000.0,504463000.0,152976000.0,59448000.0,138641000.0,59683000.0,18393000.0,716857000.0,1016128000.0,1581354000.0,1139914000.0,1308107000.0,2559497000.0,372324000.0,1761335000.0,486513000.0,259950000.0,1830397000.0,1697339000.0,1507999000.0,1226756000.0
root/Sub-SaharanAfrica/Benin,root/Sub-SaharanAfrica,0,98000.0,0,32000.0,34000.0,34000.0,0,0,0,0,0,0,3751000.0,629000.0,748000.0,622000.0,742000.0,434000.0,0,0,0,0,0,0,0,0,0,0,0,0,0,0,0,0,0,0,0,0,0,0,0,0,0,0,0,0,51347000.0
root/Sub-SaharanAfrica/Botswana,root/Sub-SaharanAfrica,0,0,0,0,0,0,0,0,0,0,0,0,30000000.0,5000000.0,10000000.0,14878000.0,115000.0,1341000.0,828000.0,252000.0,162000.0,156000.0,167000.0,30242000.0,158000.0,4542000.0,4326000.0,4481000.0,4417000.0,10516000.0,2469000.0,1603000.0,1603000.0,1603000.0,161000.0,1601000.0,1604000.0,1604000.0,3850000.0,0,0,0,0,0,0,0,0
root/Sub-SaharanAfrica/BurkinaFaso,root/Sub-SaharanAfrica,0,0,0,0,0,0,0,0,768000.0,278000.0,121000.0,132000.0,109000.0,94000.0,2118000.0,280000.0,480000.0,400000.0,400000.0,200000.0,0,600000.0,0,0,0,0,0,0,0,0,0,0,0,0,0,0,0,0,0,0,0,0,0,0,0,0,0
root/Sub-SaharanAfrica/Burundi,root/Sub-SaharanAfrica,16000.0,16000.0,37000.0,21000.0,0,4102000.0,587000.0,312000.0,2237000.0,936000.0,1379000.0,1012000.0,156000.0,9558000.0,11516000.0,2632000.0,5387000.0,6061000.0,5362000.0,4603000.0,5240000.0,1197000.0,0,0,0,0,0,0,0,0,0,0,0,0,0,0,0,0,0,5000000.0,0,0,625000.0,0,0,0,0
root/Sub-SaharanAfrica/CaboVerde,root/Sub-SaharanAfrica,0,0,0,0,0,0,0,0,0,0,0,0,0,0,0,0,0,0,0,0,0,0,0,0,0,0,0,0,0,0,0,170000.0,71000.0,1808000.0,471000.0,471000.0,505000.0,648000.0,719000.0,120000.0,49532000.0,25404000.0,43009000.0,64413000.0,95515000.0,28567000.0,16396000.0
root/Sub-SaharanAfrica/Cameroon,root/Sub-SaharanAfrica,0,0,0,0,10000000.0,1052000.0,30948000.0,6268000.0,28307000.0,29156000.0,96742000.0,30255000.0,29647000.0,1516000.0,9040000.0,13720000.0,17763000.0,2416000.0,114634000.0,106186000.0,17058000.0,5379000.0,79000.0,15719000.0,22856000.0,25466000.0,28544000.0,7942000.0,6634000.0,4000000.0,4000000.0,0,0,10747000.0,0,0,1415000.0,15985000.0,60000.0,7787000.0,6126000.0,3922000.0,20248000.0,41201000.0,4932000.0,77906000.0,6438000.0
root/Sub-SaharanAfrica/Chad,root/Sub-SaharanAfrica,25000.0,133000.0,141000.0,0,0,0,0,0,0,504000.0,0,0,0,0,0,0,0,0,0,0,0,0,0,0,0,0,0,0,0,0,0,0,0,0,0,0,0,0,0,0,0,0,0,1000.0,3000.0,0,0
root/Sub-SaharanAfrica/Comoros,root/Sub-SaharanAfrica,0,0,0,0,0,0,0,0,0,0,0,0,621000.0,139000.0,115000.0,112000.0,145000.0,0,0,0,0,0,0,0,0,0,0,0,0,0,0,0,0,0,0,0,0,0,0,0,0,0,0,0,0,0,0
root/Sub-SaharanAfrica/CongoDemRep,root/Sub-SaharanAfrica,0,77982000.0,89148000.0,189081000.0,95356000.0,6076000.0,36118000.0,78930000.0,4225000.0,4390000.0,48966000.0,9422000.0,2004000.0,918000.0,246000.0,22384000.0,14836000.0,14145000.0,10556000.0,8613000.0,4689000.0,3549000.0,0,0,0,0,0,0,0,0,0,0,0,690000.0,0,0,76000.0,76000.0,76000.0,76000.0,78000.0,0,0,0,0,2525000.0,2523000.0
root/Sub-SaharanAfrica/CongoRep,root/Sub-SaharanAfrica,0,0,0,310000.0,778000.0,240000.0,2453000.0,1319000.0,1169000.0,22950000.0,276958000.0,143453000.0,253758000.0,45810000.0,76813000.0,28009000.0,17370000.0,82866000.0,78866000.0,35303000.0,81194000.0,182103000.0,39155000.0,381169000.0,116889000.0,45714000.0,0,0,0,0,0,92000.0,98000.0,0,6000.0,0,0,0,0,33723000.0,12036000.0,89902000.0,119857000.0,109972000.0,48784000.0,348000.0,348000.0
root/Sub-SaharanAfrica/CotedIvoire,root/Sub-SaharanAfrica,5133000.0,34114000.0,9155000.0,93211000.0,9577000.0,109591000.0,78542000.0,326131000.0,353647000.0,248237000.0,332493000.0,396742000.0,560605000.0,41615000.0,8488000.0,66794000.0,41934000.0,55122000.0,6619000.0,8749000.0,23390000.0,10808000.0,10293000.0,44378000.0,4962000.0,4092000.0,3274000.0,0,0,52000.0,0,0,20000.0,0,652000.0,33000.0,282000.0,0,0,0,55000.0,94000.0,1166075000.0,1216079000.0,49915000.0,945000.0,46642000.0
root/Sub-SaharanAfrica/Ethiopia,root/Sub-SaharanAfrica,24000.0,23000.0,23000.0,2493000.0,3500000.0,1200000.0,1200000.0,1200000.0,1166000.0,9372000.0,588000.0,14741000.0,2239000.0,4645000.0,88290000.0,8849000.0,12162000.0,58859000.0,49203000.0,35608000.0,44886000.0,177717000.0,76369000.0,35982000.0,35122000.0,39363000.0,225753000.0,2019000.0,5046000.0,4037000.0,4037000.0,4632000.0,4037000.0,2412000.0,0,0,594000.0,0,0,0,299607000.0,428720000.0,535193000.0,245855000.0,62448000.0,558782000.0,20666000.0
root/Sub-SaharanAfrica/Gabon,root/Sub-SaharanAfrica,45000.0,9090000.0,24872000.0,80906000.0,56191000.0,181602000.0,239503000.0,126216000.0,70855000.0,145945000.0,90453000.0,139679000.0,130801000.0,93348000.0,97166000.0,56343000.0,25290000.0,624000.0,49206000.0,3230000.0,2940000.0,5421000.0,11929000.0,140000.0,2595000.0,26065000.0,30721000.0,4762000.0,4770000.0,9323000.0,6538000.0,21919000.0,13203000.0,30975000.0,33888000.0,27955000.0,10075000.0,30675000.0,22938000.0,85268000.0,186478000.0,207070000.0,109008000.0,154948000.0,135636000.0,43350000.0,53745000.0
root/Sub-SaharanAfrica/GambiaThe,root/Sub-SaharanAfrica,0,0,0,0,0,0,0,0,0,450000.0,6926000.0,75000.0,1823000.0,1754000.0,0,117000.0,43000.0,2000000.0,141000.0,0,3000000.0,4001000.0,4001000.0,4001000.0,4001000.0,0,0,0,0,0,310000.0,300000.0,0,0,282000.0,283000.0,0,0,1520000.0,786000.0,3179000.0,2242000.0,5259000.0,908000.0,824000.0,1801000.0,1799000.0
root/Sub-SaharanAfrica/Ghana,root/Sub-SaharanAfrica,0,5000.0,1212000.0,808000.0,981000.0,808000.0,808000.0,808000.0,20697000.0,0,21500000.0,0,0,0,0,0,75000000.0,15000000.0,38346000.0,46696000.0,7476000.0,3572000.0,379000.0,987000.0,29194000.0,84778000.0,53195000.0,3115000.0,15098000.0,24004000.0,9295000.0,71745000.0,21690000.0,16550000.0,62630000.0,45710000.0,30104000.0,71102000.0,53605000.0,223219000.0,236663000.0,409851000.0,137918000.0,562042000.0,495389000.0,422344000.0,263557000.0
root/Sub-SaharanAfrica/Guinea,root/Sub-SaharanAfrica,0,0,0,0,0,0,0,0,5219000.0,0,3708000.0,4806000.0,4494000.0,4287000.0,2272000.0,0,0,0,9563000.0,3264000.0,7271000.0,0,0,0,0,0,0,10601000.0,16900000.0,0,0,0,0,0,1243000.0,1246000.0,1256000.0,2227000.0,0,0,0,0,0,0,0,0,0
root/Sub-SaharanAfrica/GuineaBissau,root/Sub-SaharanAfrica,0,0,0,0,0,0,0,0,2500000.0,0,357000.0,714000.0,714000.0,357000.0,358000.0,0,0,0,0,0,0,0,0,0,0,0,0,0,0,0,0,0,0,0,0,0,0,0,0,0,0,0,0,0,0,0,0
root/Sub-SaharanAfrica/Kenya,root/Sub-SaharanAfrica,67000.0,63000.0,15332000.0,3106000.0,426000.0,703000.0,2912000.0,8951000.0,6279000.0,168725000.0,189174000.0,62565000.0,18508000.0,6211000.0,21784000.0,43083000.0,112046000.0,123386000.0,25877000.0,115564000.0,4885000.0,230638000.0,10399000.0,37820000.0,162888000.0,92406000.0,99368000.0,54544000.0,38449000.0,17986000.0,30891000.0,74557000.0,6976000.0,49953000.0,41285000.0,43853000.0,59282000.0,8625000.0,12937000.0,296000.0,892000.0,13368000.0,672961000.0,2792000.0,604142000.0,760049000.0,130006000.0
root/Sub-SaharanAfrica/Lesotho,root/Sub-SaharanAfrica,0,0,0,0,0,0,0,0,0,0,2000000.0,6750000.0,2500000.0,2500000.0,2500000.0,1050000.0,50000.0,50000.0,34000.0,3493000.0,2437000.0,5150000.0,284000.0,488000.0,1272000.0,13910000.0,30634000.0,21516000.0,25003000.0,8673000.0,4833000.0,4607000.0,7916000.0,5995000.0,8492000.0,33159000.0,7953000.0,5238000.0,3059000.0,592000.0,194000.0,201000.0,186000.0,196000.0,188000.0,4332000.0,162000.0
root/Sub-SaharanAfrica/Liberia,root/Sub-SaharanAfrica,0,0,0,0,0,0,0,30000000.0,33880000.0,59873000.0,2910000.0,1837000.0,5046000.0,1030000.0,0,0,0,0,0,0,0,0,0,0,0,0,0,0,0,0,0,0,0,0,0,0,0,0,0,0,0,0,0,0,0,0,0
root/Sub-SaharanAfrica/Madagascar,root/Sub-SaharanAfrica,88000.0,2383000.0,2293000.0,630000.0,479000.0,480000.0,472000.0,6348000.0,5463000.0,71742000.0,50301000.0,25822000.0,14828000.0,6268000.0,884000.0,1331000.0,46207000.0,17879000.0,13505000.0,11432000.0,10413000.0,2659000.0,2085000.0,1331000.0,1169000.0,706000.0,1981000.0,467000.0,455000.0,436000.0,378000.0,1911000.0,0,0,1088000.0,1016000.0,3198000.0,428000.0,100000.0,24000.0,0,22000.0,2977000.0,2880000.0,2184000.0,62943000.0,7646000.0
root/Sub-SaharanAfrica/Malawi,root/Sub-SaharanAfrica,13000.0,179000.0,13000.0,5471000.0,980000.0,11147000.0,21882000.0,26113000.0,41384000.0,24160000.0,17456000.0,5391000.0,15352000.0,12858000.0,23171000.0,29671000.0,29335000.0,8418000.0,0,0,0,0,8525000.0,8204000.0,8204000.0,10454000.0,0,0,0,0,0,0,0,0,1914000.0,2416000.0,1424000.0,920000.0,0,0,0,0,0,0,2980000.0,1928000.0,0
root/Sub-SaharanAfrica/Mali,root/Sub-SaharanAfrica,0,0,0,0,0,0,0,0,6234000.0,941000.0,3966000.0,2095000.0,3017000.0,230000.0,1659000.0,1141000.0,1874000.0,1421000.0,392000.0,157000.0,183000.0,0,0,651000.0,0,0,0,0,0,0,0,0,0,0,1803000.0,3169000.0,1474000.0,1011000.0,1073000.0,1498000.0,1126000.0,1288000.0,470000.0,1048000.0,859000.0,582000.0,334000.0
root/Sub-SaharanAfrica/Mauritania,root/Sub-SaharanAfrica,0,0,0,15788000.0,1340000.0,1685000.0,2993000.0,3913000.0,17977000.0,14004000.0,4526000.0,12234000.0,1638000.0,145000.0,95000.0,1950000.0,4094000.0,1827000.0,0,5568000.0,0,0,0,0,0,0,0,0,0,0,0,2032000.0,3691000.0,3388000.0,211000.0,14084000.0,1711000.0,1496000.0,6475000.0,1347000.0,11198000.0,1178000.0,0,0,0,0,0
root/Sub-SaharanAfrica/Mauritius,root/Sub-SaharanAfrica,705000.0,1988000.0,0,0,0,0,0,0,40307000.0,50299000.0,47805000.0,8562000.0,21242000.0,42444000.0,4633000.0,21676000.0,10501000.0,349000.0,54591000.0,2001000.0,3903000.0,94000.0,8019000.0,2978000.0,88167000.0,137088000.0,18076000.0,67645000.0,50364000.0,62965000.0,70300000.0,39337000.0,70399000.0,35158000.0,48465000.0,20501000.0,47710000.0,38371000.0,22995000.0,9122000.0,42777000.0,9884000.0,875000.0,10269000.0,9117000.0,6508000.0,5090000.0
root/Sub-SaharanAfrica/Mozambique,root/Sub-SaharanAfrica,0,0,0,0,0,0,0,0,0,0,0,0,0,0,107321000.0,768000.0,8882000.0,19467000.0,4069000.0,909000.0,3403000.0,14609000.0,2210000.0,3338000.0,515000.0,0,115000.0,8000.0,0,442000.0,674000.0,0,0,0,0,0,0,0,0,0,50606000.0,139130000.0,27908000.0,18133000.0,401244000.0,498895000.0,131354000.0
root/Sub-SaharanAfrica/Niger,root/Sub-SaharanAfrica,0,0,0,0,0,0,640000.0,240000.0,5322000.0,8836000.0,54815000.0,50491000.0,2968000.0,9730000.0,3328000.0,1570000.0,3142000.0,3428000.0,7571000.0,8783000.0,5319000.0,18499000.0,0,0,0,0,0,0,0,0,0,0,0,0,0,0,0,0,0,0,0,0,0,0,0,0,0
root/Sub-SaharanAfrica/Nigeria,root/Sub-SaharanAfrica,3002000.0,962000.0,14960000.0,5687000.0,5251000.0,4039000.0,12818000.0,5389000.0,1396729000.0,775615000.0,491113000.0,732077000.0,943704000.0,80884000.0,644190000.0,1117812000.0,426420000.0,125595000.0,136983000.0,129284000.0,388041000.0,53667000.0,0,0,0,0,0,0,0,0,0,0,0,3442000.0,942000.0,23328000.0,32413000.0,18200000.0,23564000.0,18390000.0,0,0,0,0,0,0,0
root/Sub-SaharanAfrica/SaoTomeandPrincipe,root/Sub-SaharanAfrica,0,0,0,0,0,0,0,0,0,0,0,0,0,0,5000000.0,0,0,0,0,0,0,0,0,0,0,0,0,0,0,0,0,0,0,0,0,0,0,0,0,0,0,0,0,0,0,0,0
root/Sub-SaharanAfrica/Senegal,root/Sub-SaharanAfrica,0,0,0,35900000.0,9632000.0,5410000.0,8818000.0,31073000.0,36258000.0,19256000.0,35297000.0,13267000.0,1102000.0,16260000.0,10224000.0,7048000.0,28291000.0,12312000.0,35759000.0,34119000.0,7878000.0,14185000.0,11960000.0,4512000.0,3089000.0,12444000.0,5620000.0,170000.0,0,0,4789000.0,6974000.0,798000.0,17000.0,1743000.0,2487000.0,1571000.0,4462000.0,2714000.0,2651000.0,1782000.0,0,1963000.0,0,10203000.0,0,0
root/Sub-SaharanAfrica/SierraLeone,root/Sub-SaharanAfrica,742000.0,634000.0,1939000.0,613000.0,14917000.0,1211000.0,77000.0,1109000.0,1815000.0,12253000.0,4056000.0,7014000.0,1218000.0,2192000.0,880000.0,1348000.0,409000.0,0,0,0,0,0,0,0,0,28397000.0,0,0,0,0,0,0,0,0,0,0,0,0,0,0,0,0,0,0,0,0,0
root/Sub-SaharanAfrica/Somalia,root/Sub-SaharanAfrica,498000.0,502000.0,533000.0,533000.0,307000.0,307000.0,30000.0,0,0,0,0,0,0,0,0,0,0,0,0,0,0,0,0,0,0,0,0,0,0,0,0,0,0,0,0,0,0,0,0,0,0,0,0,0,0,0,0
root/Sub-SaharanAfrica/SouthAfrica,root/Sub-SaharanAfrica,0,0,0,0,0,0,0,0,0,0,0,0,0,0,0,0,0,0,0,0,0,0,0,0,154398000.0,110840000.0,415288000.0,26109000.0,357573000.0,106612000.0,529226000.0,904032000.0,26202000.0,325972000.0,594024000.0,1012123000.0,1107333000.0,761666000.0,477620000.0,1632536000.0,628536000.0,1301338000.0,718666000.0,291470000.0,168294000.0,1300742000.0,562181000.0
root/Sub-SaharanAfrica/Sudan,root/Sub-SaharanAfrica,3399000.0,2472000.0,4717000.0,28242000.0,129406000.0,13461000.0,5970000.0,1375000.0,5213000.0,31761000.0,104324000.0,182886000.0,121929000.0,0,321000.0,0,0,0,0,0,0,0,0,0,0,0,0,0,0,0,87142000.0,0,0,0,0,0,0,0,0,0,0,0,0,0,0,0,0
root/Sub-SaharanAfrica/Swaziland,root/Sub-SaharanAfrica,931000.0,1708000.0,2397000.0,7316000.0,2460000.0,1091000.0,6000.0,6000.0,27511000.0,1654000.0,2503000.0,4901000.0,4796000.0,4651000.0,5247000.0,1528000.0,2369000.0,10978000.0,213000.0,213000.0,215000.0,0,0,0,0,0,0,32586000.0,0,0,0,0,2602000.0,2314000.0,680000.0,100000.0,654000.0,625000.0,540000.0,527000.0,602000.0,580000.0,519000.0,437000.0,406000.0,174000.0,0
root/Sub-SaharanAfrica/Tanzania,root/Sub-SaharanAfrica,0,0,0,0,0,0,247000.0,147000.0,12358000.0,11010000.0,8579000.0,11559000.0,13794000.0,12212000.0,47000.0,18000.0,133000.0,254000.0,8483000.0,7176000.0,4345000.0,2632000.0,6975000.0,2312000.0,1226000.0,5004000.0,3088000.0,1424000.0,1486000.0,4250000.0,5354000.0,7420000.0,1000000.0,19682000.0,5142000.0,19084000.0,10972000.0,2297000.0,0,0,130000.0,296855000.0,4971000.0,788516000.0,33349000.0,4049000.0,70260000.0
root/Sub-SaharanAfrica/Togo,root/Sub-SaharanAfrica,0,0,0,1148000.0,235000.0,248000.0,11308000.0,18936000.0,21011000.0,31447000.0,2156000.0,2728000.0,801000.0,1765000.0,7258000.0,9140000.0,11382000.0,3559000.0,1844000.0,0,120000.0,0,0,0,0,0,0,6065000.0,0,0,0,0,0,0,0,0,0,0,0,0,0,0,0,0,0,11585000.0,1021000.0
root/Sub-SaharanAfrica/Uganda,root/Sub-SaharanAfrica,4583000.0,1258000.0,858000.0,4076000.0,2798000.0,1473000.0,562000.0,0,1368000.0,1037000.0,16503000.0,16000.0,16484000.0,2257000.0,14678000.0,4767000.0,2138000.0,5150000.0,17900000.0,24766000.0,9557000.0,14186000.0,3275000.0,1679000.0,5751000.0,6592000.0,6027000.0,1434000.0,1061000.0,1360000.0,1297000.0,3294000.0,611000.0,711000.0,716000.0,712000.0,720000.0,786000.0,554000.0,256000.0,199000.0,0,0,0,0,0,0
root/Sub-SaharanAfrica/Zambia,root/Sub-SaharanAfrica,0,0,0,0,0,0,1227000.0,6588000.0,2740000.0,60275000.0,5422000.0,4268000.0,15768000.0,1663000.0,4338000.0,0,0,2000.0,16000.0,16000.0,18000.0,3000000.0,0,0,2503000.0,6094000.0,825000.0,4547000.0,292000.0,1813000.0,162000.0,332000.0,0,0,0,0,0,0,0,0,0,0,0,0,0,0,30000000.0
root/Sub-SaharanAfrica/Zimbabwe,root/Sub-SaharanAfrica,0,0,0,0,0,0,0,0,0,0,2575000.0,215816000.0,218227000.0,17710000.0,77405000.0,76521000.0,85678000.0,64929000.0,9224000.0,70224000.0,17250000.0,23836000.0,54955000.0,78405000.0,4343000.0,39873000.0,18667000.0,2331000.0,23667000.0,36179000.0,486000.0,3918000.0,0,627000.0,2787000.0,3114000.0,0,0,0,0,403000.0,0,0,4367000.0,1064000.0,1137000.0,0
