root/EastAsia&Pacific,root,67502000.0,104889000.0,136694000.0,192588000.0,286547000.0,529187000.0,678590000.0,694751000.0,803103000.0,985116000.0,1225520000.0,1750094000.0,1971633000.0,2582844000.0,2497820000.0,2602662000.0,2630854000.0,3511894000.0,4364996000.0,4485477000.0,4710586000.0,5056478000.0,4724378000.0,5845796000.0,5944354000.0,6129660000.0,6183109000.0,7074719000.0,8059036000.0,7051940000.0,6947240000.0,5551372000.0,5257412000.0,5080474000.0,4323534000.0,5160146000.0,5933212000.0,6719293000.0,7818164000.0,10078842000.0,8666195000.0,8480383000.0,9176167000.0,8723867000.0,8651561000.0,11145726000.0,9503524000.0,7230347000.0
root/EastAsia&Pacific/Cambodia,root/EastAsia&Pacific,0,0,0,0,0,0,0,0,0,0,0,0,0,0,0,0,0,0,0,0,0,0,0,5365000.0,50247000.0,60557000.0,76676000.0,40368000.0,47268000.0,47657000.0,77510000.0,85451000.0,124115000.0,142284000.0,119161000.0,129869000.0,79218000.0,77880000.0,145341000.0,91574000.0,79503000.0,102302000.0,81645000.0,142955000.0,116025000.0,114723000.0,163148000.0,170462000.0
root/EastAsia&Pacific/China,root/EastAsia&Pacific,0,0,0,0,0,0,0,0,0,0,0,0,883000.0,77814000.0,207849000.0,598866000.0,620267000.0,717452000.0,1123694000.0,1169438000.0,1157703000.0,1455228000.0,1522891000.0,2252090000.0,2558479000.0,2837910000.0,2797148000.0,2939034000.0,2829858000.0,2395761000.0,3303200000.0,2574522000.0,2627758000.0,2308191000.0,1756869000.0,2010364000.0,2153410000.0,2424987000.0,2870419000.0,2657117000.0,2623451000.0,2840921000.0,2573546000.0,2344330000.0,2799713000.0,2678029000.0,3008427000.0,2872726000.0
root/EastAsia&Pacific/Fiji,root/EastAsia&Pacific,0,657000.0,9000.0,5226000.0,6698000.0,6601000.0,6702000.0,6883000.0,2969000.0,12730000.0,23233000.0,22909000.0,27721000.0,39965000.0,16653000.0,3932000.0,10693000.0,15645000.0,33122000.0,8470000.0,13236000.0,21197000.0,16510000.0,10173000.0,16909000.0,15198000.0,8646000.0,9142000.0,6478000.0,3140000.0,5609000.0,4425000.0,4707000.0,9200000.0,9453000.0,14074000.0,9682000.0,12624000.0,9969000.0,5266000.0,16693000.0,21385000.0,18115000.0,16307000.0,10688000.0,993000.0,51114000.0,2875000.0
root/EastAsia&Pacific/Indonesia,root/EastAsia&Pacific,3859000.0,27553000.0,36007000.0,74679000.0,87611000.0,183913000.0,291173000.0,267682000.0,215943000.0,279050000.0,431446000.0,475340000.0,716110000.0,716114000.0,998820000.0,951462000.0,1048268000.0,1744516000.0,2199586000.0,1964114000.0,1794066000.0,2083089000.0,1648273000.0,1871113000.0,1853860000.0,1776897000.0,1695458000.0,1586006000.0,2368802000.0,2556712000.0,1750386000.0,1125674000.0,1197634000.0,855554000.0,1155711000.0,1666883000.0,1876196000.0,2134307000.0,2841707000.0,3020489000.0,3185774000.0,1987240000.0,2044434000.0,1790956000.0,1637002000.0,3871951000.0,2948959000.0,802350000.0
root/EastAsia&Pacific/LaoPDR,root/EastAsia&Pacific,0,463000.0,89000.0,1750000.0,663000.0,2757000.0,545000.0,2195000.0,2417000.0,6505000.0,7095000.0,8438000.0,8162000.0,8452000.0,11592000.0,9087000.0,15043000.0,10987000.0,20893000.0,67857000.0,77648000.0,43503000.0,54456000.0,77462000.0,57937000.0,92864000.0,155159000.0,133547000.0,96063000.0,75511000.0,78158000.0,96602000.0,85189000.0,107287000.0,92918000.0,128833000.0,114300000.0,115931000.0,82203000.0,64288000.0,65455000.0,21263000.0,9141000.0,34306000.0,27615000.0,24829000.0,34770000.0,96960000.0
root/EastAsia&Pacific/Malaysia,root/EastAsia&Pacific,21754000.0,20955000.0,34388000.0,29748000.0,57943000.0,73759000.0,92535000.0,113536000.0,104662000.0,109886000.0,118453000.0,148314000.0,184738000.0,182014000.0,133455000.0,106934000.0,106864000.0,158839000.0,168892000.0,198689000.0,273106000.0,305843000.0,224093000.0,216908000.0,197753000.0,135179000.0,128193000.0,137477000.0,385675000.0,71087000.0,60588000.0,89809000.0,89952000.0,122248000.0,42660000.0,36111000.0,30175000.0,21063000.0,12921000.0,8233000.0,5447000.0,2821000.0,1060000.0,424000.0,170000.0,0,0,0
root/EastAsia&Pacific/Mongolia,root/EastAsia&Pacific,0,0,0,0,0,0,0,0,0,0,0,0,0,0,0,0,0,0,0,0,0,0,44313000.0,14702000.0,38907000.0,58254000.0,46766000.0,107993000.0,52738000.0,63671000.0,47250000.0,54618000.0,41940000.0,72431000.0,92748000.0,48492000.0,48998000.0,51937000.0,43149000.0,113396000.0,39250000.0,67465000.0,45552000.0,31982000.0,53196000.0,137384000.0,115979000.0,143597000.0
root/EastAsia&Pacific/Myanmar,root/EastAsia&Pacific,0,0,0,0,4282000.0,21669000.0,27492000.0,40047000.0,81747000.0,66538000.0,38368000.0,71896000.0,87657000.0,74205000.0,117860000.0,63539000.0,98865000.0,91554000.0,107487000.0,82057000.0,67992000.0,37973000.0,20812000.0,14221000.0,12171000.0,160000.0,458000.0,0,0,30000.0,635000.0,1598000.0,1356000.0,872000.0,524000.0,366000.0,0,251000.0,101000.0,40000.0,0,0,931134000.0,0,17617000.0,92691000.0,164709000.0,305890000.0
root/EastAsia&Pacific/PapuaNewGuinea,root/EastAsia&Pacific,1490000.0,6124000.0,11823000.0,11304000.0,16519000.0,19134000.0,11760000.0,15591000.0,14776000.0,18402000.0,36181000.0,34150000.0,29941000.0,97121000.0,37385000.0,34816000.0,34640000.0,114919000.0,69687000.0,77480000.0,179947000.0,136924000.0,40400000.0,52324000.0,65063000.0,55029000.0,33244000.0,72339000.0,43740000.0,46349000.0,66792000.0,111402000.0,26187000.0,21361000.0,28576000.0,41149000.0,47797000.0,39475000.0,25759000.0,33269000.0,36898000.0,38585000.0,118364000.0,209565000.0,151326000.0,153023000.0,150500000.0,155333000.0
root/EastAsia&Pacific/Philippines,root/EastAsia&Pacific,17323000.0,26728000.0,21843000.0,26377000.0,60808000.0,137611000.0,149286000.0,135989000.0,210667000.0,302255000.0,320786000.0,573872000.0,389158000.0,808004000.0,495533000.0,391213000.0,340551000.0,405038000.0,423886000.0,653842000.0,853607000.0,657932000.0,845310000.0,973002000.0,611752000.0,620595000.0,727741000.0,630972000.0,653981000.0,314753000.0,386006000.0,460223000.0,403674000.0,568103000.0,325427000.0,381488000.0,974117000.0,807793000.0,860124000.0,1703200000.0,491079000.0,1257130000.0,1060184000.0,633718000.0,1192514000.0,1887185000.0,956151000.0,550538000.0
root/EastAsia&Pacific/Samoa,root/EastAsia&Pacific,2400000.0,0,0,196000.0,230000.0,2861000.0,2706000.0,4421000.0,5932000.0,4338000.0,10507000.0,5155000.0,5819000.0,4213000.0,7254000.0,1453000.0,1827000.0,3499000.0,3091000.0,3986000.0,15000000.0,23786000.0,12179000.0,15871000.0,9475000.0,6566000.0,2027000.0,1865000.0,2801000.0,0,6650000.0,3286000.0,2800000.0,4860000.0,5197000.0,10370000.0,7282000.0,9283000.0,5946000.0,8513000.0,47736000.0,13178000.0,23459000.0,7882000.0,3892000.0,9506000.0,4774000.0,4791000.0
root/EastAsia&Pacific/SolomonIslands,root/EastAsia&Pacific,0,0,0,0,0,0,0,0,464000.0,2479000.0,3960000.0,4183000.0,4118000.0,5064000.0,4235000.0,3376000.0,3789000.0,5108000.0,7738000.0,6555000.0,5178000.0,3330000.0,3352000.0,4521000.0,2804000.0,4815000.0,4540000.0,3306000.0,18248000.0,8628000.0,1370000.0,1572000.0,255000.0,405000.0,2174000.0,5302000.0,4438000.0,4461000.0,73000.0,10000.0,0,0,0,0,0,2112000.0,13114000.0,7689000.0
root/EastAsia&Pacific/Thailand,root/EastAsia&Pacific,20676000.0,22409000.0,32535000.0,43308000.0,51793000.0,80882000.0,96391000.0,108407000.0,163526000.0,182933000.0,235491000.0,386503000.0,500139000.0,559423000.0,463580000.0,428354000.0,342859000.0,238767000.0,201392000.0,246399000.0,262555000.0,260420000.0,283005000.0,333674000.0,330955000.0,357980000.0,284392000.0,1061766000.0,1142459000.0,1118527000.0,750896000.0,504129000.0,179942000.0,72665000.0,57246000.0,43348000.0,36417000.0,2138000.0,1629000.0,12811000.0,5323000.0,101275000.0,313374000.0,900913000.0,28542000.0,23604000.0,2881000.0,110000.0
root/EastAsia&Pacific/Tonga,root/EastAsia&Pacific,0,0,0,0,0,0,0,0,0,0,0,0,0,0,0,1311000.0,912000.0,2140000.0,4022000.0,1626000.0,3260000.0,1992000.0,2219000.0,3323000.0,7668000.0,6204000.0,3872000.0,3940000.0,6488000.0,2389000.0,2984000.0,218000.0,5200000.0,8728000.0,1221000.0,4530000.0,2810000.0,4451000.0,705000.0,1580000.0,1000000.0,0,0,0,5107000.0,2184000.0,7054000.0,2989000.0
root/EastAsia&Pacific/Vanuatu,root/EastAsia&Pacific,0,0,0,0,0,0,0,0,0,0,0,0,0,157000.0,598000.0,623000.0,749000.0,3026000.0,1506000.0,4964000.0,3288000.0,9261000.0,3495000.0,1047000.0,1575000.0,1406000.0,964000.0,832000.0,12055000.0,5651000.0,14249000.0,2799000.0,512000.0,10000.0,0,0,0,0,0,0,0,0,0,0,33000.0,3426000.0,8258000.0,21033000.0
root/EastAsia&Pacific/Vietnam,root/EastAsia&Pacific,0,0,0,0,0,0,0,0,0,0,0,19334000.0,17187000.0,10298000.0,3006000.0,7696000.0,5527000.0,404000.0,0,0,4000000.0,16000000.0,3070000.0,0,128799000.0,100046000.0,217825000.0,346132000.0,392382000.0,342074000.0,394957000.0,435044000.0,466191000.0,786275000.0,633649000.0,638967000.0,548372000.0,1012712000.0,918118000.0,2359056000.0,2068586000.0,2026818000.0,1956159000.0,2610529000.0,2608121000.0,2144086000.0,1873686000.0,2093004000.0
root/Europe&CentralAsia,root,162855000.0,152119000.0,97382000.0,147680000.0,212263000.0,341906000.0,499537000.0,488043000.0,567547000.0,851858000.0,1022772000.0,1239565000.0,1476581000.0,1295837000.0,1383540000.0,1189986000.0,1129287000.0,1390479000.0,1400216000.0,1188070000.0,1402608000.0,1402214000.0,2171214000.0,3149969000.0,2389390000.0,3356646000.0,3827303000.0,5423940000.0,4257056000.0,3728678000.0,4154266000.0,4248980000.0,3334930000.0,2950944000.0,5137611000.0,4186240000.0,5044084000.0,6382549000.0,7262022000.0,16798191000.0,17918256000.0,14699405000.0,10631214000.0,14138098000.0,12439988000.0,12288354000.0,10602639000.0,16281950000.0
root/Europe&CentralAsia/Albania,root/Europe&CentralAsia,0,0,0,0,0,0,0,0,0,0,0,0,0,0,0,0,0,0,0,0,0,0,2065000.0,25841000.0,35976000.0,47969000.0,40241000.0,22270000.0,69066000.0,111525000.0,100639000.0,55882000.0,109681000.0,104378000.0,110687000.0,84913000.0,114711000.0,130574000.0,171521000.0,190516000.0,148696000.0,227957000.0,251867000.0,190300000.0,346603000.0,190580000.0,100119000.0,141984000.0
root/Europe&CentralAsia/Armenia,root/Europe&CentralAsia,0,0,0,0,0,0,0,0,0,0,0,0,0,0,0,0,0,0,0,0,0,0,0,63364000.0,37319000.0,102366000.0,122015000.0,81257000.0,50044000.0,78694000.0,58131000.0,70895000.0,72281000.0,84436000.0,83152000.0,36566000.0,71880000.0,110471000.0,92557000.0,324277000.0,127121000.0,165016000.0,232133000.0,204393000.0,245183000.0,417354000.0,503051000.0,310765000.0
root/Europe&CentralAsia/Azerbaijan,root/Europe&CentralAsia,0,0,0,0,0,0,0,0,0,0,0,0,0,0,0,0,0,0,0,0,0,0,0,0,8152000.0,89521000.0,43542000.0,82092000.0,44746000.0,94880000.0,55936000.0,39830000.0,74374000.0,91734000.0,60671000.0,58773000.0,210765000.0,217566000.0,213190000.0,367357000.0,347547000.0,453769000.0,762110000.0,561961000.0,612948000.0,555872000.0,1072867000.0,557588000.0
root/Europe&CentralAsia/Belarus,root/Europe&CentralAsia,0,0,0,0,0,0,0,0,0,0,0,0,0,0,0,0,0,0,0,0,0,0,0,115927000.0,111069000.0,77159000.0,46583000.0,63764000.0,29564000.0,19368000.0,25365000.0,10623000.0,9017000.0,592000.0,2370000.0,6841000.0,5205000.0,7424000.0,16371000.0,216170000.0,36788000.0,2353832000.0,572421000.0,1083417000.0,178216000.0,108064000.0,1025766000.0,548028000.0
root/Europe&CentralAsia/BosniaandHerzegovina,root/Europe&CentralAsia,0,0,0,0,0,0,0,0,0,0,0,0,0,0,0,0,0,0,0,0,0,0,0,0,0,0,0,0,0,117713000.0,90444000.0,72367000.0,107886000.0,92300000.0,275332000.0,132507000.0,93630000.0,117594000.0,128004000.0,270647000.0,371714000.0,285644000.0,407641000.0,564880000.0,472877000.0,250790000.0,324267000.0,146621000.0
root/Europe&CentralAsia/Bulgaria,root/Europe&CentralAsia,0,0,0,0,0,0,0,0,0,0,0,0,0,0,0,43084000.0,29894000.0,42199000.0,45938000.0,54908000.0,43683000.0,58182000.0,103370000.0,180990000.0,364744000.0,37732000.0,140684000.0,186460000.0,534660000.0,308542000.0,156240000.0,162529000.0,98516000.0,291505000.0,372582000.0,328244000.0,150350000.0,293162000.0,226653000.0,446330000.0,176378000.0,288777000.0,227775000.0,379713000.0,174148000.0,210406000.0,669436000.0,61712000.0
root/Europe&CentralAsia/Georgia,root/Europe&CentralAsia,0,0,0,0,0,0,0,0,0,0,0,0,0,0,0,0,0,0,0,0,0,0,0,100734000.0,34447000.0,96059000.0,78328000.0,76475000.0,186050000.0,82621000.0,24605000.0,73702000.0,73478000.0,50056000.0,74220000.0,60330000.0,87556000.0,81565000.0,202011000.0,385388000.0,346344000.0,278977000.0,299183000.0,251166000.0,397695000.0,404129000.0,360468000.0,344229000.0
root/Europe&CentralAsia/Kazakhstan,root/Europe&CentralAsia,0,0,0,0,0,0,0,0,0,0,0,0,0,0,0,0,0,0,0,0,0,0,0,26962000.0,184130000.0,171123000.0,257397000.0,283548000.0,365214000.0,262977000.0,94870000.0,158888000.0,137099000.0,148547000.0,174398000.0,80144000.0,106059000.0,111881000.0,94688000.0,658771000.0,1496800000.0,913792000.0,737410000.0,816968000.0,875909000.0,1510634000.0,1462339000.0,633252000.0
root/Europe&CentralAsia/Kosovo,root/Europe&CentralAsia,0,0,0,0,0,0,0,0,0,0,0,0,0,0,0,0,0,0,0,0,0,0,0,0,0,0,0,0,0,0,0,0,0,0,0,0,0,0,0,0,0,6531000.0,4535000.0,5855000.0,9630000.0,7263000.0,39781000.0,24310000.0
root/Europe&CentralAsia/KyrgyzRepublic,root/Europe&CentralAsia,0,0,0,0,0,0,0,0,0,0,0,0,0,0,0,0,0,0,0,0,0,0,0,50065000.0,35709000.0,124282000.0,110847000.0,125292000.0,123281000.0,119534000.0,107404000.0,92403000.0,66718000.0,64699000.0,83045000.0,72054000.0,70868000.0,57673000.0,51887000.0,40404000.0,43188000.0,90018000.0,76611000.0,79152000.0,87643000.0,82718000.0,72218000.0,1303056000.0
root/Europe&CentralAsia/MacedoniaFYR,root/Europe&CentralAsia,0,0,0,0,0,0,0,0,0,0,0,0,0,0,0,0,0,0,0,0,0,0,0,592000.0,85851000.0,74200000.0,96737000.0,105763000.0,96902000.0,124791000.0,78827000.0,64094000.0,70916000.0,79506000.0,111638000.0,93641000.0,70895000.0,107518000.0,85696000.0,75846000.0,164099000.0,145617000.0,146893000.0,253554000.0,272649000.0,199626000.0,120962000.0,140872000.0
root/Europe&CentralAsia/Moldova,root/Europe&CentralAsia,0,0,0,0,0,0,0,0,0,0,0,0,0,0,0,0,0,0,0,0,0,0,24510000.0,35806000.0,98934000.0,81449000.0,51643000.0,59472000.0,46214000.0,86213000.0,50386000.0,29671000.0,35409000.0,21711000.0,21299000.0,24924000.0,28534000.0,46558000.0,52704000.0,40608000.0,74181000.0,89021000.0,135152000.0,94372000.0,136872000.0,102961000.0,136297000.0,255462000.0
root/Europe&CentralAsia/Montenegro,root/Europe&CentralAsia,0,0,0,0,0,0,0,0,0,0,0,0,0,0,0,0,0,0,0,0,0,0,0,0,0,0,0,0,0,0,0,0,0,0,0,0,39877000.0,45142000.0,36709000.0,41392000.0,10957000.0,167151000.0,129556000.0,52611000.0,42204000.0,26795000.0,44386000.0,58465000.0
root/Europe&CentralAsia/Romania,root/Europe&CentralAsia,0,0,0,0,0,19071000.0,124443000.0,144580000.0,166088000.0,141645000.0,238804000.0,381389000.0,413032000.0,361702000.0,132183000.0,49052000.0,8478000.0,55000.0,0,0,0,27161000.0,826398000.0,769889000.0,331625000.0,361386000.0,386739000.0,538846000.0,435000000.0,700807000.0,932354000.0,521176000.0,609857000.0,578104000.0,952850000.0,890867000.0,553971000.0,671576000.0,1465215000.0,3686359000.0,4006469000.0,3803524000.0,1223970000.0,2126359000.0,707513000.0,1361450000.0,93755000.0,949471000.0
root/Europe&CentralAsia/RussianFederation,root/Europe&CentralAsia,0,0,0,0,0,0,0,0,0,0,0,0,0,0,0,0,0,0,0,0,0,0,180870000.0,918984000.0,391646000.0,855492000.0,1186573000.0,2748148000.0,1293042000.0,561245000.0,574097000.0,432013000.0,245745000.0,348459000.0,334318000.0,409085000.0,527610000.0,420155000.0,260478000.0,108263000.0,139010000.0,108619000.0,106249000.0,71584000.0,67024000.0,80535000.0,74476000.0,55180000.0
root/Europe&CentralAsia/Serbia,root/Europe&CentralAsia,37403000.0,44635000.0,52510000.0,49364000.0,89609000.0,153749000.0,118586000.0,133292000.0,180430000.0,317853000.0,308118000.0,218156000.0,343559000.0,291707000.0,415835000.0,327712000.0,205287000.0,305076000.0,206952000.0,423275000.0,276118000.0,99490000.0,86003000.0,0,0,0,0,0,0,0,0,7920000.0,229948000.0,230841000.0,292997000.0,285940000.0,391721000.0,240586000.0,277921000.0,420356000.0,907949000.0,940005000.0,697199000.0,388078000.0,481980000.0,847754000.0,606108000.0,618429000.0
root/Europe&CentralAsia/Tajikistan,root/Europe&CentralAsia,0,0,0,0,0,0,0,0,0,0,0,0,0,0,0,0,0,0,0,0,0,0,0,0,0,0,30410000.0,21984000.0,49718000.0,55225000.0,35694000.0,41148000.0,23706000.0,50557000.0,87014000.0,73424000.0,64252000.0,52084000.0,68983000.0,102980000.0,147251000.0,51824000.0,42915000.0,33940000.0,108410000.0,32608000.0,21367000.0,32121000.0
root/Europe&CentralAsia/Turkey,root/Europe&CentralAsia,125452000.0,107484000.0,44872000.0,98316000.0,122654000.0,169086000.0,256508000.0,210171000.0,221029000.0,392360000.0,475850000.0,640020000.0,719990000.0,642428000.0,835522000.0,770138000.0,885628000.0,1043149000.0,1147326000.0,709887000.0,1082807000.0,1217381000.0,884622000.0,746486000.0,473821000.0,466311000.0,634242000.0,538662000.0,432992000.0,460686000.0,1489677000.0,1814637000.0,1192500000.0,417425000.0,1828545000.0,844410000.0,2012776000.0,2743898000.0,2715049000.0,3675458000.0,4965345000.0,3633532000.0,3503170000.0,3241953000.0,3289975000.0,2392806000.0,3052402000.0,1469694000.0
root/Europe&CentralAsia/Turkmenistan,root/Europe&CentralAsia,0,0,0,0,0,0,0,0,0,0,0,0,0,0,0,0,0,0,0,0,0,0,0,26376000.0,25067000.0,957000.0,2529000.0,16044000.0,17917000.0,1882000.0,29286000.0,7883000.0,2467000.0,308000.0,3743000.0,490000.0,0,0,0,0,0,0,35147000.0,36697000.0,16694000.0,6320000.0,21313000.0,348000.0
root/Europe&CentralAsia/Ukraine,root/Europe&CentralAsia,0,0,0,0,0,0,0,0,0,0,0,0,0,0,0,0,0,0,0,0,0,0,63376000.0,87953000.0,165717000.0,524857000.0,552097000.0,452454000.0,429848000.0,432207000.0,128999000.0,476535000.0,97697000.0,208410000.0,103737000.0,560177000.0,318866000.0,818550000.0,988542000.0,5528512000.0,4210040000.0,489614000.0,554932000.0,3115538000.0,3423440000.0,2734151000.0,301818000.0,8122760000.0
root/Europe&CentralAsia/Uzbekistan,root/Europe&CentralAsia,0,0,0,0,0,0,0,0,0,0,0,0,0,0,0,0,0,0,0,0,0,0,0,0,5183000.0,245783000.0,46696000.0,21409000.0,52798000.0,109768000.0,121312000.0,116784000.0,77635000.0,87376000.0,165013000.0,142910000.0,124558000.0,108572000.0,113843000.0,218557000.0,198379000.0,206185000.0,484345000.0,585607000.0,492375000.0,765538000.0,499443000.0,507603000.0
root/LatinAmerica&Caribbean,root,747161000.0,814975000.0,957120000.0,1085985000.0,1373630000.0,1473394000.0,1412723000.0,1692895000.0,1932696000.0,2346185000.0,3009392000.0,3334750000.0,4449952000.0,4393402000.0,5170206000.0,5150658000.0,6636525000.0,5339759000.0,6026871000.0,5657894000.0,8315413000.0,6655889000.0,6522413000.0,9302787000.0,6255353000.0,9751123000.0,9513586000.0,10864916000.0,17186406000.0,14302642000.0,12954843000.0,12468239000.0,10991170000.0,16615746000.0,10009732000.0,9989467000.0,14500560000.0,12857597000.0,15128019000.0,23115173000.0,26479037000.0,16916993000.0,15738152000.0,17992013000.0,16782068000.0,17983473000.0,16514466000.0,11175077000.0
root/LatinAmerica&Caribbean/Argentina,root/LatinAmerica&Caribbean,83356000.0,107953000.0,83610000.0,150321000.0,155709000.0,106395000.0,120911000.0,116135000.0,209763000.0,161217000.0,216356000.0,276084000.0,248908000.0,366676000.0,325283000.0,368807000.0,607843000.0,964539000.0,749069000.0,846454000.0,748324000.0,831070000.0,382441000.0,2550346000.0,806228000.0,1958850000.0,1614144000.0,1696190000.0,3522713000.0,2827721000.0,1945491000.0,2838149000.0,841301000.0,4619694000.0,1117037000.0,988752000.0,1664188000.0,2373246000.0,1998454000.0,3069821000.0,2436558000.0,2584180000.0,2115951000.0,2772794000.0,2295663000.0,1736072000.0,2287186000.0,1796525000.0
root/LatinAmerica&Caribbean/Belize,root/LatinAmerica&Caribbean,0,0,0,0,590000.0,242000.0,3103000.0,4454000.0,5052000.0,5045000.0,4578000.0,6023000.0,3242000.0,3483000.0,2987000.0,4678000.0,840000.0,1817000.0,3868000.0,13623000.0,5759000.0,6249000.0,8850000.0,4214000.0,10598000.0,12392000.0,10033000.0,26468000.0,19004000.0,18201000.0,22310000.0,32861000.0,26991000.0,36373000.0,25049000.0,13805000.0,16742000.0,36474000.0,15897000.0,35506000.0,21703000.0,23046000.0,25920000.0,38270000.0,27461000.0,41988000.0,38045000.0,38059000.0
root/LatinAmerica&Caribbean/Bolivia,root/LatinAmerica&Caribbean,7957000.0,37779000.0,25049000.0,13508000.0,22107000.0,32004000.0,40345000.0,69195000.0,77556000.0,89102000.0,116477000.0,95531000.0,106696000.0,96442000.0,84043000.0,75150000.0,248379000.0,161431000.0,259088000.0,279569000.0,206304000.0,204052000.0,254743000.0,230291000.0,302431000.0,383225000.0,285263000.0,352065000.0,250775000.0,255670000.0,238929000.0,324031000.0,461152000.0,596845000.0,408101000.0,346318000.0,183288000.0,221975000.0,457908000.0,333567000.0,443338000.0,484036000.0,587773000.0,587775000.0,634932000.0,972354000.0,896291000.0,748083000.0
root/LatinAmerica&Caribbean/Brazil,root/LatinAmerica&Caribbean,163762000.0,193385000.0,304261000.0,311385000.0,434987000.0,415050000.0,323682000.0,421543000.0,468688000.0,561372000.0,565909000.0,638908000.0,1060653000.0,1491569000.0,1702126000.0,1228340000.0,1981950000.0,1232162000.0,1335638000.0,1090873000.0,1027573000.0,1090259000.0,909459000.0,1557787000.0,983894000.0,1312268000.0,2315044000.0,2782626000.0,7036892000.0,4631717000.0,4505821000.0,2676265000.0,3109378000.0,2353070000.0,1950040000.0,2326291000.0,3929052000.0,1987039000.0,2966905000.0,3270251000.0,7009908000.0,2861111000.0,4280690000.0,4605027000.0,4538534000.0,2509451000.0,2442707000.0,2854573000.0
root/LatinAmerica&Caribbean/Colombia,root/LatinAmerica&Caribbean,100243000.0,93293000.0,120255000.0,125383000.0,136449000.0,143943000.0,118550000.0,133406000.0,139142000.0,198755000.0,324390000.0,381722000.0,423894000.0,473410000.0,661765000.0,838317000.0,742614000.0,577049000.0,722989000.0,623470000.0,568002000.0,594220000.0,697860000.0,633841000.0,607438000.0,404857000.0,438882000.0,539425000.0,817907000.0,1554653000.0,512812000.0,1524461000.0,919377000.0,3290124000.0,1171919000.0,1468533000.0,2219734000.0,1583946000.0,2545509000.0,2397863000.0,2123122000.0,1206361000.0,1227299000.0,1727600000.0,1850946000.0,2429905000.0,3248712000.0,632978000.0
root/LatinAmerica&Caribbean/CostaRica,root/LatinAmerica&Caribbean,17413000.0,20309000.0,26621000.0,28243000.0,30997000.0,53658000.0,70291000.0,77059000.0,87455000.0,89355000.0,106872000.0,85359000.0,57691000.0,81184000.0,95012000.0,172536000.0,133644000.0,68872000.0,89562000.0,82758000.0,91095000.0,139332000.0,125624000.0,151379000.0,151614000.0,184446000.0,317539000.0,184467000.0,217122000.0,169031000.0,130780000.0,181431000.0,145405000.0,365899000.0,193551000.0,69382000.0,76890000.0,101922000.0,319049000.0,296253000.0,784486000.0,255337000.0,342598000.0,381800000.0,635750000.0,525669000.0,633072000.0,589879000.0
root/LatinAmerica&Caribbean/Dominica,root/LatinAmerica&Caribbean,0,0,0,0,0,0,0,0,0,0,0,2017000.0,7247000.0,3178000.0,9920000.0,5949000.0,1283000.0,5845000.0,3029000.0,7997000.0,8312000.0,6762000.0,3200000.0,3796000.0,2017000.0,3481000.0,4122000.0,2842000.0,3657000.0,9464000.0,19310000.0,17287000.0,9444000.0,14586000.0,18259000.0,3852000.0,2648000.0,4727000.0,6164000.0,6217000.0,7619000.0,11439000.0,11074000.0,8371000.0,4302000.0,12533000.0,4016000.0,13809000.0
root/LatinAmerica&Caribbean/DominicanRepublic,root/LatinAmerica&Caribbean,19892000.0,22218000.0,5916000.0,9037000.0,9231000.0,13816000.0,16764000.0,26673000.0,43501000.0,42591000.0,96205000.0,77583000.0,75184000.0,71347000.0,73835000.0,106385000.0,72883000.0,60455000.0,53029000.0,82859000.0,84276000.0,81411000.0,59236000.0,69541000.0,81342000.0,156694000.0,94582000.0,60889000.0,83614000.0,176490000.0,100289000.0,192800000.0,167371000.0,187534000.0,322042000.0,198519000.0,187416000.0,185468000.0,212829000.0,903680000.0,621563000.0,431938000.0,355727000.0,712910000.0,235046000.0,770044000.0,497129000.0,190308000.0
root/LatinAmerica&Caribbean/Ecuador,root/LatinAmerica&Caribbean,11202000.0,12001000.0,17085000.0,17749000.0,34246000.0,52824000.0,55780000.0,47551000.0,46525000.0,74527000.0,96541000.0,129315000.0,128613000.0,91595000.0,143395000.0,171238000.0,566567000.0,355345000.0,340507000.0,226464000.0,229330000.0,249031000.0,219091000.0,278726000.0,335445000.0,592751000.0,543330000.0,359920000.0,481324000.0,475278000.0,453684000.0,463532000.0,237082000.0,558311000.0,276040000.0,315997000.0,840313000.0,1323467000.0,338512000.0,377113000.0,1229483000.0,644712000.0,601325000.0,660434000.0,890851000.0,1946586000.0,1072950000.0,666819000.0
root/LatinAmerica&Caribbean/ElSalvador,root/LatinAmerica&Caribbean,6509000.0,7640000.0,12638000.0,20333000.0,32851000.0,42378000.0,30404000.0,42133000.0,55604000.0,55401000.0,38375000.0,82229000.0,76945000.0,134464000.0,73894000.0,81788000.0,46679000.0,36856000.0,72302000.0,82109000.0,45108000.0,97508000.0,151893000.0,211517000.0,267317000.0,165930000.0,316767000.0,231576000.0,236313000.0,164591000.0,160255000.0,287624000.0,334331000.0,233592000.0,107473000.0,308158000.0,347066000.0,221879000.0,562964000.0,904581000.0,707199000.0,468713000.0,516721000.0,311509000.0,271643000.0,188919000.0,253468000.0,110911000.0
root/LatinAmerica&Caribbean/Grenada,root/LatinAmerica&Caribbean,0,0,0,0,99000.0,963000.0,1018000.0,1145000.0,1806000.0,906000.0,1000000.0,2271000.0,3134000.0,6014000.0,2936000.0,1706000.0,5424000.0,8795000.0,4506000.0,3298000.0,2884000.0,3430000.0,8546000.0,2075000.0,5758000.0,3428000.0,4374000.0,4153000.0,2694000.0,5716000.0,11689000.0,7379000.0,11968000.0,12065000.0,11870000.0,22719000.0,20484000.0,24257000.0,27833000.0,20158000.0,20415000.0,6291000.0,8716000.0,13273000.0,31523000.0,48178000.0,20533000.0,10805000.0
root/LatinAmerica&Caribbean/Guatemala,root/LatinAmerica&Caribbean,19348000.0,17278000.0,16393000.0,25428000.0,26062000.0,20091000.0,31281000.0,58561000.0,83781000.0,104381000.0,82960000.0,104865000.0,112310000.0,60451000.0,90401000.0,145723000.0,72482000.0,27867000.0,108913000.0,92874000.0,71452000.0,77777000.0,100733000.0,33716000.0,156467000.0,90272000.0,144280000.0,140699000.0,211139000.0,285937000.0,166765000.0,182068000.0,321451000.0,162794000.0,273558000.0,130536000.0,572086000.0,593719000.0,385848000.0,782617000.0,857892000.0,375709000.0,533981000.0,622681000.0,153683000.0,1267202000.0,213407000.0,232717000.0
root/LatinAmerica&Caribbean/Guyana,root/LatinAmerica&Caribbean,553000.0,1893000.0,2180000.0,3839000.0,5743000.0,8368000.0,5209000.0,5628000.0,13382000.0,37611000.0,34952000.0,54135000.0,35928000.0,34456000.0,21235000.0,27904000.0,26452000.0,20011000.0,13183000.0,23793000.0,122462000.0,73186000.0,42105000.0,61987000.0,32977000.0,41220000.0,73145000.0,52728000.0,49975000.0,44724000.0,64156000.0,65306000.0,39195000.0,69313000.0,73838000.0,71103000.0,77052000.0,67497000.0,56240000.0,69405000.0,64432000.0,60735000.0,63326000.0,66188000.0,39842000.0,43271000.0,25813000.0,38149000.0
root/LatinAmerica&Caribbean/Haiti,root/LatinAmerica&Caribbean,771000.0,984000.0,474000.0,421000.0,733000.0,17036000.0,27626000.0,39039000.0,29932000.0,20148000.0,24505000.0,33130000.0,26414000.0,40116000.0,45834000.0,35679000.0,28792000.0,54632000.0,33172000.0,24026000.0,28164000.0,28884000.0,628000.0,5000.0,0,102830000.0,100987000.0,91105000.0,93523000.0,78842000.0,50710000.0,13846000.0,4203000.0,37912000.0,22316000.0,77479000.0,83397000.0,96981000.0,120616000.0,98091000.0,83459000.0,9887000.0,6821000.0,2601000.0,6056000.0,8082000.0,11195000.0,63514000.0
root/LatinAmerica&Caribbean/Honduras,root/LatinAmerica&Caribbean,32742000.0,19998000.0,17755000.0,20121000.0,36665000.0,73138000.0,48783000.0,69514000.0,100498000.0,77248000.0,123351000.0,102610000.0,104394000.0,139316000.0,179148000.0,172018000.0,83409000.0,56769000.0,138423000.0,63803000.0,190600000.0,153169000.0,293980000.0,272148000.0,196705000.0,210818000.0,260559000.0,480280000.0,143738000.0,369283000.0,120532000.0,219332000.0,126674000.0,159369000.0,295645000.0,253125000.0,185785000.0,151810000.0,195588000.0,112392000.0,435117000.0,499019000.0,457090000.0,511456000.0,441350000.0,386149000.0,231513000.0,190083000.0
root/LatinAmerica&Caribbean/Jamaica,root/LatinAmerica&Caribbean,6927000.0,9088000.0,7758000.0,7984000.0,8303000.0,14634000.0,36824000.0,30509000.0,63678000.0,44206000.0,94373000.0,90990000.0,156528000.0,99892000.0,78708000.0,123873000.0,70430000.0,134461000.0,94966000.0,120091000.0,111003000.0,102107000.0,90748000.0,155017000.0,67171000.0,124887000.0,90105000.0,87546000.0,86280000.0,147851000.0,255738000.0,138473000.0,237050000.0,68789000.0,119523000.0,66004000.0,80871000.0,91961000.0,217576000.0,336052000.0,971482000.0,301723000.0,109256000.0,304384000.0,252910000.0,332855000.0,268485000.0,101692000.0
root/LatinAmerica&Caribbean/Mexico,root/LatinAmerica&Caribbean,180525000.0,163282000.0,188735000.0,227936000.0,293830000.0,304739000.0,287449000.0,338911000.0,311239000.0,507628000.0,649624000.0,683825000.0,1342353000.0,666151000.0,1025500000.0,1168406000.0,1454355000.0,1088869000.0,1652380000.0,1626296000.0,3650428000.0,2119799000.0,1753133000.0,1485087000.0,1280913000.0,2662990000.0,2085411000.0,1512302000.0,1898440000.0,1324615000.0,2533812000.0,1387771000.0,2243771000.0,2275821000.0,1736672000.0,1946133000.0,2107573000.0,1739492000.0,2613401000.0,7423708000.0,4691964000.0,3573839000.0,2714221000.0,2684973000.0,1938206000.0,1509451000.0,1622189000.0,872899000.0
root/LatinAmerica&Caribbean/Nicaragua,root/LatinAmerica&Caribbean,17687000.0,22026000.0,13877000.0,19775000.0,41157000.0,45556000.0,47654000.0,56874000.0,41582000.0,86885000.0,95903000.0,143709000.0,66247000.0,72861000.0,47326000.0,16336000.0,35383000.0,23560000.0,14296000.0,7045000.0,7201000.0,155152000.0,161559000.0,71485000.0,256687000.0,190426000.0,150859000.0,564419000.0,220133000.0,208019000.0,172120000.0,184080000.0,189799000.0,215153000.0,285158000.0,214919000.0,220304000.0,329313000.0,128168000.0,246184000.0,234611000.0,234470000.0,256136000.0,278470000.0,328778000.0,371316000.0,331728000.0,385287000.0
root/LatinAmerica&Caribbean/Panama,root/LatinAmerica&Caribbean,6076000.0,14850000.0,19475000.0,14323000.0,25079000.0,38203000.0,38811000.0,30126000.0,43969000.0,47464000.0,68036000.0,72533000.0,91140000.0,151669000.0,142273000.0,89953000.0,138712000.0,40852000.0,7754000.0,1013000.0,12000.0,202000.0,113103000.0,16188000.0,14779000.0,92644000.0,159156000.0,200462000.0,232607000.0,94188000.0,87915000.0,97351000.0,117340000.0,128037000.0,103836000.0,91231000.0,200905000.0,223312000.0,256672000.0,431869000.0,336106000.0,372489000.0,520438000.0,700916000.0,1120215000.0,811713000.0,724490000.0,290507000.0
root/LatinAmerica&Caribbean/Paraguay,root/LatinAmerica&Caribbean,11182000.0,12135000.0,15041000.0,13645000.0,18649000.0,25440000.0,28015000.0,30523000.0,40323000.0,37293000.0,42698000.0,72770000.0,80908000.0,65781000.0,102888000.0,93551000.0,90998000.0,111199000.0,49805000.0,35160000.0,30709000.0,44020000.0,55408000.0,57871000.0,72621000.0,128972000.0,135858000.0,167106000.0,130823000.0,154051000.0,166524000.0,91771000.0,79273000.0,150199000.0,109150000.0,81113000.0,113095000.0,102367000.0,107978000.0,182199000.0,295002000.0,160877000.0,225147000.0,208932000.0,250518000.0,215589000.0,495212000.0,364861000.0
root/LatinAmerica&Caribbean/Peru,root/LatinAmerica&Caribbean,35368000.0,37462000.0,37937000.0,28378000.0,26882000.0,33850000.0,39261000.0,72767000.0,55047000.0,98619000.0,220886000.0,187083000.0,234885000.0,209044000.0,256709000.0,216159000.0,204280000.0,226040000.0,89301000.0,36635000.0,38130000.0,40504000.0,473255000.0,1313006000.0,499971000.0,631171000.0,267276000.0,1127365000.0,571968000.0,876726000.0,811041000.0,1110368000.0,806757000.0,696697000.0,1048875000.0,798901000.0,509368000.0,1037577000.0,991125000.0,1040167000.0,1343904000.0,662462000.0,363543000.0,315213000.0,374059000.0,1231627000.0,823570000.0,410814000.0
root/LatinAmerica&Caribbean/StLucia,root/LatinAmerica&Caribbean,0,0,0,0,0,0,0,0,0,0,0,2116000.0,2360000.0,2113000.0,2848000.0,3326000.0,2985000.0,3080000.0,6087000.0,7280000.0,6904000.0,8609000.0,15848000.0,11979000.0,6707000.0,10788000.0,13178000.0,7034000.0,11086000.0,5782000.0,15651000.0,3249000.0,17368000.0,18404000.0,26878000.0,8224000.0,17739000.0,18535000.0,10347000.0,22421000.0,34988000.0,17001000.0,2417000.0,11404000.0,10198000.0,9219000.0,7289000.0,20190000.0
root/LatinAmerica&Caribbean/StVincentandtheGrenadines,root/LatinAmerica&Caribbean,0,3000.0,15000.0,62000.0,157000.0,296000.0,434000.0,597000.0,882000.0,1042000.0,2832000.0,6819000.0,4278000.0,4190000.0,2140000.0,2836000.0,2081000.0,7914000.0,6919000.0,7157000.0,6580000.0,7938000.0,4258000.0,5167000.0,7049000.0,1738000.0,1798000.0,8630000.0,12394000.0,3610000.0,5715000.0,6537000.0,9195000.0,2605000.0,5593000.0,11525000.0,13713000.0,15389000.0,36031000.0,20235000.0,78130000.0,25917000.0,5585000.0,33810000.0,27555000.0,17100000.0,23930000.0,19951000.0
root/LatinAmerica&Caribbean/VenezuelaRB,root/LatinAmerica&Caribbean,25648000.0,21398000.0,42045000.0,48114000.0,33104000.0,30770000.0,40528000.0,20552000.0,13291000.0,5389000.0,2569000.0,3123000.0,0,28000000.0,0,0,18060000.0,71339000.0,178085000.0,273247000.0,1034801000.0,541218000.0,596712000.0,125618000.0,109224000.0,284045000.0,86894000.0,184619000.0,852285000.0,420482000.0,402794000.0,422267000.0,535294000.0,362560000.0,307309000.0,176848000.0,830851000.0,325244000.0,556405000.0,734823000.0,1646556000.0,1645701000.0,406397000.0,431222000.0,422047000.0,598200000.0,341536000.0,531664000.0
root/MiddleEast&NorthAfrica,root,29185000.0,47615000.0,55048000.0,96135000.0,132429000.0,310562000.0,299536000.0,1594878000.0,983420000.0,646118000.0,627916000.0,822217000.0,839293000.0,1054236000.0,1192051000.0,1321167000.0,1600292000.0,1769583000.0,1835162000.0,2086049000.0,2328535000.0,2677161000.0,2708379000.0,2776247000.0,2862850000.0,3502986000.0,3656127000.0,2850940000.0,2609292000.0,2765918000.0,1941556000.0,2205134000.0,2519819000.0,2964682000.0,2916568000.0,3756026000.0,3319683000.0,5200760000.0,3725627000.0,5803367000.0,4901894000.0,5442837000.0,5210728000.0,5800542000.0,5235678000.0,6130175000.0,9897865000.0,5681780000.0
root/MiddleEast&NorthAfrica/Algeria,root/MiddleEast&NorthAfrica,0,0,0,1709000.0,2912000.0,44017000.0,51708000.0,55189000.0,57069000.0,70686000.0,54178000.0,66409000.0,34910000.0,97393000.0,214783000.0,183763000.0,313832000.0,270082000.0,462468000.0,456944000.0,611825000.0,953261000.0,548418000.0,476743000.0,701057000.0,932157000.0,822825000.0,792384000.0,594081000.0,428329000.0,348814000.0,339763000.0,386156000.0,566259000.0,424407000.0,357892000.0,53653000.0,6015000.0,4532000.0,0,31000.0,0,0,0,0,0,983532000.0,0
root/MiddleEast&NorthAfrica/Djibouti,root/MiddleEast&NorthAfrica,0,0,0,0,0,0,0,0,0,0,2398000.0,820000.0,2481000.0,4618000.0,10069000.0,14089000.0,14338000.0,17790000.0,12138000.0,5450000.0,8932000.0,11300000.0,17093000.0,13863000.0,12084000.0,9959000.0,10573000.0,9633000.0,4910000.0,3236000.0,7718000.0,12229000.0,26658000.0,28067000.0,25960000.0,16248000.0,34174000.0,29634000.0,24002000.0,44797000.0,18650000.0,37893000.0,10999000.0,38790000.0,35536000.0,57413000.0,61128000.0,40936000.0
root/MiddleEast&NorthAfrica/EgyptArabRep,root/MiddleEast&NorthAfrica,0,171000.0,986000.0,23413000.0,11458000.0,68527000.0,78725000.0,1348751000.0,664132000.0,210165000.0,241488000.0,252040000.0,270470000.0,351607000.0,342327000.0,294127000.0,297022000.0,404004000.0,252239000.0,307409000.0,269092000.0,211717000.0,495799000.0,565473000.0,597505000.0,392451000.0,430275000.0,498882000.0,305334000.0,158697000.0,167943000.0,147623000.0,338210000.0,550488000.0,644837000.0,925867000.0,612561000.0,2260826000.0,709099000.0,1562921000.0,1395123000.0,1030437000.0,1434952000.0,1169201000.0,1295466000.0,2094243000.0,5012966000.0,2101883000.0
root/MiddleEast&NorthAfrica/IranIslamicRep,root/MiddleEast&NorthAfrica,0,0,0,0,0,0,0,0,0,0,3586000.0,0,0,0,0,0,0,0,0,0,30000000.0,0,118783000.0,74015000.0,100834000.0,123098000.0,234732000.0,91193000.0,38540000.0,86281000.0,120067000.0,44256000.0,12416000.0,20583000.0,36042000.0,258199000.0,247552000.0,212302000.0,143523000.0,177343000.0,89570000.0,30568000.0,15020000.0,17457000.0,0,1726000.0,0,0
root/MiddleEast&NorthAfrica/Jordan,root/MiddleEast&NorthAfrica,399000.0,707000.0,2312000.0,4708000.0,4766000.0,10113000.0,11793000.0,11236000.0,16591000.0,33850000.0,53547000.0,53206000.0,49007000.0,45156000.0,53113000.0,100820000.0,115330000.0,147099000.0,118532000.0,127540000.0,141753000.0,78981000.0,142676000.0,147743000.0,101416000.0,258598000.0,369292000.0,243310000.0,272156000.0,327475000.0,80192000.0,280444000.0,255265000.0,114342000.0,111908000.0,161486000.0,194332000.0,132928000.0,157503000.0,629797000.0,427394000.0,191386000.0,378086000.0,768829000.0,771522000.0,571886000.0,645567000.0,137325000.0
root/MiddleEast&NorthAfrica/Lebanon,root/MiddleEast&NorthAfrica,0,0,0,0,0,5391000.0,0,0,9921000.0,47222000.0,17233000.0,17295000.0,19164000.0,22022000.0,11682000.0,9907000.0,4850000.0,1103000.0,210000.0,117000.0,82000.0,63000.0,26000.0,42359000.0,51842000.0,79775000.0,153585000.0,103338000.0,245926000.0,204887000.0,200372000.0,161872000.0,118388000.0,143373000.0,108165000.0,77528000.0,213110000.0,242337000.0,160782000.0,172638000.0,134258000.0,121891000.0,106667000.0,97606000.0,58080000.0,81469000.0,153103000.0,182210000.0
root/MiddleEast&NorthAfrica/Morocco,root/MiddleEast&NorthAfrica,15694000.0,26195000.0,27452000.0,35149000.0,70805000.0,126762000.0,68099000.0,79541000.0,133109000.0,165668000.0,109311000.0,254157000.0,238821000.0,303540000.0,316003000.0,446782000.0,514497000.0,554354000.0,546547000.0,682643000.0,781284000.0,725935000.0,857513000.0,766044000.0,704103000.0,1007605000.0,879370000.0,559559000.0,623245000.0,783415000.0,465523000.0,366532000.0,483320000.0,636993000.0,650649000.0,1134450000.0,1029506000.0,1125290000.0,1533126000.0,1827645000.0,1245738000.0,2249109000.0,1438462000.0,2651970000.0,1627320000.0,1588626000.0,1902237000.0,1490681000.0
root/MiddleEast&NorthAfrica/SyrianArabRepublic,root/MiddleEast&NorthAfrica,0,0,0,0,0,0,0,0,0,0,0,0,0,0,0,0,0,0,0,0,0,0,0,0,0,123429000.0,90398000.0,54552000.0,34903000.0,20093000.0,11988000.0,0,0,0,0,0,0,0,202753000.0,232117000.0,236691000.0,101267000.0,0,0,0,0,0,164522000.0
root/MiddleEast&NorthAfrica/Tunisia,root/MiddleEast&NorthAfrica,13092000.0,20389000.0,23744000.0,28703000.0,29579000.0,45003000.0,61011000.0,65531000.0,47561000.0,71445000.0,81618000.0,107962000.0,119645000.0,139524000.0,115419000.0,158235000.0,238280000.0,277201000.0,318415000.0,413976000.0,430033000.0,615810000.0,436777000.0,597948000.0,481383000.0,466680000.0,503945000.0,352651000.0,289829000.0,532052000.0,428367000.0,735324000.0,774643000.0,765986000.0,760940000.0,607769000.0,673061000.0,846286000.0,549622000.0,944499000.0,1108765000.0,1599786000.0,1599960000.0,874188000.0,1025850000.0,1674742000.0,1115109000.0,1083122000.0
root/MiddleEast&NorthAfrica/YemenRep,root/MiddleEast&NorthAfrica,0,153000.0,554000.0,2453000.0,12909000.0,10749000.0,28200000.0,34630000.0,55037000.0,47082000.0,64557000.0,70328000.0,104795000.0,90376000.0,128655000.0,113444000.0,102143000.0,97950000.0,124613000.0,91970000.0,55534000.0,80094000.0,91294000.0,92059000.0,112626000.0,109234000.0,161132000.0,145438000.0,200368000.0,221453000.0,110572000.0,117091000.0,124763000.0,138591000.0,153660000.0,216587000.0,261734000.0,345142000.0,240685000.0,211610000.0,245674000.0,80500000.0,226582000.0,182501000.0,421904000.0,60070000.0,24223000.0,481101000.0
root/SouthAsia,root,339031000.0,234283000.0,286206000.0,526544000.0,641517000.0,824821000.0,914783000.0,822154000.0,805662000.0,1110313000.0,1262532000.0,1452047000.0,2071669000.0,1726528000.0,1975914000.0,2257771000.0,2351424000.0,3392012000.0,4120637000.0,4115761000.0,4310443000.0,5052769000.0,4578919000.0,4374847000.0,4827924000.0,3972264000.0,4573968000.0,4092838000.0,4124315000.0,4305755000.0,4332510000.0,4878453000.0,4414844000.0,4142406000.0,5118015000.0,5620370000.0,6242940000.0,6987772000.0,7938279000.0,8795384000.0,9205068000.0,7670242000.0,6737870000.0,6142324000.0,9121164000.0,9106535000.0,10115064000.0,9411304000.0
root/SouthAsia/Afghanistan,root/SouthAsia,0,0,0,0,0,0,0,0,0,0,0,0,0,0,0,0,0,0,0,0,0,0,0,0,0,0,0,0,0,0,0,0,0,0,0,0,106702000.0,140117000.0,95796000.0,108774000.0,76001000.0,62241000.0,52060000.0,36657000.0,21617000.0,8044000.0,10231000.0,8276000.0
root/SouthAsia/Bangladesh,root/SouthAsia,0,0,2265000.0,56772000.0,75665000.0,108614000.0,129057000.0,113423000.0,140266000.0,226935000.0,276343000.0,265188000.0,292190000.0,286369000.0,383144000.0,457935000.0,562376000.0,519984000.0,566283000.0,641358000.0,810042000.0,548500000.0,654464000.0,548778000.0,805822000.0,493988000.0,642564000.0,519827000.0,634590000.0,716583000.0,650030000.0,541657000.0,513150000.0,753376000.0,813105000.0,814321000.0,742156000.0,1007698000.0,1451347000.0,1428561000.0,849425000.0,837285000.0,1376552000.0,1435543000.0,1623020000.0,1657237000.0,2099726000.0,2252517000.0
root/SouthAsia/Bhutan,root/SouthAsia,0,0,0,0,0,0,0,0,0,0,0,330000.0,836000.0,693000.0,787000.0,2553000.0,3187000.0,8779000.0,5857000.0,6909000.0,7204000.0,8669000.0,4200000.0,3982000.0,4794000.0,5826000.0,4834000.0,9236000.0,5609000.0,3096000.0,11777000.0,13497000.0,22957000.0,12713000.0,16437000.0,22054000.0,15148000.0,21429000.0,14737000.0,51045000.0,50058000.0,60080000.0,59890000.0,29470000.0,58555000.0,25510000.0,12524000.0,37011000.0
root/SouthAsia/India,root/SouthAsia,241413000.0,144171000.0,235501000.0,359303000.0,442756000.0,525536000.0,607788000.0,475837000.0,443306000.0,645628000.0,754027000.0,875448000.0,1281435000.0,977497000.0,940376000.0,1203631000.0,1113377000.0,2013727000.0,2503208000.0,2039900000.0,2137300000.0,2744104000.0,2412502000.0,2085017000.0,2221242000.0,1942031000.0,2234209000.0,2021464000.0,2058330000.0,2089242000.0,2355446000.0,2453989000.0,1946940000.0,2083854000.0,2510760000.0,2810960000.0,2731985000.0,3183813000.0,3700649000.0,4157493000.0,6237021000.0,4453363000.0,3190820000.0,2798236000.0,4078054000.0,3947404000.0,4451908000.0,4724442000.0
root/SouthAsia/Maldives,root/SouthAsia,0,0,0,0,0,0,0,0,0,400000.0,2611000.0,5543000.0,4272000.0,1518000.0,1496000.0,1409000.0,12238000.0,3244000.0,2935000.0,2285000.0,3631000.0,10633000.0,13766000.0,6203000.0,9879000.0,16214000.0,11826000.0,11013000.0,9362000.0,6788000.0,6114000.0,9553000.0,14464000.0,12838000.0,11594000.0,16077000.0,38890000.0,39045000.0,35968000.0,15988000.0,46597000.0,21495000.0,31532000.0,7976000.0,6518000.0,7172000.0,6218000.0,32800000.0
root/SouthAsia/Nepal,root/SouthAsia,202000.0,1207000.0,1277000.0,4669000.0,5956000.0,6940000.0,10714000.0,22228000.0,17698000.0,26717000.0,36344000.0,52633000.0,63762000.0,64438000.0,75533000.0,82938000.0,94766000.0,118404000.0,134704000.0,202232000.0,142560000.0,124825000.0,116453000.0,136081000.0,149756000.0,150849000.0,146030000.0,159285000.0,166809000.0,122769000.0,142656000.0,102737000.0,64414000.0,138862000.0,96483000.0,86076000.0,156851000.0,134842000.0,101542000.0,92157000.0,94895000.0,147471000.0,126366000.0,220081000.0,199205000.0,373875000.0,334129000.0,499197000.0
root/SouthAsia/Pakistan,root/SouthAsia,93951000.0,78418000.0,37643000.0,91615000.0,98004000.0,157701000.0,152277000.0,178853000.0,163551000.0,184855000.0,161122000.0,192721000.0,341909000.0,285712000.0,447051000.0,389846000.0,426953000.0,584795000.0,776396000.0,1082494000.0,975429000.0,1275575000.0,1168412000.0,1336462000.0,1464606000.0,1166687000.0,1276386000.0,1195625000.0,1018658000.0,1217081000.0,1043442000.0,1628841000.0,1619011000.0,709421000.0,1413005000.0,1523427000.0,2123064000.0,2194654000.0,2164307000.0,2512127000.0,1377941000.0,1594892000.0,1391168000.0,1123605000.0,2553294000.0,2556086000.0,2375176000.0,1294506000.0
root/SouthAsia/SriLanka,root/SouthAsia,3465000.0,10487000.0,9520000.0,14185000.0,19136000.0,26030000.0,14947000.0,31813000.0,40841000.0,25778000.0,32085000.0,60184000.0,87265000.0,110301000.0,127527000.0,119459000.0,138527000.0,143079000.0,131254000.0,140583000.0,234277000.0,340463000.0,209122000.0,258324000.0,171825000.0,196669000.0,258119000.0,176388000.0,230957000.0,150196000.0,123045000.0,128179000.0,233908000.0,431342000.0,256631000.0,347455000.0,328144000.0,266174000.0,373933000.0,429239000.0,473130000.0,493415000.0,509482000.0,490756000.0,580901000.0,531207000.0,825152000.0,562555000.0
root/Sub-SaharanAfrica,root,150328000.0,207163000.0,315509000.0,299446000.0,408927000.0,631471041.8,735007700.4,913854512.2,1117889384.8,1130993702.4,1670268490.5,1802172777.4,2047438266.0,2237095220.4,2280084287.2,2292462528.8,3443108835.0,3923670018.8,3821342625.5,3928315445.0,4540174356.8,4625420205.0,4656374418.1,4522992299.5,4978675243.1,4199371815.2,4181537045.1,3997777790.1,3395019594.5,3132256467.6,3347767967.8,3655307977.3,4059117278.8,3931928957.6,4862015298.0,4773786671.9,4545639257.8,4966526571.6,5005946715.6,7096300794.0,7508962045.3,7239225772.2,7728838741.0,9193555739.8,10589238123.9,10695317540.4,9732305395.0,12091479483.1
root/Sub-SaharanAfrica/Angola,root/Sub-SaharanAfrica,0,0,0,0,0,0,0,0,0,0,0,0,0,0,0,0,0,0,0,7912000.0,4531000.0,37242000.0,21045000.0,13991000.0,33325000.0,30313000.0,37752000.0,27887000.0,36422000.0,38839000.0,23710000.0,12829000.0,20743000.0,9584000.0,24662000.0,34149000.0,21268000.0,10061000.0,16437000.0,23110000.0,12660000.0,20658000.0,49534000.0,61370000.0,696155000.0,512446000.0,466156000.0,70264000.0
root/Sub-SaharanAfrica/Benin,root/Sub-SaharanAfrica,145000.0,2186000.0,2592000.0,6677000.0,5114000.0,10020000.0,11023000.0,19679000.0,15762000.0,17232000.0,24958000.0,22569000.0,31927000.0,40270000.0,33537000.0,30444000.0,53299000.0,43950000.0,48599000.0,58628000.0,90397000.0,78950000.0,73446000.0,69200000.0,74741000.0,80023000.0,88024000.0,40948000.0,43349000.0,76171000.0,27312000.0,113414000.0,57884000.0,57989000.0,83761000.0,92839000.0,86002000.0,137590000.0,137991000.0,120035000.0,167812000.0,99138000.0,91809000.0,296823000.0,225792000.0,193397000.0,200651000.0,217783000.0
root/Sub-SaharanAfrica/Botswana,root/Sub-SaharanAfrica,1607000.0,813000.0,13348000.0,15956000.0,7901000.0,7009000.0,7171000.0,5388000.0,9267000.0,11203000.0,15481000.0,19415000.0,20409000.0,25447000.0,37560000.0,55699000.0,28225000.0,63351000.0,36594000.0,55465000.0,20535000.0,92625000.0,79261000.0,66331000.0,52858000.0,23317000.0,25355000.0,19499000.0,17174000.0,5465000.0,7879000.0,4144000.0,210000.0,5821000.0,4513000.0,161000.0,1508000.0,7870000.0,43926000.0,997143000.0,15877000.0,594556000.0,67274000.0,29309000.0,38049000.0,7949000.0,36837000.0,34455000.0
root/Sub-SaharanAfrica/BurkinaFaso,root/Sub-SaharanAfrica,11000.0,456000.0,2853000.0,5469000.0,6404000.0,8980000.0,8695000.0,25554000.0,26938000.0,31632000.0,26202000.0,40469000.0,24976000.0,33037000.0,25876000.0,36049000.0,71507000.0,51852000.0,54725000.0,49900000.0,44993000.0,99423000.0,110099000.0,117892000.0,99991000.0,105992000.0,90202000.0,67447000.0,90580000.0,96124000.0,75734000.0,116974000.0,125954000.0,109260000.0,204689000.0,195637000.0,234953000.0,167192000.0,242300000.0,200299000.0,248071000.0,162870000.0,143829000.0,53757000.0,208867000.0,206642000.0,247401000.0,269950000.0
root/Sub-SaharanAfrica/Burundi,root/Sub-SaharanAfrica,1211000.0,505000.0,595000.0,368000.0,881000.0,3280974.9,1948132.5,6081739.3,8659299.0,15577156.0,20602415.5,16439181.7,28991069.3,53105126.2,50939528.6,43466528.7,75575715.7,97290717.5,73994026.2,63442256.3,63544879.9,66828135.5,88688587.7,69163327.6,48134893.9,40568081.4,33942082.7,15640270.1,29993565.3,20661617.3,38233969.0,13254977.3,38834278.8,48578957.6,46562298.0,42138671.9,36907257.8,29758571.6,24329715.6,24284794.0,31590045.3,28042416.0,37104815.6,6099407.4,24573977.1,8452399.1,15005000.0,13569266.8
root/Sub-SaharanAfrica/CaboVerde,root/Sub-SaharanAfrica,0,0,0,0,0,0,0,0,0,0,0,5208000.0,8333000.0,6245000.0,8258000.0,11195000.0,7045000.0,4644000.0,7526000.0,7775000.0,6005000.0,4843000.0,16989000.0,10306000.0,27979000.0,15227000.0,16217000.0,20081000.0,29785000.0,41172000.0,23675000.0,24985000.0,30161000.0,33501000.0,26894000.0,48766000.0,30047000.0,34465000.0,36584000.0,58737000.0,84986000.0,31356000.0,43723000.0,58452000.0,91481000.0,72967000.0,37517000.0,50489000.0
root/Sub-SaharanAfrica/Cameroon,root/Sub-SaharanAfrica,9468000.0,13204000.0,24191000.0,21824000.0,14598000.0,49673000.0,28758000.0,48922000.0,90394000.0,79211000.0,72294000.0,85806000.0,61046000.0,85994000.0,82435000.0,75580000.0,111522000.0,126134000.0,80518000.0,121488000.0,199682000.0,194950000.0,129563000.0,71619000.0,280415000.0,81489000.0,105889000.0,147908000.0,106808000.0,119426000.0,114661000.0,70987000.0,73370000.0,106226000.0,176845000.0,67504000.0,84359000.0,83420000.0,105610000.0,110130000.0,141152000.0,118823000.0,205372000.0,245581000.0,255104000.0,189801000.0,197339000.0,461485000.0
root/Sub-SaharanAfrica/CentralAfricanRepublic,root/Sub-SaharanAfrica,220000.0,2167000.0,3375000.0,1352000.0,971000.0,1175066.9,558567.9,3048772.9,3473085.8,11789546.4,13694075.0,12161595.7,7921196.7,12468094.2,24117758.6,26039000.1,44841119.3,46742301.3,52478599.3,52893188.7,95244476.9,44662069.5,32630830.4,31520971.9,43952349.2,32612733.8,26930962.4,6363520.0,3383029.2,5451850.3,16051998.8,398000.0,791000.0,0,0,0,0,3168000.0,1910000.0,3824000.0,5073000.0,7676356.2,8872925.4,1064332.4,34413146.8,19135141.3,5366395.0,34473216.3
root/Sub-SaharanAfrica/Chad,root/Sub-SaharanAfrica,186000.0,1530000.0,617000.0,1560000.0,2446000.0,13627000.0,5132000.0,17646000.0,15836000.0,9582000.0,5155000.0,3915000.0,1479000.0,10419000.0,3947000.0,6368000.0,19653000.0,20976000.0,43071000.0,60457000.0,72044000.0,66724000.0,56457000.0,56489000.0,64779000.0,60686000.0,102057000.0,75785000.0,44262000.0,85721000.0,35870000.0,49895000.0,99683000.0,146694000.0,110305000.0,141479000.0,71126000.0,38803000.0,38121000.0,33484000.0,64077000.0,59417000.0,55465000.0,30309000.0,40235000.0,32869000.0,30118000.0,116443000.0
root/Sub-SaharanAfrica/Comoros,root/Sub-SaharanAfrica,0,0,0,0,0,0,10500000.0,256000.0,888000.0,3465000.0,6131000.0,3953000.0,6378000.0,8462000.0,14471000.0,14149000.0,18057000.0,6863000.0,3486000.0,1616000.0,905000.0,2847000.0,17488000.0,8427000.0,7714000.0,9593000.0,10519000.0,6318000.0,4168000.0,995000.0,2148000.0,11576000.0,12197000.0,8631000.0,3248000.0,3260000.0,2996000.0,4809000.0,1385000.0,338000.0,0,0,0,0,0,0,0,0
root/Sub-SaharanAfrica/CongoDemRep,root/Sub-SaharanAfrica,748000.0,4683000.0,21914000.0,16391000.0,13393000.0,24307000.0,39875000.0,77583000.0,66817000.0,30934000.0,68843000.0,30223000.0,70940000.0,91391000.0,70731000.0,98041000.0,184507000.0,298196000.0,278846000.0,259779000.0,221637000.0,282931000.0,82708000.0,57707000.0,1365000.0,0,7000.0,2000.0,72000.0,0,0,0,410000000.0,159529000.0,211374000.0,248570000.0,143250000.0,105331000.0,99606000.0,121408000.0,56139000.0,61876000.0,96422000.0,111517000.0,8497000.0,76256000.0,50266000.0,50525000.0
root/Sub-SaharanAfrica/CongoRep,root/Sub-SaharanAfrica,0,0,2559000.0,4461000.0,6976000.0,3986000.0,12472000.0,9362000.0,25477000.0,32449000.0,22594000.0,25993000.0,27313000.0,117945000.0,34960000.0,40862000.0,29090000.0,50551000.0,104252000.0,22668000.0,10844000.0,3781000.0,2028000.0,884000.0,247268000.0,532000.0,4145000.0,21964000.0,0,0,0,63482000.0,2085000.0,23804000.0,27239000.0,47669000.0,18279000.0,13620000.0,9177000.0,5292000.0,5334000.0,6960000.0,13171000.0,31126000.0,18105000.0,22583000.0,62653000.0,41276000.0
root/Sub-SaharanAfrica/CotedIvoire,root/Sub-SaharanAfrica,11914000.0,9726000.0,13443000.0,18973000.0,44386000.0,50439000.0,30696000.0,71973000.0,101760000.0,80502000.0,136282000.0,67030000.0,296026000.0,224244000.0,242475000.0,82325000.0,148814000.0,411846000.0,234255000.0,197221000.0,459622000.0,428122000.0,365181000.0,136673000.0,581797000.0,339925000.0,320761000.0,181323000.0,298606000.0,111151000.0,148144000.0,11877000.0,223235000.0,57263000.0,51180000.0,11817000.0,70569000.0,35101000.0,24312000.0,62434000.0,139994000.0,122145000.0,66180000.0,169289000.0,211318000.0,235845000.0,216695000.0,2100547000.0
root/Sub-SaharanAfrica/Eritrea,root/Sub-SaharanAfrica,0,0,0,0,0,0,0,0,0,0,0,0,0,0,0,0,0,0,0,0,0,0,0,0,16014000.0,5379000.0,4493000.0,14208000.0,31306000.0,43103000.0,39214000.0,90267000.0,59278000.0,72174000.0,56595000.0,70030000.0,33052000.0,28444000.0,31626000.0,11934000.0,7908000.0,23661000.0,8632000.0,7335000.0,5678000.0,3494000.0,2391000.0,2893000.0
root/Sub-SaharanAfrica/Ethiopia,root/Sub-SaharanAfrica,8390000.0,16140000.0,13896000.0,14601000.0,11913000.0,39701000.0,39630000.0,39128000.0,38520000.0,51396000.0,35883000.0,46083000.0,42601000.0,62527000.0,55313000.0,85055000.0,67877000.0,127145000.0,131651000.0,138553000.0,138778000.0,133151000.0,186590000.0,364187000.0,231939000.0,209363000.0,271756000.0,145067000.0,127183000.0,223620000.0,180705000.0,518719000.0,583336000.0,237088000.0,292682000.0,323479000.0,290104000.0,272167000.0,284612000.0,756388000.0,503664000.0,654645000.0,737513000.0,1201764000.0,1056268000.0,894140000.0,1665958000.0,1395788000.0
root/Sub-SaharanAfrica/Gabon,root/Sub-SaharanAfrica,3495000.0,4022000.0,1197000.0,5988000.0,2363000.0,2899000.0,2618000.0,1422000.0,11322000.0,3593000.0,2200000.0,19598000.0,4727000.0,12286000.0,21236000.0,21420000.0,23034000.0,25700000.0,27457000.0,80635000.0,84331000.0,44053000.0,43205000.0,65781000.0,78107000.0,149897000.0,63614000.0,35438000.0,23297000.0,5737000.0,10639000.0,4939000.0,16387000.0,17696000.0,107526000.0,15418000.0,57343000.0,36880000.0,17069000.0,73516000.0,64395000.0,130519000.0,72292000.0,66919000.0,101832000.0,39371000.0,57872000.0,93483000.0
root/Sub-SaharanAfrica/GambiaThe,root/Sub-SaharanAfrica,0,0,1419000.0,909000.0,1566000.0,1314000.0,828000.0,4177000.0,5043000.0,7194000.0,18273000.0,12855000.0,8532000.0,10044000.0,8800000.0,10368000.0,28464000.0,33174000.0,12660000.0,25334000.0,17731000.0,16326000.0,52416000.0,25331000.0,21669000.0,18965000.0,22388000.0,23122000.0,14350000.0,15673000.0,17082000.0,19615000.0,29278000.0,35502000.0,44790000.0,47117000.0,41314000.0,31139000.0,31442000.0,29519000.0,22047000.0,19674000.0,14068000.0,18136000.0,27856000.0,22622000.0,8166000.0,59916000.0
root/Sub-SaharanAfrica/Ghana,root/Sub-SaharanAfrica,4081000.0,6394000.0,8985000.0,3372000.0,7442000.0,10149000.0,18993000.0,43580000.0,54270000.0,42124000.0,50361000.0,48590000.0,44499000.0,43459000.0,67220000.0,103971000.0,214272000.0,258424000.0,256556000.0,211471000.0,274188000.0,265912000.0,248282000.0,252018000.0,223756000.0,283731000.0,298318000.0,291373000.0,293031000.0,254303000.0,223259000.0,261347000.0,157808000.0,269812000.0,337819000.0,404010000.0,336607000.0,278117000.0,410018000.0,421433000.0,457504000.0,555991000.0,428930000.0,384744000.0,379761000.0,641148000.0,331597000.0,255416000.0
root/Sub-SaharanAfrica/Guinea,root/Sub-SaharanAfrica,15236000.0,24159000.0,22101000.0,6835000.0,0,3255000.0,3040000.0,9566000.0,15318000.0,21024000.0,33713000.0,33681000.0,22673000.0,27852000.0,35830000.0,27612000.0,75039000.0,63727000.0,85081000.0,106521000.0,89556000.0,153153000.0,162050000.0,230246000.0,145620000.0,165597000.0,111786000.0,190924000.0,136409000.0,77353000.0,65714000.0,93415000.0,52046000.0,59573000.0,47162000.0,43391000.0,35602000.0,40741000.0,44572000.0,13372000.0,18259000.0,23474000.0,42569000.0,55001000.0,98626000.0,22151000.0,49712000.0,32501000.0
root/Sub-SaharanAfrica/GuineaBissau,root/Sub-SaharanAfrica,0,0,0,0,0,0,0,1650000.0,500000.0,2953000.0,29452000.0,18090000.0,8806000.0,13587000.0,13687000.0,21169000.0,14870000.0,31540000.0,34941000.0,30191000.0,30282000.0,38827000.0,23415000.0,16831000.0,12009000.0,18799000.0,28115000.0,30322000.0,14453000.0,2104000.0,13646000.0,5080000.0,7314000.0,21201000.0,31958000.0,15564000.0,10024000.0,16144000.0,7598000.0,5967000.0,4032000.0,9103000.0,2662000.0,1013000.0,2458000.0,29753000.0,4638000.0,15202000.0
root/Sub-SaharanAfrica/Kenya,root/Sub-SaharanAfrica,10020000.0,10460000.0,27549000.0,33424000.0,25212000.0,51680000.0,85189000.0,68598000.0,81367000.0,83331000.0,153797000.0,98569000.0,199374000.0,147125000.0,185101000.0,131911000.0,113353000.0,158775000.0,201513000.0,365964000.0,297161000.0,229770000.0,131650000.0,238628000.0,146976000.0,219002000.0,197273000.0,141958000.0,143747000.0,95147000.0,195792000.0,129651000.0,76698000.0,151974000.0,150352000.0,64832000.0,76500000.0,225295000.0,256206000.0,290235000.0,334568000.0,448125000.0,573992000.0,769928000.0,921766000.0,758497000.0,963063000.0,1069263000.0
root/Sub-SaharanAfrica/Lesotho,root/Sub-SaharanAfrica,0,0,0,14000.0,1997000.0,4535000.0,2561000.0,6753000.0,5953000.0,7637000.0,6511000.0,12077000.0,20683000.0,17353000.0,21489000.0,35679000.0,19027000.0,25726000.0,24618000.0,36669000.0,32022000.0,23598000.0,35864000.0,43925000.0,53440000.0,41068000.0,35005000.0,37264000.0,29120000.0,16241000.0,21229000.0,23130000.0,33956000.0,24069000.0,32462000.0,17139000.0,28132000.0,37619000.0,29863000.0,21963000.0,37720000.0,37075000.0,42923000.0,34248000.0,51844000.0,53606000.0,40296000.0,48573000.0
root/Sub-SaharanAfrica/Liberia,root/Sub-SaharanAfrica,2100000.0,2748000.0,3946000.0,6758000.0,5412000.0,10691000.0,10418000.0,13556000.0,16133000.0,34769000.0,32943000.0,35275000.0,23833000.0,41159000.0,48076000.0,47854000.0,27279000.0,19392000.0,15086000.0,424000.0,0,2108000.0,0,33050000.0,0,0,0,0,0,0,0,0,0,0,0,0,0,0,0,0,0,14297000.0,23107000.0,35080000.0,80499000.0,148360000.0,93632000.0,113456000.0
root/Sub-SaharanAfrica/Madagascar,root/Sub-SaharanAfrica,6374000.0,5584000.0,4352000.0,14109000.0,13011000.0,28647000.0,15790000.0,11975000.0,15034000.0,19984000.0,41692000.0,51049000.0,51734000.0,59922000.0,57818000.0,76301000.0,149136000.0,176179000.0,146237000.0,111280000.0,135638000.0,165650000.0,82373000.0,94646000.0,74482000.0,77959000.0,108278000.0,210351000.0,97554000.0,120091000.0,143367000.0,138014000.0,185156000.0,215327000.0,307563000.0,247664000.0,255752000.0,250099000.0,300177000.0,70517000.0,118161000.0,82786000.0,97781000.0,131443000.0,183208000.0,158033000.0,129838000.0,140128000.0
root/Sub-SaharanAfrica/Malawi,root/Sub-SaharanAfrica,9661000.0,8830000.0,10307000.0,5660000.0,7968000.0,12318000.0,12001000.0,27346000.0,29719000.0,38278000.0,49413000.0,60579000.0,57078000.0,49591000.0,97200000.0,48623000.0,98193000.0,95922000.0,89033000.0,103071000.0,118110000.0,144277000.0,136408000.0,186769000.0,100602000.0,97336000.0,161364000.0,146133000.0,155564000.0,140529000.0,118550000.0,117729000.0,72937000.0,79059000.0,85656000.0,87731000.0,82220000.0,51477000.0,61800000.0,56124000.0,55936000.0,60453000.0,83548000.0,137014000.0,169110000.0,142679000.0,121527000.0,107374000.0
root/Sub-SaharanAfrica/Mali,root/Sub-SaharanAfrica,1200000.0,3388000.0,5549000.0,4496000.0,6540000.0,14863000.0,13702000.0,24883000.0,21870000.0,34965000.0,35238000.0,54898000.0,47613000.0,57424000.0,39298000.0,47673000.0,88966000.0,82991000.0,101325000.0,86651000.0,114934000.0,103981000.0,86729000.0,62676000.0,119299000.0,146276000.0,121614000.0,114895000.0,90831000.0,112492000.0,85362000.0,103643000.0,126578000.0,173574000.0,152989000.0,211021000.0,109078000.0,189540000.0,221392000.0,384340000.0,252674000.0,256638000.0,141123000.0,296268000.0,196791000.0,271981000.0,128898000.0,334922000.0
root/Sub-SaharanAfrica/Mauritania,root/Sub-SaharanAfrica,2170000.0,5221000.0,793000.0,8717000.0,5555000.0,2005000.0,21211000.0,17670000.0,29820000.0,8638000.0,26995000.0,37870000.0,89966000.0,76168000.0,36214000.0,28431000.0,58778000.0,82630000.0,102464000.0,67574000.0,112070000.0,54301000.0,111602000.0,97535000.0,118391000.0,87923000.0,97532000.0,79361000.0,49862000.0,45673000.0,105804000.0,77467000.0,99186000.0,105485000.0,105795000.0,108652000.0,168735000.0,133825000.0,158966000.0,208806000.0,305795000.0,149974000.0,225789000.0,156354000.0,280665000.0,248539000.0,229842000.0,398677000.0
root/Sub-SaharanAfrica/Mauritius,root/Sub-SaharanAfrica,0,509000.0,1041000.0,1221000.0,2284000.0,9765000.0,7915000.0,12662000.0,14533000.0,10772000.0,18299000.0,29872000.0,20670000.0,12843000.0,32194000.0,34119000.0,16163000.0,32439000.0,58467000.0,19986000.0,22551000.0,20667000.0,16052000.0,29324000.0,13756000.0,18028000.0,32564000.0,42319000.0,30786000.0,21483000.0,17220000.0,7948000.0,107739000.0,10547000.0,14661000.0,31383000.0,13856000.0,47202000.0,47904000.0,129209000.0,158299000.0,107716000.0,70623000.0,265304000.0,186911000.0,1420000.0,75961000.0,30874000.0
root/Sub-SaharanAfrica/Mozambique,root/Sub-SaharanAfrica,0,0,0,0,0,0,0,0,0,0,0,0,0,0,5439000.0,13388000.0,33389000.0,59180000.0,59829000.0,75340000.0,95488000.0,80652000.0,158640000.0,144158000.0,219629000.0,219218000.0,275009000.0,243923000.0,215088000.0,112600000.0,128007000.0,137958000.0,244688000.0,202243000.0,313276000.0,323781000.0,338911000.0,309378000.0,342294000.0,288581000.0,263863000.0,191366000.0,338328000.0,476311000.0,348390000.0,387564000.0,277264000.0,255467000.0
root/Sub-SaharanAfrica/Niger,root/Sub-SaharanAfrica,2215000.0,1746000.0,3886000.0,4828000.0,4452000.0,4104000.0,4157000.0,10329000.0,20288000.0,41643000.0,60423000.0,69594000.0,20345000.0,44285000.0,29892000.0,39104000.0,75608000.0,87261000.0,109346000.0,63502000.0,69476000.0,24061000.0,24038000.0,61785000.0,66220000.0,27932000.0,35017000.0,73863000.0,68329000.0,52529000.0,76126000.0,73347000.0,129694000.0,115941000.0,116331000.0,120028000.0,111392000.0,80067000.0,73998000.0,63931000.0,74814000.0,188381000.0,133035000.0,170430000.0,146001000.0,396172000.0,306801000.0,369054000.0
root/Sub-SaharanAfrica/Nigeria,root/Sub-SaharanAfrica,14258000.0,39365000.0,71717000.0,24679000.0,44718000.0,41648000.0,56187000.0,64010000.0,59023000.0,54191000.0,73289000.0,84959000.0,150300000.0,190119000.0,262487000.0,287836000.0,544856000.0,407560000.0,264523000.0,605860000.0,541843000.0,501086000.0,530806000.0,528949000.0,598544000.0,434478000.0,314586000.0,320056000.0,281591000.0,183707000.0,153315000.0,66574000.0,80670000.0,97506000.0,187886000.0,286350000.0,377021000.0,386105000.0,382997000.0,519387000.0,1036528000.0,728565000.0,575890000.0,1044538000.0,983619000.0,1330986000.0,852894000.0,857735000.0
root/Sub-SaharanAfrica/Rwanda,root/Sub-SaharanAfrica,63000.0,157000.0,971000.0,2518000.0,4477000.0,7670000.0,9528000.0,11343000.0,15446000.0,18017000.0,20644000.0,16292000.0,19228000.0,30312000.0,34459000.0,45714000.0,52988000.0,64080000.0,62816000.0,52214000.0,36771000.0,72312000.0,63152000.0,49360000.0,19999000.0,53968000.0,62237000.0,67268000.0,87848000.0,81714000.0,39822000.0,64077000.0,84646000.0,31426000.0,100339000.0,84772000.0,64519000.0,70896000.0,101449000.0,58481000.0,43051000.0,197901000.0,73758000.0,76782000.0,367497000.0,323305000.0,336272000.0,186106000.0
root/Sub-SaharanAfrica/SaoTomeandPrincipe,root/Sub-SaharanAfrica,0,0,0,0,0,0,0,392000.0,1649000.0,1964000.0,6454000.0,2449000.0,4144000.0,3096000.0,1220000.0,139000.0,1587000.0,7160000.0,12030000.0,15547000.0,12838000.0,28259000.0,22646000.0,11847000.0,14080000.0,13005000.0,11214000.0,5075000.0,6393000.0,15488000.0,8406000.0,8077000.0,3144000.0,3590000.0,9781000.0,5446000.0,2680000.0,4173000.0,5244000.0,3838000.0,2328000.0,5841000.0,1741000.0,2001000.0,2023000.0,2129000.0,3662000.0,5784000.0
root/Sub-SaharanAfrica/Senegal,root/Sub-SaharanAfrica,4633000.0,2145000.0,5072000.0,9699000.0,13633000.0,26850000.0,16474000.0,26547000.0,34395000.0,34274000.0,92679000.0,122385000.0,61293000.0,91347000.0,52106000.0,52295000.0,198031000.0,259115000.0,121479000.0,90466000.0,144798000.0,117025000.0,254840000.0,171016000.0,123900000.0,143775000.0,146119000.0,125852000.0,152039000.0,69694000.0,119321000.0,168242000.0,182843000.0,167865000.0,290755000.0,261616000.0,192258000.0,394785000.0,242733000.0,264774000.0,248405000.0,364292000.0,292107000.0,283879000.0,211427000.0,236835000.0,415574000.0,415757000.0
root/Sub-SaharanAfrica/SierraLeone,root/Sub-SaharanAfrica,2830000.0,1380000.0,1598000.0,4358000.0,7850000.0,8956000.0,3012000.0,5687000.0,12551000.0,7879000.0,8913000.0,6829000.0,21171000.0,9389000.0,16076000.0,17971000.0,11785000.0,5625000.0,19147000.0,4567000.0,1346000.0,5496000.0,46435000.0,67317000.0,60648000.0,87303000.0,72657000.0,40141000.0,40829000.0,14851000.0,74361000.0,83341000.0,62699000.0,40519000.0,79362000.0,49483000.0,25490000.0,27537000.0,55584000.0,50974000.0,59386000.0,55209000.0,81360000.0,74662000.0,50179000.0,61906000.0,37982000.0,35769000.0
root/Sub-SaharanAfrica/Somalia,root/Sub-SaharanAfrica,0,1567000.0,1399000.0,3315000.0,17279000.0,14807000.0,18135000.0,13677000.0,28205000.0,27320000.0,36268000.0,130949000.0,54163000.0,41849000.0,42359000.0,63236000.0,60674000.0,56856000.0,35935000.0,69021000.0,45681000.0,12475000.0,81000.0,0,0,0,1000.0,0,0,0,0,0,0,0,0,0,0,0,0,0,0,0,0,0,0,0,0,0
root/Sub-SaharanAfrica/SouthAfrica,root/Sub-SaharanAfrica,0,0,0,0,0,0,0,0,0,0,0,0,0,0,0,0,0,0,0,0,0,0,0,0,0,0,0,0,0,37476000.0,91269000.0,3985000.0,6991000.0,76082000.0,49006000.0,57828000.0,48858000.0,0,3103000.0,31942000.0,913069000.0,489592000.0,1414540000.0,526307000.0,1396602000.0,1256868000.0,703536000.0,651326000.0
root/Sub-SaharanAfrica/Sudan,root/Sub-SaharanAfrica,14868000.0,6389000.0,4129000.0,3435000.0,45311000.0,24816000.0,89158000.0,53387000.0,83991000.0,101030000.0,188890000.0,139702000.0,157912000.0,142284000.0,112205000.0,41642000.0,147137000.0,100995000.0,201543000.0,149807000.0,185108000.0,128423000.0,107671000.0,100712000.0,11833000.0,50763000.0,17293000.0,4688000.0,0,0,171304000.0,285433000.0,19786000.0,32661000.0,91526000.0,137924000.0,150233000.0,213585000.0,184043000.0,127028000.0,133141000.0,222214000.0,106094000.0,186652000.0,114350000.0,182410000.0,75328000.0,170964000.0
root/Sub-SaharanAfrica/Swaziland,root/Sub-SaharanAfrica,384000.0,0,0,0,455000.0,450000.0,9449000.0,6691000.0,9044000.0,17392000.0,15427000.0,17327000.0,21047000.0,20250000.0,7500000.0,3923000.0,12922000.0,13660000.0,7445000.0,7223000.0,8187000.0,9938000.0,6555000.0,11785000.0,11963000.0,7160000.0,25606000.0,21280000.0,15488000.0,22735000.0,15798000.0,18433000.0,9684000.0,9066000.0,40654000.0,31964000.0,19262000.0,11853000.0,39367000.0,24049000.0,7786000.0,32097000.0,5182000.0,5229000.0,7682000.0,8765000.0,29927000.0,50477000.0
root/Sub-SaharanAfrica/Tanzania,root/Sub-SaharanAfrica,10661000.0,15323000.0,18236000.0,17590000.0,19634000.0,70425000.0,46248000.0,86831000.0,69586000.0,82396000.0,121921000.0,150797000.0,146642000.0,114866000.0,100489000.0,78293000.0,136921000.0,101501000.0,278604000.0,131323000.0,199799000.0,226548000.0,256340000.0,165631000.0,214873000.0,187252000.0,194337000.0,242778000.0,184803000.0,252088000.0,186785000.0,147282000.0,203034000.0,466565000.0,427483000.0,443952000.0,493805000.0,627045000.0,523209000.0,883998000.0,825597000.0,436528000.0,700308000.0,930730000.0,821342000.0,839272000.0,570281000.0,639466000.0
root/Sub-SaharanAfrica/Togo,root/Sub-SaharanAfrica,1091000.0,642000.0,1722000.0,429000.0,203000.0,2069000.0,6705000.0,12340000.0,33817000.0,20257000.0,35278000.0,15854000.0,23446000.0,48201000.0,33160000.0,40128000.0,57686000.0,31937000.0,64391000.0,51868000.0,44798000.0,57396000.0,38194000.0,15217000.0,38876000.0,25618000.0,72042000.0,37153000.0,63314000.0,31950000.0,20829000.0,23912000.0,8622000.0,4146000.0,9180000.0,9942000.0,25036000.0,3146000.0,1878000.0,12000000.0,45873000.0,24050000.0,22687000.0,85372000.0,70609000.0,67588000.0,103781000.0,101415000.0
root/Sub-SaharanAfrica/Uganda,root/Sub-SaharanAfrica,5495000.0,8062000.0,6337000.0,5026000.0,7111000.0,2758000.0,10884000.0,4184000.0,8672000.0,5224000.0,6830000.0,28688000.0,67554000.0,70424000.0,73840000.0,141285000.0,91546000.0,132522000.0,116447000.0,146123000.0,218845000.0,165777000.0,215836000.0,201712000.0,248223000.0,213103000.0,178711000.0,280436000.0,169151000.0,168200000.0,218490000.0,337583000.0,135652000.0,327535000.0,203801000.0,223859000.0,246997000.0,449174000.0,264850000.0,463393000.0,445413000.0,332087000.0,369274000.0,558505000.0,350247000.0,433141000.0,375032000.0,528831000.0
root/Sub-SaharanAfrica/Zambia,root/Sub-SaharanAfrica,5593000.0,7662000.0,13820000.0,24434000.0,49471000.0,62599000.0,74346000.0,49977000.0,36549000.0,29172000.0,56246000.0,67876000.0,48126000.0,45228000.0,95217000.0,165451000.0,169238000.0,101668000.0,84080000.0,40802000.0,105964000.0,271855000.0,236894000.0,225754000.0,241242000.0,250789000.0,212531000.0,210665000.0,63651000.0,197469000.0,248831000.0,151363000.0,181674000.0,115845000.0,194082000.0,109009000.0,108032000.0,78905000.0,100264000.0,70074000.0,95981000.0,75964000.0,134458000.0,116910000.0,122284000.0,154240000.0,174576000.0,262345000.0
root/Sub-SaharanAfrica/Zimbabwe,root/Sub-SaharanAfrica,0,0,0,0,0,0,0,0,0,0,0,56204000.0,23539000.0,45078000.0,64852000.0,61654000.0,62154000.0,58390000.0,78294000.0,81084000.0,71896000.0,124415000.0,302026000.0,316599000.0,188266000.0,125407000.0,148276000.0,190699000.0,104400000.0,117029000.0,44102000.0,921000.0,2446000.0,977000.0,9271000.0,6412000.0,1562000.0,0,0,9000.0,0,7490000.0,35768000.0,0,1123000.0,0,0,1258000.0
