root/EastAsia&PacificCambodia,root,0,0,0,0,0,0,0,0,0,0,0,0,0,0,0,0,0,0,0,0,0,0,0,62700000.0,17000000.0,100000000.0,0,57400000.0,30960000.0,80310000.0,36730000.0,63400000.0,29800000.0,76100000.0,40000000.0,8000000.0,0,0,62800000.0,5000000.0,31500000.0,2500000.0,0,2800000.0,0,0,141762000.0
root/EastAsia&PacificChina,root,0,0,0,0,0,0,0,0,0,0,0,96038000.0,165418000.0,139307000.0,342542000.0,432488000.0,448100000.0,613260000.0,594473000.0,539308000.0,877715000.0,1310112000.0,612000000.0,870000000.0,1090000000.0,355000000.0,500000000.0,305000000.0,293400000.0,415610000.0,5000000.0,2000000.0,0,0,0,0,0,0,0,0,0,0,0,0,0,0,0
root/EastAsia&PacificIndonesia,root,104900000.0,60500000.0,101500000.0,171400000.0,57500000.0,0,0,0,119000000.0,89000000.0,162000000.0,0,0,0,0,0,0,0,0,0,0,0,0,0,0,0,0,0,0,141000000.0,115400000.0,209400000.0,70500000.0,74500000.0,106300000.0,256400000.0,139417000.0,517500000.0,315000000.0,0,0,0,0,0,0,0,0
root/EastAsia&PacificLaoPDR,root,0,0,0,0,0,0,0,0,8200000.0,10400000.0,13400000.0,0,14466000.0,0,5947000.0,0,4108000.0,14539000.0,36563000.0,42944000.0,47518000.0,84986000.0,36000000.0,19000000.0,48370000.0,19200000.0,60700000.0,48000000.0,62500000.0,2000000.0,0,41690000.0,44840000.0,24720000.0,27950000.0,4500000.0,0,0,0,0,0,0,0,10000000.0,34500000.0,54100000.0,41702000.0
root/EastAsia&PacificMongolia,root,0,0,0,0,0,0,0,0,0,0,0,0,0,0,0,0,0,0,0,0,0,0,0,20000000.0,30000000.0,10000000.0,35000000.0,28700000.0,5000000.0,12000000.0,32000000.0,64000000.0,28730000.0,7500000.0,18000000.0,18320000.0,0,19800000.0,8465000.0,42000000.0,63700000.0,36000000.0,15000000.0,0,0,91969000.0,27801000.0
root/EastAsia&PacificMyanmar,root,0,0,0,33000000.0,41000000.0,28500000.0,56000000.0,5500000.0,39000000.0,70000000.0,146217000.0,0,115868000.0,71757000.0,52150000.0,34444000.0,46736000.0,64558000.0,0,0,0,0,0,0,0,0,0,0,0,0,0,0,0,0,0,0,0,0,0,0,0,0,440000000.0,128996000.0,90219000.0,404190000.0,200000000.0
root/EastAsia&PacificPapuaNewGuinea,root,9500000.0,0,9200000.0,5000000.0,0,0,4000000.0,19000000.0,20000000.0,0,13000000.0,25602000.0,4859000.0,0,0,0,0,0,0,0,0,0,0,0,0,0,0,0,0,0,0,0,0,0,0,0,0,37310000.0,27500000.0,17000000.0,40000000.0,85710000.0,0,7392000.0,146100000.0,0,0
root/EastAsia&PacificPhilippines,root,0,0,10000000.0,12716000.0,9500000.0,0,0,0,28000000.0,62000000.0,0,0,0,0,0,0,0,0,0,0,0,68427000.0,36000000.0,70000000.0,0,0,0,0,0,0,0,0,0,0,0,0,0,0,0,0,0,0,0,0,0,0,0
root/EastAsia&PacificSamoa,root,0,0,0,0,0,4400000.0,0,0,0,8000000.0,0,1888000.0,0,0,0,2134000.0,2699000.0,3144000.0,0,4615000.0,14798000.0,0,0,6100000.0,0,0,0,0,0,14400000.0,5000000.0,0,0,4480000.0,14900000.0,0,0,4135000.0,3000000.0,0,33000000.0,0,8000000.0,0,0,0,23103000.0
root/EastAsia&PacificSolomonIslands,root,0,0,0,0,0,0,0,0,0,0,0,1534000.0,4748000.0,0,3383000.0,2032000.0,5281000.0,0,0,0,0,0,0,16900000.0,0,0,0,0,0,12000000.0,4000000.0,0,0,0,0,0,0,0,0,0,0,0,0,0,7200000.0,9100000.0,0
root/EastAsia&PacificThailand,root,0,0,0,25000000.0,7000000.0,0,0,0,33100000.0,60000000.0,0,0,0,0,0,0,0,0,0,0,0,0,0,0,0,0,0,0,0,0,0,0,0,0,0,0,0,0,0,0,0,0,0,0,0,0,0
root/EastAsia&PacificTonga,root,0,0,0,0,0,0,0,0,0,0,0,0,0,0,0,0,0,2096000.0,0,0,3258000.0,0,0,0,0,0,0,0,0,0,0,0,5850000.0,10940000.0,0,1000000.0,0,0,0,0,0,0,0,2618000.0,6400000.0,9750000.0,10202000.0
root/EastAsia&PacificVanuatu,root,0,0,0,0,0,0,0,0,0,0,0,0,0,2031000.0,0,0,2230000.0,0,0,8076000.0,0,3421000.0,0,0,0,0,0,0,0,0,0,0,0,0,0,0,0,0,0,0,0,0,0,0,0,61000000.0,34751000.0
root/EastAsia&PacificVietnam,root,0,0,0,0,0,0,0,0,0,0,0,0,0,0,0,0,0,0,0,0,0,0,0,228500000.0,246000000.0,265000000.0,502200000.0,443710000.0,426890000.0,182300000.0,285700000.0,739120000.0,483040000.0,293090000.0,710530000.0,658870000.0,655513000.0,973260000.0,1097238000.0,1504260000.0,1063980000.0,1087000000.0,1905687000.0,1272046000.0,1215400000.0,591600000.0,1814572000.0
root/Europe&CentralAsiaAlbania,root,0,0,0,0,0,0,0,0,0,0,0,0,0,0,0,0,0,0,0,0,0,0,41100000.0,70300000.0,62600000.0,36000000.0,62500000.0,30000000.0,54250000.0,138650000.0,54100000.0,19900000.0,87500000.0,61000000.0,50000000.0,51500000.0,40090000.0,30000000.0,61460000.0,0,0,0,0,0,0,0,0
root/Europe&CentralAsiaArmenia,root,0,0,0,0,0,0,0,0,0,0,0,0,0,0,0,0,0,0,0,0,0,0,0,0,84700000.0,88000000.0,63800000.0,106750000.0,132500000.0,47600000.0,71400000.0,79900000.0,9300000.0,40000000.0,104800000.0,55000000.0,57283000.0,96000000.0,20000000.0,120000000.0,0,37000000.0,72915000.0,76000000.0,29960000.0,0,0
root/Europe&CentralAsiaAzerbaijan,root,0,0,0,0,0,0,0,0,0,0,0,0,0,0,0,0,0,0,0,0,0,0,0,0,0,164800000.0,20200000.0,84700000.0,40000000.0,59500000.0,42000000.0,50400000.0,69450000.0,65920000.0,25000000.0,43750000.0,115346000.0,0,107700000.0,85000000.0,70000000.0,86000000.0,0,0,0,0,0
root/Europe&CentralAsiaBosniaandHerzegovina,root,0,0,0,0,0,0,0,0,0,0,0,0,0,0,0,0,0,0,0,0,0,0,0,0,0,0,0,0,0,163000000.0,37600000.0,124350000.0,102000000.0,22740000.0,117000000.0,27000000.0,62854000.0,39350000.0,25000000.0,15000000.0,81000000.0,10000000.0,39411000.0,34100000.0,146852000.0,0,0
root/Europe&CentralAsiaGeorgia,root,0,0,0,0,0,0,0,0,0,0,0,0,0,0,0,0,0,0,0,0,0,0,0,0,28100000.0,75000000.0,90800000.0,154600000.0,26790000.0,134300000.0,47600000.0,92600000.0,55410000.0,20000000.0,47600000.0,31300000.0,58080000.0,55000000.0,122700000.0,85000000.0,51500000.0,40000000.0,173000000.0,65000000.0,55090000.0,0,0
root/Europe&CentralAsiaKosovo,root,0,0,0,0,0,0,0,0,0,0,0,0,0,0,0,0,0,0,0,0,0,0,0,0,0,0,0,0,0,0,0,0,0,0,0,0,0,0,0,0,11140000.0,33300000.0,0,4312000.0,0,49360000.0,0
root/Europe&CentralAsiaKyrgyzRepublic,root,0,0,0,0,0,0,0,0,0,0,0,0,0,0,0,0,0,0,0,0,0,0,0,60000000.0,95000000.0,60000000.0,98500000.0,60000000.0,86480000.0,40000000.0,126420000.0,15000000.0,15000000.0,27775000.0,9000000.0,20100000.0,0,0,5500000.0,21450000.0,50000000.0,51900000.0,8700000.0,41536000.0,43190000.0,17900000.0,40334000.0
root/Europe&CentralAsiaMacedoniaFYR,root,0,0,0,0,0,0,0,0,0,0,0,0,0,0,0,0,0,0,0,0,0,0,0,0,40000000.0,99000000.0,24800000.0,40000000.0,30000000.0,60000000.0,20000000.0,24300000.0,7500000.0,20000000.0,0,0,0,0,0,0,0,0,0,0,0,0,0
root/Europe&CentralAsiaMoldova,root,0,0,0,0,0,0,0,0,0,0,0,0,0,0,0,0,0,0,0,0,0,0,0,0,0,0,0,59000000.0,20900000.0,66100000.0,10000000.0,5000000.0,40500000.0,54210000.0,28000000.0,16448000.0,27049000.0,33000000.0,30000000.0,49000000.0,55000000.0,67200000.0,49000000.0,50000000.0,56000000.0,14000000.0,108114000.0
root/Europe&CentralAsiaMontenegro,root,0,0,0,0,0,0,0,0,0,0,0,0,0,0,0,0,0,0,0,0,0,0,0,0,0,0,0,0,0,0,0,0,0,0,0,0,0,19000000.0,0,0,0,0,0,0,0,0,0
root/Europe&CentralAsiaSerbia,root,0,0,0,0,0,0,0,0,0,0,0,0,0,0,0,0,0,0,0,0,0,0,0,0,0,0,0,0,0,0,20000000.0,0,183260000.0,193750000.0,151000000.0,126000000.0,0,20000000.0,0,0,0,0,0,0,0,0,0
root/Europe&CentralAsiaTajikistan,root,0,0,0,0,0,0,0,0,0,0,0,0,0,0,0,0,0,0,0,0,0,0,0,0,0,0,55000000.0,22000000.0,65000000.0,40400000.0,25870000.0,53100000.0,40800000.0,13000000.0,5000000.0,15000000.0,0,18500000.0,0,0,0,0,0,0,0,45200000.0,22901000.0
root/Europe&CentralAsiaTurkey,root,0,19500000.0,36300000.0,30000000.0,0,0,0,0,0,0,0,0,0,0,0,0,0,0,0,0,0,0,0,0,0,0,0,0,0,0,0,0,0,0,0,0,0,0,0,0,0,0,0,0,0,0,0
root/Europe&CentralAsiaUzbekistan,root,0,0,0,0,0,0,0,0,0,0,0,0,0,0,0,0,0,0,0,0,0,0,0,0,0,0,0,0,0,0,0,0,20000000.0,0,64480000.0,0,0,15000000.0,67960000.0,83000000.0,65544000.0,206000000.0,0,277046000.0,66400000.0,0,315440000.0
root/LatinAmerica&CaribbeanBolivia,root,1400000.0,6800000.0,8000000.0,6000000.0,6200000.0,7500000.0,0,0,9000000.0,19500000.0,16000000.0,0,0,0,0,0,71828000.0,91557000.0,93558000.0,100632000.0,128977000.0,87450000.0,117700000.0,51120000.0,156770000.0,115640000.0,58500000.0,15000000.0,227480000.0,145000000.0,4800000.0,106000000.0,77000000.0,94000000.0,40000000.0,43400000.0,0,30000000.0,117400000.0,30000000.0,0,238500000.0,50257000.0,24408000.0,60483000.0,100000000.0,0
root/LatinAmerica&CaribbeanColombia,root,0,0,1663000.0,2318000.0,0,0,0,0,0,0,0,0,0,0,0,0,0,0,0,0,0,0,0,0,0,0,0,0,0,0,0,0,0,0,0,0,0,0,0,0,0,0,0,0,0,0,0
root/LatinAmerica&CaribbeanDominica,root,0,0,0,0,0,0,0,0,0,0,0,0,4859000.0,0,0,0,0,6288000.0,0,0,0,0,0,0,0,600000.0,3070000.0,0,3100000.0,0,0,0,2240000.0,0,3000000.0,542000.0,0,5950000.0,2400000.0,0,0,0,0,0,17000000.0,0,0
root/LatinAmerica&CaribbeanDominicanRepublic,root,0,9000000.0,0,13000000.0,0,0,0,0,0,0,0,0,0,0,0,0,0,0,0,0,0,0,0,0,0,0,0,0,0,0,0,0,0,0,0,0,0,0,0,0,0,0,0,0,0,0,0
root/LatinAmerica&CaribbeanEcuador,root,11500000.0,0,6800000.0,5500000.0,0,0,0,0,0,0,0,0,0,0,0,0,0,0,0,0,0,0,0,0,0,0,0,0,0,0,0,0,0,0,0,0,0,0,0,0,0,0,0,0,0,0,0
root/LatinAmerica&CaribbeanElSalvador,root,0,5600000.0,0,0,6000000.0,0,0,6000000.0,0,0,0,0,0,0,0,0,0,0,0,0,0,0,0,0,0,0,0,0,0,0,0,0,0,0,0,0,0,0,0,0,0,0,0,0,0,0,0
root/LatinAmerica&CaribbeanGrenada,root,0,0,0,0,0,0,0,0,0,0,0,0,0,0,0,5086000.0,0,0,0,0,0,0,0,0,0,0,3826000.0,0,600000.0,0,5010000.0,0,5700000.0,4000000.0,5000000.0,271000.0,3652000.0,4500000.0,4260000.0,4900000.0,3500000.0,17800000.0,10000000.0,0,15000000.0,10000000.0,12983000.0
root/LatinAmerica&CaribbeanGuyana,root,2200000.0,0,4400000.0,0,0,4000000.0,0,0,15000000.0,0,0,7433000.0,1877000.0,0,0,8841000.0,0,0,0,0,97479000.0,18065000.0,13400000.0,56510000.0,20270000.0,22100000.0,20200000.0,3700000.0,9000000.0,4800000.0,0,0,0,16760000.0,0,0,0,0,0,0,0,4200000.0,9471000.0,0,21699000.0,5126000.0,0
root/LatinAmerica&CaribbeanHaiti,root,0,0,0,0,10000000.0,20000000.0,21500000.0,10000000.0,31600000.0,16500000.0,0,20588000.0,43772000.0,48932000.0,0,32045000.0,0,66085000.0,0,43838000.0,41324000.0,23885000.0,0,0,0,140000000.0,0,33500000.0,0,0,0,0,0,0,0,36500000.0,0,0,0,0,0,0,0,0,0,0,0
root/LatinAmerica&CaribbeanHonduras,root,8100000.0,0,0,6600000.0,3000000.0,0,14000000.0,5000000.0,5000000.0,0,25000000.0,0,0,0,0,0,0,0,0,0,0,91076000.0,53700000.0,183080000.0,27930000.0,97100000.0,91000000.0,54100000.0,59200000.0,261200000.0,29820000.0,200500000.0,27100000.0,21900000.0,154860000.0,189455000.0,0,39000000.0,103970000.0,30000000.0,139700000.0,140600000.0,45000000.0,43110000.0,55000000.0,75000000.0,0
root/LatinAmerica&CaribbeanNicaragua,root,0,0,0,20000000.0,0,0,0,0,0,0,37076000.0,0,0,0,0,0,0,0,0,0,0,114274000.0,10300000.0,92490000.0,67600000.0,93300000.0,60800000.0,0,186400000.0,142000000.0,52530000.0,182200000.0,32600000.0,27000000.0,115500000.0,11000000.0,105035000.0,0,57300000.0,20000000.0,37473000.0,25500000.0,30000000.0,40000000.0,59000000.0,0,25100000.0
root/LatinAmerica&CaribbeanParaguay,root,0,0,5100000.0,0,11000000.0,4000000.0,4000000.0,0,0,0,0,0,0,0,0,0,0,0,0,0,0,0,0,0,0,0,0,0,0,0,0,0,0,0,0,0,0,0,0,0,0,0,0,0,0,0,0
root/LatinAmerica&CaribbeanStLucia,root,0,0,0,0,0,0,0,0,0,0,0,0,0,0,0,0,0,0,0,0,5431000.0,0,0,0,0,8314000.0,0,0,3600000.0,1500000.0,0,0,11710000.0,0,5400000.0,4121000.0,0,9840000.0,5400000.0,0,8000000.0,17800000.0,6000000.0,0,41000000.0,0,0
root/LatinAmerica&CaribbeanStVincentandtheGrenadines,root,0,0,0,0,0,0,0,0,0,0,0,0,0,0,4819000.0,0,0,0,0,1410000.0,0,0,0,0,0,1800000.0,0,0,600000.0,0,0,0,5150000.0,0,4850000.0,271000.0,0,700000.0,0,0,2300000.0,15920000.0,6000000.0,0,35600000.0,0,0
root/MiddleEast&NorthAfricaDjibouti,root,0,0,0,0,0,0,0,0,0,0,0,0,2871000.0,6094000.0,5844000.0,10162000.0,0,0,0,9102000.0,6245000.0,10675000.0,0,0,0,0,0,6500000.0,2700000.0,14800000.0,15000000.0,20000000.0,15000000.0,11000000.0,3230000.0,17000000.0,0,0,0,0,0,0,0,13160000.0,8300000.0,0,43091000.0
root/MiddleEast&NorthAfricaEgyptArabRep,root,26000000.0,0,30175000.0,74900000.0,55000000.0,55000000.0,40000000.0,54000000.0,124000000.0,109500000.0,254438000.0,145945000.0,0,0,0,0,0,0,0,0,0,143697000.0,110840000.0,77500000.0,67000000.0,53300000.0,152200000.0,75000000.0,145000000.0,155000000.0,175000000.0,0,0,0,0,0,0,0,0,0,0,0,0,0,0,0,0
root/MiddleEast&NorthAfricaJordan,root,0,6000000.0,5444000.0,19755000.0,7500000.0,12000000.0,10000000.0,0,14000000.0,0,0,0,0,0,0,0,0,0,0,0,0,0,0,0,0,0,0,0,0,0,0,0,0,0,0,0,0,0,0,0,0,0,0,0,0,0,100000000.0
root/MiddleEast&NorthAfricaMorocco,root,0,8500000.0,10000000.0,0,0,14000000.0,0,0,0,0,0,0,0,0,0,0,0,0,0,0,0,0,0,0,0,0,0,0,0,0,0,0,0,0,0,0,0,0,0,0,0,0,0,0,0,0,0
root/MiddleEast&NorthAfricaTunisia,root,10500000.0,9800000.0,10417000.0,8975000.0,1498000.0,233000.0,4800000.0,0,0,0,0,0,1022000.0,0,0,0,0,0,0,0,0,0,0,0,0,0,0,0,0,0,0,0,0,0,0,0,0,0,0,0,0,0,0,0,0,0,0
root/MiddleEast&NorthAfricaYemenRep,root,0,1600000.0,8260000.0,25400000.0,13950000.0,47400000.0,35500000.0,16000000.0,54400000.0,47000000.0,61621000.0,45895000.0,77210000.0,65751000.0,58953000.0,43594000.0,47181000.0,66016000.0,43150000.0,30510000.0,57835000.0,124948000.0,52500000.0,26600000.0,33000000.0,0,206500000.0,148740000.0,59800000.0,127500000.0,242100000.0,90200000.0,162530000.0,47400000.0,210000000.0,40000000.0,97589000.0,30000000.0,83840000.0,0,0,0,0,0,0,0,0
root/SouthAsiaBangladesh,root,0,0,57465000.0,63935000.0,120000000.0,204600000.0,82875000.0,202000000.0,163000000.0,202000000.0,331180000.0,230606000.0,577996000.0,233736000.0,341574000.0,377221000.0,367781000.0,388706000.0,226159000.0,425370000.0,529451000.0,459429000.0,353000000.0,71510000.0,597150000.0,358700000.0,168400000.0,459650000.0,655400000.0,595250000.0,96710000.0,234900000.0,321380000.0,554360000.0,707100000.0,500000000.0,264330000.0,579860000.0,1807200000.0,273200000.0,923000000.0,2451190000.0,887430000.0,1057700000.0,1629085000.0,1606900000.0,972066000.0
root/SouthAsiaBhutan,root,0,0,0,0,0,0,0,0,0,0,0,0,0,0,8666000.0,9445000.0,0,0,5242000.0,0,0,0,0,5400000.0,0,0,0,0,13690000.0,0,22400000.0,0,0,31000000.0,0,7000000.0,0,0,0,11120000.0,12008000.0,27000000.0,45165000.0,0,17400000.0,20000000.0,0
root/SouthAsiaIndia,root,285400000.0,446000000.0,279955000.0,559000000.0,728100000.0,817000000.0,0,824000000.0,1554503000.0,516000000.0,1956271000.0,1419572000.0,784026000.0,577648000.0,948063000.0,921945000.0,288131000.0,1005553000.0,572893000.0,860304000.0,930050000.0,1379496000.0,1269000000.0,704100000.0,1128700000.0,984300000.0,1063600000.0,929440000.0,1006900000.0,809100000.0,748980000.0,932988000.0,1050700000.0,509620000.0,193400000.0,0,800455000.0,1242500000.0,600000000.0,1055008000.0,2314605000.0,3420040000.0,1761300000.0,1110326000.0,2471500000.0,977561000.0,785000000.0
root/SouthAsiaMaldives,root,0,0,0,0,0,0,0,0,0,3200000.0,0,0,0,5132000.0,0,0,0,0,0,7692000.0,8010000.0,0,10000000.0,0,0,13400000.0,0,0,0,0,17600000.0,0,0,0,15600000.0,8400000.0,7280000.0,0,20850000.0,3800000.0,13700000.0,0,0,0,0,0,0
root/SouthAsiaNepal,root,2500000.0,0,4200000.0,11500000.0,13800000.0,0,46000000.0,33000000.0,64200000.0,25800000.0,60000000.0,32682000.0,29262000.0,45972000.0,68693000.0,125796000.0,77771000.0,91621000.0,69497000.0,194833000.0,49690000.0,62269000.0,178600000.0,0,97200000.0,0,0,145850000.0,0,84500000.0,0,0,22560000.0,141400000.0,153800000.0,0,0,0,17000000.0,155910000.0,117700000.0,247260000.0,82000000.0,245024000.0,96400000.0,396900000.0,0
root/SouthAsiaPakistan,root,99400000.0,25000000.0,50000000.0,63000000.0,87000000.0,38000000.0,113600000.0,83000000.0,174200000.0,139000000.0,184721000.0,153838000.0,222795000.0,179280000.0,172994000.0,243684000.0,175986000.0,199123000.0,187657000.0,203112000.0,209660000.0,242748000.0,198400000.0,474700000.0,261500000.0,266670000.0,133000000.0,307800000.0,250000000.0,90000000.0,0,674350000.0,736500000.0,51460000.0,1052750000.0,1102500000.0,266600000.0,1109990000.0,161900000.0,1909680000.0,300000000.0,741500000.0,1534000000.0,552656000.0,1452600000.0,1687300000.0,982465000.0
root/SouthAsiaSriLanka,root,14500000.0,0,0,6000000.0,24000000.0,29500000.0,0,41200000.0,25500000.0,68000000.0,151500000.0,158452000.0,83703000.0,56664000.0,29015000.0,74689000.0,137317000.0,20171000.0,217094000.0,19870000.0,321218000.0,242233000.0,38640000.0,85760000.0,0,39000000.0,156100000.0,128100000.0,57000000.0,56000000.0,18200000.0,37300000.0,75000000.0,180300000.0,117700000.0,120000000.0,100274000.0,32000000.0,279028000.0,99000000.0,347400000.0,148000000.0,111000000.0,200000000.0,413300000.0,167300000.0,297388000.0
root/Sub-SaharanAfricaAngola,root,0,0,0,0,0,0,0,0,0,0,0,0,0,0,0,0,0,0,0,0,0,62132000.0,168180000.0,19900000.0,0,0,24000000.0,0,5000000.0,0,33000000.0,0,0,71600000.0,0,24900000.0,0,102000000.0,0,30000000.0,57000000.0,152500000.0,120000000.0,0,75000000.0,0,0
root/Sub-SaharanAfricaBenin,root,3500000.0,0,6100000.0,11800000.0,600000.0,4000000.0,9000000.0,17200000.0,11000000.0,0,10000000.0,40821000.0,23079000.0,19993000.0,49008000.0,5183000.0,2113000.0,47939000.0,21373000.0,77044000.0,2715000.0,90324000.0,39690000.0,3800000.0,42800000.0,75800000.0,40000000.0,0,20700000.0,55900000.0,6830000.0,10000000.0,51071000.0,0,102700000.0,65000000.0,29886000.0,99000000.0,72000000.0,70000000.0,105000000.0,56000000.0,80656000.0,93910000.0,120327000.0,47916000.0,55324000.0
root/Sub-SaharanAfricaBotswana,root,2500000.0,3000000.0,3650000.0,0,3000000.0,0,0,0,0,0,0,0,0,0,0,0,0,0,0,0,0,0,0,0,0,0,0,0,0,0,0,0,0,0,0,0,0,0,0,0,0,0,0,0,0,0,0
root/Sub-SaharanAfricaBurkinaFaso,root,6200000.0,0,5000000.0,9350000.0,9350000.0,16500000.0,29400000.0,12800000.0,8200000.0,14000000.0,21000000.0,14630000.0,91765000.0,6735000.0,7177000.0,63511000.0,0,0,18954000.0,63071000.0,0,142739000.0,116500000.0,11250000.0,90500000.0,37000000.0,0,88700000.0,15000000.0,30200000.0,0,203700000.0,91900000.0,74700000.0,70000000.0,54500000.0,209185000.0,145300000.0,193726000.0,0,0,0,0,238958000.0,105089000.0,212028000.0,248841000.0
root/Sub-SaharanAfricaBurundi,root,380000.0,0,0,0,5000000.0,5200000.0,7500000.0,13400000.0,14000000.0,6800000.0,37700000.0,47193200.0,20760135.0,15502312.5,19172502.3,55280464.0,32275375.0,12836285.0,151226156.3,52815516.0,73312695.1,55426173.7,50096000.0,10400000.0,0,35900000.0,0,0,0,12000000.0,35000000.0,47500000.0,90000000.0,0,77400000.0,7500000.0,0,0,0,0,0,0,0,0,0,0,0
root/Sub-SaharanAfricaCaboVerde,root,0,0,0,0,0,0,0,0,0,0,0,0,0,7163000.0,0,4166000.0,0,4322000.0,4705000.0,0,0,0,4200000.0,12500000.0,8100000.0,11500000.0,11400000.0,0,39000000.0,42630000.0,0,20000000.0,13000000.0,15500000.0,0,30000000.0,10447000.0,18000000.0,15000000.0,21000000.0,14500000.0,10000000.0,12000000.0,19000000.0,15500000.0,10000000.0,6950000.0
root/Sub-SaharanAfricaCameroon,root,7000000.0,1500000.0,12700000.0,24000000.0,0,21200000.0,25000000.0,20000000.0,36000000.0,30000000.0,31000000.0,25883000.0,0,0,0,0,0,0,0,0,0,0,0,0,208800000.0,53200000.0,253600000.0,25200000.0,218060000.0,13100000.0,37670000.0,57800000.0,83250000.0,3310000.0,20000000.0,18200000.0,0,227000000.0,125000000.0,100000000.0,218740000.0,142000000.0,162000000.0,110264000.0,218920000.0,0,209006000.0
root/Sub-SaharanAfricaCentralAfricanRepublic,root,4300000.0,0,3900000.0,0,0,0,0,0,15500000.0,2500000.0,5466657.0,3893439.0,17889052.5,21168675.0,0,8516646.5,42955590.0,15062987.5,57801997.6,30509934.0,129790622.9,20528212.5,25800000.0,0,0,16600000.0,0,0,0,0,28000000.0,17000000.0,0,0,0,0,0,0,0,0,7500000.0,13090000.0,143750000.0,0,26100000.0,0,0
root/Sub-SaharanAfricaChad,root,0,2200000.0,2365000.0,3181000.0,11000000.0,5000000.0,20000000.0,1900000.0,8300000.0,0,0,0,0,0,0,0,35092000.0,18992000.0,142758000.0,58200000.0,24844000.0,0,0,56300000.0,55900000.0,67430000.0,39500000.0,25000000.0,16170000.0,30000000.0,149710000.0,64560000.0,54800000.0,79130000.0,25000000.0,9100000.0,0,0,0,0,0,28850000.0,41500000.0,0,0,0,0
root/Sub-SaharanAfricaComoros,root,0,0,0,0,0,0,0,0,5000000.0,0,5200000.0,0,12037000.0,5239000.0,4921000.0,0,0,9169000.0,0,0,0,14506000.0,0,0,18100000.0,0,0,20100000.0,8400000.0,0,0,17400000.0,0,0,13300000.0,0,0,0,0,0,0,0,0,0,0,0,0
root/Sub-SaharanAfricaCongoDemRep,root,5000000.0,23500000.0,19000000.0,8500000.0,10000000.0,52000000.0,50500000.0,18000000.0,9000000.0,46000000.0,29500000.0,26665000.0,140573000.0,37847000.0,94632000.0,114523000.0,133444000.0,282398000.0,64254000.0,107298000.0,19278000.0,77733000.0,0,0,0,0,0,0,0,0,0,0,860000000.0,170000000.0,377500000.0,0,0,0,0,0,0,0,0,0,0,216439000.0,242509000.0
root/Sub-SaharanAfricaCongoRep,root,1500000.0,7500000.0,6300000.0,6200000.0,0,0,0,500000.0,0,0,35000000.0,0,16122000.0,0,0,0,0,0,0,0,0,0,0,0,100000000.0,9000000.0,0,0,0,0,0,42670000.0,47000000.0,28000000.0,30000000.0,0,0,0,0,0,25500000.0,25000000.0,15000000.0,10318000.0,27689000.0,0,33194000.0
root/Sub-SaharanAfricaCotedIvoire,root,0,0,0,7500000.0,0,0,0,0,0,0,0,0,0,0,0,0,0,0,0,0,0,101775000.0,15000000.0,23700000.0,553900000.0,369090000.0,274600000.0,137600000.0,320900000.0,5000000.0,21200000.0,0,214000000.0,0,0,0,0,0,0,0,0,0,0,103820000.0,105505000.0,284863000.0,125000000.0
root/Sub-SaharanAfricaEritrea,root,0,0,0,0,0,0,0,0,0,0,0,0,0,0,0,0,0,0,0,0,0,0,0,0,0,0,17500000.0,54920000.0,53000000.0,0,170000000.0,5000000.0,60000000.0,45000000.0,29000000.0,0,0,0,0,0,0,0,0,0,0,0,0
root/Sub-SaharanAfricaEthiopia,root,3100000.0,13900000.0,34300000.0,53000000.0,52900000.0,71000000.0,27000000.0,57000000.0,24000000.0,0,0,75701000.0,29815000.0,95579000.0,169183000.0,31807000.0,115370000.0,50035000.0,191956000.0,71532000.0,79422000.0,0,150000000.0,346000000.0,74780000.0,142200000.0,155730000.0,0,769200000.0,0,465300000.0,201497000.0,368900000.0,28300000.0,189300000.0,244900000.0,281385000.0,520000000.0,431950000.0,670224000.0,518400000.0,383400000.0,2028000000.0,282336000.0,2029900000.0,1051330000.0,1422385000.0
root/Sub-SaharanAfricaGambiaThe,root,2100000.0,0,1300000.0,0,2400000.0,0,8100000.0,0,8500000.0,5000000.0,0,1534000.0,6515000.0,0,20403000.0,0,22769000.0,14408000.0,0,32305000.0,22672000.0,0,0,12300000.0,13600000.0,0,0,0,38000000.0,15000000.0,0,30105000.0,16000000.0,0,0,5900000.0,0,0,0,0,0,0,0,0,9200000.0,35200000.0,19410000.0
root/Sub-SaharanAfricaGhana,root,8500000.0,7100000.0,0,28600000.0,12400000.0,23600000.0,0,9000000.0,0,19000000.0,54500000.0,27490000.0,0,72273000.0,121085000.0,190737000.0,99056000.0,233280000.0,270459000.0,271768000.0,296509000.0,167920000.0,374450000.0,268840000.0,87700000.0,299300000.0,274850000.0,50900000.0,147200000.0,219300000.0,93030000.0,432580000.0,0,165800000.0,311000000.0,210000000.0,228726000.0,355000000.0,257000000.0,550000000.0,433300000.0,605000000.0,334741000.0,0,298600000.0,350798000.0,20851000.0
root/Sub-SaharanAfricaGuinea,root,0,0,0,0,0,21000000.0,0,0,8000000.0,37030000.0,17311000.0,26074000.0,18331000.0,23841000.0,45420000.0,32924000.0,49529000.0,91688000.0,160367000.0,54482000.0,174322000.0,0,78100000.0,14700000.0,47600000.0,42500000.0,53800000.0,95000000.0,4100000.0,51300000.0,19000000.0,145000000.0,5000000.0,0,30300000.0,25000000.0,0,0,0,0,0,0,0,0,73200000.0,27500000.0,82801000.0
root/Sub-SaharanAfricaGuineaBissau,root,0,0,0,0,0,0,0,0,0,9000000.0,0,6371000.0,0,28653000.0,24505000.0,0,5281000.0,24362000.0,13577000.0,28010000.0,25116000.0,15465000.0,10100000.0,8800000.0,0,22000000.0,0,14300000.0,11700000.0,0,25000000.0,0,26000000.0,0,3000000.0,4000000.0,0,0,0,0,0,0,0,0,25357000.0,58250000.0,0
root/Sub-SaharanAfricaKenya,root,18700000.0,0,28000000.0,0,33500000.0,25500000.0,14000000.0,36000000.0,61000000.0,27000000.0,122000000.0,46722000.0,113076000.0,56664000.0,62439000.0,6300000.0,54340000.0,127708000.0,141548000.0,392489000.0,201881000.0,304229000.0,176220000.0,91540000.0,64020000.0,65350000.0,326600000.0,94100000.0,165000000.0,0,272000000.0,92470000.0,1497000.0,60530000.0,354000000.0,0,285681000.0,369400000.0,150000000.0,525000000.0,648500000.0,485000000.0,1612182000.0,422026000.0,376800000.0,756700000.0,788051000.0
root/Sub-SaharanAfricaLesotho,root,0,0,0,5600000.0,4000000.0,0,5500000.0,10000000.0,6000000.0,15000000.0,10000000.0,9675000.0,0,0,24606000.0,3760000.0,9389000.0,0,35891000.0,12050000.0,0,46531000.0,9800000.0,0,0,11000000.0,40000000.0,0,6800000.0,21000000.0,11170000.0,28600000.0,0,21000000.0,14100000.0,0,17763000.0,3900000.0,8700000.0,16500000.0,28500000.0,11600000.0,0,25410000.0,11340000.0,0,55000000.0
root/Sub-SaharanAfricaLiberia,root,0,0,8400000.0,2600000.0,0,6000000.0,0,7000000.0,12000000.0,8000000.0,0,3775000.0,38429000.0,1818000.0,17737000.0,7723000.0,0,0,0,0,0,0,0,0,0,0,0,0,0,0,0,0,0,0,0,0,0,0,0,0,10000000.0,115300000.0,236500000.0,74028000.0,27700000.0,0,26681000.0
root/Sub-SaharanAfricaMadagascar,root,14600000.0,0,15300000.0,16800000.0,22350000.0,5600000.0,36000000.0,0,33000000.0,49000000.0,61667000.0,30321000.0,31693000.0,62437000.0,44908000.0,72861000.0,102577000.0,138450000.0,198677000.0,25254000.0,155449000.0,50500000.0,24100000.0,84570000.0,52600000.0,65200000.0,59830000.0,176700000.0,97600000.0,131400000.0,178200000.0,242850000.0,130000000.0,222000000.0,87000000.0,257800000.0,108076000.0,113600000.0,160000000.0,40000000.0,0,42000000.0,173000000.0,0,153800000.0,83500000.0,173602000.0
root/Sub-SaharanAfricaMalawi,root,5250000.0,7250000.0,6600000.0,18000000.0,12000000.0,20100000.0,0,15000000.0,43200000.0,14500000.0,13800000.0,68549000.0,11153000.0,55166000.0,80790000.0,118080000.0,0,78065000.0,82939000.0,112681000.0,118386000.0,91830000.0,204200000.0,76750000.0,66900000.0,99960000.0,184900000.0,15800000.0,213600000.0,30000000.0,28900000.0,73600000.0,32200000.0,56500000.0,54000000.0,0,0,27500000.0,50000000.0,52000000.0,64000000.0,180200000.0,205750000.0,29876000.0,62600000.0,82900000.0,24181000.0
root/Sub-SaharanAfricaMali,root,7700000.0,0,10500000.0,23700000.0,8000000.0,24200000.0,25500000.0,35500000.0,4500000.0,16500000.0,8000000.0,19467000.0,52341000.0,7591000.0,61004000.0,71540000.0,36501000.0,0,100145000.0,56918000.0,55256000.0,120158000.0,46400000.0,12000000.0,120000000.0,56000000.0,180700000.0,21300000.0,21500000.0,40000000.0,139900000.0,183589000.0,0,0,68450000.0,161000000.0,122591000.0,203000000.0,117000000.0,191000000.0,194200000.0,175000000.0,0,236802000.0,111912000.0,168341000.0,0
root/Sub-SaharanAfricaMauritania,root,0,4150000.0,0,2500000.0,7900000.0,8000000.0,2700000.0,3500000.0,0,8000000.0,14838000.0,3068000.0,13692000.0,7912000.0,0,30486000.0,8450000.0,43355000.0,28363000.0,0,82409000.0,0,28700000.0,26740000.0,19540000.0,72200000.0,35400000.0,29100000.0,24400000.0,69074000.0,44900000.0,141897000.0,0,18000000.0,60000000.0,49100000.0,86638000.0,0,5000000.0,4500000.0,25500000.0,23100000.0,0,36190000.0,59594000.0,0,0
root/Sub-SaharanAfricaMauritius,root,0,5200000.0,3717000.0,8000000.0,3500000.0,0,0,0,0,0,0,0,0,0,0,0,0,0,0,0,0,0,0,0,0,0,0,0,0,0,0,0,0,0,0,0,0,0,0,0,0,0,0,0,0,0,0
root/Sub-SaharanAfricaMozambique,root,0,0,0,0,0,0,0,0,0,0,0,0,0,0,0,46236000.0,0,110810000.0,74874000.0,197162000.0,104539000.0,52963000.0,289300000.0,122900000.0,427000000.0,98700000.0,0,100000000.0,36000000.0,276000000.0,61600000.0,228500000.0,180000000.0,40260000.0,187040000.0,150500000.0,50880000.0,275000000.0,150000000.0,210600000.0,376776000.0,289000000.0,270000000.0,509766000.0,205400000.0,202700000.0,72978000.0
root/Sub-SaharanAfricaNiger,root,584000.0,5700000.0,0,3200000.0,5000000.0,0,31500000.0,0,9500000.0,37000000.0,36700000.0,20411000.0,25178000.0,29936000.0,11278000.0,17072000.0,142364000.0,86055000.0,42747000.0,0,20365000.0,19023000.0,35600000.0,0,76400000.0,6800000.0,66700000.0,50000000.0,110600000.0,0,45350000.0,145200000.0,38720000.0,70620000.0,14800000.0,38200000.0,85810000.0,0,30000000.0,40000000.0,0,262000000.0,315000000.0,156977000.0,45886000.0,214854000.0,222697000.0
root/Sub-SaharanAfricaNigeria,root,0,0,0,0,0,0,0,0,0,0,0,0,0,0,0,0,0,0,0,96145000.0,126940000.0,278225000.0,214847000.0,156148000.0,0,0,0,0,0,0,80000000.0,405477000.0,0,536700000.0,252000000.0,701800000.0,254874000.0,685000000.0,886650000.0,985000000.0,695000000.0,420000000.0,120000000.0,2526306000.0,917200000.0,827013000.0,443260000.0
root/Sub-SaharanAfricaRwanda,root,9300000.0,0,3000000.0,3800000.0,6300000.0,17500000.0,5800000.0,14000000.0,15000000.0,9629000.0,28500000.0,13922000.0,56427000.0,19778000.0,22864000.0,16868000.0,80630000.0,37723000.0,10754000.0,51662000.0,46839000.0,146571000.0,19100000.0,38000000.0,0,50000000.0,0,50000000.0,50000000.0,80000000.0,55000000.0,118600000.0,110000000.0,0,35000000.0,25000000.0,0,0,0,0,104000000.0,161400000.0,85000000.0,151710000.0,325580000.0,324081000.0,217801000.0
root/Sub-SaharanAfricaSaoTomeandPrincipe,root,0,0,0,0,0,0,0,0,0,0,0,0,0,0,0,5386000.0,0,15063000.0,0,5000000.0,10182000.0,0,27200000.0,0,0,0,0,0,0,0,10000000.0,0,0,0,10000000.0,0,0,0,0,0,0,0,0,0,0,0,0
root/Sub-SaharanAfricaSenegal,root,2100000.0,7050000.0,11200000.0,23700000.0,0,24000000.0,10500000.0,0,26300000.0,24500000.0,47636000.0,38109000.0,18772000.0,59123000.0,34245000.0,24490000.0,124994000.0,99940000.0,129316000.0,66019000.0,147631000.0,110032000.0,43700000.0,40000000.0,31930000.0,215700000.0,41900000.0,164000000.0,108000000.0,127550000.0,150600000.0,155000000.0,44700000.0,46000000.0,95000000.0,65600000.0,320232000.0,35000000.0,80000000.0,200500000.0,228500000.0,158300000.0,265600000.0,121530000.0,258658000.0,239501000.0,55323000.0
root/Sub-SaharanAfricaSierraLeone,root,6500000.0,0,4300000.0,0,0,12250000.0,0,8200000.0,0,0,2500000.0,28552000.0,4969000.0,19779000.0,20813000.0,0,5399000.0,0,0,0,0,0,64400000.0,131291000.0,190000.0,36300000.0,55450000.0,0,0,0,65000000.0,53500000.0,15000000.0,65000000.0,35000000.0,3200000.0,0,0,15900000.0,45000000.0,28000000.0,31000000.0,41000000.0,25102000.0,38100000.0,0,97304000.0
root/Sub-SaharanAfricaSomalia,root,0,3300000.0,9600000.0,12950000.0,18000000.0,5200000.0,18000000.0,20000000.0,14500000.0,18500000.0,18000000.0,9439000.0,14797000.0,22879000.0,31168000.0,21136000.0,69480000.0,65884000.0,5780000.0,115502000.0,26746000.0,0,0,0,0,0,0,0,0,0,0,0,0,0,0,0,0,0,0,0,0,0,0,0,0,0,0
root/Sub-SaharanAfricaSouthAfrica,root,0,0,0,0,0,0,0,0,0,0,0,0,0,0,0,0,0,0,0,0,0,0,0,0,0,0,0,0,0,0,0,4884000.0,0,0,0,0,0,0,0,0,0,0,0,0,0,0,0
root/Sub-SaharanAfricaSudan,root,0,0,18250000.0,46000000.0,34700000.0,60000000.0,13000000.0,25000000.0,78000000.0,56000000.0,170000000.0,73190000.0,53447000.0,128936000.0,106423000.0,51317000.0,36383000.0,48726000.0,141212000.0,174599000.0,0,16286000.0,0,0,0,0,0,0,0,0,0,0,0,0,0,0,0,0,0,0,0,0,0,0,64700000.0,0,0
root/Sub-SaharanAfricaSwaziland,root,0,0,0,0,5000000.0,0,0,0,0,0,0,0,0,0,0,0,0,0,0,0,0,0,0,0,0,0,0,0,0,0,0,0,0,0,0,0,0,0,0,0,0,0,0,0,0,0,0
root/Sub-SaharanAfricaTanzania,root,9000000.0,9800000.0,10800000.0,28800000.0,61200000.0,10000000.0,52000000.0,49200000.0,73500000.0,76500000.0,109201000.0,91255000.0,70451000.0,80933000.0,0,44915000.0,184733000.0,23446000.0,217362000.0,73198000.0,537355000.0,334096000.0,59600000.0,345170000.0,182700000.0,10900000.0,172500000.0,149800000.0,24400000.0,72100000.0,359100000.0,355073000.0,62665000.0,218470000.0,393090000.0,382000000.0,598584000.0,535500000.0,555000000.0,622500000.0,1208050000.0,154880000.0,730000000.0,623458000.0,610200000.0,689551000.0,660273000.0
root/Sub-SaharanAfricaTogo,root,0,0,0,8700000.0,6000000.0,0,9500000.0,24000000.0,5800000.0,16200000.0,11000000.0,25012000.0,5411000.0,79969000.0,14456000.0,58227000.0,7394000.0,29471000.0,98532000.0,40124000.0,78743000.0,13959000.0,2750000.0,0,0,62800000.0,50000000.0,76200000.0,30000000.0,5000000.0,0,0,0,0,0,0,0,0,0,0,0,0,14000000.0,30954000.0,30861000.0,0,15000000.0
root/Sub-SaharanAfricaUganda,root,4000000.0,7300000.0,0,0,0,0,0,0,0,0,55000000.0,15928000.0,108107000.0,120811000.0,148050000.0,44316000.0,0,118792000.0,134576000.0,96763000.0,331799000.0,154523000.0,292400000.0,194830000.0,262350000.0,93800000.0,42300000.0,125000000.0,183970000.0,315680000.0,81500000.0,485570000.0,286500000.0,64600000.0,25000000.0,137600000.0,153400000.0,425000000.0,520700000.0,352500000.0,460100000.0,290000000.0,172407000.0,284996000.0,108100000.0,833287000.0,90000000.0
root/Sub-SaharanAfricaZambia,root,0,0,0,0,0,0,0,0,11250000.0,11000000.0,15000000.0,0,49472000.0,20099000.0,22043000.0,129259000.0,69949000.0,36282000.0,0,0,0,272889000.0,253000000.0,189380000.0,252840000.0,276700000.0,125100000.0,135600000.0,75000000.0,212800000.0,329900000.0,40000000.0,44200000.0,29000000.0,119250000.0,20000000.0,53389000.0,25000000.0,43000000.0,75000000.0,93136000.0,145000000.0,140000000.0,188728000.0,0,127000000.0,130000000.0
root/Sub-SaharanAfricaZimbabwe,root,0,0,0,0,0,0,0,0,0,0,0,14276000.0,32024000.0,7270000.0,0,0,0,0,0,0,0,0,200000000.0,189500000.0,0,0,70000000.0,12250000.0,131300000.0,5000000.0,0,0,0,0,0,0,0,0,0,0,0,0,0,0,0,0,0
