root/EastAsia&PacificCambodia,root,0,0,0,0,0,0,0,0,0,0,0,0,0,0,0,0,0,0,0,0,0,0,0,0,0,0,0,0,0,0,0,0,0,0,0,0,0,0,81049000.0,149000000.0,149000000.0,117658000.0,346210000.0,119830000.0,124457000.0,232556000.0,407240000.0
root/EastAsia&PacificChina,root,0,0,0,0,0,0,0,0,0,0,0,0,2300000000.0,1684000000.0,1616000000.0,819000000.0,343000000.0,2145000000.0,585000000.0,1899000000.0,2410000000.0,1463000000.0,2985000000.0,1531000000.0,2187000000.0,4842450000.0,3081630000.0,6056920000.0,14124000000.0,2160000000.0,2100000000.0,43220000000.0,9380000000.0,22413000000.0,27677000000.0,32497000000.0,25110000000.0,30321000000.0,16510000000.0,53321000000.0,271814000000.0,259038000000.0,20747000000.0,284923000000.0,162421000000.0,417208000000.0,20848000000.0
root/EastAsia&PacificFiji,root,0,0,0,0,0,0,0,26000000.0,16000000.0,13000000.0,13000000.0,3000000.0,17000000.0,4000000.0,4000000.0,3000000.0,1000000.0,1500000.0,9860000.0,17360000.0,2000000.0,590000.0,19070000.0,16210000.0,30690000.0,1120000.0,3510000.0,9610000.0,28000000.0,0,11000000.0,1000000.0,20000000.0,32000000.0,4000000.0,47000000.0,95000000.0,9000000.0,4000000.0,39000000.0,22000000.0,122000000.0,168022000.0,4307000.0,31603000.0,13046000.0,17563000.0
root/EastAsia&PacificIndonesia,root,339000000.0,126000000.0,109000000.0,144000000.0,181000000.0,236000000.0,248000000.0,542000000.0,139000000.0,322000000.0,667000000.0,499000000.0,342000000.0,1023000000.0,769000000.0,641000000.0,417000000.0,106000000.0,367000000.0,1248000000.0,3160300000.0,3179500000.0,3742300000.0,70100000.0,1470000000.0,6509300000.0,6264140000.0,634560000.0,9749867000.0,1583620000.0,526920000.0,2657000000.0,3179000000.0,854000000.0,2550000000.0,3601500000.0,1185800000.0,6447099000.0,1832891000.0,3561210000.0,8997770000.0,5126090000.0,6080060000.0,1856750000.0,150360000.0,7528840000.0,3620410000.0
root/EastAsia&PacificLaoPDR,root,0,0,0,0,0,0,0,0,0,0,0,0,0,0,0,0,0,0,0,0,0,0,0,0,0,0,0,0,0,0,2000000.0,0,7000000.0,9000000.0,3000000.0,54000000.0,45000000.0,66000000.0,19000000.0,55000000.0,148000000.0,1000000.0,2137000.0,743086000.0,21149000.0,102543000.0,10501000.0
root/EastAsia&PacificMalaysia,root,62000000.0,25000000.0,30000000.0,10000000.0,32000000.0,102000000.0,76000000.0,258000000.0,216000000.0,63000000.0,481000000.0,269000000.0,99000000.0,1304000000.0,496000000.0,154000000.0,27000000.0,367000000.0,750000000.0,678000000.0,366650000.0,167850000.0,1565150000.0,3311880000.0,762230000.0,1085020000.0,3794250000.0,3870730000.0,6469800000.0,2457400000.0,1438500000.0,2178400000.0,1617440000.0,256123000.0,2806895000.0,1743642000.0,1372960000.0,11297160000.0,15700000000.0,4894550000.0,7581450000.0,13428000000.0,27906250000.0,12893547000.0,334276000.0,2915227000.0,5764235000.0
root/EastAsia&PacificMongolia,root,0,0,0,0,0,0,0,0,0,0,0,0,0,0,0,0,0,0,0,0,0,0,57500000.0,45320000.0,9180000.0,8190000.0,6870000.0,20680000.0,3120000.0,7500000.0,9490000.0,0,30090000.0,240780000.0,115000000.0,142000000.0,1792000.0,31310000.0,11521000.0,178560000.0,117316000.0,217768000.0,319184000.0,656686000.0,814775000.0,61262000.0,143943000.0
root/EastAsia&PacificPapuaNewGuinea,root,0,0,0,0,0,0,0,99000000.0,46000000.0,25000000.0,36000000.0,98000000.0,20000000.0,115000000.0,78000000.0,1000000.0,84000000.0,43000000.0,29900000.0,29780000.0,93070000.0,45720000.0,294910000.0,148300000.0,164940000.0,21380000.0,43820000.0,120200000.0,2730000.0,59270000.0,27460000.0,3000000.0,17000000.0,44000000.0,14000000.0,127000000.0,128000000.0,95000000.0,164000000.0,102000000.0,302000000.0,291000000.0,138141000.0,52580000.0,494431000.0,389752000.0,32907000.0
root/EastAsia&PacificPhilippines,root,583000000.0,59000000.0,67000000.0,24000000.0,144000000.0,230000000.0,496000000.0,865000000.0,1395000000.0,1452000000.0,2241000000.0,1865000000.0,1904000000.0,1921000000.0,2000000.0,79588000.0,297000000.0,108000000.0,31000000.0,189000000.0,425000000.0,452000000.0,429000000.0,221000000.0,681000000.0,437000000.0,2690350000.0,3824650000.0,5937000000.0,908000000.0,546000000.0,505000000.0,441000000.0,620000000.0,1133000000.0,1349000000.0,1386000000.0,2075000000.0,83251000.0,2998420000.0,6509319000.0,1538722000.0,4401650000.0,456700000.0,660640000.0,1149058000.0,572839000.0
root/EastAsia&PacificSolomonIslands,root,0,0,0,0,0,0,0,0,2000000.0,1000000.0,1000000.0,1000000.0,0,0,1000000.0,5000000.0,6000000.0,1550000.0,170000.0,1620000.0,16510000.0,14490000.0,29400000.0,4530000.0,4130000.0,770000.0,400000.0,730000.0,1040000.0,1830000.0,1527000.0,537000.0,1565000.0,924000.0,339000.0,2000000.0,1000000.0,2000000.0,0,1000000.0,1000000.0,4000000.0,2000000.0,1000000.0,11769000.0,6956000.0,12996000.0
root/EastAsia&PacificThailand,root,275000000.0,22000000.0,41000000.0,5000000.0,97000000.0,73000000.0,127000000.0,624000000.0,830000000.0,246000000.0,37000000.0,575000000.0,163000000.0,264000000.0,246000000.0,351000000.0,360000000.0,176000000.0,2136000000.0,1312000000.0,2210390000.0,4169780000.0,2234690000.0,7907340000.0,6544600000.0,14916205000.0,3620120000.0,9879141000.0,8176064000.0,6241920000.0,8538000000.0,1657000000.0,1304000000.0,963000000.0,532000000.0,4526000000.0,1798000000.0,483000000.0,2156000000.0,12825120000.0,17378780000.0,3371100000.0,10894890000.0,3717640000.0,5811586000.0,4829540000.0,1534885000.0
root/EastAsia&PacificTonga,root,0,0,0,0,0,0,0,0,0,0,0,0,0,0,0,720000.0,230000.0,50000.0,50000.0,470000.0,8170000.0,8470000.0,90000.0,280000.0,430000.0,320000.0,0,320000.0,374000.0,442000.0,38000.0,5000.0,108000.0,110000.0,149000.0,0,0,0,0,0,0,0,74000.0,74000.0,1010000.0,703000.0,106000.0
root/EastAsia&PacificVanuatu,root,0,0,0,0,0,0,0,0,0,0,0,0,0,7000000.0,1000000.0,1000000.0,1000000.0,0,1500000.0,2000000.0,100000.0,8360000.0,410000.0,2170000.0,2000000.0,0,0,4000000.0,0,7860000.0,16860000.0,14000000.0,30000000.0,7000000.0,10000000.0,40000000.0,9000000.0,10000000.0,10000000.0,5000000.0,21000000.0,3000000.0,184000000.0,163000000.0,4000000.0,22000000.0,19000000.0
root/EastAsia&PacificVietnam,root,0,0,0,0,0,0,0,0,0,0,0,0,0,0,0,0,0,0,0,254080000.0,3990000.0,73980000.0,443630000.0,16000000.0,149740000.0,316760000.0,242170000.0,61930000.0,302820000.0,38890000.0,57930000.0,105000000.0,40000000.0,140000000.0,894000000.0,332000000.0,473000000.0,1951000000.0,190000000.0,579000000.0,2149000000.0,3850000000.0,1569097000.0,180799000.0,1435028000.0,1613391000.0,2019694000.0
root/Europe&CentralAsiaAlbania,root,0,0,0,0,0,0,0,0,0,0,0,0,0,0,0,0,0,0,0,0,0,107100000.0,69600000.0,86900000.0,3218000.0,178018000.0,30630000.0,13930000.0,12910000.0,5960000.0,8190000.0,6220000.0,530000.0,120370000.0,147999000.0,153811000.0,231437000.0,124145000.0,640114000.0,468969000.0,62633000.0,348618000.0,378104000.0,533299000.0,128002000.0,82391000.0,99757000.0
root/Europe&CentralAsiaArmenia,root,0,0,0,0,0,0,0,0,0,0,0,0,0,0,0,0,0,0,0,0,0,0,0,38030000.0,20000.0,1000000.0,400000.0,20600000.0,23170000.0,4030000.0,10930000.0,1950000.0,183680000.0,184000000.0,6000000.0,112150000.0,9010000.0,193777000.0,20145000.0,8386000.0,126575000.0,247948000.0,61658000.0,307842000.0,241654000.0,244569000.0,407968000.0
root/Europe&CentralAsiaAzerbaijan,root,0,0,0,0,0,0,0,0,0,0,0,0,0,0,0,0,0,0,0,0,0,0,0,40000.0,5960000.0,2000000.0,5000000.0,9000000.0,2520000.0,27520000.0,127210000.0,53350000.0,20480000.0,20620000.0,35000000.0,48000000.0,334000000.0,612000000.0,4000000.0,541000000.0,404000000.0,908000000.0,1540115000.0,26230000.0,415852000.0,370021000.0,188992000.0
root/Europe&CentralAsiaBelarus,root,0,0,0,0,0,0,0,0,0,0,0,0,0,0,0,0,0,0,0,0,0,0,0,0,55000000.0,36150000.0,855750000.0,194400000.0,199900000.0,40000000.0,76400000.0,79800000.0,323500000.0,345000000.0,963000000.0,566100000.0,875600000.0,2981000000.0,197600000.0,1516700000.0,2786400000.0,1581600000.0,1809500000.0,2426300000.0,1235600000.0,1352700000.0,851500000.0
root/Europe&CentralAsiaBosniaandHerzegovina,root,0,0,0,0,0,0,0,0,0,0,0,0,0,0,0,0,0,0,0,0,0,0,0,0,0,0,0,0,0,44130000.0,200000.0,3000000.0,301000000.0,237000000.0,148000000.0,569000000.0,340000000.0,226000000.0,225000000.0,295000000.0,308000000.0,179000000.0,195996000.0,112024000.0,239056000.0,136889000.0,42466000.0
root/Europe&CentralAsiaBulgaria,root,0,0,0,0,0,0,0,0,0,0,0,0,0,0,0,50000000.0,10000000.0,291000000.0,278000000.0,225000000.0,24400000.0,26600000.0,732900000.0,31730000.0,287630000.0,112750000.0,592750000.0,786700000.0,234100000.0,316600000.0,182600000.0,231500000.0,620400000.0,823500000.0,574258000.0,1205702000.0,3597660000.0,5996353000.0,4297727000.0,537170000.0,2653772000.0,2295631000.0,932303000.0,611497000.0,1065052000.0,3525200000.0,158852000.0
root/Europe&CentralAsiaGeorgia,root,0,0,0,0,0,0,0,0,0,0,0,0,0,0,0,0,0,0,0,0,0,0,0,0,470000000.0,446000000.0,3000000.0,17000000.0,24050000.0,21730000.0,36220000.0,17330000.0,26910000.0,1960000.0,68000000.0,60000000.0,389304000.0,227963000.0,372860000.0,111975000.0,176164000.0,368945000.0,330746000.0,75504000.0,57843000.0,248357000.0,234136000.0
root/Europe&CentralAsiaKazakhstan,root,0,0,0,0,0,0,0,0,0,0,0,0,0,0,0,0,0,0,0,0,0,0,9230000.0,9100000.0,126870000.0,92690000.0,1550000.0,127760000.0,26020000.0,9320000.0,595300000.0,381000000.0,500000000.0,970900000.0,1129910000.0,4159620000.0,4342788000.0,915537000.0,2042914000.0,2501630000.0,1879358000.0,108884000.0,330724000.0,410353000.0,217623000.0,3249966000.0,294593000.0
root/Europe&CentralAsiaKosovo,root,0,0,0,0,0,0,0,0,0,0,0,0,0,0,0,0,0,0,0,0,0,0,0,0,0,0,0,0,0,0,0,0,0,0,0,0,0,140660000.0,53580000.0,626890000.0,366150000.0,1256000.0,195764000.0,23000000.0,105154000.0,101022000.0,58132000.0
root/Europe&CentralAsiaKyrgyzRepublic,root,0,0,0,0,0,0,0,0,0,0,0,0,0,0,0,0,0,0,0,0,0,0,0,0,0,2190000.0,5990000.0,24820000.0,4810000.0,21860000.0,69140000.0,74930000.0,35450000.0,27190000.0,288536000.0,195313000.0,72177000.0,110792000.0,72893000.0,36786000.0,238457000.0,1359000.0,24927000.0,96700000.0,5000000.0,33519000.0,6623000.0
root/Europe&CentralAsiaMacedoniaFYR,root,0,0,0,0,0,0,0,0,0,0,0,0,0,0,0,0,0,0,0,0,0,0,0,16000000.0,2000000.0,17720000.0,85290000.0,48430000.0,1170000.0,79093000.0,2593000.0,11421000.0,995000.0,21694000.0,783234000.0,33922000.0,61302000.0,717120000.0,287143000.0,100353000.0,228537000.0,362252000.0,63625000.0,317355000.0,169671000.0,209555000.0,75040000.0
root/Europe&CentralAsiaMoldova,root,0,0,0,0,0,0,0,0,0,0,0,0,0,0,0,0,0,0,0,0,0,0,0,0,1000000.0,0,25000000.0,22385000.0,3453000.0,5614000.0,465276000.0,44350000.0,29450000.0,42970000.0,63320000.0,103740000.0,165350000.0,231137000.0,277494000.0,7894000.0,105994000.0,179949000.0,96330000.0,418183000.0,4104000.0,708995000.0,252247000.0
root/Europe&CentralAsiaMontenegro,root,0,0,0,0,0,0,0,0,0,0,0,0,0,0,0,0,0,0,0,0,0,0,0,0,0,0,0,0,0,0,0,0,0,0,0,0,0,405000000.0,197000000.0,605000000.0,1021000000.0,269000000.0,83000000.0,21970000.0,358673000.0,157357000.0,167570000.0
root/Europe&CentralAsiaRomania,root,0,0,0,0,0,0,0,0,0,0,2303000000.0,517000000.0,442000000.0,748000000.0,30000000.0,23000000.0,74000000.0,113000000.0,30000000.0,188000000.0,22000000.0,78000000.0,227000000.0,131000000.0,74000000.0,337000000.0,167000000.0,217889000.0,363111000.0,190000000.0,385800000.0,229100000.0,310400000.0,1205600000.0,1871400000.0,3032000000.0,9160800000.0,12759900000.0,3752939000.0,9585045000.0,1173722000.0,2341394000.0,3175098000.0,778612000.0,3261708000.0,153712000.0,435767000.0
root/Europe&CentralAsiaRussianFederation,root,0,0,0,0,0,0,0,0,0,0,0,0,0,0,0,0,0,0,0,0,0,0,900000000.0,3300000000.0,700000000.0,350000000.0,250000000.0,1400000000.0,6900000000.0,1000000000.0,2000000000.0,2500000000.0,1600000000.0,15200000000.0,3854000000.0,634000000.0,15874000000.0,59802704000.0,26103912000.0,20883461000.0,7537665000.0,9677004000.0,12016000000.0,2100000000.0,22300000000.0,19600000000.0,3000000000.0
root/Europe&CentralAsiaSerbia,root,205000000.0,73000000.0,75000000.0,78000000.0,79000000.0,90000000.0,154000000.0,149000000.0,268000000.0,618000000.0,351000000.0,352000000.0,682000000.0,517000000.0,116000000.0,11000000.0,354177000.0,65000000.0,179000000.0,326000000.0,271000000.0,231400000.0,709800000.0,22600000.0,402000000.0,119880000.0,457300000.0,1728420000.0,705000000.0,167000000.0,252000000.0,135000000.0,4810000.0,35510000.0,57100000.0,515400000.0,143200000.0,111517000.0,1437184000.0,94803000.0,442276000.0,1607449000.0,187634000.0,358408000.0,172533000.0,207090000.0,389250000.0
root/Europe&CentralAsiaTajikistan,root,0,0,0,0,0,0,0,0,0,0,0,0,0,0,0,0,0,0,0,0,0,0,0,0,0,0,8000000.0,29000000.0,75000000.0,51000000.0,28980000.0,19980000.0,1000000.0,28000000.0,4000000.0,57600000.0,3800000.0,43200000.0,17700000.0,15800000.0,526700000.0,130000000.0,247000000.0,151000000.0,35000000.0,207000000.0,141010000.0
root/Europe&CentralAsiaTurkey,root,784000000.0,155000000.0,76000000.0,186000000.0,122000000.0,122000000.0,269000000.0,4379000000.0,1093000000.0,3590000000.0,1106000000.0,296000000.0,430000000.0,517000000.0,899000000.0,1579000000.0,1590000000.0,1274000000.0,1206000000.0,672000000.0,3755000000.0,383000000.0,3543000000.0,5873000000.0,7223000000.0,4391000000.0,1644000000.0,649000000.0,3223000000.0,2255000000.0,5440000000.0,12567000000.0,79000000.0,6589000000.0,7848000000.0,8055000000.0,3939000000.0,287000000.0,9370000000.0,3535000000.0,28255000000.0,4324000000.0,18599000000.0,30136000000.0,1274000000.0,29688000000.0,3875000000.0
root/Europe&CentralAsiaTurkmenistan,root,0,0,0,0,0,0,0,0,0,0,0,0,0,0,0,0,0,0,0,0,0,0,0,0,80000000.0,72000000.0,264180000.0,247820000.0,17630000.0,198300000.0,61070000.0,20000000.0,139000000.0,84000000.0,117000000.0,298000000.0,11000000.0,60000000.0,45000000.0,41000000.0,30000000.0,7000000.0,39000000.0,16000000.0,70000000.0,33000000.0,117000000.0
root/Europe&CentralAsiaUkraine,root,0,0,0,0,0,0,0,0,0,0,0,0,0,0,0,0,0,0,0,0,0,0,92950000.0,38446000.0,80604000.0,23530000.0,214660000.0,642870000.0,619680000.0,188930000.0,26470000.0,8144140000.0,398528000.0,50110000.0,1398200000.0,1698324000.0,3257838000.0,7504000000.0,2414000000.0,1078000000.0,6370000000.0,7121000000.0,518000000.0,1543000000.0,14483000000.0,3299000000.0,974000000.0
root/Europe&CentralAsiaUzbekistan,root,0,0,0,0,0,0,0,0,0,0,0,0,0,0,0,0,0,0,0,0,0,0,0,92000000.0,199000000.0,79080000.0,120420000.0,327500000.0,275210000.0,479210000.0,380000000.0,258000000.0,267000000.0,6000000.0,81000000.0,79000000.0,103000000.0,13000000.0,35000000.0,49000000.0,36000000.0,13000000.0,446000000.0,193648000.0,82054000.0,165551000.0,314653000.0
root/LatinAmerica&CaribbeanArgentina,root,639000000.0,48000000.0,58000000.0,49000000.0,45000000.0,10000000.0,171000000.0,1704000000.0,704000000.0,3483000000.0,3472400000.0,2537100000.0,3600500000.0,8445000000.0,568000000.0,2691000000.0,2029000000.0,744000000.0,406000000.0,703000000.0,0,2038000000.0,2179000000.0,2186237000.0,1482000000.0,14184610000.0,2142650000.0,8490740000.0,1031960000.0,1540830000.0,1100210000.0,8315000000.0,10383460000.0,730460000.0,347000000.0,17106000000.0,6258722000.0,11037278000.0,164000000.0,904000000.0,2465049000.0,8682705000.0,677952000.0,11150312000.0,7306121000.0,30898942000.0,11748719000.0
root/LatinAmerica&CaribbeanBelize,root,0,0,0,0,0,0,0,7000000.0,4000000.0,27000000.0,22000000.0,12000000.0,3000000.0,14000000.0,5000000.0,3000000.0,2000000.0,3000000.0,9550000.0,0,756000.0,4964000.0,0,6830000.0,3000000.0,21170000.0,4690000.0,151520000.0,131480000.0,480000.0,1000000.0,844000.0,5844000.0,35000000.0,80000000.0,0,0,0,0,0,0,0,0,0,0,0,0
root/LatinAmerica&CaribbeanBolivia,root,91000000.0,9000000.0,18000000.0,5000000.0,14000000.0,19000000.0,43000000.0,86000000.0,79000000.0,164000000.0,228000000.0,9000000.0,106000000.0,49000000.0,103000000.0,10000000.0,45000000.0,93000000.0,171000000.0,40000000.0,57000000.0,17830000.0,35030000.0,28210000.0,72590000.0,20380000.0,62060000.0,77560000.0,16000000.0,0,10000000.0,20000000.0,10000000.0,37980000.0,59620000.0,90650000.0,433050000.0,391800000.0,47030000.0,34370000.0,31940000.0,12600000.0,6020000.0,79360000.0,38500000.0,137100000.0,49000000.0
root/LatinAmerica&CaribbeanBrazil,root,714000000.0,209000000.0,492000000.0,386000000.0,901000000.0,603000000.0,737000000.0,1949000000.0,1077000000.0,1566000000.0,4892000000.0,1795000000.0,2130000000.0,3247000000.0,914000000.0,1679000000.0,17000000.0,944064000.0,92610000.0,4503330000.0,99000000.0,869996000.0,4003000000.0,3605000000.0,6648000000.0,359000000.0,4308000000.0,500000000.0,5280000000.0,745770000.0,1831060000.0,2523570000.0,4878260000.0,1199000000.0,673000000.0,1274000000.0,3670000000.0,18923000000.0,2602000000.0,3141986000.0,25706216000.0,23352103000.0,9557274000.0,896604000.0,24680323000.0,5818312000.0,4860311000.0
root/LatinAmerica&CaribbeanColombia,root,602000000.0,75000000.0,84000000.0,94000000.0,46000000.0,111000000.0,50000000.0,902000000.0,37000000.0,85000000.0,325000000.0,437000000.0,350000000.0,136000000.0,392000000.0,231000000.0,1502000000.0,57000000.0,45000000.0,5000000.0,204000000.0,321600000.0,808300000.0,1097500000.0,843600000.0,1062200000.0,340500000.0,124700000.0,473410000.0,2267330000.0,1094140000.0,416060000.0,372000000.0,103000000.0,1563600000.0,517273000.0,874350000.0,398141000.0,472249000.0,1620207000.0,3899558000.0,2683830000.0,262102000.0,556779000.0,1330540000.0,286443000.0,391978000.0
root/LatinAmerica&CaribbeanCostaRica,root,41000000.0,6000000.0,10000000.0,10000000.0,18000000.0,30000000.0,27000000.0,81000000.0,61000000.0,69000000.0,222000000.0,39000000.0,11000000.0,67000000.0,211000000.0,95000000.0,28000000.0,33000000.0,1000000.0,4000000.0,20000000.0,25620000.0,41157000.0,23063000.0,17190000.0,42060000.0,52980000.0,164130000.0,153510000.0,93960000.0,178720000.0,206080000.0,341080000.0,127650000.0,60000000.0,425000000.0,258408000.0,880296000.0,754941000.0,1745213000.0,187538000.0,379180000.0,93360000.0,492577000.0,64186000.0,257286000.0,45033000.0
root/LatinAmerica&CaribbeanDominica,root,0,0,0,0,0,0,0,0,0,0,0,0,0,0,0,0,0,0,2630000.0,760000.0,130000.0,1000000.0,0,2090000.0,6090000.0,500000.0,8690000.0,3190000.0,5840000.0,960000.0,200000.0,3000000.0,1500000.0,46500000.0,3000000.0,35000000.0,21000000.0,5540000.0,140000.0,1500000.0,40000.0,10000.0,0,4000.0,74000.0,100000.0,100000.0
root/LatinAmerica&CaribbeanDominicanRepublic,root,0,0,0,0,0,0,0,164000000.0,91000000.0,62000000.0,156000000.0,155000000.0,115000000.0,235000000.0,13000000.0,34000000.0,84000000.0,0,28000000.0,93000000.0,23000000.0,2000000.0,70000000.0,45000000.0,41000000.0,143380000.0,65370000.0,148250000.0,128310000.0,141570000.0,231120000.0,116000000.0,699000000.0,940000000.0,101000000.0,23000000.0,520000000.0,1084000000.0,534000000.0,182185000.0,535000.0,45720000.0,46717000.0,243000.0,732960000.0,624252000.0,336583000.0
root/LatinAmerica&CaribbeanEcuador,root,106000000.0,13000000.0,11000000.0,9000000.0,31000000.0,28000000.0,42000000.0,616000000.0,342000000.0,49000000.0,426000000.0,446000000.0,170000000.0,444999000.0,116999000.0,269636000.0,409431000.0,38342000.0,1865000.0,18237000.0,27681000.0,8000000.0,96700000.0,1330160000.0,217540000.0,451080000.0,209720000.0,475360000.0,202050000.0,1138760000.0,254274000.0,587460000.0,932311000.0,599547000.0,9030000.0,203440000.0,251940000.0,122430000.0,177650000.0,357750000.0,597320000.0,757320000.0,260000.0,239715000.0,8650000.0,13624000.0,666170000.0
root/LatinAmerica&CaribbeanElSalvador,root,0,0,0,0,0,0,0,216000000.0,113000000.0,51000000.0,58000000.0,8000000.0,6000000.0,22000000.0,17000000.0,29000000.0,41000000.0,86000000.0,25000000.0,49000000.0,18000000.0,106830000.0,7440000.0,12910000.0,83360000.0,337430000.0,70720000.0,215850000.0,39350000.0,204240000.0,592410000.0,262000000.0,743000000.0,456000000.0,159800000.0,76514000.0,567154000.0,2877000.0,250313000.0,679110000.0,27398000.0,386808000.0,303677000.0,326673000.0,165000000.0,406000.0,546673000.0
root/LatinAmerica&CaribbeanGrenada,root,0,0,0,0,0,0,0,1000000.0,0,1000000.0,1000000.0,1000000.0,0,0,1000000.0,1000000.0,0,0,6000000.0,0,0,0,900000.0,31700000.0,27800000.0,960000.0,5660000.0,6700000.0,55530000.0,41410000.0,8120000.0,32000000.0,26000000.0,14000000.0,2000000.0,56000000.0,24000000.0,6000000.0,20000000.0,28000000.0,2000000.0,23000000.0,32000000.0,32000000.0,20925000.0,9117000.0,6094000.0
root/LatinAmerica&CaribbeanGuatemala,root,39000000.0,5000000.0,2000000.0,8000000.0,9000000.0,16000000.0,15000000.0,161000000.0,4000000.0,42000000.0,34000000.0,198600000.0,16700000.0,500000.0,21600000.0,85000000.0,40466000.0,53100000.0,502000.0,10796000.0,3813000.0,0,69183000.0,164990000.0,1990000.0,153000000.0,202650000.0,10350000.0,7000000.0,9000000.0,34000000.0,10000000.0,20000000.0,324000000.0,33000000.0,163000000.0,435000000.0,530000000.0,147000000.0,925000000.0,359000000.0,680000000.0,1570400000.0,19400000.0,46300000.0,48500000.0,194200000.0
root/LatinAmerica&CaribbeanGuyana,root,0,0,0,0,0,0,0,44000000.0,29000000.0,7000000.0,44000000.0,10000000.0,46000000.0,225600000.0,72200000.0,98900000.0,25700000.0,12200000.0,95300000.0,289600000.0,166800000.0,4929000.0,2300000.0,5300000.0,0,7440000.0,1010000.0,1450000.0,30370000.0,18870000.0,23240000.0,7000000.0,8000000.0,16000000.0,13000000.0,12000000.0,74000000.0,14000000.0,50000000.0,215000000.0,125000000.0,433000000.0,185997000.0,437564000.0,103327000.0,606035000.0,87305000.0
root/LatinAmerica&CaribbeanHaiti,root,0,0,0,0,0,0,0,8000000.0,2000000.0,13000000.0,5000000.0,10000000.0,49000000.0,27000000.0,34000000.0,8000000.0,42000000.0,33000000.0,8000000.0,10000000.0,16000000.0,14000000.0,0,0,78000000.0,12580000.0,9580000.0,70840000.0,77110000.0,66190000.0,5830000.0,92280000.0,34980000.0,50550000.0,49000000.0,34000000.0,95000000.0,108000000.0,0,0,0,0,0,0,0,0,0
root/LatinAmerica&CaribbeanHonduras,root,0,0,0,0,0,0,0,149000000.0,24000000.0,91000000.0,8000000.0,32000000.0,92000000.0,17000000.0,38000000.0,90000000.0,39000000.0,2000000.0,25000000.0,47936000.0,117064000.0,6680000.0,8350000.0,1580000.0,130390000.0,62440000.0,38820000.0,66740000.0,42660000.0,66400000.0,62860000.0,19540000.0,159370000.0,106230000.0,2000000.0,60600000.0,28700000.0,30900000.0,151100000.0,223400000.0,123800000.0,101900000.0,134300000.0,112800000.0,7953000.0,12765000.0,56282000.0
root/LatinAmerica&CaribbeanJamaica,root,0,0,0,0,0,0,0,103000000.0,23000000.0,26000000.0,8000000.0,6000000.0,6000000.0,152000000.0,26000000.0,55000000.0,22000000.0,52000000.0,34000000.0,34000000.0,45000000.0,67450000.0,21450000.0,22370000.0,222270000.0,14030000.0,86600000.0,135470000.0,55200000.0,107520000.0,21320000.0,131000000.0,163000000.0,181000000.0,79000000.0,479000000.0,450000000.0,413000000.0,259000000.0,471000000.0,350000000.0,84000000.0,848025000.0,239738000.0,22535000.0,45392000.0,68801000.0
root/LatinAmerica&CaribbeanMexico,root,1002000000.0,76000000.0,103000000.0,331000000.0,494000000.0,616000000.0,825000000.0,2006000000.0,507000000.0,3078000000.0,8139000000.0,8820000000.0,1164000000.0,9239152000.0,3699000000.0,990000000.0,450000000.0,100000000.0,2079000000.0,783000000.0,7420000000.0,5775000000.0,2678000000.0,11722400000.0,3065200000.0,2022200000.0,7461800000.0,1978200000.0,1539200000.0,2258900000.0,5130300000.0,4375600000.0,9354600000.0,1027000000.0,2572000000.0,1889000000.0,4057000000.0,1104000000.0,3183741000.0,1376581000.0,17506119000.0,9372546000.0,23491980000.0,16779249000.0,919335000.0,22000154000.0,15800798000.0
root/LatinAmerica&CaribbeanNicaragua,root,48000000.0,11000000.0,14000000.0,32000000.0,39000000.0,45000000.0,20000000.0,218000000.0,58000000.0,140000000.0,115000000.0,122000000.0,65000000.0,172000000.0,50000000.0,53000000.0,41000000.0,164000000.0,20000000.0,53000000.0,21189000.0,144364000.0,18335000.0,52826000.0,66563000.0,13470000.0,6844000.0,38062000.0,216767000.0,71340000.0,2640000.0,16940000.0,4210000.0,26420000.0,28000000.0,43000000.0,3000000.0,510564000.0,8274000.0,172532000.0,388980000.0,39662000.0,239726000.0,15361000.0,196939000.0,243020000.0,129359000.0
root/LatinAmerica&CaribbeanPanama,root,35000000.0,9000000.0,17000000.0,20000000.0,21000000.0,39000000.0,62000000.0,97000000.0,85000000.0,106000000.0,189000000.0,163000000.0,79000000.0,128000000.0,138000000.0,211000000.0,113000000.0,230000000.0,160000000.0,0,0,0,0,51000000.0,14000000.0,866000000.0,80000000.0,267000000.0,29000000.0,2000000.0,0,0,0,0,0,0,0,0,26772400000.0,3489100000.0,1603600000.0,3690500000.0,2307100000.0,4478400000.0,3224800000.0,5230600000.0,521300000.0
root/LatinAmerica&CaribbeanParaguay,root,0,0,0,0,0,0,0,54000000.0,30000000.0,61000000.0,29000000.0,134000000.0,82000000.0,93000000.0,35000000.0,53000000.0,29000000.0,79000000.0,63000000.0,45000000.0,75000000.0,17000000.0,23000000.0,42800000.0,319200000.0,196020000.0,43470000.0,227550000.0,154100000.0,82350000.0,203450000.0,69000000.0,44000000.0,2901738000.0,29182000.0,81178000.0,201207000.0,9272000.0,478402000.0,6645000.0,312459000.0,8508000.0,279156000.0,59583000.0,120823000.0,66499000.0,79000000.0
root/LatinAmerica&CaribbeanPeru,root,546000000.0,17000000.0,26000000.0,73000000.0,230000000.0,149000000.0,248000000.0,811000000.0,2000000.0,524000000.0,510000000.0,568000000.0,752000000.0,748000000.0,158000000.0,270000000.0,185000000.0,79000000.0,393000000.0,198000000.0,66000000.0,302000000.0,187000000.0,454130000.0,634130000.0,2789000000.0,1163520000.0,233480000.0,250000000.0,1670000000.0,638000000.0,922000000.0,430340000.0,59473000.0,244582000.0,461313000.0,213055000.0,2321984000.0,81169000.0,615015000.0,1608444000.0,66609000.0,2615959000.0,2491023000.0,528039000.0,96733000.0,689848000.0
root/LatinAmerica&CaribbeanStLucia,root,0,0,0,0,0,0,0,0,0,0,0,0,0,0,0,0,3440000.0,1370000.0,130000.0,630000.0,2150000.0,0,1950000.0,3790000.0,5640000.0,6940000.0,3250000.0,12810000.0,23500000.0,1200000.0,12470000.0,31930000.0,10700000.0,19000000.0,1000000.0,67000000.0,59000000.0,56000000.0,341000000.0,432000000.0,138000000.0,124000000.0,51865000.0,28161000.0,45371000.0,40915000.0,4765000.0
root/LatinAmerica&CaribbeanStVincentandtheGrenadines,root,0,0,0,0,0,0,0,0,0,0,0,0,0,1000000.0,0,1000000.0,1000000.0,0,0,1340000.0,370000.0,80000.0,430000.0,22190000.0,997000.0,4192000.0,2010000.0,3569000.0,3014000.0,3404000.0,822000.0,0,30942000.0,0,0,0,0,0,0,0,0,0,0,0,0,0,0
root/LatinAmerica&CaribbeanVenezuelaRB,root,468000000.0,167000000.0,201000000.0,88000000.0,51000000.0,141000000.0,892000000.0,3802000000.0,2574000000.0,3768000000.0,3767000000.0,1440000000.0,2272000000.0,193000000.0,5110000000.0,450000000.0,111585000.0,2506000000.0,1190000000.0,2987000000.0,284000000.0,284000000.0,2844000000.0,635000000.0,1054000000.0,648310000.0,204980000.0,5766290000.0,184000000.0,1109000000.0,700000000.0,351000000.0,594000000.0,128000000.0,778000000.0,2271000000.0,2669000000.0,6881000000.0,621000000.0,560000000.0,3221000000.0,352000000.0,3589000000.0,1845000000.0,746000000.0,375000000.0,1387000000.0
root/MiddleEast&NorthAfricaAlgeria,root,0,0,0,0,0,0,0,1686000000.0,299000000.0,52000000.0,392000000.0,18000000.0,444000000.0,794000000.0,198000000.0,103000000.0,1290090000.0,1836690000.0,305110000.0,219190000.0,1048700000.0,448000000.0,446412000.0,92588000.0,64000000.0,377908000.0,69710000.0,165679000.0,23850000.0,9403000.0,26768000.0,23480000.0,91152000.0,38003000.0,285290000.0,85206000.0,24810000.0,208869000.0,554050000.0,188720000.0,285760000.0,636594000.0,63374000.0,123000000.0,647100000.0,152020000.0,162830000.0
root/MiddleEast&NorthAfricaDjibouti,root,0,0,0,0,0,0,0,0,0,0,0,0,0,0,0,0,0,0,0,0,0,0,0,0,0,0,0,0,0,0,38000000.0,1000000.0,10000000.0,26000000.0,35000000.0,40000000.0,17000000.0,40000000.0,11000000.0,28000000.0,3000000.0,33000000.0,23001000.0,14492000.0,22555000.0,73954000.0,48054000.0
root/MiddleEast&NorthAfricaEgyptArabRep,root,397000000.0,69000000.0,3000000.0,61000000.0,47000000.0,548000000.0,314000000.0,2854000000.0,979000000.0,168000000.0,168000000.0,470000000.0,1268000000.0,61000000.0,398000000.0,187000000.0,176000000.0,321000000.0,69000000.0,114000000.0,1501830000.0,85830000.0,583000000.0,513000000.0,72000000.0,438020000.0,23580000.0,643560000.0,1271250000.0,33700000.0,189240000.0,1896710000.0,57000000.0,285500000.0,146500000.0,64000000.0,65000000.0,516000000.0,607000000.0,281000000.0,588020000.0,123410000.0,3631610000.0,3840970000.0,504580000.0,1103360000.0,7521060000.0
root/MiddleEast&NorthAfricaIranIslamicRep,root,0,0,0,0,0,0,0,0,0,0,0,0,4589910000.0,738520000.0,1523830000.0,915830000.0,275430000.0,444420000.0,90110000.0,879800000.0,2565870000.0,2047060000.0,5485000000.0,6086000000.0,108000000.0,2914000000.0,116000000.0,1401000000.0,1149102000.0,884955000.0,609147000.0,990000000.0,59000000.0,2714000000.0,5462000000.0,433000000.0,1586000000.0,791000000.0,3292000000.0,2188000000.0,2826000000.0,1293000000.0,9377000000.0,166000000.0,345000000.0,1587000000.0,772079000.0
root/MiddleEast&NorthAfricaJordan,root,0,0,0,0,0,0,0,112000000.0,93000000.0,79000000.0,196000000.0,43000000.0,79000000.0,31000000.0,104000000.0,16000000.0,72000000.0,557000000.0,1004335000.0,449335000.0,165000000.0,848000000.0,1138000000.0,64000000.0,83470000.0,97210000.0,201850000.0,145110000.0,148730000.0,266770000.0,3514734000.0,412859000.0,582817000.0,339474000.0,457283000.0,334558000.0,857618000.0,844162000.0,1152468000.0,78319000.0,530000000.0,545226000.0,143084000.0,1136316000.0,14248000.0,580705000.0,127465000.0
root/MiddleEast&NorthAfricaLebanon,root,0,0,0,0,0,0,0,14000000.0,119000000.0,37000000.0,124000000.0,41000000.0,43000000.0,104000000.0,27000000.0,9000000.0,13000000.0,90000000.0,52000000.0,47000000.0,741700000.0,206160000.0,307850000.0,524390000.0,370000000.0,26000000.0,298000000.0,142000000.0,165570000.0,241430000.0,162000000.0,936000000.0,905000000.0,219000000.0,973000000.0,749000000.0,377000000.0,1068000000.0,1206000000.0,78000000.0,568000000.0,197000000.0,757202000.0,369192000.0,178176000.0,594908000.0,55904000.0
root/MiddleEast&NorthAfricaMorocco,root,71000000.0,12000000.0,6000000.0,9000000.0,19000000.0,45000000.0,70000000.0,333000000.0,16000000.0,186000000.0,40000000.0,11000000.0,245000000.0,100000000.0,58000000.0,7000000.0,452400000.0,11500000.0,169900000.0,61000000.0,86000000.0,116000000.0,180000000.0,74000000.0,87000000.0,22000000.0,1231000000.0,716000000.0,321000000.0,174000000.0,455000000.0,114000000.0,16000000.0,339000000.0,1074000000.0,514000000.0,1050000000.0,187000000.0,288000000.0,579345000.0,536777000.0,1089772000.0,330478000.0,1183490000.0,2256057000.0,739667000.0,2055434000.0
root/MiddleEast&NorthAfricaSyrianArabRepublic,root,0,0,0,0,0,0,0,0,0,0,0,0,0,0,0,0,0,0,0,0,0,0,0,0,0,311000000.0,29000000.0,265000000.0,1317000000.0,26652000.0,605348000.0,920000000.0,0,0,0,0,0,0,71000000.0,114000000.0,209000000.0,17000000.0,281000000.0,19000000.0,47000000.0,45598000.0,0
root/MiddleEast&NorthAfricaTunisia,root,44000000.0,5000000.0,5000000.0,10000000.0,9000000.0,8000000.0,12000000.0,108000000.0,80000000.0,91000000.0,53700000.0,2800000.0,2800000.0,4900000.0,37800000.0,12700000.0,44800000.0,28110000.0,79780000.0,41090000.0,258560000.0,25880000.0,180110000.0,51150000.0,316920000.0,204000000.0,266000000.0,37000000.0,498690000.0,497382000.0,52308000.0,1053000000.0,438000000.0,183587000.0,80419000.0,209976000.0,200565000.0,649577000.0,344960000.0,505137000.0,143589000.0,29482000.0,1280213000.0,342220000.0,273885000.0,270980000.0,119286000.0
root/MiddleEast&NorthAfricaYemenRep,root,0,2000000.0,7000000.0,22000000.0,16000000.0,9000000.0,13000000.0,58000000.0,0,44000000.0,6000000.0,6000000.0,18000000.0,37000000.0,112000000.0,54000000.0,73000000.0,84000000.0,318000000.0,63000000.0,161000000.0,0,0,804850000.0,37850000.0,17000000.0,88600000.0,7400000.0,20040000.0,247020000.0,274940000.0,260000000.0,101000000.0,162000000.0,46000000.0,51000000.0,10000000.0,83000000.0,28000000.0,109000000.0,390000000.0,0,162000000.0,128000000.0,250000000.0,148000000.0,102000000.0
root/SouthAsiaAfghanistan,root,0,0,0,0,0,0,0,0,0,0,0,0,0,0,0,0,0,0,0,0,0,0,0,0,0,0,0,0,0,0,0,0,0,0,0,0,0,0,0,0,37000000.0,25000000.0,30090000.0,23082000.0,32785000.0,10103000.0,25041000.0
root/SouthAsiaBangladesh,root,0,0,0,0,0,0,0,23000000.0,44000000.0,43000000.0,102000000.0,16000000.0,19000000.0,39000000.0,37000000.0,2000000.0,10000000.0,51100000.0,24200000.0,17170000.0,87780000.0,62750000.0,12800000.0,82140000.0,36940000.0,950000.0,21010000.0,11960000.0,25280000.0,104570000.0,79710000.0,6000000.0,205000000.0,72000000.0,95000000.0,40000000.0,506000000.0,188000000.0,527000000.0,40000000.0,1014000000.0,844000000.0,146170000.0,1775614000.0,418240000.0,2480137000.0,1203798000.0
root/SouthAsiaBhutan,root,0,0,0,0,0,0,0,0,0,0,0,0,0,0,0,0,0,0,0,2006000.0,994000.0,2000000.0,700000.0,703000.0,1003000.0,0,104000.0,1896000.0,2000000.0,2010000.0,480000.0,1500000.0,993000.0,3378000.0,4401000.0,8000000.0,8000000.0,2000000.0,10000000.0,3000000.0,1000000.0,2000000.0,67000000.0,0,69000000.0,4000000.0,1000000.0
root/SouthAsiaIndia,root,283000000.0,35000000.0,32000000.0,28000000.0,59000000.0,36000000.0,26000000.0,67000000.0,219000000.0,47000000.0,573000000.0,326000000.0,800000000.0,941000000.0,334000000.0,686000000.0,588000000.0,727000000.0,685000000.0,1143000000.0,1043000000.0,1474000000.0,730000000.0,2714000000.0,638000000.0,785000000.0,1677000000.0,1680000000.0,717000000.0,396000000.0,471000000.0,720000000.0,1351000000.0,2234001000.0,536999000.0,1952000000.0,16281000000.0,10996000000.0,7728387000.0,2781613000.0,9845000000.0,21604000000.0,15297000000.0,642938000.0,7131721000.0,4011517000.0,2258176000.0
root/SouthAsiaMaldives,root,0,0,0,0,0,0,0,0,0,1000000.0,5000000.0,1000000.0,21000000.0,6000000.0,4000000.0,1000000.0,24000000.0,1000000.0,1000000.0,400000.0,1600000.0,10800000.0,1180000.0,1360000.0,2020000.0,1950000.0,1720000.0,2330000.0,3200000.0,14600000.0,6800000.0,34000000.0,5000000.0,13000000.0,2000000.0,24000000.0,42000000.0,32000000.0,333000000.0,140000000.0,460000000.0,7000000.0,38000000.0,15000000.0,60000000.0,1934000.0,14282000.0
root/SouthAsiaNepal,root,0,0,0,0,0,0,0,23000000.0,7000000.0,4000000.0,5000000.0,15000000.0,17000000.0,41000000.0,56000000.0,1000000.0,2500000.0,1800000.0,4300000.0,5500000.0,2400000.0,1100000.0,19090000.0,16280000.0,42810000.0,40050000.0,3010000.0,3040000.0,2420000.0,13120000.0,13540000.0,25000000.0,14000000.0,15000000.0,19000000.0,11000000.0,34000000.0,26000000.0,2000000.0,13000000.0,17000000.0,23000000.0,29000000.0,136604000.0,83288000.0,16542000.0,24868000.0
root/SouthAsiaPakistan,root,104000000.0,18000000.0,9000000.0,16000000.0,18000000.0,21000000.0,34000000.0,40000000.0,30000000.0,231000000.0,296000000.0,166000000.0,183000000.0,77000000.0,135000000.0,378000000.0,553000000.0,417000000.0,149000000.0,341000000.0,414000000.0,949300000.0,260700000.0,2448000000.0,8000000.0,1297000000.0,418990000.0,335010000.0,534870000.0,115940000.0,311460000.0,204930000.0,226200000.0,295000000.0,0,15000000.0,92000000.0,906000000.0,858000000.0,96000000.0,3201000000.0,1048000000.0,408000000.0,625000000.0,835000000.0,987000000.0,738000000.0
root/SouthAsiaSriLanka,root,38000000.0,8000000.0,3000000.0,6000000.0,14000000.0,3000000.0,10000000.0,64000000.0,36000000.0,26000000.0,83776000.0,15848000.0,71932000.0,7745000.0,88879000.0,11524000.0,21664000.0,88764000.0,303650000.0,182770000.0,30000.0,0,163550000.0,10480000.0,264870000.0,5840000.0,56520000.0,81640000.0,65980000.0,494780000.0,217950000.0,65210000.0,206709000.0,86769000.0,273000000.0,258862000.0,80607000.0,645891000.0,1387601000.0,828457000.0,1137917000.0,1160118000.0,2843319000.0,351280000.0,492636000.0,314183000.0,230907000.0
root/Sub-SaharanAfricaAngola,root,0,0,0,0,0,0,0,0,0,0,0,0,0,0,0,0,0,0,0,422000000.0,298000000.0,131000000.0,404000000.0,329000000.0,42000000.0,307820000.0,49660000.0,44480000.0,180000000.0,203210000.0,247980000.0,3810000.0,198000000.0,63000000.0,339000000.0,1216000000.0,232000000.0,210000000.0,140000000.0,187000000.0,2394905000.0,7054000.0,394000.0,441000.0,1568000.0,0,0
root/Sub-SaharanAfricaBenin,root,0,0,0,0,0,0,0,27000000.0,29000000.0,36000000.0,24000000.0,12000000.0,3000000.0,7000000.0,8000000.0,37000000.0,10000000.0,15000000.0,64500000.0,16630000.0,7980000.0,10110000.0,26680000.0,1970000.0,2710000.0,15980000.0,310000.0,89330000.0,50440000.0,36100000.0,48490000.0,13480000.0,5040000.0,44610000.0,5000000.0,15000000.0,0,73000000.0,27135000.0,96276000.0,134088000.0,153663000.0,25915000.0,359637000.0,100864000.0,4613000.0,10684000.0
root/Sub-SaharanAfricaBotswana,root,0,0,0,0,0,0,0,3000000.0,0,14000000.0,13000000.0,4000000.0,5000000.0,1000000.0,1000000.0,3000000.0,1000000.0,200000.0,0,100000.0,100000.0,0,0,0,200000.0,580000.0,2020000.0,34000000.0,32570000.0,12280000.0,10710000.0,7000000.0,3000000.0,10000000.0,2000000.0,21000000.0,42000000.0,22000000.0,23000000.0,113000000.0,202000000.0,47000000.0,9000000.0,18749000.0,75505000.0,92255000.0,11592000.0
root/Sub-SaharanAfricaBurkinaFaso,root,0,0,0,0,0,0,0,30000000.0,48000000.0,40000000.0,3000000.0,0,3000000.0,5000000.0,1000000.0,17000000.0,6000000.0,18000000.0,7600000.0,6010000.0,9610000.0,1000000.0,23680000.0,22320000.0,12000000.0,14000000.0,380000.0,15380000.0,6890000.0,45750000.0,18820000.0,20490000.0,49550000.0,5000000.0,10000000.0,2000000.0,67000000.0,66000000.0,146513000.0,8487000.0,0,0,0,0,0,0,0
root/Sub-SaharanAfricaBurundi,root,0,0,0,0,0,0,0,5000000.0,0,8000000.0,1000000.0,2000000.0,6000000.0,6000000.0,2000000.0,19000000.0,8000000.0,14000000.0,25180000.0,4050000.0,2510000.0,0,860000.0,8390000.0,490000.0,8280000.0,9680000.0,4000000.0,520000.0,46550000.0,8940000.0,15680000.0,1010000.0,60000000.0,3000000.0,2000000.0,0,0,13000000.0,7000000.0,8000000.0,15000000.0,7000000.0,24000000.0,17000000.0,48000000.0,0
root/Sub-SaharanAfricaCaboVerde,root,0,0,0,0,0,0,0,0,0,0,0,0,0,0,0,1000000.0,4290000.0,3070000.0,5540000.0,2820000.0,2400000.0,0,1600000.0,0,2000000.0,18660000.0,23620000.0,1960000.0,60000.0,12780000.0,15720000.0,0,0,0,0,0,0,0,0,0,0,0,0,0,0,0,0
root/Sub-SaharanAfricaCameroon,root,0,0,0,0,0,0,0,111000000.0,53000000.0,62000000.0,43000000.0,24000000.0,150000000.0,78000000.0,64000000.0,134000000.0,245800000.0,72400000.0,1200000.0,158450000.0,237010000.0,148160000.0,86000000.0,82850000.0,29850000.0,160220000.0,169450000.0,657230000.0,96840000.0,101610000.0,105320000.0,239160000.0,187280000.0,308470000.0,108610000.0,338610000.0,14000000.0,131000000.0,199000000.0,0,0,68000000.0,65000000.0,249000000.0,206000000.0,92745000.0,8989000.0
root/Sub-SaharanAfricaCentralAfricanRepublic,root,0,0,0,0,0,0,0,10000000.0,1000000.0,7000000.0,2000000.0,0,2000000.0,2000000.0,2000000.0,5000000.0,10000000.0,4500000.0,3330000.0,6040000.0,2910000.0,3000000.0,300000.0,8050000.0,15050000.0,2410000.0,5140000.0,1730000.0,2040000.0,20750000.0,24710000.0,4000000.0,0,1000000.0,1000000.0,8000000.0,11000000.0,2000000.0,0,8000000.0,0,32000000.0,27982000.0,578000.0,2475000.0,877000.0,3088000.0
root/Sub-SaharanAfricaChad,root,0,0,0,0,0,0,0,4000000.0,10000000.0,1000000.0,8000000.0,0,0,2000000.0,2000000.0,2000000.0,4000000.0,2700000.0,1510000.0,10090000.0,2320000.0,9160000.0,19530000.0,1000000.0,2450000.0,470000.0,1700000.0,8830000.0,4530000.0,1980000.0,3450000.0,2000000.0,0,4000000.0,1000000.0,1000000.0,0,15000000.0,20000000.0,8000000.0,6000000.0,10000000.0,12000000.0,0,0,0,0
root/Sub-SaharanAfricaComoros,root,0,0,0,0,0,0,0,1000000.0,0,0,0,1000000.0,1000000.0,1000000.0,1000000.0,1000000.0,1000000.0,5060000.0,7070000.0,270000.0,3020000.0,100000.0,10000.0,880000.0,1010000.0,2000000.0,2000000.0,5000000.0,3920000.0,5920000.0,2000000.0,5990000.0,2990000.0,4936000.0,1936000.0,0,1000000.0,0,4000000.0,0,0,0,0,0,0,0,0
root/Sub-SaharanAfricaCongoDemRep,root,34000000.0,6000000.0,26000000.0,36000000.0,49000000.0,47000000.0,84000000.0,5000000.0,59000000.0,8000000.0,48000000.0,36000000.0,108000000.0,14000000.0,34000000.0,65000000.0,9000000.0,144000000.0,32420000.0,10650000.0,26620000.0,88370000.0,81080000.0,53550000.0,136450000.0,62500000.0,58340000.0,241840000.0,12720000.0,6870000.0,30850000.0,13000000.0,188000000.0,81000000.0,12000000.0,78000000.0,118000000.0,42000000.0,12000000.0,57000000.0,38000000.0,17000000.0,37000000.0,183000000.0,259000000.0,3000000.0,15000000.0
root/Sub-SaharanAfricaCongoRep,root,0,0,0,0,0,0,0,117000000.0,7000000.0,77000000.0,56000000.0,129000000.0,70000000.0,18000000.0,11000000.0,483000000.0,1750000.0,119950000.0,411550000.0,46950000.0,138070000.0,94200000.0,67970000.0,73110000.0,34110000.0,235630000.0,335100000.0,127470000.0,58290000.0,158080000.0,271790000.0,190000000.0,304000000.0,96000000.0,139000000.0,87000000.0,13000000.0,36000000.0,61000000.0,121000000.0,40000000.0,33000000.0,45000000.0,27110000.0,17869000.0,222956000.0,232623000.0
root/Sub-SaharanAfricaCotedIvoire,root,107000000.0,41000000.0,19000000.0,81000000.0,57000000.0,115000000.0,104000000.0,46000000.0,251000000.0,128000000.0,202000000.0,106000000.0,59000000.0,273000000.0,203000000.0,95000000.0,62000000.0,478000000.0,165383000.0,708507000.0,638523000.0,231269000.0,368039000.0,497193000.0,1619914000.0,636000000.0,1962490000.0,1014510000.0,1007180000.0,318990000.0,410830000.0,67000000.0,231000000.0,539000000.0,0,0,759000000.0,378000000.0,381000000.0,384000000.0,20000000.0,63000000.0,269007000.0,736007000.0,0,0,364174000.0
root/Sub-SaharanAfricaEritrea,root,0,0,0,0,0,0,0,0,0,0,0,0,0,0,0,0,0,0,0,0,0,0,0,0,0,0,0,0,0,0,10000000.0,8000000.0,12000000.0,4000000.0,5000000.0,20000000.0,4000000.0,2000000.0,0,5000000.0,2000000.0,1000000.0,5000000.0,4000000.0,28000000.0,11682000.0,45667000.0
root/Sub-SaharanAfricaEthiopia,root,0,0,0,0,0,0,0,53000000.0,1000000.0,12000000.0,8000000.0,2000000.0,9000000.0,5000000.0,5000000.0,10000000.0,6000000.0,11000000.0,38000000.0,36000000.0,6700000.0,7300000.0,50000000.0,29230000.0,230000.0,7560000.0,2100000.0,2660000.0,540000.0,1770000.0,4230000.0,15000000.0,5000000.0,12000000.0,14000000.0,55000000.0,65000000.0,7000000.0,8000000.0,171000000.0,75000000.0,121000000.0,140995000.0,166041000.0,87988000.0,258325000.0,375681000.0
root/Sub-SaharanAfricaGabon,root,13000000.0,5000000.0,11000000.0,21000000.0,16000000.0,45000000.0,44000000.0,66000000.0,7000000.0,27000000.0,13000000.0,81000000.0,26000000.0,60000000.0,18000000.0,11000000.0,177690000.0,34170000.0,3320000.0,160000000.0,0,37800000.0,164000000.0,3070000.0,96930000.0,48620000.0,68540000.0,263160000.0,82620000.0,109100000.0,216480000.0,3000000.0,81000000.0,158000000.0,56000000.0,59000000.0,31000000.0,125000000.0,105000000.0,7000000.0,67000000.0,15000000.0,74000000.0,162000000.0,200000000.0,382757000.0,200643000.0
root/Sub-SaharanAfricaGambiaThe,root,0,0,0,0,0,0,0,7000000.0,3000000.0,10000000.0,3000000.0,5000000.0,1000000.0,4000000.0,18000000.0,14000000.0,3000000.0,3000000.0,0,4025000.0,8100000.0,4900000.0,1000000.0,21000000.0,19000000.0,8840000.0,8230000.0,9390000.0,2300000.0,6830000.0,5150000.0,530000.0,10240000.0,6990000.0,6000000.0,3000000.0,4000000.0,4000000.0,7000000.0,27000000.0,1000000.0,42000000.0,21000000.0,11000000.0,0,1262000.0,8402000.0
root/Sub-SaharanAfricaGhana,root,0,0,0,0,0,0,0,217000000.0,139000000.0,162000000.0,68000000.0,150000000.0,81000000.0,110000000.0,146000000.0,56000000.0,3600000.0,29960000.0,44040000.0,110270000.0,98390000.0,92420000.0,16260000.0,46930000.0,103070000.0,70550000.0,49470000.0,20980000.0,41720000.0,7990000.0,194730000.0,62000000.0,173000000.0,81000000.0,197000000.0,236000000.0,404000000.0,54000000.0,73000000.0,374000000.0,571000000.0,590000000.0,94640000.0,860450000.0,508698000.0,227101000.0,497938000.0
root/Sub-SaharanAfricaGuinea,root,0,0,0,0,0,0,0,37000000.0,2000000.0,43000000.0,31000000.0,10000000.0,3000000.0,0,4000000.0,22000000.0,3000000.0,29000000.0,0,20000000.0,200000.0,25600000.0,17420000.0,13670000.0,8510000.0,27060000.0,4320000.0,238260000.0,119650000.0,35310000.0,3660000.0,83000000.0,69000000.0,211000000.0,0,88000000.0,38000000.0,6000000.0,48000000.0,104000000.0,75000000.0,75000000.0,74000000.0,5888000.0,35066000.0,39620000.0,29132000.0
root/Sub-SaharanAfricaGuineaBissau,root,0,0,0,0,0,0,0,1000000.0,4000000.0,2000000.0,1000000.0,1300000.0,9600000.0,21600000.0,12500000.0,12100000.0,23420000.0,10120000.0,0,5990000.0,11550000.0,4520000.0,14220000.0,3090000.0,2270000.0,1010000.0,5500000.0,3490000.0,3940000.0,1010000.0,9950000.0,2910000.0,4050000.0,1986000.0,1054000.0,1000000.0,2000000.0,7000000.0,5000000.0,5000000.0,6000000.0,1000000.0,1000000.0,1000000.0,0,20682000.0,20682000.0
root/Sub-SaharanAfricaKenya,root,69000000.0,3000000.0,12000000.0,38000000.0,44000000.0,21000000.0,29000000.0,87000000.0,100000000.0,26000000.0,209000000.0,172000000.0,132000000.0,68000000.0,33000000.0,90105000.0,104391000.0,208677000.0,69686000.0,51748000.0,294073000.0,272904000.0,21378000.0,73000000.0,65000000.0,6110000.0,84320000.0,251210000.0,7080000.0,65630000.0,450000.0,214000000.0,115000000.0,61000000.0,13000000.0,190000000.0,87000000.0,354000000.0,26000000.0,4000000.0,73000000.0,232000000.0,290962000.0,824544000.0,391444000.0,612203000.0,423237000.0
root/Sub-SaharanAfricaLesotho,root,0,0,0,0,0,0,0,0,3000000.0,3000000.0,8000000.0,2000000.0,3000000.0,1000000.0,0,0,0,0,2000000.0,4000000.0,0,1000000.0,1000000.0,0,0,0,0,0,0,0,93000000.0,11000000.0,29000000.0,56000000.0,7000000.0,1000000.0,5000000.0,0,0,1000000.0,3000000.0,4000000.0,4000000.0,0,1000.0,1000.0,0
root/Sub-SaharanAfricaLiberia,root,0,0,0,0,0,0,0,25000000.0,64000000.0,14000000.0,4000000.0,4000000.0,10000000.0,19000000.0,4000000.0,8000000.0,0,0,5000000.0,0,1100000.0,2100000.0,750000.0,9880000.0,630000.0,0,44000000.0,0,0,0,0,0,0,0,0,0,0,0,0,0,0,0,0,0,0,0,0
root/Sub-SaharanAfricaMadagascar,root,0,0,0,0,0,0,0,46000000.0,1000000.0,118000000.0,75000000.0,151000000.0,0,59000000.0,63000000.0,3000000.0,5587000.0,10496000.0,54897000.0,1060000.0,83280000.0,14237000.0,10123000.0,10000000.0,17000000.0,7420000.0,36320000.0,8100000.0,69100000.0,93760000.0,76130000.0,4080000.0,3860000.0,76790000.0,13000000.0,27000000.0,8000000.0,575320000.0,185511000.0,35173000.0,223599000.0,5932000.0,28685000.0,22000000.0,50101000.0,74193000.0,26084000.0
root/Sub-SaharanAfricaMalawi,root,0,0,0,0,0,0,0,69000000.0,6000000.0,40000000.0,1427000.0,63573000.0,35378000.0,12378000.0,31000000.0,37823000.0,225000.0,9052000.0,45210000.0,4690000.0,12800000.0,24000000.0,19000000.0,38110000.0,1110000.0,32060000.0,53060000.0,75120000.0,1700000.0,25230000.0,5530000.0,24000000.0,77000000.0,69000000.0,12000000.0,1000000.0,61000000.0,9000000.0,23000000.0,17000000.0,24000000.0,5000000.0,16998000.0,0,0,5133000.0,17882000.0
root/Sub-SaharanAfricaMali,root,0,0,0,0,0,0,0,19000000.0,2000000.0,7000000.0,1000000.0,48000000.0,54000000.0,2000000.0,41000000.0,1000000.0,4040000.0,9460000.0,5660000.0,4920000.0,8000000.0,3120000.0,20180000.0,920000.0,8780000.0,23690000.0,2770000.0,185540000.0,88510000.0,1670000.0,73160000.0,32000000.0,97000000.0,108000000.0,15000000.0,23000000.0,3000000.0,24000000.0,0,24000000.0,18000000.0,169000000.0,162000000.0,27815000.0,12531000.0,21604000.0,203000.0
root/Sub-SaharanAfricaMauritania,root,0,0,0,0,0,0,0,40000000.0,6000000.0,1000000.0,10000000.0,33000000.0,12000000.0,7000000.0,0,1000000.0,3780000.0,2720000.0,37110000.0,6050000.0,52540000.0,50500000.0,132800000.0,11950000.0,3850000.0,13640000.0,9300000.0,119060000.0,70860000.0,870000.0,9010000.0,12000000.0,38000000.0,49000000.0,3000000.0,9000000.0,41000000.0,27000000.0,40000000.0,108000000.0,103000000.0,87000000.0,46000000.0,6000000.0,21000000.0,65000000.0,52930000.0
root/Sub-SaharanAfricaMauritius,root,0,0,0,0,0,0,0,0,0,0,0,0,0,0,0,0,0,0,0,0,0,0,0,0,0,0,0,0,0,0,0,0,0,0,0,0,0,0,0,1292333000.0,185302000.0,229722000.0,1133661000.0,67453000.0,683498000.0,144213000.0,1152973000.0
root/Sub-SaharanAfricaMozambique,root,0,0,0,0,0,0,0,0,0,0,0,0,0,0,80000000.0,0,10000000.0,33700000.0,8000000.0,34400000.0,28200000.0,56900000.0,3880000.0,68680000.0,1800000.0,11230000.0,10970000.0,99740000.0,2060000.0,113130000.0,73070000.0,112000000.0,142000000.0,66000000.0,301000000.0,172000000.0,107000000.0,47000000.0,2000000.0,36000000.0,68000000.0,30000000.0,41000000.0,219000000.0,84000000.0,235812000.0,73008000.0
root/Sub-SaharanAfricaNiger,root,0,0,0,0,0,0,0,52000000.0,198000000.0,144000000.0,53000000.0,46000000.0,10000000.0,58000000.0,4000000.0,37000000.0,22800000.0,46800000.0,28000000.0,18000000.0,38280000.0,85770000.0,1490000.0,9260000.0,13740000.0,3760000.0,2010000.0,36230000.0,28300000.0,3600000.0,19960000.0,5340000.0,0,24000000.0,25000000.0,3000000.0,3000000.0,223000000.0,149000000.0,40000000.0,35000000.0,14000000.0,60000000.0,28000000.0,9000000.0,31291000.0,6709000.0
root/Sub-SaharanAfricaNigeria,root,269000000.0,40000000.0,39000000.0,225000000.0,33000000.0,63000000.0,112000000.0,1730000000.0,285000000.0,163000000.0,1270000000.0,871000000.0,1905000000.0,4450000000.0,984300000.0,643100000.0,1339486000.0,2129598000.0,1414944000.0,415400000.0,218897000.0,86197000.0,635230000.0,506830000.0,512060000.0,73130000.0,224440000.0,137430000.0,218310000.0,45180000.0,241000000.0,1076489000.0,0,0,0,0,0,0,0,1000.0,0,0,0,0,0,0,0
root/Sub-SaharanAfricaRwanda,root,0,0,0,0,0,0,0,9000000.0,8000000.0,4000000.0,5000000.0,6000000.0,1000000.0,5000000.0,21000000.0,10000000.0,0,12000000.0,1800000.0,2830000.0,1870000.0,1890000.0,2000000.0,0,31390000.0,3520000.0,110000.0,33630000.0,13940000.0,4020000.0,16080000.0,3000000.0,9000000.0,17000000.0,11000000.0,2000000.0,5000000.0,6000000.0,7000000.0,4000000.0,4000000.0,98000000.0,25999000.0,74938000.0,13896000.0,13714000.0,215348000.0
root/Sub-SaharanAfricaSaoTomeandPrincipe,root,0,0,0,0,0,0,0,0,0,2000000.0,2000000.0,5000000.0,4000000.0,0,1000000.0,0,1000000.0,2510000.0,0,10180000.0,5280000.0,990000.0,2830000.0,930000.0,5180000.0,1000000.0,4970000.0,1970000.0,1000000.0,7000000.0,0,2000000.0,5000000.0,15000000.0,0,0,1000000.0,10000000.0,1000000.0,1000000.0,3000000.0,6000000.0,12000000.0,2000000.0,1000000.0,994000.0,1006000.0
root/Sub-SaharanAfricaSenegal,root,0,0,0,0,0,0,0,110000000.0,31000000.0,62000000.0,16000000.0,18000000.0,35000000.0,10000000.0,68000000.0,49000000.0,61000000.0,47000000.0,41000000.0,28000000.0,167450000.0,112450000.0,3000000.0,2710000.0,76290000.0,27530000.0,70100000.0,30570000.0,59800000.0,35330000.0,161130000.0,56000000.0,91000000.0,138000000.0,118374000.0,0,48374000.0,248000000.0,135000000.0,197000000.0,0,0,0,0,0,0,0
root/Sub-SaharanAfricaSierraLeone,root,0,0,0,0,0,0,0,0,0,0,0,0,0,0,0,0,0,0,0,0,0,0,0,0,0,20020000.0,1880000.0,16140000.0,7770000.0,4000000.0,1440000.0,6950000.0,4690000.0,2530000.0,8000000.0,10000000.0,10000000.0,5000000.0,4000000.0,14000000.0,19000000.0,31000000.0,21000000.0,199700000.0,189700000.0,17070000.0,34550000.0
root/Sub-SaharanAfricaSomalia,root,0,0,0,0,0,0,0,12000000.0,10000000.0,4000000.0,13000000.0,18000000.0,12000000.0,8000000.0,8000000.0,14000000.0,15000000.0,6000000.0,13380000.0,160000.0,17720000.0,0,0,0,0,0,0,6500000.0,5000000.0,0,7000000.0,2000000.0,9060000.0,0,33060000.0,0,0,0,0,0,0,0,0,0,0,0,0
root/Sub-SaharanAfricaSouthAfrica,root,0,0,0,0,0,0,0,0,0,0,0,0,0,0,0,0,0,0,0,0,0,0,0,0,7739000000.0,1934000000.0,1159000000.0,96000000.0,516000000.0,629000000.0,1262000000.0,1198000000.0,301000000.0,163000000.0,2978000000.0,3081000000.0,6290000000.0,3478000000.0,1418000000.0,4176000000.0,444000000.0,1196000000.0,7334000000.0,619000000.0,793000000.0,1033000000.0,716000000.0
root/Sub-SaharanAfricaSudan,root,60507000.0,7507000.0,8000000.0,15000000.0,77000000.0,62000000.0,66000000.0,141700000.0,76000000.0,12300000.0,49600000.0,200000000.0,76000000.0,220000000.0,458000000.0,254000000.0,192000000.0,47000000.0,22000000.0,23000000.0,0,0,178000000.0,0,0,2930000.0,100280000.0,119650000.0,45000000.0,147100000.0,46900000.0,136000000.0,12000000.0,6000000.0,242000000.0,11000000.0,133000000.0,156000000.0,104000000.0,332000000.0,251000000.0,106000000.0,148000000.0,116000000.0,102000000.0,44000000.0,25000000.0
root/Sub-SaharanAfricaSwaziland,root,0,0,0,0,0,0,0,9000000.0,8000000.0,9000000.0,7000000.0,9000000.0,8000000.0,23000000.0,30000000.0,8000000.0,2000000.0,0,9220000.0,13360000.0,16710000.0,430000.0,800000.0,800000.0,800000.0,4260000.0,8750000.0,156090000.0,129870000.0,24650000.0,10220000.0,9000000.0,10000000.0,22000000.0,12000000.0,53000000.0,54000000.0,7000000.0,11000000.0,31000000.0,181000000.0,46000000.0,119998000.0,2282000.0,8531000.0,9638000.0,38824000.0
root/Sub-SaharanAfricaTanzania,root,24000000.0,8000000.0,13000000.0,16000000.0,26000000.0,23000000.0,21000000.0,28000000.0,94000000.0,3000000.0,53000000.0,7000000.0,106000000.0,45000000.0,107000000.0,46000000.0,69790000.0,39790000.0,50000000.0,249620000.0,15620000.0,33000000.0,2200000.0,24110000.0,19910000.0,21630000.0,68070000.0,11560000.0,9480000.0,9510000.0,44080000.0,81870000.0,40950000.0,4150000.0,172000000.0,62000000.0,15000000.0,3000000.0,172000000.0,15000000.0,53000000.0,182000000.0,367582000.0,412233000.0,127424000.0,133467000.0,26970000.0
root/Sub-SaharanAfricaTogo,root,0,0,0,0,0,0,0,39000000.0,51000000.0,8000000.0,7000000.0,10000000.0,5000000.0,25000000.0,2000000.0,11000000.0,13000000.0,10790000.0,9790000.0,77560000.0,51330000.0,4710000.0,7940000.0,62350000.0,13350000.0,2000000.0,2720000.0,19720000.0,3080000.0,81310000.0,49360000.0,13610000.0,18610000.0,60090000.0,16000000.0,25000000.0,26000000.0,51000000.0,8000000.0,67000000.0,12000000.0,26000000.0,43000000.0,38000000.0,4000000.0,35334000.0,10622000.0
root/Sub-SaharanAfricaUganda,root,0,0,0,0,0,0,0,0,0,30000000.0,14000000.0,19000000.0,8000000.0,15000000.0,8000000.0,4000000.0,12920000.0,2920000.0,8370000.0,10370000.0,6260000.0,5000000.0,7100000.0,44940000.0,13840000.0,4050000.0,23090000.0,10960000.0,3200000.0,6130000.0,5660000.0,1240000.0,11090000.0,9000000.0,15307000.0,9693000.0,71000000.0,121000000.0,432000000.0,223000000.0,209000000.0,0,0,442852000.0,63877000.0,21785000.0,52422000.0
root/Sub-SaharanAfricaZambia,root,160000000.0,8000000.0,17000000.0,16000000.0,33000000.0,97000000.0,42000000.0,272000000.0,0,4000000.0,61000000.0,1000000.0,5000000.0,157000000.0,41000000.0,119000000.0,393000000.0,77300000.0,132300000.0,115000000.0,165000000.0,55011000.0,17229000.0,782000.0,0,103593000.0,88603000.0,205010000.0,73346000.0,120636000.0,30480000.0,97340000.0,72220000.0,15350000.0,22000000.0,69000000.0,159000000.0,123000000.0,96000000.0,202000000.0,704000000.0,622000000.0,294000000.0,73000000.0,78000000.0,249987000.0,390104000.0
root/Sub-SaharanAfricaZimbabwe,root,0,0,0,0,0,0,0,46000000.0,18000000.0,7000000.0,55000000.0,308000000.0,184000000.0,101000000.0,137000000.0,36000000.0,18000000.0,30000000.0,40000000.0,109310000.0,181290000.0,30100000.0,145500000.0,106230000.0,103770000.0,186560000.0,118510000.0,175930000.0,209110000.0,21490000.0,233400000.0,91000000.0,113000000.0,156000000.0,106600000.0,5400000.0,189000000.0,286000000.0,21000000.0,312000000.0,160000000.0,128000000.0,269000000.0,211900000.0,88000000.0,132897000.0,126944000.0
