root/EastAsia&Pacific,root,181947000.0,386372000.0,577710000.0,846646000.0,2700093000.0,3148601000.0,2755531000.0,1818123000.0,4437679000.0,4581771000.0,4574939000.0,7881345000.0,10224150000.0,8832043000.0,6967260000.0,11524022000.0,9680909000.0,10863646000.0,11104271000.0,8741184000.0,11018558000.0,8642541000.0,18250690000.0,27045677000.0,17164668000.0,23208168000.0,27719198000.0,23672515000.0,11005153000.0,16729764000.0,16822904000.0,13380089000.0,13413380000.0,14432484000.0,19444547000.0,23695367000.0,19423712000.0,14428026000.0,17855737000.0,26334438000.0,49742855000.0,36892633000.0,76109636000.0,41296020000.0,69952213000.0,64718490000.0,66695515000.0
root/EastAsia&Pacific/Cambodia,root/EastAsia&Pacific,0,0,0,0,0,0,0,0,0,0,0,0,0,0,0,0,0,0,0,0,0,0,0,0,15995000.0,0,0,0,0,0,0,0,0,0,0,0,0,0,0,0,0,0,0,0,0,0,0
root/EastAsia&Pacific/China,root/EastAsia&Pacific,0,0,0,0,0,0,0,0,0,0,0,1397347000.0,1037225000.0,1064531000.0,1573583000.0,4697897000.0,5326069000.0,8422534000.0,7747594000.0,4920541000.0,7700515000.0,4002358000.0,12379399000.0,17300938000.0,9135256000.0,13516966000.0,17551901000.0,15785425000.0,4671338000.0,7460312000.0,8264500000.0,5637690000.0,3202000000.0,2031131000.0,4179378000.0,7525229000.0,1850000000.0,3396374000.0,1929000000.0,2547000000.0,23928204000.0,16116843000.0,29846841000.0,21866080000.0,35567010000.0,23569137000.0,42453168000.0
root/EastAsia&Pacific/Fiji,root/EastAsia&Pacific,218000.0,6784000.0,4791000.0,12959000.0,0,0,0,10464000.0,0,40611000.0,6490000.0,14141000.0,28878000.0,6068000.0,18465000.0,8776000.0,1966000.0,0,17356000.0,0,145000.0,0,0,0,0,0,0,0,0,0,0,0,0,0,0,0,150000000.0,0,0,0,0,250000000.0,0,0,0,0,0
root/EastAsia&Pacific/Indonesia,root/EastAsia&Pacific,33001000.0,206960000.0,357560000.0,642865000.0,1514487000.0,2206917000.0,1444059000.0,338326000.0,1699016000.0,1850047000.0,1753237000.0,2794553000.0,4474658000.0,3392888000.0,2071488000.0,2151294000.0,2181512000.0,1249188000.0,1363583000.0,1916801000.0,1639384000.0,2712882000.0,2739095000.0,3658352000.0,2360196000.0,3879930000.0,3316437000.0,1777504000.0,123554000.0,216346000.0,737001000.0,326525000.0,425975000.0,922988000.0,1548134000.0,5823435000.0,5168611000.0,3840347000.0,4627459000.0,7659575000.0,6030663000.0,6217161000.0,26235714000.0,10667664000.0,27479376000.0,22662118000.0,19409715000.0
root/EastAsia&Pacific/LaoPDR,root/EastAsia&Pacific,1526000.0,0,1718000.0,5172000.0,0,0,0,0,0,0,0,0,0,0,0,0,0,0,0,0,0,0,0,0,0,0,0,0,0,0,0,0,0,0,0,0,0,0,0,0,2637000.0,2925000.0,3808000.0,154855000.0,171551000.0,673334000.0,415005000.0
root/EastAsia&Pacific/Malaysia,root/EastAsia&Pacific,16131000.0,123112000.0,117578000.0,88449000.0,750152000.0,517131000.0,216993000.0,296172000.0,853907000.0,464163000.0,873362000.0,1588154000.0,2771748000.0,3143721000.0,2020925000.0,2043609000.0,1258961000.0,661181000.0,555211000.0,543830000.0,121540000.0,730591000.0,859435000.0,4059203000.0,3078804000.0,3042023000.0,3435030000.0,2330257000.0,977852000.0,2933631000.0,3625400000.0,2773512000.0,4817519000.0,5416829000.0,6436264000.0,5225698000.0,6679815000.0,5439659000.0,7098574000.0,8815307000.0,5741744000.0,3191412000.0,8356363000.0,7438838000.0,4221405000.0,13481385000.0,3312134000.0
root/EastAsia&Pacific/Mongolia,root/EastAsia&Pacific,0,0,0,0,0,0,0,0,0,0,0,0,0,0,0,0,0,0,0,0,0,0,72650000.0,1760000.0,0,0,0,448000.0,0,0,0,0,0,26500000.0,0,0,0,75000000.0,0,750000.0,0,0,1500000000.0,0,0,0,740000000.0
root/EastAsia&Pacific/Myanmar,root/EastAsia&Pacific,24305000.0,17401000.0,16747000.0,9299000.0,12276000.0,7413000.0,97176000.0,89783000.0,80573000.0,117706000.0,181951000.0,62636000.0,132094000.0,21838000.0,5699000.0,61077000.0,23715000.0,2894000.0,0,0,24300000.0,0,45240000.0,43406000.0,30096000.0,82000000.0,180512000.0,498068000.0,27129000.0,0,0,0,0,0,0,0,0,0,0,0,0,0,0,0,0,0,0
root/EastAsia&Pacific/PapuaNewGuinea,root/EastAsia&Pacific,37258000.0,28614000.0,9576000.0,53242000.0,25411000.0,31551000.0,14661000.0,25000000.0,4989000.0,35000000.0,103184000.0,130437000.0,128071000.0,132875000.0,42722000.0,95916000.0,16776000.0,13727000.0,131762000.0,140191000.0,40651000.0,42436000.0,0,56700000.0,163679000.0,0,0,0,0,0,34304000.0,59298000.0,0,0,0,0,0,0,0,0,0,0,0,0,0,51951000.0,310000000.0
root/EastAsia&Pacific/Philippines,root/EastAsia&Pacific,64027000.0,166000.0,63864000.0,17306000.0,386462000.0,367408000.0,879268000.0,717466000.0,1391259000.0,1285232000.0,978882000.0,1243927000.0,1068760000.0,828078000.0,449436000.0,1020503000.0,24436000.0,63111000.0,337057000.0,95213000.0,932494000.0,554516000.0,358835000.0,1028335000.0,545821000.0,412697000.0,1864929000.0,1303740000.0,1700986000.0,4957656000.0,3762849000.0,3962658000.0,4767886000.0,5526880000.0,5942643000.0,3131831000.0,4519023000.0,1031857000.0,1478801000.0,5828805000.0,7084032000.0,3120734000.0,2267515000.0,0,1500000000.0,4249906000.0,22676000.0
root/EastAsia&Pacific/Samoa,root/EastAsia&Pacific,0,2100000.0,5876000.0,681000.0,1585000.0,181000.0,3374000.0,2823000.0,2000000.0,0,0,0,0,0,2000000.0,0,0,0,0,0,0,0,0,0,0,0,0,0,0,0,0,0,0,0,0,0,0,0,0,0,0,0,0,0,0,0,0
root/EastAsia&Pacific/SolomonIslands,root/EastAsia&Pacific,0,0,0,0,0,0,0,0,0,0,0,0,0,0,30000000.0,2306000.0,0,0,0,0,0,0,4639000.0,0,0,4237000.0,0,0,0,0,0,0,0,0,0,428000.0,627000.0,0,0,0,0,0,0,0,0,0,0
root/EastAsia&Pacific/Thailand,root/EastAsia&Pacific,5481000.0,1235000.0,0,16673000.0,9720000.0,18000000.0,100000000.0,338089000.0,405935000.0,789012000.0,677833000.0,650150000.0,582716000.0,241601000.0,751510000.0,1442644000.0,847474000.0,450011000.0,951708000.0,1124608000.0,559529000.0,510967000.0,1711397000.0,886983000.0,1374925000.0,1739567000.0,1090425000.0,1496376000.0,3334168000.0,1006231000.0,398850000.0,620406000.0,200000000.0,490000000.0,1000000000.0,1236360000.0,500000000.0,0,2097031000.0,1051430000.0,5080000000.0,4890000000.0,6800000000.0,0,0,0,0
root/EastAsia&Pacific/Tonga,root/EastAsia&Pacific,0,0,0,0,0,0,0,0,0,0,0,0,0,0,0,0,0,0,0,0,0,0,0,0,0,0,0,0,0,0,0,0,0,0,0,0,0,0,0,891000.0,156000.0,0,0,0,0,0,0
root/EastAsia&Pacific/Vanuatu,root/EastAsia&Pacific,0,0,0,0,0,0,0,0,0,0,0,0,0,443000.0,1432000.0,0,0,1000000.0,0,0,0,0,0,0,0,0,0,0,0,0,0,0,0,0,0,0,0,0,0,0,0,0,0,0,0,0,0
root/EastAsia&Pacific/Vietnam,root/EastAsia&Pacific,0,0,0,0,0,0,0,0,0,0,0,0,0,0,0,0,0,0,0,0,0,88791000.0,80000000.0,10000000.0,459896000.0,530748000.0,279964000.0,480697000.0,170126000.0,155588000.0,0,0,0,18156000.0,338128000.0,752386000.0,555636000.0,644789000.0,624872000.0,430680000.0,1875419000.0,3103558000.0,1099395000.0,1168583000.0,1012871000.0,30659000.0,32817000.0
root/Europe&CentralAsia,root,104688000.0,40981000.0,242037000.0,62952000.0,123289000.0,423227000.0,721192000.0,711284000.0,420209000.0,3364468000.0,2870816000.0,1739650000.0,4259677000.0,3898257000.0,3091665000.0,4122447000.0,4893094000.0,4993289000.0,6785907000.0,5148029000.0,3627754000.0,3145066000.0,18820148000.0,12360870000.0,6085022000.0,6081038000.0,10565987000.0,14587027000.0,18593122000.0,11216508000.0,13669761000.0,8050114000.0,11217242000.0,14243114000.0,17067031000.0,21592896000.0,26170814000.0,48404675000.0,30473712000.0,23538059000.0,53949761000.0,45223265000.0,59137371000.0,93619158000.0,25681521000.0,36223318000.0,32149050000.0
root/Europe&CentralAsia/Albania,root/Europe&CentralAsia,0,0,0,0,0,0,0,0,0,0,0,0,0,0,0,0,0,0,0,0,0,45000000.0,10639000.0,0,0,6187000.0,0,0,0,0,3244000.0,0,0,1286000.0,0,0,128320000.0,18262000.0,422382000.0,278682000.0,436625000.0,111075000.0,0,22829000.0,31525000.0,499133000.0,0
root/Europe&CentralAsia/Armenia,root/Europe&CentralAsia,0,0,0,0,0,0,0,0,0,0,0,0,0,0,0,0,0,0,0,0,0,0,0,0,0,0,0,5000000.0,30000000.0,10000000.0,0,1060000.0,0,0,0,0,0,0,0,0,6742000.0,0,0,700395000.0,11584000.0,0,0
root/Europe&CentralAsia/Azerbaijan,root/Europe&CentralAsia,0,0,0,0,0,0,0,0,0,0,0,0,0,0,0,0,0,0,0,0,0,0,0,0,0,0,0,32228000.0,66593000.0,0,56194000.0,0,0,0,0,702902000.0,36171000.0,100666000.0,857958000.0,270000000.0,212011000.0,0,1020932000.0,0,1804125000.0,749945000.0,1516488000.0
root/Europe&CentralAsia/Belarus,root/Europe&CentralAsia,0,0,0,0,0,0,0,0,0,0,0,0,0,0,0,0,0,0,0,0,0,0,0,166976000.0,62166000.0,27915000.0,46471000.0,39862000.0,72632000.0,69469000.0,86799000.0,102254000.0,18175000.0,31105000.0,80447000.0,32000000.0,123793000.0,1815341000.0,0,130322000.0,1084823000.0,2533634000.0,3986100000.0,1314612000.0,51282000.0,610052000.0,0
root/Europe&CentralAsia/BosniaandHerzegovina,root/Europe&CentralAsia,0,0,0,0,0,0,0,0,0,0,0,0,0,0,0,0,0,0,0,0,0,0,0,0,0,0,0,0,0,0,0,0,0,0,0,0,22554000.0,13654000.0,18705000.0,4892000.0,19903000.0,20551000.0,5220000.0,17316000.0,21226000.0,0,0
root/Europe&CentralAsia/Bulgaria,root/Europe&CentralAsia,0,0,0,0,0,0,0,0,0,0,0,555268000.0,1117042000.0,1410096000.0,1491570000.0,1796889000.0,2104110000.0,1394442000.0,2361300000.0,1656796000.0,510555000.0,12895000.0,120000000.0,0,51171000.0,104987000.0,0,0,9486000.0,74367000.0,125191000.0,223906000.0,0,0,33246000.0,2263000.0,1337000.0,0,5887000.0,0,0,0,1200742000.0,0,1921672000.0,3493934000.0,2206310000.0
root/Europe&CentralAsia/Georgia,root/Europe&CentralAsia,0,0,0,0,0,0,0,0,0,0,0,0,0,0,0,0,0,0,0,0,0,0,926000.0,0,0,0,0,0,0,0,0,0,0,0,0,0,0,0,500000000.0,0,250000000.0,500000000.0,263929000.0,0,0,125140000.0,250000000.0
root/Europe&CentralAsia/Kazakhstan,root/Europe&CentralAsia,0,0,0,0,0,0,0,0,0,0,0,0,0,0,0,0,0,0,0,0,0,0,119927000.0,417419000.0,40139000.0,101381000.0,252729000.0,498769000.0,37871000.0,371052000.0,460000000.0,25169000.0,94915000.0,0,0,0,0,0,0,0,0,0,2309775000.0,4625000000.0,2500000000.0,4000000000.0,0
root/Europe&CentralAsia/Kosovo,root/Europe&CentralAsia,0,0,0,0,0,0,0,0,0,0,0,0,0,0,0,0,0,0,0,0,0,0,0,0,0,0,0,0,0,0,0,0,0,0,0,0,0,0,0,0,22557000.0,0,0,0,0,2884000.0,0
root/Europe&CentralAsia/KyrgyzRepublic,root/Europe&CentralAsia,0,0,0,0,0,0,0,0,0,0,0,0,0,0,0,0,0,0,0,0,0,0,0,0,0,0,7000000.0,23012000.0,11150000.0,1958000.0,0,788000.0,0,0,0,0,0,0,0,0,0,0,0,0,0,0,0
root/Europe&CentralAsia/MacedoniaFYR,root/Europe&CentralAsia,0,0,0,0,0,0,0,0,0,0,0,0,0,0,0,0,0,0,0,0,0,0,0,0,0,7366000.0,1171000.0,0,10353000.0,20589000.0,1401000.0,1932000.0,3879000.0,28338000.0,0,187983000.0,54069000.0,0,7720000.0,243740000.0,78736000.0,214594000.0,126839000.0,368382000.0,643561000.0,400010000.0,498107000.0
root/Europe&CentralAsia/Moldova,root/Europe&CentralAsia,0,0,0,0,0,0,0,0,0,0,0,0,0,0,0,0,0,0,0,0,0,0,0,0,7950000.0,28007000.0,119972000.0,91990000.0,0,0,2362000.0,0,0,0,0,0,8274000.0,0,0,13091000.0,20210000.0,7915000.0,28513000.0,3693000.0,10876000.0,0,0
root/Europe&CentralAsia/Montenegro,root/Europe&CentralAsia,0,0,0,0,0,0,0,0,0,0,0,0,0,0,0,0,0,0,0,0,0,0,0,0,0,0,0,0,0,0,0,0,0,0,0,0,3211000.0,30157000.0,0,237378000.0,447894000.0,248350000.0,433284000.0,187999000.0,0,554593000.0,331942000.0
root/Europe&CentralAsia/Romania,root/Europe&CentralAsia,0,0,0,0,0,0,0,0,10000000.0,150000000.0,1645733000.0,284965000.0,2350278000.0,750000000.0,0,250000000.0,406300000.0,0,0,0,113069000.0,350000000.0,1136953000.0,252750000.0,388606000.0,292291000.0,1499081000.0,986125000.0,558475000.0,602922000.0,1404813000.0,1304229000.0,2236877000.0,2297177000.0,2665933000.0,868584000.0,580719000.0,517607000.0,1309026000.0,43110000.0,1364267000.0,2097652000.0,5127926000.0,4185695000.0,5539584000.0,2218371000.0,3596041000.0
root/Europe&CentralAsia/RussianFederation,root/Europe&CentralAsia,0,0,0,0,0,0,0,0,0,0,0,0,0,0,0,0,0,0,0,0,0,0,11089511000.0,4449158000.0,2109409000.0,679531000.0,2066751000.0,4162548000.0,9270623000.0,446200000.0,46270000.0,2378854000.0,3056190000.0,2841465000.0,4223965000.0,11654516000.0,15068311000.0,30667857000.0,20793854000.0,17689712000.0,34467347000.0,29348467000.0,27618000000.0,64475411000.0,524140000.0,5498649000.0,12373253000.0
root/Europe&CentralAsia/Serbia,root/Europe&CentralAsia,55553000.0,10781000.0,207106000.0,23332000.0,104389000.0,175309000.0,51370000.0,20269000.0,6973000.0,5413000.0,726068000.0,372116000.0,440840000.0,948540000.0,201036000.0,0,0,0,307039000.0,0,0,0,0,0,0,0,0,0,0,0,35000000.0,0,0,452000.0,0,0,81617000.0,0,2943000.0,0,411337000.0,2012743000.0,2079422000.0,2801000000.0,1336283000.0,0,0
root/Europe&CentralAsia/Tajikistan,root/Europe&CentralAsia,0,0,0,0,0,0,0,0,0,0,0,0,0,0,0,0,0,0,0,0,0,0,68000000.0,0,0,0,0,0,20000000.0,0,0,0,0,0,0,0,0,0,0,0,0,0,0,0,0,0,0
root/Europe&CentralAsia/Turkey,root/Europe&CentralAsia,49135000.0,30200000.0,34931000.0,39620000.0,18900000.0,247918000.0,669822000.0,691015000.0,403236000.0,3209055000.0,499015000.0,527301000.0,351517000.0,789621000.0,1399059000.0,2075558000.0,2382684000.0,3598847000.0,4117568000.0,3491233000.0,3004130000.0,2737171000.0,4950203000.0,6572054000.0,2909667000.0,4117487000.0,5400591000.0,6671262000.0,5334113000.0,8788875000.0,11358210000.0,3565881000.0,5297333000.0,7733816000.0,7456547000.0,7297195000.0,7633251000.0,11438388000.0,6541375000.0,4621731000.0,11334802000.0,5378284000.0,9486689000.0,8061473000.0,9979113000.0,6158935000.0,10376909000.0
root/Europe&CentralAsia/Turkmenistan,root/Europe&CentralAsia,0,0,0,0,0,0,0,0,0,0,0,0,0,0,0,0,0,0,0,0,0,0,0,77719000.0,44654000.0,265126000.0,637506000.0,1008508000.0,329902000.0,16364000.0,0,0,0,0,0,0,0,0,0,0,0,0,0,0,0,0,0
root/Europe&CentralAsia/Ukraine,root/Europe&CentralAsia,0,0,0,0,0,0,0,0,0,0,0,0,0,0,0,0,0,0,0,0,0,0,1284839000.0,309794000.0,197085000.0,154737000.0,201229000.0,687967000.0,2098571000.0,183872000.0,0,0,399000000.0,1000000000.0,2537500000.0,847453000.0,2402108000.0,3786124000.0,10302000.0,0,3685088000.0,2750000000.0,5450000000.0,6600000000.0,1180870000.0,11911672000.0,1000000000.0
root/Europe&CentralAsia/Uzbekistan,root/Europe&CentralAsia,0,0,0,0,0,0,0,0,0,0,0,0,0,0,0,0,0,0,0,0,0,0,39150000.0,115000000.0,274175000.0,296023000.0,333486000.0,379756000.0,743353000.0,630840000.0,90277000.0,446041000.0,110873000.0,309475000.0,69393000.0,0,27079000.0,16619000.0,3560000.0,5401000.0,107419000.0,0,0,255353000.0,125680000.0,0,0
root/LatinAmerica&Caribbean,root,2388910000.0,3023840000.0,4365050000.0,6549303000.0,9315219000.0,10226197000.0,15195240000.0,20803535000.0,25907547000.0,32181086000.0,22998414000.0,32225249000.0,33288177000.0,19202144000.0,15323795000.0,10879713000.0,4818891000.0,12257035000.0,9766501000.0,6219729000.0,10770380000.0,10090140000.0,9348110000.0,14887903000.0,16113759000.0,20967856000.0,47735267000.0,52196900000.0,45986333000.0,40740007000.0,46244672000.0,49041786000.0,23164816000.0,54452930000.0,33948336000.0,40114273000.0,32927333000.0,40755566000.0,38012610000.0,47845051000.0,52417226000.0,53181340000.0,78195448000.0,98564567000.0,89921044000.0,74231583000.0,96688619000.0
root/LatinAmerica&Caribbean/Argentina,root/LatinAmerica&Caribbean,388935000.0,488409000.0,632328000.0,332422000.0,1422019000.0,726874000.0,1459315000.0,1237443000.0,2277587000.0,2778427000.0,2836967000.0,3077947000.0,4117038000.0,1335245000.0,264791000.0,4579454000.0,624979000.0,2577894000.0,453341000.0,105192000.0,112628000.0,623907000.0,305410000.0,2500204000.0,3052926000.0,3708239000.0,10934257000.0,12727162000.0,11780865000.0,18800075000.0,11789792000.0,2000000000.0,254101000.0,1595291000.0,775092000.0,2110362000.0,2226022000.0,3746161000.0,2025374000.0,165938000.0,949522000.0,0,448558000.0,958952000.0,9385734000.0,2924652000.0,39399858000.0
root/LatinAmerica&Caribbean/Belize,root/LatinAmerica&Caribbean,0,0,0,0,0,0,0,0,0,6473000.0,4711000.0,12277000.0,3402000.0,0,3282000.0,2690000.0,423000.0,3587000.0,9850000.0,21925000.0,0,4161000.0,2450000.0,30916000.0,5627000.0,522000.0,12000000.0,16000000.0,22000000.0,23777000.0,156183000.0,77227000.0,159017000.0,197024000.0,215174000.0,152939000.0,0,541354000.0,1747000.0,0,0,0,0,0,0,0,0
root/LatinAmerica&Caribbean/Bolivia,root/LatinAmerica&Caribbean,261000.0,17777000.0,104022000.0,34144000.0,77687000.0,186273000.0,242403000.0,268730000.0,370333000.0,248411000.0,194171000.0,160576000.0,27910000.0,27185000.0,1521000.0,4302000.0,2335000.0,25000000.0,0,12038000.0,6560000.0,14624000.0,6628000.0,0,0,6232000.0,9280000.0,6283000.0,28892000.0,884000.0,7823000.0,4407000.0,2075000.0,0,0,0,0,9869000.0,73319000.0,332000000.0,55451000.0,0,500000000.0,500000000.0,0,0,0
root/LatinAmerica&Caribbean/Brazil,root/LatinAmerica&Caribbean,1007729000.0,915501000.0,1552083000.0,1804334000.0,3361729000.0,3920680000.0,5199137000.0,6685209000.0,9749878000.0,9580779000.0,8260653000.0,10065617000.0,11882607000.0,5897566000.0,7854045000.0,1253397000.0,929535000.0,294072000.0,4259295000.0,2084322000.0,1449987000.0,2105621000.0,3123402000.0,2865503000.0,4150685000.0,5539225000.0,9033261000.0,13120147000.0,11837194000.0,9264964000.0,20055436000.0,15780425000.0,4965453000.0,16166849000.0,7839356000.0,9017632000.0,6823936000.0,7553160000.0,8394508000.0,13665072000.0,8135335000.0,12684629000.0,24945704000.0,46248140000.0,28459890000.0,29991664000.0,3478613000.0
root/LatinAmerica&Caribbean/Colombia,root/LatinAmerica&Caribbean,138169000.0,47825000.0,110499000.0,281991000.0,126421000.0,240477000.0,265250000.0,78309000.0,228368000.0,791916000.0,967072000.0,1110695000.0,858778000.0,709811000.0,808743000.0,1632698000.0,593054000.0,352385000.0,1567380000.0,1868809000.0,316655000.0,2024922000.0,243497000.0,776445000.0,1209170000.0,1099127000.0,2465058000.0,2237143000.0,2072246000.0,2369919000.0,2731170000.0,3108673000.0,1492850000.0,1820683000.0,1461838000.0,2900073000.0,3347198000.0,2840184000.0,1355841000.0,5681516000.0,1375229000.0,3136598000.0,5287786000.0,5118198000.0,2682112000.0,1026209000.0,2539778000.0
root/LatinAmerica&Caribbean/CostaRica,root/LatinAmerica&Caribbean,8300000.0,38515000.0,27954000.0,55171000.0,79088000.0,78889000.0,150787000.0,196779000.0,154013000.0,292050000.0,294535000.0,110715000.0,23207000.0,176684000.0,50906000.0,114511000.0,9012000.0,5077000.0,4098000.0,4118000.0,35536000.0,5000000.0,0,25325000.0,8600000.0,1806000.0,2594000.0,83658000.0,200000000.0,300000000.0,500000000.0,387000000.0,27586000.0,595500000.0,60000000.0,75000000.0,50000000.0,11000000.0,0,140594000.0,313894000.0,379072000.0,1392000000.0,3210001000.0,1364470000.0,1048136000.0,560683000.0
root/LatinAmerica&Caribbean/Dominica,root/LatinAmerica&Caribbean,0,0,0,0,0,0,0,0,0,0,0,0,0,0,0,0,292000.0,0,0,0,0,0,0,0,0,0,0,0,0,49550000.0,12129000.0,2500000.0,15900000.0,0,14633000.0,0,0,0,1724000.0,0,0,0,0,0,0,0,0
root/LatinAmerica&Caribbean/DominicanRepublic,root/LatinAmerica&Caribbean,0,1689000.0,37748000.0,49284000.0,65148000.0,23221000.0,57500000.0,90112000.0,93300000.0,212077000.0,176834000.0,20800000.0,1758000.0,29132000.0,94402000.0,22478000.0,43885000.0,19100000.0,0,0,8929000.0,21872000.0,0,622000.0,3400000.0,5687000.0,24822000.0,49534000.0,315256000.0,214513000.0,249750000.0,1978411000.0,704247000.0,1750799000.0,3810000.0,91683000.0,851020000.0,24674000.0,22968000.0,434907000.0,1010696000.0,1177292000.0,0,1541784000.0,1988350000.0,4384448000.0,1582441000.0
root/LatinAmerica&Caribbean/Ecuador,root/LatinAmerica&Caribbean,48410000.0,55916000.0,59632000.0,40893000.0,19994000.0,120924000.0,234728000.0,621957000.0,431005000.0,1125769000.0,583827000.0,480581000.0,144145000.0,540687000.0,207292000.0,434652000.0,402764000.0,563223000.0,158394000.0,149292000.0,228040000.0,130604000.0,182922000.0,60745000.0,103717000.0,150000000.0,584364000.0,1078254000.0,199164000.0,0,25994000.0,152620000.0,23245000.0,69794000.0,36833000.0,664037000.0,113990000.0,0,1200000.0,0,0,0,0,48650000.0,5293743000.0,1829617000.0,3828299000.0
root/LatinAmerica&Caribbean/ElSalvador,root/LatinAmerica&Caribbean,1130000.0,9500000.0,7251000.0,849000.0,92248000.0,47000000.0,0,0,42129000.0,197000.0,24500000.0,2121000.0,92138000.0,22976000.0,44294000.0,3685000.0,0,27799000.0,10563000.0,50000000.0,25000000.0,90000000.0,46334000.0,20405000.0,0,58192000.0,56127000.0,13800000.0,5700000.0,172300000.0,109900000.0,362000000.0,996400000.0,327700000.0,204165000.0,342700000.0,650000000.0,0,65000000.0,0,0,0,800000000.0,0,828248000.0,223629000.0,0
root/LatinAmerica&Caribbean/Grenada,root/LatinAmerica&Caribbean,5563000.0,567000.0,0,0,0,0,0,0,500000.0,0,0,1269000.0,5119000.0,413000.0,0,1154000.0,1154000.0,0,0,561000.0,0,12559000.0,0,100000.0,0,0,0,3697000.0,0,2490000.0,56600000.0,2284000.0,110000000.0,588000.0,41500000.0,0,7275000.0,0,0,0,0,0,0,0,0,0,0
root/LatinAmerica&Caribbean/Guatemala,root/LatinAmerica&Caribbean,22834000.0,14518000.0,18284000.0,2802000.0,282000.0,5457000.0,0,215000.0,550000.0,2756000.0,122822000.0,118926000.0,106300000.0,138051000.0,139665000.0,76865000.0,25123000.0,13009000.0,25918000.0,43336000.0,30818000.0,15651000.0,168435000.0,10000000.0,0,0,0,150000000.0,0,0,0,325000000.0,0,300000000.0,330000000.0,0,3990000.0,0,0,0,0,0,736964000.0,700000000.0,0,0,723236000.0
root/LatinAmerica&Caribbean/Guyana,root/LatinAmerica&Caribbean,0,0,0,16770000.0,23393000.0,61905000.0,60545000.0,8580000.0,9968000.0,51858000.0,39405000.0,24401000.0,600000.0,2560000.0,23170000.0,3392000.0,11251000.0,23499000.0,11301000.0,30562000.0,0,0,776000.0,0,0,9000000.0,650000.0,0,0,0,0,0,0,0,0,0,0,0,0,0,0,0,0,0,0,0,0
root/LatinAmerica&Caribbean/Haiti,root/LatinAmerica&Caribbean,5291000.0,4484000.0,0,1625000.0,1266000.0,0,9430000.0,8800000.0,5160000.0,17140000.0,22859000.0,57971000.0,5942000.0,0,0,0,0,0,0,0,0,0,0,0,0,0,0,0,0,0,0,0,0,0,0,0,0,0,0,0,0,0,0,0,0,0,0
root/LatinAmerica&Caribbean/Honduras,root/LatinAmerica&Caribbean,0,2135000.0,4165000.0,11963000.0,4149000.0,5610000.0,38891000.0,37107000.0,85792000.0,142202000.0,42719000.0,120653000.0,25316000.0,54176000.0,25570000.0,61743000.0,6663000.0,17544000.0,23400000.0,32115000.0,41789000.0,22079000.0,7273000.0,210544000.0,0,26334000.0,0,7720000.0,0,5750000.0,734000.0,0,0,0,0,2477000.0,0,0,0,50000000.0,6634000.0,9204000.0,29666000.0,1132380000.0,100000000.0,0,7189000.0
root/LatinAmerica&Caribbean/Jamaica,root/LatinAmerica&Caribbean,0,48173000.0,80247000.0,124621000.0,142142000.0,163248000.0,62189000.0,65364000.0,109692000.0,44808000.0,25832000.0,107491000.0,59079000.0,151022000.0,89769000.0,69908000.0,93644000.0,82578000.0,67065000.0,84430000.0,39524000.0,8413000.0,64736000.0,52488000.0,25000000.0,83391000.0,99430000.0,16426000.0,281928000.0,45581000.0,665131000.0,825489000.0,445774000.0,88919000.0,978372000.0,957665000.0,572101000.0,715478000.0,395238000.0,319089000.0,0,827853000.0,0,0,805435000.0,2000402000.0,743238000.0
root/LatinAmerica&Caribbean/Mexico,root/LatinAmerica&Caribbean,520294000.0,746389000.0,815786000.0,2426554000.0,2760083000.0,3690037000.0,4881428000.0,8487640000.0,8457317000.0,11404880000.0,5444956000.0,12563827000.0,10117829000.0,6118061000.0,5013891000.0,1833640000.0,1234097000.0,6916114000.0,680551000.0,769608000.0,6566876000.0,4486883000.0,4291619000.0,6813963000.0,7325450000.0,9449557000.0,22855187000.0,13402889000.0,16933470000.0,8100543000.0,8208970000.0,20106028000.0,10159355000.0,24249177000.0,15946571000.0,14816567000.0,15957329000.0,21940416000.0,21259691000.0,18656614000.0,35309662000.0,25951707000.0,41989156000.0,37226045000.0,36259728000.0,26249621000.0,40539562000.0
root/LatinAmerica&Caribbean/Nicaragua,root/LatinAmerica&Caribbean,10899000.0,22911000.0,63165000.0,118690000.0,128626000.0,96700000.0,104258000.0,67073000.0,40472000.0,0,26816000.0,23644000.0,16193000.0,26703000.0,23958000.0,10304000.0,8000000.0,13729000.0,11311000.0,2000000.0,18164000.0,3455000.0,0,0,19681000.0,24046000.0,0,3165000.0,0,7623000.0,13941000.0,0,0,0,0,0,0,0,0,0,0,0,0,0,0,6101000.0,4248000.0
root/LatinAmerica&Caribbean/Panama,root/LatinAmerica&Caribbean,51897000.0,78615000.0,90072000.0,211511000.0,105087000.0,276749000.0,290912000.0,248873000.0,896077000.0,291888000.0,300385000.0,418542000.0,445761000.0,371883000.0,21868000.0,125289000.0,25230000.0,66724000.0,20000000.0,0,0,0,7922000.0,20000000.0,0,59823000.0,126681000.0,1248483000.0,358496000.0,547457000.0,371962000.0,774352000.0,440857000.0,284265000.0,253257000.0,1230000000.0,2276297000.0,0,400000000.0,1404000000.0,0,893772000.0,250000000.0,1250000000.0,1250000000.0,1250000000.0,1575000000.0
root/LatinAmerica&Caribbean/Paraguay,root/LatinAmerica&Caribbean,2116000.0,6168000.0,14334000.0,7148000.0,47658000.0,14743000.0,22213000.0,18428000.0,110496000.0,185461000.0,20968000.0,237592000.0,112802000.0,95715000.0,64291000.0,95146000.0,21292000.0,62674000.0,121216000.0,10400000.0,0,0,4863000.0,3415000.0,0,11453000.0,0,17579000.0,0,400000000.0,0,13498000.0,0,0,0,0,0,0,0,0,0,0,0,500000000.0,1000000000.0,280000000.0,600000000.0
root/LatinAmerica&Caribbean/Peru,root/LatinAmerica&Caribbean,13146000.0,163036000.0,278935000.0,820677000.0,764719000.0,567410000.0,889669000.0,590433000.0,181299000.0,1134488000.0,970723000.0,1093185000.0,2108730000.0,1340700000.0,381223000.0,208814000.0,528523000.0,95296000.0,229178000.0,142053000.0,42746000.0,0,0,11869000.0,16288000.0,0,0,50000000.0,0,1403000.0,3500000.0,0,1922983000.0,1250000000.0,1308148000.0,1650000000.0,0,2119198000.0,0,2000000000.0,2260803000.0,0,900000000.0,0,500000000.0,3015104000.0,1106474000.0
root/LatinAmerica&Caribbean/StLucia,root/LatinAmerica&Caribbean,0,0,0,0,0,0,0,0,0,0,0,0,0,0,0,0,3147000.0,39000.0,0,0,0,0,0,0,0,0,0,14074000.0,3374000.0,24089000.0,32518000.0,13407000.0,45000000.0,0,0,0,4444000.0,0,0,3395000.0,0,0,0,0,0,2000000.0,0
root/LatinAmerica&Caribbean/StVincentandtheGrenadines,root/LatinAmerica&Caribbean,360000.0,0,0,0,0,0,0,0,223000.0,0,1312000.0,0,0,19000.0,0,0,0,0,0,0,0,0,0,2400000.0,2400000.0,0,0,0,0,57882000.0,0,8700000.0,0,22222000.0,29815000.0,30000000.0,0,0,16000000.0,0,0,0,0,5598000.0,3334000.0,0,0
root/LatinAmerica&Caribbean/VenezuelaRB,root/LatinAmerica&Caribbean,163576000.0,361712000.0,468545000.0,207854000.0,93480000.0,0,1226585000.0,2092483000.0,2663388000.0,3869506000.0,2636347000.0,2416419000.0,3133523000.0,2163555000.0,211114000.0,345591000.0,254488000.0,1097692000.0,2113640000.0,808968000.0,1847128000.0,520389000.0,891843000.0,1482959000.0,190815000.0,735222000.0,1531556000.0,7950886000.0,1947748000.0,351207000.0,1253139000.0,3119765000.0,1399973000.0,5734119000.0,4449772000.0,6073138000.0,43731000.0,1254072000.0,4000000000.0,4991926000.0,3000000000.0,8121213000.0,915614000.0,124819000.0,0,0,0
root/MiddleEast&NorthAfrica,root,409837000.0,651881000.0,487130000.0,2001830000.0,1746727000.0,4954738000.0,4139990000.0,5264020000.0,7884879000.0,7701333000.0,4663543000.0,5472353000.0,5475901000.0,8547392000.0,6024155000.0,5529253000.0,6288537000.0,6168370000.0,11468699000.0,9133182000.0,8448825000.0,12112169000.0,11169304000.0,5426478000.0,3545632000.0,4436330000.0,3410814000.0,2698547000.0,3264349000.0,4898474000.0,5491583000.0,7734664000.0,8226737000.0,5823865000.0,8895599000.0,6553489000.0,5246154000.0,5151432000.0,2541113000.0,3159347000.0,7522252000.0,4002284000.0,9887138000.0,8501740000.0,6870982000.0,9341534000.0,7615946000.0
root/MiddleEast&NorthAfrica/Algeria,root/MiddleEast&NorthAfrica,299157000.0,550309000.0,376453000.0,1900006000.0,1294563000.0,3635570000.0,2828649000.0,2969937000.0,5447882000.0,5307538000.0,2279404000.0,1181910000.0,2279659000.0,5739519000.0,3757434000.0,2877363000.0,2737176000.0,4279112000.0,8239591000.0,6483686000.0,6070979000.0,8230726000.0,8331118000.0,4456804000.0,2242049000.0,796435000.0,722799000.0,325955000.0,493618000.0,783926000.0,700875000.0,831056000.0,662523000.0,629106000.0,785309000.0,169004000.0,72798000.0,43221000.0,26490000.0,0,0,0,0,0,0,0,0
root/MiddleEast&NorthAfrica/Djibouti,root/MiddleEast&NorthAfrica,0,0,0,0,0,0,0,0,0,0,4977000.0,0,4649000.0,5358000.0,0,0,0,0,0,0,0,0,0,0,0,0,3570000.0,0,0,0,0,0,0,0,0,18987000.0,0,0,0,0,0,0,0,0,0,0,0
root/MiddleEast&NorthAfrica/EgyptArabRep,root/MiddleEast&NorthAfrica,18444000.0,17489000.0,60288000.0,19384000.0,204389000.0,107144000.0,236310000.0,415963000.0,485914000.0,643510000.0,797465000.0,1929559000.0,1766426000.0,1177577000.0,1263879000.0,1157800000.0,873391000.0,832134000.0,878262000.0,1300936000.0,200850000.0,222266000.0,161554000.0,61522000.0,15518000.0,1377000.0,0,219539000.0,0,0,330783000.0,1655000000.0,43744000.0,18327000.0,261362000.0,1991199000.0,30959000.0,919734000.0,90462000.0,13487000.0,1707094000.0,43365000.0,500000000.0,2600269000.0,539825000.0,983470000.0,1534282000.0
root/MiddleEast&NorthAfrica/IranIslamicRep,root/MiddleEast&NorthAfrica,0,0,0,0,0,0,0,0,0,0,0,135000.0,3363000.0,248000.0,264000.0,28000.0,39199000.0,0,62623000.0,227861000.0,937771000.0,2593017000.0,1357599000.0,64209000.0,299009000.0,1520209000.0,1349715000.0,279377000.0,665969000.0,2025291000.0,1755656000.0,1835225000.0,1079729000.0,2159551000.0,1766433000.0,1084507000.0,777405000.0,0,35818000.0,1879000.0,12404000.0,1660000.0,8099000.0,0,0,106703000.0,0
root/MiddleEast&NorthAfrica/Jordan,root/MiddleEast&NorthAfrica,11072000.0,0,3614000.0,12215000.0,7957000.0,23600000.0,7500000.0,268302000.0,114702000.0,79640000.0,106279000.0,273267000.0,39669000.0,329951000.0,338107000.0,558101000.0,1257007000.0,450571000.0,870392000.0,132352000.0,97200000.0,35542000.0,57297000.0,25619000.0,0,0,0,0,0,0,0,0,11587000.0,20000000.0,173561000.0,0,9292000.0,0,0,0,768548000.0,0,0,2400000000.0,1000000000.0,2000000000.0,2150000000.0
root/MiddleEast&NorthAfrica/Lebanon,root/MiddleEast&NorthAfrica,0,0,0,1418000.0,0,0,0,0,233805000.0,0,78040000.0,0,0,138073000.0,0,0,9244000.0,0,24394000.0,0,0,0,0,10355000.0,412682000.0,977081000.0,291614000.0,659517000.0,1488024000.0,1269618000.0,2050791000.0,2900983000.0,5426850000.0,1590063000.0,5200881000.0,2535286000.0,3560315000.0,3091088000.0,2256612000.0,2894015000.0,1925000000.0,3953975000.0,5495888000.0,3046055000.0,1575000000.0,3800000000.0,3431664000.0
root/MiddleEast&NorthAfrica/Morocco,root/MiddleEast&NorthAfrica,49535000.0,50383000.0,22010000.0,31870000.0,179493000.0,1128179000.0,751909000.0,1140372000.0,1087683000.0,839160000.0,1109813000.0,1744830000.0,1103284000.0,636065000.0,286539000.0,321286000.0,705640000.0,398999000.0,432942000.0,637066000.0,804529000.0,766763000.0,705703000.0,653047000.0,539251000.0,213821000.0,393426000.0,518167000.0,378714000.0,524353000.0,47157000.0,1451000.0,41978000.0,730935000.0,86644000.0,135480000.0,668660000.0,825640000.0,106157000.0,127471000.0,3103678000.0,0,2582609000.0,0,3255684000.0,1209676000.0,0
root/MiddleEast&NorthAfrica/Tunisia,root/MiddleEast&NorthAfrica,31629000.0,33700000.0,24765000.0,31603000.0,60325000.0,60245000.0,234255000.0,450769000.0,501597000.0,407137000.0,209955000.0,329978000.0,245251000.0,511745000.0,365657000.0,299733000.0,350368000.0,179616000.0,299791000.0,328761000.0,337496000.0,260845000.0,537097000.0,154922000.0,37123000.0,927407000.0,649690000.0,695992000.0,238024000.0,295286000.0,606321000.0,510949000.0,960326000.0,675883000.0,621409000.0,619026000.0,126725000.0,271749000.0,25574000.0,122495000.0,5528000.0,3284000.0,1300542000.0,455416000.0,500473000.0,1241685000.0,500000000.0
root/MiddleEast&NorthAfrica/YemenRep,root/MiddleEast&NorthAfrica,0,0,0,5334000.0,0,0,81367000.0,18677000.0,13296000.0,424348000.0,77610000.0,12674000.0,33600000.0,8856000.0,12275000.0,314942000.0,316512000.0,27938000.0,660704000.0,22520000.0,0,3010000.0,18936000.0,0,0,0,0,0,0,0,0,0,0,0,0,0,0,0,0,0,0,0,0,0,0,0,0
root/SouthAsia,root,306904000.0,93983000.0,93720000.0,173793000.0,276718000.0,81147000.0,244277000.0,324866000.0,165670000.0,399780000.0,1957737000.0,1507683000.0,2646371000.0,2585139000.0,2095531000.0,2505047000.0,3737561000.0,3815822000.0,6817891000.0,4816483000.0,4563281000.0,2757005000.0,4505620000.0,5003075000.0,1238853000.0,1336291000.0,4066310000.0,5284826000.0,10188524000.0,612783000.0,7283338000.0,977578000.0,599027000.0,364444000.0,979551000.0,1552366000.0,3673074000.0,6015579000.0,1811739000.0,2714999000.0,6612266000.0,7817835000.0,8750569000.0,12864244000.0,19147908000.0,18032554000.0,8516056000.0
root/SouthAsia/Bangladesh,root/SouthAsia,0,0,761000.0,16861000.0,5457000.0,4205000.0,6404000.0,16151000.0,42413000.0,12229000.0,31774000.0,195898000.0,18701000.0,14574000.0,19447000.0,78464000.0,1421000.0,306000.0,7333000.0,4788000.0,109590000.0,0,75850000.0,0,79495000.0,0,0,0,0,43572000.0,50933000.0,54703000.0,273000.0,13333000.0,0,0,0,0,0,0,0,0,0,0,0,0,0
root/SouthAsia/Bhutan,root/SouthAsia,0,0,0,0,0,0,0,0,0,0,0,0,0,0,0,0,0,0,23404000.0,0,0,0,0,0,0,0,0,0,0,0,0,0,0,0,0,0,0,0,0,57428000.0,0,0,0,0,8109000.0,0,0
root/SouthAsia/India,root/SouthAsia,159402000.0,17519000.0,70069000.0,76372000.0,39888000.0,28235000.0,38582000.0,173194000.0,24949000.0,159617000.0,1415816000.0,637788000.0,1929647000.0,2148302000.0,1677041000.0,2285544000.0,3449394000.0,3301494000.0,6684518000.0,4540267000.0,4319235000.0,2469708000.0,3695357000.0,4223953000.0,521976000.0,944428000.0,3595588000.0,3624588000.0,9734938000.0,379771000.0,6980170000.0,200000000.0,524991000.0,175000000.0,360752000.0,521813000.0,2698005000.0,4250161000.0,1313887000.0,2049509000.0,5428764000.0,6736270000.0,4464713000.0,10927785000.0,10915303000.0,9039988000.0,3608089000.0
root/SouthAsia/Maldives,root/SouthAsia,0,0,0,0,0,0,0,0,0,0,1810000.0,1409000.0,0,12000000.0,10595000.0,1332000.0,1659000.0,0,2821000.0,2965000.0,0,4499000.0,2063000.0,0,5712000.0,3599000.0,9089000.0,11693000.0,15914000.0,8727000.0,11228000.0,21616000.0,23607000.0,1247000.0,16328000.0,35356000.0,0,44072000.0,0,73317000.0,0,0,0,0,31640000.0,0,0
root/SouthAsia/Nepal,root/SouthAsia,0,0,0,0,0,0,0,0,0,0,0,5293000.0,0,13000000.0,2891000.0,13976000.0,9873000.0,98746000.0,6561000.0,146000.0,0,0,0,0,0,0,0,0,0,0,0,0,0,0,169000.0,0,0,212000.0,0,0,0,0,0,0,0,0,0
root/SouthAsia/Pakistan,root/SouthAsia,144523000.0,67078000.0,10056000.0,55590000.0,104739000.0,18995000.0,129016000.0,125509000.0,79593000.0,148097000.0,240395000.0,481173000.0,422308000.0,346603000.0,240712000.0,120541000.0,181432000.0,373970000.0,42813000.0,172753000.0,81819000.0,163673000.0,605567000.0,684301000.0,345358000.0,212448000.0,307879000.0,1391869000.0,183812000.0,0,44643000.0,701259000.0,0,0,500000000.0,862500000.0,800000000.0,875000000.0,0,0,0,0,0,448000000.0,5755490000.0,6824694000.0,2438000000.0
root/SouthAsia/SriLanka,root/SouthAsia,2979000.0,9386000.0,12834000.0,24970000.0,126634000.0,29712000.0,70275000.0,10012000.0,18715000.0,79837000.0,267942000.0,186122000.0,275715000.0,50660000.0,144845000.0,5190000.0,93782000.0,41306000.0,50441000.0,95564000.0,52637000.0,119125000.0,126783000.0,94821000.0,286312000.0,175816000.0,153754000.0,256676000.0,253860000.0,180713000.0,196364000.0,0,50156000.0,174864000.0,102302000.0,132697000.0,175069000.0,846134000.0,497852000.0,534745000.0,1183502000.0,1081565000.0,4285856000.0,1488459000.0,2437366000.0,2167872000.0,2469967000.0
root/Sub-SaharanAfrica,root,694386277.3,379288445.0,745032566.4,1770240936.9,1462497067.3,1779993268.1,2385235062.7,2645684537.0,4913674224.0,6372984756.1,6022927000.0,8148386049.1,5703280045.4,3170645720.4,2031723000.0,2175233078.2,1975431000.0,1991461000.0,2136046194.8,1876526000.0,2050496000.0,1158886000.0,1110449000.0,1524128000.0,3854081000.0,4561269000.0,3457813000.0,11699578000.0,1560068820.0,3343620000.0,3463275000.0,2980224000.0,4098824000.0,5403605000.0,5084482000.0,6506773000.0,4632445000.0,7692514000.0,6098204000.0,9004809000.0,7223235000.0,9811190000.0,9979828000.0,17468890000.0,19121958000.0,10044819000.0,9795975000.0
root/Sub-SaharanAfrica/Angola,root/Sub-SaharanAfrica,0,0,0,0,0,0,0,0,0,0,0,0,0,0,0,0,0,0,0,258798000.0,313262000.0,181034000.0,574996000.0,440475000.0,273089000.0,416607000.0,745586000.0,1513312000.0,553397000.0,786892000.0,1000000000.0,1045000000.0,1150000000.0,3039746000.0,2420063000.0,4073341000.0,1062863000.0,3254879000.0,4110580000.0,2996399000.0,623189000.0,2548159000.0,3827290000.0,4292357000.0,6528053000.0,1750000000.0,1417540000.0
root/Sub-SaharanAfrica/Benin,root/Sub-SaharanAfrica,974000.0,2963000.0,70000.0,4093000.0,3904000.0,1847000.0,1435000.0,1000000.0,14712000.0,112506000.0,396638000.0,10926000.0,26928000.0,6278000.0,2613000.0,0,0,509000.0,0,0,0,0,0,0,0,0,0,0,0,0,0,0,0,0,0,0,0,0,0,0,0,0,0,0,18218000.0,104609000.0,0
root/Sub-SaharanAfrica/Botswana,root/Sub-SaharanAfrica,2946000.0,0,0,0,0,0,2721000.0,0,47400000.0,12857000.0,0,0,0,26784000.0,5854000.0,4800000.0,6356000.0,0,0,0,31024000.0,0,0,0,0,0,14431000.0,0,0,0,0,0,0,0,0,0,0,0,0,0,0,0,0,0,39960000.0,0,0
root/Sub-SaharanAfrica/BurkinaFaso,root/Sub-SaharanAfrica,1209000.0,0,0,0,930000.0,715000.0,3394000.0,0,1110000.0,14110000.0,10360000.0,34536000.0,18340000.0,3688000.0,2247000.0,0,0,0,16750000.0,0,0,0,0,0,0,0,0,0,0,0,0,0,0,0,0,23985000.0,0,0,0,0,0,0,0,0,0,0,0
root/Sub-SaharanAfrica/Burundi,root/Sub-SaharanAfrica,167000.0,0,0,968606.2,5215067.3,3250382.9,89062.7,2914669.7,3441224.0,1378756.1,0,6892202.5,30134999.2,482154.4,0,3589322.6,0,0,3291194.8,0,0,0,0,0,0,0,0,0,561820.0,35059000.0,0,0,0,0,0,0,0,0,5000000.0,0,0,0,0,0,0,0,0
root/Sub-SaharanAfrica/CaboVerde,root/Sub-SaharanAfrica,0,0,0,0,0,0,0,0,0,0,0,0,0,3000000.0,0,0,0,0,0,0,0,0,0,0,12000000.0,0,0,0,0,0,7810000.0,16385000.0,2131000.0,0,0,0,0,0,0,139280000.0,265379000.0,0,0,40285000.0,0,0,0
root/Sub-SaharanAfrica/Cameroon,root/Sub-SaharanAfrica,711000.0,4430000.0,19167000.0,1227000.0,65473000.0,58773000.0,233513000.0,137274000.0,201176000.0,342762000.0,15428000.0,153575000.0,60786000.0,1318000.0,81848000.0,64171000.0,253639000.0,305478000.0,531999000.0,206273000.0,5597000.0,25274000.0,16380000.0,0,0,0,0,0,0,0,0,0,1141000.0,0,0,0,0,0,0,14232000.0,0,23513000.0,63669000.0,24957000.0,45385000.0,962595000.0,283479000.0
root/Sub-SaharanAfrica/CentralAfricanRepublic,root/Sub-SaharanAfrica,1934277.3,8300445.0,22882566.4,697330.7,490000.0,200885.2,898000.0,10271867.3,2240000.0,0,0,192846.6,627046.2,3475566.0,0,2528755.6,0,0,0,0,0,0,0,0,0,0,0,0,0,0,0,0,0,0,0,0,0,0,0,0,0,0,0,0,20000000.0,0,0
root/Sub-SaharanAfrica/Chad,root/Sub-SaharanAfrica,7593000.0,4622000.0,0,7060000.0,3070000.0,859000.0,3517000.0,23868000.0,25781000.0,0,0,0,0,0,0,0,0,4212000.0,0,0,0,0,0,0,0,0,0,0,0,0,0,0,20000000.0,0,0,0,0,0,0,0,0,0,0,600000000.0,0,0,0
root/Sub-SaharanAfrica/Comoros,root/Sub-SaharanAfrica,0,0,0,0,0,0,0,0,0,0,1450000.0,0,0,0,0,0,0,0,0,0,0,0,0,0,0,0,0,0,0,0,0,0,0,0,0,0,0,0,0,0,0,0,0,0,0,0,0
root/Sub-SaharanAfrica/CongoDemRep,root/Sub-SaharanAfrica,230543000.0,107250000.0,164852000.0,764854000.0,608420000.0,211320000.0,184492000.0,96625000.0,120500000.0,155436000.0,139976000.0,88168000.0,42004000.0,6493000.0,22232000.0,16093000.0,63019000.0,8497000.0,40057000.0,0,0,0,0,0,0,0,0,0,0,0,0,0,0,29544000.0,0,0,1092000.0,0,0,0,19594000.0,0,16609000.0,516000.0,2919000.0,10072000.0,2436000.0
root/Sub-SaharanAfrica/CongoRep,root/Sub-SaharanAfrica,8718000.0,44668000.0,56494000.0,28219000.0,7774000.0,33107000.0,38846000.0,15514000.0,125119000.0,134763000.0,801198000.0,419328000.0,578506000.0,332886000.0,623725000.0,551155000.0,70090000.0,334313000.0,189363000.0,127836000.0,26816000.0,0,112744000.0,679124000.0,0,0,0,0,0,0,0,0,0,1322000.0,0,0,0,0,5116000.0,0,3051000.0,200000000.0,70959000.0,0,68429000.0,0,0
root/Sub-SaharanAfrica/CotedIvoire,root/Sub-SaharanAfrica,26489000.0,70081000.0,112371000.0,190079000.0,202696000.0,259918000.0,562844000.0,1229580000.0,509444000.0,742219000.0,1543554000.0,819524000.0,885964000.0,234930000.0,28995000.0,128721000.0,103686000.0,15778000.0,31072000.0,12018000.0,0,0,0,0,7560000.0,1314000.0,11729000.0,9171000.0,0,0,0,0,0,0,0,0,0,76500000.0,0,2332149000.0,0,0,283056000.0,3071000.0,750000000.0,1000000000.0,0
root/Sub-SaharanAfrica/Eritrea,root/Sub-SaharanAfrica,0,0,0,0,0,0,0,0,0,0,0,0,0,0,0,0,0,0,0,0,0,0,0,0,0,0,0,0,0,0,0,0,0,0,35316000.0,0,0,0,0,0,0,0,0,0,0,0,0
root/Sub-SaharanAfrica/Ethiopia,root/Sub-SaharanAfrica,3225000.0,724000.0,306000.0,6419000.0,115000.0,6070000.0,6284000.0,806000.0,9760000.0,31004000.0,60182000.0,199371000.0,19172000.0,74592000.0,120304000.0,115374000.0,44043000.0,241119000.0,128806000.0,36472000.0,344600000.0,7171000.0,5180000.0,0,0,0,49045000.0,14750000.0,0,0,0,0,0,384720000.0,0,0,1488811000.0,76280000.0,123461000.0,301917000.0,834046000.0,721313000.0,95000000.0,1944687000.0,2662689000.0,300283000.0,16019000.0
root/Sub-SaharanAfrica/Gabon,root/Sub-SaharanAfrica,29148000.0,25288000.0,76662000.0,181586000.0,131846000.0,290562000.0,399193000.0,184483000.0,219886000.0,180809000.0,130968000.0,38310000.0,604955000.0,66421000.0,73924000.0,279760000.0,122056000.0,82762000.0,56571000.0,22467000.0,9668000.0,0,4807000.0,0,0,0,0,51456000.0,57889000.0,0,0,0,39493000.0,0,0,35757000.0,0,1503237000.0,14045000.0,473595000.0,431529000.0,278227000.0,146513000.0,1855618000.0,0,500000000.0,72341000.0
root/Sub-SaharanAfrica/GambiaThe,root/Sub-SaharanAfrica,0,0,0,0,0,0,1063000.0,0,486000.0,15946000.0,27269000.0,80000.0,11440000.0,2336000.0,0,0,0,0,0,0,0,0,0,0,0,0,0,0,0,0,0,0,0,0,0,0,0,22277000.0,0,0,0,0,0,0,0,0,0
root/Sub-SaharanAfrica/Ghana,root/Sub-SaharanAfrica,3205000.0,4978000.0,99000.0,17945000.0,0,0,22385000.0,6755000.0,21500000.0,0,0,73353000.0,7989000.0,0,40900000.0,55512000.0,122245000.0,30840000.0,19928000.0,40526000.0,105962000.0,78242000.0,136309000.0,100445000.0,203359000.0,231034000.0,153473000.0,127433000.0,113137000.0,327341000.0,209894000.0,76139000.0,68708000.0,10489000.0,77473000.0,40610000.0,134274000.0,813758000.0,463530000.0,322210000.0,1906994000.0,940269000.0,1037332000.0,1689637000.0,1698446000.0,1352377000.0,1073575000.0
root/Sub-SaharanAfrica/Guinea,root/Sub-SaharanAfrica,26068000.0,14547000.0,11076000.0,18386000.0,6378000.0,26638000.0,17810000.0,22516000.0,105159000.0,47830000.0,72422000.0,33989000.0,29093000.0,34800000.0,7914000.0,4003000.0,2644000.0,0,37417000.0,0,0,0,0,11000000.0,0,43568000.0,0,0,0,0,0,0,0,327940000.0,32576000.0,0,0,0,0,0,0,0,0,0,0,0,0
root/Sub-SaharanAfrica/GuineaBissau,root/Sub-SaharanAfrica,0,0,0,0,0,0,4877000.0,4854000.0,4648000.0,32691000.0,1254000.0,0,5084000.0,0,28501000.0,0,4474000.0,0,0,0,0,0,0,0,0,0,0,0,0,0,0,0,0,0,0,0,0,0,0,0,0,0,0,0,0,0,0
root/Sub-SaharanAfrica/Kenya,root/Sub-SaharanAfrica,1082000.0,12419000.0,27928000.0,4267000.0,6372000.0,110846000.0,176358000.0,181147000.0,139317000.0,362146000.0,4027000.0,136312000.0,101075000.0,12365000.0,159983000.0,145167000.0,151688000.0,215484000.0,218844000.0,263554000.0,224070000.0,329545000.0,30000000.0,0,0,104917000.0,34910000.0,14107000.0,278782000.0,51916000.0,4887000.0,149991000.0,214093000.0,58800000.0,41800000.0,0,0,31349000.0,26069000.0,8913000.0,10074000.0,0,683028000.0,129811000.0,2761475000.0,1209770000.0,512482000.0
root/Sub-SaharanAfrica/Lesotho,root/Sub-SaharanAfrica,294000.0,0,0,0,0,0,0,1670000.0,9597000.0,4751000.0,13300000.0,0,11339000.0,12778000.0,0,3816000.0,14688000.0,14169000.0,9184000.0,5065000.0,2000000.0,8216000.0,130262000.0,16203000.0,31051000.0,37308000.0,36550000.0,8473000.0,0,6303000.0,990000.0,0,0,0,0,0,0,0,0,0,0,0,0,0,0,0,0
root/Sub-SaharanAfrica/Liberia,root/Sub-SaharanAfrica,2073000.0,0,0,6275000.0,0,8665000.0,8749000.0,43767000.0,117813000.0,47728000.0,10921000.0,2200000.0,190000.0,8194000.0,0,0,0,0,0,0,0,0,0,0,0,0,0,0,0,0,0,0,0,0,0,0,0,0,0,0,0,0,0,0,0,0,0
root/Sub-SaharanAfrica/Madagascar,root/Sub-SaharanAfrica,3674000.0,0,0,0,0,0,8115000.0,31017000.0,134018000.0,205703000.0,252158000.0,60941000.0,4984000.0,17363000.0,9343000.0,13017000.0,4411000.0,0,13556000.0,0,978000.0,0,0,1939000.0,0,0,0,0,0,0,0,0,0,0,0,8500000.0,18835000.0,0,159000.0,0,0,0,0,32112000.0,0,72202000.0,0
root/Sub-SaharanAfrica/Malawi,root/Sub-SaharanAfrica,3015000.0,6408000.0,250000.0,5250000.0,4004000.0,13423000.0,25627000.0,70386000.0,34206000.0,71936000.0,28430000.0,29575000.0,13524000.0,3790000.0,7330000.0,6243000.0,0,11387000.0,12829000.0,0,5389000.0,11967000.0,0,8446000.0,0,0,2500000.0,5000000.0,0,0,0,0,0,0,0,0,0,0,0,0,0,0,0,0,0,0,0
root/Sub-SaharanAfrica/Mali,root/Sub-SaharanAfrica,4231000.0,7500000.0,0,13767000.0,0,277000.0,471000.0,2596000.0,9651000.0,3358000.0,7354000.0,2998000.0,7134000.0,22824000.0,166000.0,3030000.0,0,0,0,0,0,0,0,0,0,0,0,0,0,0,0,0,0,5844000.0,0,0,0,0,3076000.0,462000.0,0,0,0,0,0,0,0
root/Sub-SaharanAfrica/Mauritania,root/Sub-SaharanAfrica,5545000.0,0,15039000.0,43642000.0,16945000.0,15265000.0,31381000.0,31603000.0,22390000.0,19089000.0,36104000.0,22377000.0,22194000.0,28832000.0,1529000.0,0,13744000.0,0,0,0,0,0,0,0,0,0,24576000.0,0,0,2083000.0,0,9586000.0,0,15000000.0,31000.0,469000.0,0,0,0,0,0,0,0,0,0,0,0
root/Sub-SaharanAfrica/Mauritius,root/Sub-SaharanAfrica,0,0,0,0,0,5484000.0,3143000.0,37000000.0,5983000.0,59066000.0,45202000.0,0,40000000.0,2314000.0,45806000.0,6000000.0,20575000.0,0,90775000.0,16652000.0,0,37542000.0,11469000.0,23179000.0,108144000.0,389203000.0,0,129966000.0,2580000.0,92169000.0,70000000.0,68235000.0,12524000.0,70203000.0,24500000.0,46772000.0,18948000.0,0,0,126560000.0,0,0,0,0,0,0,0
root/Sub-SaharanAfrica/Mozambique,root/Sub-SaharanAfrica,0,0,0,0,0,0,0,0,0,0,0,0,0,0,206781000.0,3575000.0,22132000.0,36845000.0,519000.0,14223000.0,1242000.0,0,0,3976000.0,0,0,0,0,0,0,0,0,0,0,0,0,27197000.0,23674000.0,0,29092000.0,265379000.0,122498000.0,6372000.0,1785990000.0,96000000.0,24162000.0,0
root/Sub-SaharanAfrica/Niger,root/Sub-SaharanAfrica,3026000.0,289000.0,5037000.0,0,107000.0,759000.0,640000.0,2341000.0,38058000.0,84526000.0,155491000.0,53880000.0,41626000.0,22105000.0,0,1258000.0,0,0,0,14102000.0,0,0,0,0,0,0,0,0,0,0,0,0,0,0,0,0,0,0,0,0,0,0,0,0,0,0,0
root/Sub-SaharanAfrica/Nigeria,root/Sub-SaharanAfrica,9901000.0,17459000.0,38322000.0,6662000.0,5216000.0,30114000.0,0,0,1804675000.0,2820405000.0,1393549000.0,4547586000.0,2326333000.0,1743509000.0,355423000.0,546007000.0,607628000.0,339517000.0,485066000.0,401282000.0,801350000.0,70237000.0,0,63351000.0,0,0,0,0,0,0,0,0,90664000.0,0,0,0,0,0,0,0,0,500000000.0,0,500000000.0,0,0,0
root/Sub-SaharanAfrica/Rwanda,root/Sub-SaharanAfrica,0,0,847000.0,1972000.0,0,0,0,4335000.0,4728000.0,0,0,1500000.0,4298000.0,2635000.0,9072000.0,4637000.0,0,0,6491000.0,0,0,0,0,0,0,0,0,0,0,0,0,0,0,0,0,0,0,0,0,0,0,0,0,400000000.0,0,0,0
root/Sub-SaharanAfrica/SaoTomeandPrincipe,root/Sub-SaharanAfrica,0,0,0,0,0,0,0,0,0,0,0,357000.0,0,0,5525000.0,0,1132000.0,0,0,0,0,0,0,0,0,0,0,0,0,0,0,0,0,0,0,0,0,0,0,0,0,0,0,0,0,0,0
root/Sub-SaharanAfrica/Senegal,root/Sub-SaharanAfrica,2027000.0,15700000.0,7750000.0,103522000.0,9752000.0,84214000.0,119369000.0,161676000.0,237585000.0,107631000.0,48487000.0,118451000.0,17014000.0,46813000.0,12478000.0,30846000.0,41542000.0,1443000.0,925000.0,0,4169000.0,0,0,0,0,0,0,54000.0,0,0,4833000.0,7887000.0,805000.0,1571000.0,0,0,3984000.0,0,0,200000000.0,0,500000000.0,0,21866000.0,500000000.0,166378000.0,6506000.0
root/Sub-SaharanAfrica/SierraLeone,root/Sub-SaharanAfrica,5879000.0,4759000.0,7419000.0,19450000.0,32457000.0,14902000.0,8976000.0,25562000.0,66038000.0,72239000.0,25166000.0,54679000.0,2018000.0,0,2927000.0,0,0,0,0,4445000.0,4000000.0,0,0,0,0,0,0,0,0,0,0,0,0,0,0,0,0,0,0,0,0,0,0,0,0,0,0
root/Sub-SaharanAfrica/Somalia,root/Sub-SaharanAfrica,0,2597000.0,0,5090000.0,0,0,0,4528000.0,0,157600000.0,13628000.0,205381000.0,0,8979000.0,126000.0,0,0,0,0,0,0,0,0,0,0,0,0,0,0,0,0,0,0,0,0,0,0,0,0,0,0,0,0,0,0,0,0
root/Sub-SaharanAfrica/SouthAfrica,root/Sub-SaharanAfrica,0,0,0,0,0,0,0,0,0,0,0,0,0,0,0,0,0,0,0,0,0,0,0,0,3068064000.0,3224706000.0,2352232000.0,9602890000.0,450000000.0,1993000000.0,2150339000.0,1599000000.0,2472000000.0,1413534000.0,2420000000.0,2269967000.0,1876441000.0,1870000000.0,1216000000.0,2000000000.0,2864000000.0,3500000000.0,2500000000.0,3215198000.0,2886953000.0,1327410000.0,5378610000.0
root/Sub-SaharanAfrica/Sudan,root/Sub-SaharanAfrica,6152000.0,9085000.0,41379000.0,115997000.0,230514000.0,290875000.0,141424000.0,62857000.0,85862000.0,83638000.0,218000000.0,57483000.0,132113000.0,0,0,0,0,0,0,0,0,0,0,0,0,0,0,0,0,0,0,0,0,0,0,0,0,0,0,0,0,1000.0,0,0,0,0,0
root/Sub-SaharanAfrica/Swaziland,root/Sub-SaharanAfrica,0,105000.0,3118000.0,0,0,0,0,0,27514000.0,0,0,0,1913000.0,0,19996000.0,0,1067000.0,0,0,0,0,0,0,0,0,0,0,32586000.0,0,0,0,7771000.0,0,0,0,0,0,0,0,0,0,0,0,0,0,0,0
root/Sub-SaharanAfrica/Tanzania,root/Sub-SaharanAfrica,0,717000.0,0,10869000.0,5402000.0,104000.0,40818000.0,49014000.0,54265000.0,104325000.0,78687000.0,92822000.0,9297000.0,76421000.0,7041000.0,97637000.0,69935000.0,3442000.0,99387000.0,11656000.0,11555000.0,13824000.0,29763000.0,49443000.0,13154000.0,40078000.0,3137000.0,5545000.0,4600000.0,29451000.0,65000.0,0,0,21541000.0,27888000.0,0,0,20560000.0,120784000.0,60000000.0,0,386016000.0,0,654300000.0,43431000.0,0,0
root/Sub-SaharanAfrica/Togo,root/Sub-SaharanAfrica,731000.0,6880000.0,8306000.0,35413000.0,5966000.0,39279000.0,201395000.0,134535000.0,202119000.0,16493000.0,11001000.0,0,0,0,0,0,0,0,0,0,0,0,0,0,0,0,0,0,0,0,0,0,0,0,0,0,0,0,0,0,0,0,0,60428000.0,0,14961000.0,0
root/Sub-SaharanAfrica/Uganda,root/Sub-SaharanAfrica,2256000.0,4311000.0,4508000.0,4482000.0,18363000.0,968000.0,36351000.0,5498000.0,95871000.0,51430000.0,78351000.0,3094000.0,59765000.0,24804000.0,51177000.0,35847000.0,41522000.0,135214000.0,31123000.0,66627000.0,43373000.0,4740000.0,4385000.0,17668000.0,0,0,0,0,24500000.0,1873000.0,3697000.0,0,148000.0,0,0,0,0,0,0,0,0,0,500000000.0,0,0,0,0
root/Sub-SaharanAfrica/Zambia,root/Sub-SaharanAfrica,301570000.0,3208000.0,121150000.0,172049000.0,91088000.0,271558000.0,99057000.0,59691000.0,131887000.0,134477000.0,371525000.0,147404000.0,125942000.0,11952000.0,51686000.0,2813000.0,128909000.0,15315000.0,30733000.0,146158000.0,72395000.0,3000000.0,11204000.0,0,30147000.0,13500000.0,0,44304000.0,0,0,0,0,0,0,0,0,0,0,10384000.0,0,0,91194000.0,750000000.0,218057000.0,1000000000.0,1250000000.0,1032987000.0
root/Sub-SaharanAfrica/Zimbabwe,root/Sub-SaharanAfrica,0,0,0,0,0,0,0,0,279735000.0,142132000.0,30847000.0,733101000.0,461498000.0,327484000.0,46277000.0,49633000.0,64206000.0,195137000.0,81360000.0,228372000.0,43046000.0,388094000.0,42950000.0,108879000.0,107513000.0,59034000.0,29644000.0,140531000.0,74622000.0,17533000.0,10760000.0,230000.0,27117000.0,23351000.0,4835000.0,7372000.0,0,0,0,0,0,0,0,0,0,0,0
