root/EastAsia&PacificCambodia,root,0,0,0,0,0,0,0,0,0,0,0,1027000.0,1027000.0,1027000.0,1027000.0,1027000.0,1027000.0,1027000.0,1027000.0,14524000.0,16183000.0,16053000.0,7214000.0,127771000.0,115441000.0,205677000.0,216393000.0,231048000.0,213664000.0,332263000.0,435808000.0,438834000.0,473194000.0,623811000.0,691204000.0,652791000.0,677733000.0,922925000.0,960610000.0,1449566000.0,1623286000.0,1748323000.0,1904525000.0,1988271000.0,2095141000.0,2101373000.0,2364432000.0
root/EastAsia&PacificChina,root,0,0,0,0,0,0,0,0,0,0,0,1157729000.0,1648227000.0,2054066000.0,2413665000.0,2999237000.0,3507904000.0,4605631000.0,4891633000.0,5448933000.0,5279651000.0,6930784000.0,8168427000.0,10320619000.0,13163880000.0,13485505000.0,12140766000.0,11512116000.0,21757524000.0,20631856000.0,14163184000.0,10824311000.0,9131205000.0,8092705000.0,8178842000.0,8488989000.0,9154732000.0,8958049000.0,9040737000.0,10399260000.0,11408098000.0,11194378000.0,11205636000.0,12292414000.0,12403494000.0,12605384000.0,12999911000.0
root/EastAsia&PacificFiji,root,1200000.0,26207000.0,32892000.0,32631000.0,25345000.0,28858000.0,29256000.0,18627000.0,76064000.0,82030000.0,120805000.0,97211000.0,63394000.0,26281000.0,13499000.0,50310000.0,44794000.0,28148000.0,41792000.0,66881000.0,80675000.0,64365000.0,45178000.0,66163000.0,48784000.0,37549000.0,28751000.0,60126000.0,74310000.0,62893000.0,53222000.0,46417000.0,51900000.0,36203000.0,71021000.0,81711000.0,89990000.0,53587000.0,41782000.0,44388000.0,143792000.0,189837000.0,245112000.0,172463000.0,200537000.0,174691000.0,220456000.0
root/EastAsia&PacificIndonesia,root,482441000.0,832234000.0,936772000.0,1288035000.0,1659724000.0,2123630000.0,2919814000.0,3562430000.0,4446426000.0,5690019000.0,7060412000.0,7514546000.0,8382914000.0,8715619000.0,9270681000.0,10269285000.0,10793863000.0,12446255000.0,12459405000.0,13238400000.0,14439447000.0,16103573000.0,15203068000.0,15982107000.0,16900986000.0,19278120000.0,18911078000.0,15774617000.0,16552210000.0,16327054000.0,12252612000.0,11289754000.0,12129047000.0,12281645000.0,13749501000.0,9240048000.0,8234598000.0,9072231000.0,10167605000.0,15864478000.0,15537734000.0,10677109000.0,14732337000.0,14560714000.0,14102022000.0,12006401000.0,11526581000.0
root/EastAsia&PacificLaoPDR,root,8520000.0,10712000.0,13797000.0,14398000.0,36754000.0,33469000.0,64438000.0,89048000.0,130337000.0,224821000.0,253452000.0,276418000.0,293304000.0,283465000.0,237372000.0,294277000.0,347765000.0,352753000.0,269852000.0,231745000.0,221197000.0,328354000.0,319379000.0,326382000.0,465589000.0,491829000.0,485830000.0,446907000.0,464562000.0,367923000.0,335064000.0,406275000.0,475919000.0,534899000.0,581687000.0,550157000.0,514553000.0,479213000.0,350421000.0,403791000.0,1506095000.0,1145676000.0,1814161000.0,2343795000.0,2479333000.0,2349945000.0,4534256000.0
root/EastAsia&PacificMalaysia,root,181011000.0,274499000.0,313320000.0,412040000.0,630848000.0,804275000.0,793703000.0,899821000.0,1047139000.0,1044391000.0,1403944000.0,1502148000.0,1758374000.0,1709280000.0,1407762000.0,1682256000.0,1956911000.0,1896955000.0,2264826000.0,1987191000.0,1794777000.0,1262159000.0,1579476000.0,2347071000.0,2234744000.0,2068898000.0,1621365000.0,830631000.0,559387000.0,2361060000.0,2354717000.0,3452875000.0,3795995000.0,3274638000.0,1808330000.0,757423000.0,357222000.0,157626000.0,78910000.0,30272000.0,13685000.0,3480000.0,1330000.0,496000.0,123000.0,0,0
root/EastAsia&PacificMongolia,root,0,0,0,0,0,0,0,0,0,0,0,0,0,0,0,0,0,0,0,0,0,0,92594000.0,174144000.0,186012000.0,337181000.0,298645000.0,320027000.0,334865000.0,320480000.0,319889000.0,332875000.0,464123000.0,431943000.0,335334000.0,322032000.0,322176000.0,335574000.0,585488000.0,818796000.0,863609000.0,889878000.0,916960000.0,539536000.0,666888000.0,1099970000.0,1107741000.0
root/EastAsia&PacificMyanmar,root,49152000.0,77486000.0,59658000.0,149876000.0,186865000.0,223034000.0,443450000.0,563066000.0,622302000.0,837464000.0,1071852000.0,923267000.0,1126789000.0,1079434000.0,1107939000.0,1391908000.0,1429711000.0,1720977000.0,1341074000.0,1022007000.0,890189000.0,874638000.0,813424000.0,835008000.0,874165000.0,769956000.0,673696000.0,614865000.0,507430000.0,528214000.0,36679000.0,23785000.0,12239000.0,10477000.0,8591000.0,6803000.0,6843000.0,6794000.0,6311000.0,6366000.0,21000.0,21000.0,0,188659000.0,548129000.0,1371114000.0,1611883000.0
root/EastAsia&PacificPapuaNewGuinea,root,40929000.0,49491000.0,60180000.0,53876000.0,48115000.0,28981000.0,55914000.0,79191000.0,113887000.0,109391000.0,151015000.0,154829000.0,161814000.0,215111000.0,274501000.0,277733000.0,325271000.0,468716000.0,534943000.0,486715000.0,475853000.0,563551000.0,616851000.0,635933000.0,594864000.0,625059000.0,489429000.0,397791000.0,261066000.0,315141000.0,354565000.0,305788000.0,312675000.0,285447000.0,279552000.0,177804000.0,182660000.0,183526000.0,265167000.0,345398000.0,587159000.0,948197000.0,883603000.0,919369000.0,1354204000.0,1437891000.0,1631048000.0
root/EastAsia&PacificPhilippines,root,176376000.0,242287000.0,424793000.0,437111000.0,769202000.0,914272000.0,1328299000.0,1752521000.0,2470728000.0,2525201000.0,3245767000.0,3429379000.0,3859127000.0,3679056000.0,3751547000.0,3322672000.0,3274778000.0,3155053000.0,4004209000.0,4851616000.0,6153878000.0,7447633000.0,7101275000.0,6868907000.0,7999386000.0,8246000000.0,7711853000.0,6823406000.0,8963326000.0,11081307000.0,9732928000.0,8695318000.0,8766671000.0,7720600000.0,7001356000.0,5568399000.0,4337403000.0,3824545000.0,4550116000.0,3915194000.0,4447771000.0,4288435000.0,4770612000.0,6175462000.0,7020916000.0,5668109000.0,6323066000.0
root/EastAsia&PacificSamoa,root,336000.0,688000.0,3405000.0,5462000.0,5683000.0,7889000.0,10383000.0,12012000.0,14374000.0,23591000.0,24862000.0,30255000.0,23524000.0,19695000.0,16481000.0,24919000.0,35919000.0,36841000.0,34688000.0,56814000.0,56692000.0,36053000.0,35448000.0,23750000.0,14885000.0,7887000.0,7585000.0,5395000.0,2418000.0,16554000.0,21020000.0,20394000.0,25360000.0,27629000.0,48166000.0,39077000.0,35253000.0,111370000.0,145418000.0,119100000.0,125393000.0,91852000.0,95878000.0,66018000.0,82419000.0,55791000.0,62498000.0
root/EastAsia&PacificSolomonIslands,root,0,0,0,0,0,0,0,0,9516000.0,9037000.0,12882000.0,14371000.0,22225000.0,24532000.0,27917000.0,25593000.0,43536000.0,43515000.0,27293000.0,18366000.0,10391000.0,11479000.0,8128000.0,20789000.0,20976000.0,25082000.0,18979000.0,12996000.0,22029000.0,26199000.0,15830000.0,27800000.0,18907000.0,20202000.0,18898000.0,11685000.0,7765000.0,3602000.0,3463000.0,1324000.0,1322000.0,114000.0,10868000.0,114000.0,19149000.0,29427000.0,40235000.0
root/EastAsia&PacificThailand,root,144669000.0,168396000.0,263090000.0,262820000.0,598572000.0,665551000.0,840018000.0,1107681000.0,1586427000.0,1989141000.0,2658212000.0,2771143000.0,3365110000.0,3281284000.0,2887476000.0,3058666000.0,2891972000.0,3026036000.0,3335815000.0,2543913000.0,2936267000.0,2729767000.0,3350064000.0,5184623000.0,6493677000.0,5751923000.0,5423831000.0,5671861000.0,7076605000.0,8681003000.0,6697786000.0,4566416000.0,3315620000.0,2010088000.0,1312122000.0,1456419000.0,795587000.0,736893000.0,1524366000.0,1813504000.0,2591755000.0,2516135000.0,2593989000.0,693923000.0,190342000.0,323277000.0,1384049000.0
root/EastAsia&PacificTonga,root,0,0,0,0,0,0,0,0,0,0,0,0,0,0,0,3082000.0,6014000.0,8063000.0,8200000.0,14380000.0,18028000.0,23121000.0,19939000.0,20192000.0,13683000.0,19822000.0,21918000.0,15394000.0,10502000.0,7564000.0,1975000.0,3439000.0,14760000.0,16291000.0,15766000.0,10643000.0,8284000.0,64344000.0,59101000.0,42531000.0,46218000.0,11199000.0,1269000.0,2618000.0,3900000.0,13043000.0,19288000.0
root/EastAsia&PacificVanuatu,root,0,0,0,0,0,0,0,0,0,0,0,0,892000.0,8090000.0,6614000.0,11012000.0,18552000.0,16129000.0,17671000.0,25759000.0,17202000.0,11016000.0,11473000.0,10383000.0,9329000.0,8145000.0,15340000.0,13088000.0,21990000.0,13778000.0,3391000.0,509000.0,12000.0,0,0,0,0,4198000.0,23438000.0,11798000.0,8817000.0,5123000.0,72323000.0,15218000.0,14282000.0,126025000.0,141214000.0
root/EastAsia&PacificVietnam,root,0,0,0,0,0,0,0,0,0,0,0,109908000.0,83373000.0,62183000.0,53487000.0,56048000.0,58601000.0,70046000.0,61910000.0,83199000.0,88726000.0,158277000.0,145490000.0,666203000.0,1469688000.0,3097320000.0,3925473000.0,8333283000.0,5329116000.0,6222093000.0,5632574000.0,5577998000.0,6578101000.0,7484882000.0,8110687000.0,7768243000.0,9384508000.0,11359031000.0,14747080000.0,17344428000.0,18266268000.0,30197668000.0,30643111000.0,31503430000.0,28502880000.0,27535508000.0,28129492000.0
root/Europe&CentralAsiaAlbania,root,0,0,0,0,0,0,0,0,0,0,0,0,0,0,0,0,0,0,0,0,0,51288000.0,63834000.0,156542000.0,212037000.0,320228000.0,403810000.0,342371000.0,427801000.0,477359000.0,470389000.0,450876000.0,547051000.0,658908000.0,828584000.0,796407000.0,838959000.0,1018744000.0,1053162000.0,1067199000.0,1027493000.0,1155801000.0,1013265000.0,1012660000.0,994768000.0,787597000.0,730322000.0
root/Europe&CentralAsiaArmenia,root,0,0,0,0,0,0,0,0,0,0,0,0,0,0,0,0,0,0,0,0,0,0,0,80898000.0,171230000.0,188868000.0,117722000.0,191095000.0,267440000.0,263656000.0,258209000.0,274316000.0,220712000.0,197776000.0,231954000.0,399841000.0,380689000.0,394685000.0,458317000.0,420084000.0,463079000.0,727482000.0,757233000.0,894115000.0,1272840000.0,2276475000.0,2222839000.0
root/Europe&CentralAsiaAzerbaijan,root,0,0,0,0,0,0,0,0,0,0,0,0,0,0,0,0,0,0,0,0,0,0,0,250000000.0,329402000.0,413296000.0,226805000.0,274083000.0,548361000.0,686398000.0,568073000.0,459251000.0,358841000.0,336202000.0,398708000.0,949717000.0,1305028000.0,1779448000.0,2613332000.0,3550952000.0,3891926000.0,3369904000.0,3092306000.0,2740732000.0,2694758000.0,2025035000.0,1792334000.0
root/Europe&CentralAsiaBelarus,root,0,0,0,0,0,0,0,0,0,0,0,0,0,0,0,0,0,0,0,0,0,0,0,302265000.0,280303000.0,255255000.0,190050000.0,203187000.0,94606000.0,63907000.0,66260000.0,110888000.0,39373000.0,24603000.0,18423000.0,210710000.0,186583000.0,134306000.0,535302000.0,647257000.0,1581426000.0,12819299000.0,11826416000.0,10509279000.0,10560137000.0,11086036000.0,12798384000.0
root/Europe&CentralAsiaBosniaandHerzegovina,root,0,0,0,0,0,0,0,0,0,0,0,0,0,0,0,0,0,0,0,0,0,0,0,0,0,0,0,0,0,527795000.0,610838000.0,719044000.0,754577000.0,695677000.0,597423000.0,501776000.0,987344000.0,1121291000.0,1167662000.0,1245120000.0,1516632000.0,1516442000.0,1610518000.0,1443985000.0,1649958000.0,1354744000.0,1022940000.0
root/Europe&CentralAsiaBulgaria,root,0,0,0,0,0,0,0,0,0,0,0,0,14982000.0,62926000.0,107748000.0,276236000.0,519118000.0,414728000.0,85936000.0,49405000.0,24751000.0,222117000.0,323263000.0,487681000.0,405387000.0,849895000.0,775625000.0,879708000.0,817485000.0,788122000.0,780120000.0,629434000.0,516224000.0,586589000.0,756046000.0,515804000.0,381655000.0,516632000.0,950565000.0,666105000.0,815109000.0,781888000.0,682114000.0,180156000.0,132385000.0,102553000.0,102222000.0
root/Europe&CentralAsiaGeorgia,root,0,0,0,0,0,0,0,0,0,0,0,0,0,0,0,0,0,0,0,0,0,0,84763000.0,38157000.0,45830000.0,42188000.0,105049000.0,180816000.0,270764000.0,331781000.0,346277000.0,347302000.0,313590000.0,317339000.0,287954000.0,270874000.0,292692000.0,265127000.0,329316000.0,690497000.0,998262000.0,920037000.0,1181509000.0,1405994000.0,1264357000.0,1350621000.0,2096456000.0
root/Europe&CentralAsiaKazakhstan,root,0,0,0,0,0,0,0,0,0,0,0,0,0,0,0,0,0,0,0,0,0,0,273697000.0,414288000.0,346269000.0,783607000.0,987900000.0,1005437000.0,1306973000.0,1456871000.0,1435403000.0,1438284000.0,1111583000.0,1170252000.0,821978000.0,737008000.0,582259000.0,418484000.0,451977000.0,3281273000.0,3042896000.0,2659969000.0,3194291000.0,2829577000.0,2050621000.0,2101318000.0,3358397000.0
root/Europe&CentralAsiaKosovo,root,0,0,0,0,0,0,0,0,0,0,0,0,0,0,0,0,0,0,0,0,0,0,0,0,0,0,0,0,0,0,0,0,0,0,0,0,0,0,0,0,19105000.0,51589000.0,73561000.0,169699000.0,138500000.0,283992000.0,267998000.0
root/Europe&CentralAsiaKyrgyzRepublic,root,0,0,0,0,0,0,0,0,0,0,0,0,0,0,0,0,0,0,0,0,0,0,38428000.0,187823000.0,274931000.0,287764000.0,332948000.0,422471000.0,558112000.0,521893000.0,470483000.0,403879000.0,385923000.0,372720000.0,281084000.0,244350000.0,180154000.0,170388000.0,209491000.0,423778000.0,425553000.0,610925000.0,935815000.0,1406713000.0,1305474000.0,1567782000.0,1577728000.0
root/Europe&CentralAsiaMacedoniaFYR,root,0,0,0,0,0,0,0,0,0,0,0,0,0,0,0,0,0,0,0,0,0,0,0,28717000.0,45069000.0,168681000.0,111840000.0,125480000.0,284278000.0,340535000.0,290850000.0,253334000.0,230909000.0,437392000.0,406715000.0,333840000.0,341803000.0,322928000.0,297667000.0,363018000.0,321001000.0,602346000.0,668341000.0,637800000.0,1414864000.0,1461529000.0,1192987000.0
root/Europe&CentralAsiaMoldova,root,0,0,0,0,0,0,0,0,0,0,0,0,0,0,0,0,0,0,0,0,0,0,20914000.0,91743000.0,175157000.0,192993000.0,347508000.0,228677000.0,235930000.0,170943000.0,113135000.0,68452000.0,79622000.0,97270000.0,125779000.0,112195000.0,126363000.0,209567000.0,233748000.0,252687000.0,586454000.0,569432000.0,567446000.0,1099082000.0,1303078000.0,1280692000.0,1337667000.0
root/Europe&CentralAsiaMontenegro,root,0,0,0,0,0,0,0,0,0,0,0,0,0,0,0,0,0,0,0,0,0,0,0,0,0,0,0,0,0,0,0,0,0,0,0,0,97836000.0,199091000.0,203733000.0,344027000.0,474660000.0,438923000.0,340309000.0,449344000.0,1381307000.0,1126501000.0,1079838000.0
root/Europe&CentralAsiaRomania,root,0,0,51332000.0,43181000.0,230443000.0,358884000.0,336797000.0,422395000.0,1199894000.0,2060597000.0,1346902000.0,1508735000.0,1270860000.0,889153000.0,730436000.0,566722000.0,277691000.0,188237000.0,136233000.0,0,1000.0,1222795000.0,2299058000.0,1482995000.0,1594813000.0,1974576000.0,2677559000.0,2774454000.0,3048607000.0,2976980000.0,3188967000.0,2824809000.0,2993461000.0,3661589000.0,3816734000.0,4366173000.0,6226816000.0,6818151000.0,7118244000.0,12056167000.0,7658016000.0,6124130000.0,6353771000.0,4829478000.0,4895411000.0,3472744000.0,4174417000.0
root/Europe&CentralAsiaRussianFederation,root,0,0,0,0,0,0,0,0,0,0,0,0,0,0,0,0,0,0,0,0,0,0,2773470000.0,2793708000.0,3658007000.0,4853671000.0,4886107000.0,5497890000.0,5567295000.0,5271851000.0,2580782000.0,2431319000.0,2852650000.0,3002211000.0,2808161000.0,2395491000.0,1470560000.0,1088175000.0,703959000.0,655578000.0,530318000.0,479075000.0,370577000.0,386208000.0,361370000.0,280836000.0,205425000.0
root/Europe&CentralAsiaSerbia,root,462435000.0,611191000.0,641422000.0,1069301000.0,1637410000.0,1609851000.0,1196166000.0,1219571000.0,1615600000.0,1391578000.0,1205172000.0,1787410000.0,1612387000.0,2256488000.0,1870896000.0,1655685000.0,1290231000.0,1183867000.0,1220110000.0,448244000.0,943419000.0,1442840000.0,713723000.0,200185000.0,208123000.0,222370000.0,212006000.0,186833000.0,0,300000000.0,299048000.0,746101000.0,1011417000.0,1490920000.0,1679181000.0,1458750000.0,1667250000.0,2071239000.0,2081427000.0,3614667000.0,4483363000.0,4340819000.0,4129644000.0,4941068000.0,5288702000.0,4184423000.0,4497747000.0
root/Europe&CentralAsiaTajikistan,root,0,0,0,0,0,0,0,0,0,0,0,0,0,0,0,0,0,0,0,0,0,0,6269000.0,44925000.0,66425000.0,34148000.0,52699000.0,33264000.0,64981000.0,106266000.0,117616000.0,235614000.0,301894000.0,347380000.0,396001000.0,339361000.0,853345000.0,739148000.0,491344000.0,373443000.0,442233000.0,314755000.0,259164000.0,403452000.0,285275000.0,292105000.0,342327000.0
root/Europe&CentralAsiaTurkey,root,753070000.0,693753000.0,1001580000.0,1057671000.0,1242071000.0,1269020000.0,1657867000.0,1914478000.0,2374749000.0,2567357000.0,2937865000.0,3204599000.0,2826249000.0,3066981000.0,3145111000.0,3351127000.0,4246793000.0,5581026000.0,5130223000.0,5268052000.0,4823177000.0,5084736000.0,5380800000.0,5487129000.0,4577376000.0,3764572000.0,4319200000.0,3381658000.0,3501497000.0,5921605000.0,5560397000.0,5596455000.0,6337483000.0,5296192000.0,5528444000.0,7303265000.0,8732732000.0,10193741000.0,12142478000.0,11422511000.0,10150610000.0,9152801000.0,8062889000.0,8795594000.0,7950555000.0,8352208000.0,8317974000.0
root/Europe&CentralAsiaTurkmenistan,root,0,0,0,0,0,0,0,0,0,0,0,0,0,0,0,0,0,0,0,0,0,0,0,44120000.0,103298000.0,97997000.0,206093000.0,362611000.0,752751000.0,513648000.0,198375000.0,91870000.0,196687000.0,102128000.0,31550000.0,26122000.0,69274000.0,102099000.0,83026000.0,60691000.0,44205000.0,157727000.0,104059000.0,58658000.0,35567000.0,25182000.0,753000.0
root/Europe&CentralAsiaUkraine,root,0,0,0,0,0,0,0,0,0,0,0,0,0,0,0,0,0,0,0,0,0,0,125632000.0,82489000.0,573762000.0,520342000.0,1420945000.0,1025098000.0,1521436000.0,987306000.0,957424000.0,709281000.0,654447000.0,1001101000.0,798939000.0,1408124000.0,1561073000.0,1904223000.0,1872226000.0,1877944000.0,1747930000.0,2087606000.0,29659629000.0,27465123000.0,25403043000.0,23115390000.0,22063625000.0
root/Europe&CentralAsiaUzbekistan,root,0,0,0,0,0,0,0,0,0,0,0,0,0,0,0,0,0,0,0,0,0,0,442860000.0,412760000.0,542745000.0,835676000.0,847205000.0,758680000.0,1108594000.0,1206161000.0,972393000.0,788051000.0,904523000.0,953129000.0,1273221000.0,1094813000.0,985235000.0,1179070000.0,1247927000.0,1197582000.0,2357970000.0,2675002000.0,3116523000.0,4629488000.0,4469439000.0,4882401000.0,4425966000.0
root/LatinAmerica&CaribbeanArgentina,root,504398000.0,620332000.0,675345000.0,557476000.0,777906000.0,934158000.0,1169251000.0,1258435000.0,1350055000.0,1429964000.0,1244786000.0,1668871000.0,1913482000.0,1553825000.0,1999806000.0,1960825000.0,2082057000.0,1873403000.0,3256906000.0,2531864000.0,1999430000.0,2699303000.0,3580885000.0,3594650000.0,4488444000.0,6486921000.0,5922874000.0,6238784000.0,9184073000.0,8021623000.0,5466717000.0,6613399000.0,5658857000.0,5006585000.0,5111726000.0,3927847000.0,5413203000.0,7115436000.0,7826596000.0,7548122000.0,6699121000.0,7976927000.0,8017111000.0,8125517000.0,9153178000.0,9095155000.0,8014386000.0
root/LatinAmerica&CaribbeanBelize,root,0,0,0,895000.0,2368000.0,13233000.0,18008000.0,13666000.0,19569000.0,18625000.0,17917000.0,14965000.0,18825000.0,26376000.0,23662000.0,33851000.0,28896000.0,46772000.0,61496000.0,55893000.0,49809000.0,44608000.0,52030000.0,74288000.0,78075000.0,85522000.0,70327000.0,66517000.0,82478000.0,196931000.0,224371000.0,161754000.0,161605000.0,142971000.0,147890000.0,135507000.0,143998000.0,119841000.0,74398000.0,99720000.0,142900000.0,174063000.0,334659000.0,263775000.0,244580000.0,278963000.0,237408000.0
root/LatinAmerica&CaribbeanBolivia,root,106533000.0,127940000.0,129110000.0,138915000.0,180037000.0,356156000.0,439758000.0,615778000.0,704541000.0,883946000.0,835056000.0,685456000.0,640899000.0,939393000.0,978781000.0,875255000.0,848661000.0,905260000.0,842529000.0,854282000.0,1119766000.0,1283166000.0,1200343000.0,1032984000.0,1212628000.0,1460127000.0,1351945000.0,1106436000.0,1266151000.0,1210397000.0,1075904000.0,1147459000.0,1138821000.0,1215996000.0,1210087000.0,1270635000.0,1053431000.0,1743052000.0,1848253000.0,2224534000.0,2488975000.0,3249406000.0,3058798000.0,3175846000.0,3087052000.0,3460278000.0,4673629000.0
root/LatinAmerica&CaribbeanBrazil,root,1038351000.0,1320914000.0,1944113000.0,2174326000.0,2249072000.0,2260870000.0,3918002000.0,4810954000.0,5699386000.0,6160319000.0,6739337000.0,7489601000.0,8102341000.0,7952360000.0,7255681000.0,7997543000.0,7975407000.0,8836341000.0,7902206000.0,7488610000.0,7562053000.0,8468289000.0,9956579000.0,10002700000.0,11994017000.0,10942316000.0,11206169000.0,15153434000.0,29260573000.0,30897966000.0,21064598000.0,15280770000.0,14607661000.0,14734967000.0,14966615000.0,13968797000.0,5234325000.0,6824528000.0,5683813000.0,13731481000.0,12098893000.0,11163169000.0,15797970000.0,17476133000.0,16565190000.0,14111186000.0,12602456000.0
root/LatinAmerica&CaribbeanColombia,root,518579000.0,700254000.0,719938000.0,737036000.0,642252000.0,573154000.0,701229000.0,983565000.0,1351052000.0,1687439000.0,1866076000.0,1961305000.0,2819657000.0,2740324000.0,3776289000.0,3475375000.0,3575835000.0,3457946000.0,3235820000.0,3260869000.0,3508996000.0,3031611000.0,2909578000.0,2987534000.0,2767421000.0,2548192000.0,2295624000.0,2027316000.0,2117658000.0,2453358000.0,2508994000.0,1966713000.0,1466235000.0,1232712000.0,1688203000.0,2204321000.0,1466326000.0,1640169000.0,2750722000.0,2467461000.0,2185381000.0,1796683000.0,3102920000.0,3224111000.0,3334119000.0,3409491000.0,2864110000.0
root/LatinAmerica&CaribbeanCostaRica,root,116855000.0,102953000.0,121640000.0,117473000.0,180599000.0,315861000.0,420564000.0,477068000.0,540908000.0,521161000.0,668538000.0,630979000.0,727539000.0,696383000.0,592500000.0,630132000.0,580441000.0,523467000.0,746944000.0,1025318000.0,1041324000.0,904632000.0,851909000.0,1326253000.0,1460910000.0,1157387000.0,1103512000.0,1022555000.0,759642000.0,565964000.0,657586000.0,594855000.0,525146000.0,574621000.0,624582000.0,817323000.0,763854000.0,1076132000.0,1170810000.0,1950468000.0,1085320000.0,1124832000.0,1933063000.0,1986977000.0,2887982000.0,2533483000.0,2283033000.0
root/LatinAmerica&CaribbeanDominica,root,0,0,0,0,0,0,0,0,0,0,0,11180000.0,13325000.0,17459000.0,6418000.0,6170000.0,10526000.0,32488000.0,30748000.0,28559000.0,22967000.0,21781000.0,20241000.0,22376000.0,17550000.0,24011000.0,35150000.0,48513000.0,59183000.0,70646000.0,88751000.0,53849000.0,48845000.0,36117000.0,20078000.0,39931000.0,38657000.0,42743000.0,38483000.0,46557000.0,84006000.0,72823000.0,66806000.0,68863000.0,64822000.0,45182000.0,70198000.0
root/LatinAmerica&CaribbeanDominicanRepublic,root,60929000.0,49507000.0,54358000.0,123202000.0,224020000.0,254690000.0,282113000.0,339303000.0,313132000.0,622787000.0,545871000.0,601415000.0,595734000.0,700871000.0,599867000.0,758341000.0,629546000.0,502717000.0,546477000.0,442419000.0,492157000.0,464496000.0,423543000.0,394161000.0,510394000.0,480998000.0,439208000.0,544646000.0,909491000.0,1150011000.0,1073051000.0,1136564000.0,1443969000.0,1178444000.0,1255131000.0,2499891000.0,2358352000.0,2178176000.0,2153876000.0,2913126000.0,2313117000.0,2311124000.0,3287887000.0,2744341000.0,3331715000.0,2918098000.0,2808180000.0
root/LatinAmerica&CaribbeanEcuador,root,109296000.0,107828000.0,151231000.0,201731000.0,271304000.0,295783000.0,313072000.0,399270000.0,424939000.0,499717000.0,703839000.0,750394000.0,868084000.0,886367000.0,966621000.0,1160968000.0,1243500000.0,1813195000.0,1591810000.0,1497816000.0,1543832000.0,1540531000.0,1646144000.0,1456204000.0,1801017000.0,1989443000.0,1650537000.0,1688420000.0,1648567000.0,1117843000.0,938874000.0,604151000.0,812462000.0,639968000.0,660986000.0,964512000.0,1308955000.0,1211142000.0,678740000.0,453717000.0,3111106000.0,4376106000.0,5287486000.0,4523678000.0,3849891000.0,3407613000.0,4163773000.0
root/LatinAmerica&CaribbeanElSalvador,root,52967000.0,56314000.0,65128000.0,129052000.0,138027000.0,167780000.0,200230000.0,191891000.0,273688000.0,282349000.0,403116000.0,425504000.0,510301000.0,366967000.0,371361000.0,368649000.0,273786000.0,355714000.0,481469000.0,307759000.0,331704000.0,526079000.0,677281000.0,826651000.0,726706000.0,1296420000.0,1210347000.0,899818000.0,789412000.0,807809000.0,983694000.0,981592000.0,957651000.0,828865000.0,733059000.0,731270000.0,797070000.0,450258000.0,853691000.0,567108000.0,799042000.0,692807000.0,922484000.0,844135000.0,796091000.0,641187000.0,666668000.0
root/LatinAmerica&CaribbeanGrenada,root,2037000.0,639000.0,657000.0,1611000.0,7224000.0,7738000.0,6056000.0,4615000.0,1913000.0,1010000.0,7291000.0,7838000.0,21609000.0,6507000.0,8913000.0,37187000.0,33315000.0,32815000.0,27492000.0,19941000.0,24545000.0,26763000.0,22742000.0,17935000.0,19141000.0,31118000.0,29044000.0,22768000.0,37397000.0,26860000.0,45985000.0,30000000.0,50409000.0,66882000.0,73966000.0,56086000.0,58226000.0,65241000.0,55736000.0,54392000.0,46947000.0,69079000.0,80720000.0,66586000.0,50372000.0,44162000.0,59722000.0
root/LatinAmerica&CaribbeanGuatemala,root,99939000.0,103292000.0,102705000.0,116508000.0,109010000.0,142024000.0,416413000.0,441835000.0,462087000.0,404804000.0,401507000.0,473669000.0,354962000.0,447124000.0,495685000.0,695308000.0,632013000.0,704817000.0,780083000.0,725571000.0,685380000.0,546673000.0,552444000.0,537904000.0,468661000.0,419135000.0,638026000.0,572724000.0,661500000.0,885782000.0,745729000.0,737508000.0,1084094000.0,1054507000.0,837700000.0,712617000.0,861744000.0,637245000.0,754015000.0,1472725000.0,866399000.0,1165434000.0,979422000.0,1100035000.0,1061688000.0,1171252000.0,898091000.0
root/LatinAmerica&CaribbeanGuyana,root,53194000.0,53267000.0,78374000.0,88589000.0,120235000.0,102059000.0,78351000.0,84232000.0,236312000.0,238167000.0,209294000.0,222227000.0,173042000.0,130775000.0,136110000.0,164186000.0,139945000.0,141101000.0,123327000.0,142500000.0,267493000.0,213036000.0,232418000.0,242446000.0,273607000.0,245889000.0,271889000.0,268473000.0,276703000.0,245981000.0,262496000.0,200475000.0,272267000.0,284817000.0,294948000.0,355403000.0,250396000.0,245245000.0,226581000.0,192654000.0,224556000.0,214370000.0,273074000.0,314849000.0,354852000.0,351843000.0,335931000.0
root/LatinAmerica&CaribbeanHaiti,root,6959000.0,5352000.0,13884000.0,26427000.0,56916000.0,61197000.0,104902000.0,94001000.0,100109000.0,140789000.0,133549000.0,130113000.0,134066000.0,185513000.0,182442000.0,171807000.0,187781000.0,264781000.0,190630000.0,192576000.0,268820000.0,266969000.0,276494000.0,262756000.0,268244000.0,394476000.0,352148000.0,407943000.0,300871000.0,315368000.0,233642000.0,223698000.0,230781000.0,206484000.0,389611000.0,537090000.0,473421000.0,526516000.0,362804000.0,267920000.0,247123000.0,249344000.0,238566000.0,231080000.0,179604000.0,171136000.0,180809000.0
root/LatinAmerica&CaribbeanHonduras,root,75401000.0,78462000.0,78125000.0,102486000.0,132122000.0,200891000.0,251665000.0,365344000.0,332762000.0,423547000.0,743692000.0,711445000.0,662043000.0,720728000.0,576902000.0,523510000.0,602658000.0,661430000.0,651883000.0,611588000.0,669264000.0,665666000.0,875392000.0,862291000.0,697022000.0,770355000.0,820963000.0,564714000.0,648764000.0,686218000.0,671136000.0,817105000.0,844589000.0,855586000.0,959735000.0,934457000.0,932753000.0,911459000.0,994836000.0,992334000.0,1427722000.0,1333951000.0,1204994000.0,1828834000.0,1625487000.0,1647405000.0,1310341000.0
root/LatinAmerica&CaribbeanJamaica,root,47792000.0,74119000.0,96187000.0,109340000.0,154620000.0,171640000.0,241222000.0,302531000.0,381168000.0,434664000.0,330667000.0,348392000.0,441809000.0,516208000.0,720915000.0,496585000.0,466226000.0,575123000.0,668520000.0,689694000.0,750618000.0,826439000.0,824652000.0,927443000.0,959804000.0,907317000.0,980670000.0,963496000.0,946330000.0,852732000.0,606046000.0,646009000.0,659276000.0,627218000.0,552486000.0,557029000.0,629487000.0,457661000.0,552801000.0,843868000.0,915191000.0,884724000.0,675393000.0,713687000.0,817849000.0,715519000.0,576546000.0
root/LatinAmerica&CaribbeanMexico,root,479649000.0,488348000.0,634359000.0,1105922000.0,1197263000.0,1272672000.0,1647585000.0,1492698000.0,2069949000.0,2214137000.0,3016318000.0,3701031000.0,4586207000.0,5211166000.0,4380590000.0,4184759000.0,4901931000.0,6552067000.0,5628085000.0,5103805000.0,5161530000.0,7529364000.0,7884685000.0,6900379000.0,8310782000.0,8680895000.0,6087100000.0,5911913000.0,5694023000.0,7363933000.0,6580158000.0,6088042000.0,6721016000.0,4792005000.0,3157336000.0,4177015000.0,3478288000.0,2022695000.0,2375577000.0,3357173000.0,5699413000.0,4784724000.0,4216312000.0,2703512000.0,3544337000.0,3353891000.0,3419571000.0
root/LatinAmerica&CaribbeanNicaragua,root,80315000.0,67669000.0,104666000.0,188135000.0,178475000.0,197169000.0,204347000.0,207791000.0,198353000.0,308605000.0,447539000.0,501896000.0,625141000.0,659542000.0,586833000.0,1128827000.0,1015280000.0,771324000.0,1083022000.0,690880000.0,561614000.0,714186000.0,754835000.0,941862000.0,1095494000.0,1074834000.0,657389000.0,414950000.0,788557000.0,697271000.0,634523000.0,832293000.0,915200000.0,826704000.0,769946000.0,672679000.0,995360000.0,666092000.0,749696000.0,690099000.0,746477000.0,824323000.0,929185000.0,1181904000.0,1270771000.0,1607543000.0,2009245000.0
root/LatinAmerica&CaribbeanPanama,root,91883000.0,124775000.0,110565000.0,151786000.0,152938000.0,200377000.0,186384000.0,367273000.0,358797000.0,401827000.0,521675000.0,521861000.0,487034000.0,571601000.0,430016000.0,341400000.0,309608000.0,355425000.0,269730000.0,221026000.0,214057000.0,152795000.0,337551000.0,549223000.0,564306000.0,520556000.0,448003000.0,533581000.0,701199000.0,736142000.0,719370000.0,612624000.0,598671000.0,552443000.0,474282000.0,411350000.0,731478000.0,848257000.0,1008431000.0,866932000.0,894764000.0,1210791000.0,1059499000.0,866422000.0,903004000.0,1010301000.0,1547325000.0
root/LatinAmerica&CaribbeanParaguay,root,89026000.0,121642000.0,113867000.0,126040000.0,149164000.0,231795000.0,197333000.0,173711000.0,201124000.0,418091000.0,441022000.0,549811000.0,773172000.0,703473000.0,657300000.0,639661000.0,577603000.0,594734000.0,523082000.0,384346000.0,456337000.0,334105000.0,710737000.0,810542000.0,1031360000.0,1171130000.0,1042164000.0,1010517000.0,914901000.0,756981000.0,637220000.0,700481000.0,631399000.0,599230000.0,757744000.0,607256000.0,968042000.0,880792000.0,896043000.0,1015918000.0,1027266000.0,1208228000.0,1274315000.0,1278643000.0,1335077000.0,1671123000.0,1723390000.0
root/LatinAmerica&CaribbeanPeru,root,245493000.0,248412000.0,303735000.0,432103000.0,696939000.0,572151000.0,1193793000.0,1029550000.0,832728000.0,1254346000.0,1153951000.0,1502133000.0,1922887000.0,1959377000.0,1870232000.0,1803315000.0,1489821000.0,1185898000.0,1019350000.0,1071530000.0,865655000.0,1035269000.0,2058491000.0,1130168000.0,1592716000.0,1750693000.0,3061088000.0,2774606000.0,2232864000.0,4033789000.0,3305842000.0,2647447000.0,2666015000.0,2627796000.0,2333090000.0,1749629000.0,1633823000.0,1306270000.0,1497819000.0,2260111000.0,2545123000.0,2343180000.0,2529165000.0,2543992000.0,2613499000.0,2521867000.0,4958775000.0
root/LatinAmerica&CaribbeanStLucia,root,0,0,0,0,0,0,0,0,0,0,0,5735000.0,8347000.0,6080000.0,13930000.0,11640000.0,31459000.0,46904000.0,38163000.0,24375000.0,53516000.0,66822000.0,155421000.0,137958000.0,761992000.0,847205000.0,795713000.0,700649000.0,736001000.0,637157000.0,709571000.0,703295000.0,823379000.0,1094784000.0,1134450000.0,1018581000.0,1078987000.0,1157767000.0,1136272000.0,1151296000.0,1088855000.0,51646000.0,50658000.0,37981000.0,98700000.0,124918000.0,131281000.0
root/LatinAmerica&CaribbeanStVincentandtheGrenadines,root,0,241000.0,2463000.0,2483000.0,2459000.0,3491000.0,4581000.0,4583000.0,5138000.0,10501000.0,12199000.0,8141000.0,6260000.0,7945000.0,27152000.0,27207000.0,24019000.0,29780000.0,30289000.0,26240000.0,29644000.0,30804000.0,31833000.0,36359000.0,30834000.0,40035000.0,53257000.0,44682000.0,34137000.0,26639000.0,18950000.0,16275000.0,35060000.0,49148000.0,57035000.0,76607000.0,62203000.0,77560000.0,37058000.0,53956000.0,39591000.0,62505000.0,78504000.0,103037000.0,116272000.0,99828000.0,81952000.0
root/LatinAmerica&CaribbeanVenezuelaRB,root,121696000.0,234127000.0,256269000.0,345238000.0,349418000.0,114687000.0,91751000.0,102041000.0,73595000.0,73751000.0,100524000.0,120015000.0,87287000.0,51592000.0,57185000.0,87407000.0,688586000.0,623224000.0,894481000.0,1302649000.0,1566464000.0,2073462000.0,2207125000.0,2942489000.0,2836428000.0,2432647000.0,2243519000.0,3368495000.0,3299242000.0,2431558000.0,1829249000.0,1635529000.0,1638555000.0,1438842000.0,2290373000.0,2093601000.0,2020577000.0,1909841000.0,1615306000.0,3447843000.0,5225390000.0,3686804000.0,3920655000.0,5457172000.0,4345734000.0,3527265000.0,2395346000.0
root/MiddleEast&NorthAfricaAlgeria,root,578909000.0,804882000.0,862288000.0,1153480000.0,1364295000.0,1710149000.0,2243428000.0,2576516000.0,3341494000.0,3514461000.0,4168585000.0,3779280000.0,3565343000.0,2538610000.0,2180061000.0,1930398000.0,2091044000.0,3238838000.0,3421095000.0,5173964000.0,5265962000.0,5982666000.0,5727598000.0,6717250000.0,6041557000.0,6013013000.0,4963835000.0,4406753000.0,4017368000.0,3661478000.0,2904034000.0,3213512000.0,2365618000.0,2171787000.0,1738899000.0,1311288000.0,751248000.0,857843000.0,605651000.0,450301000.0,358991000.0,330915000.0,301061000.0,111573000.0,104887000.0,102946000.0,102164000.0
root/MiddleEast&NorthAfricaDjibouti,root,0,0,0,552000.0,0,4704000.0,2049000.0,395000.0,0,4597000.0,23393000.0,55040000.0,77174000.0,106280000.0,116584000.0,121295000.0,114498000.0,127122000.0,118077000.0,175007000.0,161444000.0,151633000.0,142777000.0,137163000.0,107888000.0,88760000.0,55708000.0,45718000.0,47249000.0,96040000.0,134559000.0,163659000.0,161386000.0,176730000.0,213836000.0,241272000.0,233634000.0,220241000.0,207785000.0,166243000.0,182803000.0,173492000.0,284968000.0,1162350000.0,1020526000.0,765211000.0,760758000.0
root/MiddleEast&NorthAfricaEgyptArabRep,root,281732000.0,384317000.0,313761000.0,389404000.0,807608000.0,1514379000.0,2069951000.0,3434618000.0,3153705000.0,4632379000.0,4126898000.0,3888404000.0,3135544000.0,3620387000.0,3919638000.0,2947385000.0,3143148000.0,3228162000.0,3383092000.0,3337668000.0,3344853000.0,4754651000.0,5062437000.0,4500693000.0,3860131000.0,3244916000.0,2521401000.0,1943659000.0,1698795000.0,1430619000.0,1701590000.0,1724455000.0,2301643000.0,3329649000.0,7431793000.0,6625584000.0,8804597000.0,6691981000.0,8533318000.0,9211725000.0,11826720000.0,11935803000.0,13512327000.0,13059462000.0,14356957000.0,18099206000.0,15562538000.0
root/MiddleEast&NorthAfricaIranIslamicRep,root,0,0,0,0,0,0,0,0,0,0,63198000.0,57510000.0,1682000.0,888000.0,661000.0,839000.0,983000.0,1188000.0,0,0,250000000.0,286000000.0,2002111000.0,2385261000.0,1550013000.0,1608955000.0,1392115000.0,1127828000.0,798880000.0,682663000.0,1426772000.0,1449170000.0,1394937000.0,1147745000.0,1852157000.0,1828107000.0,1342913000.0,1031151000.0,703819000.0,435385000.0,237234000.0,176693000.0,163277000.0,149102000.0,60555000.0,124801000.0,95180000.0
root/MiddleEast&NorthAfricaJordan,root,60594000.0,60075000.0,71608000.0,145733000.0,200590000.0,191107000.0,366750000.0,518427000.0,725809000.0,808476000.0,1135073000.0,934799000.0,795172000.0,779064000.0,1136583000.0,1047473000.0,1066875000.0,1054174000.0,951204000.0,853982000.0,1123523000.0,1015375000.0,757900000.0,820371000.0,1295075000.0,1960597000.0,1584992000.0,1202070000.0,1328831000.0,1307245000.0,1458489000.0,1208588000.0,1022167000.0,1000822000.0,993907000.0,1007195000.0,883069000.0,956964000.0,1055529000.0,1209599000.0,1019712000.0,796234000.0,1013155000.0,926305000.0,834319000.0,989215000.0,1049221000.0
root/MiddleEast&NorthAfricaLebanon,root,980000.0,932000.0,932000.0,40532000.0,40532000.0,34209000.0,34209000.0,157215000.0,222834000.0,203619000.0,173476000.0,144557000.0,119941000.0,231855000.0,189523000.0,212747000.0,215805000.0,189746000.0,125068000.0,119299000.0,116566000.0,193745000.0,228790000.0,508593000.0,718923000.0,1095278000.0,1222355000.0,1565703000.0,1525505000.0,1321674000.0,1219437000.0,1009535000.0,1300828000.0,1606439000.0,1631183000.0,1850453000.0,1931763000.0,1967549000.0,1858053000.0,1710120000.0,1488979000.0,1321056000.0,1351005000.0,944183000.0,867166000.0,1384536000.0,1325146000.0
root/MiddleEast&NorthAfricaMorocco,root,221408000.0,209006000.0,260533000.0,274110000.0,516395000.0,408905000.0,476643000.0,649652000.0,1561938000.0,1803507000.0,1881674000.0,2099880000.0,1809391000.0,2489232000.0,2231603000.0,2266832000.0,2421822000.0,2902448000.0,2849822000.0,2968531000.0,3421891000.0,3870448000.0,3764293000.0,4174990000.0,4402564000.0,5304647000.0,3936051000.0,3770382000.0,3613167000.0,3818893000.0,3278597000.0,3685087000.0,4522647000.0,5371912000.0,6129116000.0,5923167000.0,6654603000.0,8291359000.0,7709777000.0,7478292000.0,8904280000.0,8387921000.0,9994091000.0,11081673000.0,10830227000.0,9839650000.0,8149191000.0
root/MiddleEast&NorthAfricaSyrianArabRepublic,root,0,0,0,0,0,0,0,0,0,0,0,0,0,0,0,0,0,0,0,0,0,0,0,0,0,901055000.0,640219000.0,422077000.0,298811000.0,148736000.0,180322000.0,271228000.0,0,0,0,0,0,0,2566523000.0,2893687000.0,3009655000.0,2863045000.0,2880975000.0,2938587000.0,1512317000.0,1445723000.0,1425660000.0
root/MiddleEast&NorthAfricaTunisia,root,269448000.0,310420000.0,345280000.0,411670000.0,482577000.0,638671000.0,895134000.0,999040000.0,1090935000.0,1375363000.0,1578619000.0,1703499000.0,1844912000.0,1967297000.0,1992557000.0,2035414000.0,2345924000.0,2407077000.0,3043075000.0,3311087000.0,3157987000.0,3271670000.0,3114013000.0,3420543000.0,2992444000.0,3396927000.0,3193402000.0,3087413000.0,3590482000.0,5991700000.0,3965502000.0,4468139000.0,5182015000.0,6810554000.0,5119438000.0,4780639000.0,5261345000.0,5235764000.0,5836209000.0,5968021000.0,5783176000.0,6749423000.0,7455130000.0,7500685000.0,7015897000.0,6170592000.0,5913442000.0
root/MiddleEast&NorthAfricaYemenRep,root,0,182645000.0,226491000.0,274566000.0,344405000.0,411103000.0,489185000.0,629640000.0,873417000.0,1300799000.0,1261768000.0,1400424000.0,1630326000.0,1286056000.0,1164553000.0,1269724000.0,1022457000.0,1087674000.0,1267345000.0,1151208000.0,1214799000.0,1123714000.0,1037687000.0,924508000.0,839042000.0,751680000.0,819660000.0,783163000.0,800816000.0,608849000.0,775232000.0,932104000.0,1094984000.0,1317498000.0,1690942000.0,1578300000.0,1584655000.0,1567694000.0,1675873000.0,1491921000.0,1557489000.0,1834742000.0,1778787000.0,1978998000.0,1832984000.0,1712150000.0,1668101000.0
root/SouthAsiaAfghanistan,root,0,0,0,0,0,0,0,0,0,0,0,0,0,0,0,0,0,0,0,0,0,0,0,0,0,0,0,0,0,0,0,0,0,0,0,0,626154000.0,542264000.0,494574000.0,388370000.0,294889000.0,230448000.0,171741000.0,111300000.0,101600000.0,68903000.0,55267000.0
root/SouthAsiaBangladesh,root,0,0,301304000.0,488562000.0,1002371000.0,1298756000.0,1247739000.0,1495288000.0,1865827000.0,1782040000.0,2131057000.0,2292690000.0,2768689000.0,3125746000.0,3279508000.0,3662908000.0,3751489000.0,4484243000.0,4168718000.0,3968437000.0,4125227000.0,4230857000.0,4188583000.0,4175309000.0,4068868000.0,4006154000.0,3075880000.0,2967225000.0,3494834000.0,3755402000.0,3321856000.0,2870351000.0,2947499000.0,3570706000.0,3854024000.0,3706766000.0,3904707000.0,4757656000.0,5306772000.0,5567948000.0,7684325000.0,12433305000.0,14603450000.0,12877740000.0,12903623000.0,15281913000.0,31089154000.0
root/SouthAsiaBhutan,root,0,0,0,0,0,0,0,0,0,0,0,6018000.0,4868000.0,18130000.0,30727000.0,56711000.0,58515000.0,63902000.0,63293000.0,53648000.0,48406000.0,36522000.0,64892000.0,49263000.0,77427000.0,86595000.0,225270000.0,189749000.0,145962000.0,133475000.0,173942000.0,97678000.0,165137000.0,184235000.0,162441000.0,132837000.0,114741000.0,1564077000.0,1271108000.0,1346611000.0,3029443000.0,2397290000.0,2050898000.0,1664025000.0,1266213000.0,1054471000.0,681926000.0
root/SouthAsiaIndia,root,1729304000.0,2053068000.0,1994153000.0,2422808000.0,3152553000.0,3858328000.0,3364406000.0,4029010000.0,5057554000.0,5283552000.0,7628645000.0,8592340000.0,8842309000.0,8262920000.0,10077317000.0,13365315000.0,14972468000.0,19036211000.0,20133217000.0,22349865000.0,23023670000.0,22470314000.0,18973505000.0,18187169000.0,18721564000.0,19127839000.0,19049076000.0,17787310000.0,16303307000.0,14631156000.0,16102239000.0,16330788000.0,17286608000.0,14498597000.0,18386410000.0,17495655000.0,18566250000.0,21624466000.0,23921419000.0,28197834000.0,28587512000.0,34403523000.0,40847675000.0,37197614000.0,39679809000.0,38194827000.0,38783016000.0
root/SouthAsiaMaldives,root,0,0,0,0,0,0,0,0,15669000.0,16636000.0,19123000.0,21109000.0,19605000.0,20462000.0,23715000.0,18488000.0,15221000.0,29022000.0,24456000.0,41333000.0,49627000.0,30036000.0,67311000.0,67665000.0,59510000.0,54547000.0,38477000.0,28877000.0,38120000.0,57759000.0,75739000.0,70798000.0,149653000.0,127086000.0,126421000.0,100874000.0,202088000.0,181676000.0,300323000.0,232112000.0,247636000.0,318012000.0,373347000.0,326084000.0,319989000.0,791394000.0,1077039000.0
root/SouthAsiaNepal,root,25652000.0,26823000.0,48662000.0,62344000.0,81142000.0,86229000.0,192209000.0,228496000.0,294201000.0,324224000.0,365817000.0,399555000.0,437635000.0,540162000.0,541555000.0,695478000.0,820328000.0,1160195000.0,1182023000.0,1209523000.0,1327189000.0,1229489000.0,1251758000.0,1062991000.0,1028217000.0,859715000.0,988952000.0,857665000.0,756697000.0,637084000.0,464331000.0,573561000.0,652089000.0,870489000.0,1000568000.0,847311000.0,771220000.0,777805000.0,732911000.0,798394000.0,1089518000.0,1627855000.0,1690711000.0,2048264000.0,2235076000.0,2552632000.0,2349785000.0
root/SouthAsiaPakistan,root,1396102000.0,1061202000.0,912535000.0,1143776000.0,2028949000.0,1649465000.0,1883435000.0,2018923000.0,2359521000.0,2638626000.0,2676577000.0,2597918000.0,2586036000.0,3150924000.0,3245155000.0,4201430000.0,5387332000.0,6781362000.0,6966810000.0,7392483000.0,8921482000.0,8655225000.0,8629015000.0,9088986000.0,9649231000.0,9155737000.0,8623447000.0,6708416000.0,6261737000.0,5050598000.0,3222221000.0,3070897000.0,3279131000.0,4074924000.0,4468897000.0,5801045000.0,6005899000.0,5923763000.0,7582099000.0,8152552000.0,9551570000.0,9368243000.0,10231845000.0,9131432000.0,9009575000.0,8450442000.0,12839006000.0
root/SouthAsiaSriLanka,root,207422000.0,205357000.0,273833000.0,284263000.0,331001000.0,470540000.0,479751000.0,493422000.0,571231000.0,615621000.0,898762000.0,1290539000.0,1390478000.0,1317605000.0,1158270000.0,1239931000.0,1390794000.0,1567762000.0,1949996000.0,1634602000.0,2062954000.0,2208133000.0,2239586000.0,2412972000.0,2645780000.0,2509464000.0,2798859000.0,2573950000.0,2546510000.0,2760614000.0,2388164000.0,2336879000.0,2893362000.0,3103610000.0,3331062000.0,3148367000.0,3288200000.0,3898689000.0,4801964000.0,5512142000.0,6845490000.0,7125772000.0,7059743000.0,6670505000.0,8228469000.0,7789330000.0,9155036000.0
root/Sub-SaharanAfricaAngola,root,0,0,0,0,0,0,0,0,0,0,0,0,0,0,0,0,0,0,0,426549000.0,488399000.0,586685000.0,749918000.0,691821000.0,708073000.0,615517000.0,347557000.0,323597000.0,249672000.0,167785000.0,158611000.0,118553000.0,103875000.0,168289000.0,2500466000.0,12190820000.0,12649072000.0,12855834000.0,11822356000.0,13421981000.0,14603143000.0,20456550000.0,22212057000.0,21255294000.0,21665348000.0,20680719000.0,23863406000.0
root/Sub-SaharanAfricaBenin,root,15288000.0,15671000.0,82494000.0,61980000.0,60726000.0,68181000.0,139123000.0,146001000.0,192929000.0,167749000.0,158143000.0,187537000.0,197469000.0,197324000.0,278449000.0,320890000.0,342377000.0,377911000.0,407337000.0,394504000.0,372353000.0,433791000.0,427113000.0,353069000.0,326025000.0,348226000.0,337264000.0,316856000.0,381178000.0,403157000.0,433599000.0,395683000.0,475860000.0,461648000.0,482375000.0,595739000.0,558080000.0,663561000.0,680156000.0,824276000.0,929951000.0,1053794000.0,1127366000.0,1258178000.0,1437332000.0,1572169000.0,1777884000.0
root/Sub-SaharanAfricaBotswana,root,31074000.0,65015000.0,68253000.0,54367000.0,51912000.0,42804000.0,61277000.0,94841000.0,85974000.0,74442000.0,118007000.0,132652000.0,222011000.0,299290000.0,270118000.0,291642000.0,330649000.0,304672000.0,334665000.0,330980000.0,373194000.0,324235000.0,287023000.0,240540000.0,183180000.0,97407000.0,105816000.0,89025000.0,71929000.0,62002000.0,33974000.0,29662000.0,31948000.0,48925000.0,46903000.0,31460000.0,110825000.0,108724000.0,53706000.0,824977000.0,1150795000.0,554627000.0,490435000.0,467113000.0,270913000.0,195147000.0,158059000.0
root/Sub-SaharanAfricaBurkinaFaso,root,8960000.0,11642000.0,21576000.0,92598000.0,100045000.0,127116000.0,159997000.0,161949000.0,167503000.0,178316000.0,214416000.0,209712000.0,302179000.0,294944000.0,306975000.0,391709000.0,388822000.0,398495000.0,359602000.0,482749000.0,524807000.0,565565000.0,568335000.0,535856000.0,571146000.0,493726000.0,397995000.0,463286000.0,561110000.0,548761000.0,482220000.0,656833000.0,739604000.0,927512000.0,875786000.0,808387000.0,923818000.0,1149032000.0,1229014000.0,1197025000.0,990097000.0,921788000.0,727604000.0,1144851000.0,1371764000.0,1491099000.0,1657206000.0
root/Sub-SaharanAfricaBurundi,root,2424945.3,1928947.5,23656074.7,25109819.4,32999544.0,46027875.8,61492739.6,79349769.0,100691605.6,128015571.2,183897042.4,291371299.6,299621968.0,258519038.8,257637194.5,351720323.6,328578467.8,315724134.9,397504166.4,398806519.1,457052688.2,480185357.3,425998290.6,416764587.4,378237418.8,321388098.8,241890487.5,155953751.5,130374526.0,129476416.1,128452770.3,159297428.3,200188904.7,165036668.3,202517170.3,179374317.3,150276376.3,119979861.3,137977925.4,120126396.4,87381551.6,175673988.6,147060323.7,268480297.4,383776755.7,366969631.1,343148377.5
root/Sub-SaharanAfricaCaboVerde,root,0,0,0,0,0,0,0,0,0,0,0,64898000.0,62034000.0,65796000.0,73016000.0,70378000.0,76579000.0,72587000.0,68002000.0,69832000.0,99853000.0,106056000.0,124199000.0,161285000.0,166815000.0,163570000.0,132294000.0,116689000.0,146584000.0,152817000.0,137217000.0,128970000.0,128402000.0,125679000.0,133006000.0,148686000.0,127698000.0,306259000.0,578552000.0,707157000.0,578103000.0,473965000.0,579518000.0,595178000.0,440264000.0,327472000.0,283404000.0
root/Sub-SaharanAfricaCameroon,root,106090000.0,99372000.0,88443000.0,198161000.0,252978000.0,280379000.0,361382000.0,403142000.0,539708000.0,687202000.0,573033000.0,510142000.0,682801000.0,688265000.0,739595000.0,942787000.0,978429000.0,1156906000.0,1347399000.0,1586683000.0,1610722000.0,1778483000.0,1605984000.0,1387400000.0,1284469000.0,1259960000.0,1211524000.0,1011850000.0,1287786000.0,1051447000.0,789310000.0,868827000.0,970246000.0,985768000.0,832036000.0,656525000.0,581490000.0,901305000.0,933300000.0,1556041000.0,1827024000.0,3226380000.0,3791089000.0,3605173000.0,3456239000.0,4374870000.0,4717910000.0
root/Sub-SaharanAfricaCentralAfricanRepublic,root,10847977.0,11191483.0,11635273.4,10368426.0,13979839.4,31162499.3,28964806.3,30125035.2,53523584.6,50126069.4,60698496.7,39763056.7,82726449.5,132668315.2,118988650.5,126081259.2,152906668.0,139824247.2,116882142.9,159757459.9,235830333.9,234350674.3,231275949.4,187011982.2,133300128.9,119134011.7,82982620.3,65541436.7,45738559.8,17235246.0,19859920.6,29793000.0,30620000.0,27171000.0,20602000.0,19082000.0,20001000.0,20958000.0,71919000.0,59090029.6,93797204.9,84621363.0,213472317.0,246620678.7,159084893.2,214981256.0,199534566.7
root/Sub-SaharanAfricaChad,root,10793000.0,10154000.0,11357000.0,34992000.0,100926000.0,47189000.0,101421000.0,94890000.0,95258000.0,82463000.0,75536000.0,85864000.0,81536000.0,74494000.0,72599000.0,85482000.0,98895000.0,166458000.0,271413000.0,360599000.0,370153000.0,358377000.0,323355000.0,325746000.0,342692000.0,410222000.0,338244000.0,304859000.0,356876000.0,280821000.0,393193000.0,483911000.0,510969000.0,527994000.0,504852000.0,441916000.0,356079000.0,462238000.0,382321000.0,747878000.0,380220000.0,396753000.0,685934000.0,714701000.0,718518000.0,715875000.0,665487000.0
root/Sub-SaharanAfricaComoros,root,0,96000.0,59000.0,433000.0,465000.0,1454000.0,15313000.0,19636000.0,29334000.0,40148000.0,48824000.0,43062000.0,89694000.0,101469000.0,86624000.0,67329000.0,50171000.0,63721000.0,56107000.0,56136000.0,56536000.0,83570000.0,59557000.0,33322000.0,37303000.0,33358000.0,17257000.0,30593000.0,33853000.0,30641000.0,26987000.0,31108000.0,21812000.0,13634000.0,24826000.0,9371000.0,6642000.0,1805000.0,497000.0,0,32463000.0,34122000.0,34183000.0,35232000.0,35136000.0,74120000.0,37547000.0
root/Sub-SaharanAfricaCongoDemRep,root,52124000.0,105543000.0,112866000.0,252907000.0,514133000.0,572557000.0,510883000.0,437494000.0,602428000.0,664141000.0,743042000.0,584419000.0,665015000.0,609168000.0,650374000.0,868754000.0,1234946000.0,1551518000.0,1471959000.0,1706921000.0,1589871000.0,1342426000.0,1159600000.0,1015371000.0,893362000.0,908055000.0,756562000.0,753402000.0,614587000.0,261663000.0,164673000.0,53317000.0,534518000.0,681826000.0,958502000.0,689291000.0,578534000.0,498987000.0,419209000.0,300800000.0,293761000.0,1131470000.0,1054540000.0,782745000.0,655513000.0,725664000.0,955637000.0
root/Sub-SaharanAfricaCongoRep,root,35495000.0,43314000.0,78063000.0,95650000.0,118364000.0,97402000.0,226806000.0,261319000.0,264564000.0,178835000.0,225109000.0,229556000.0,201231000.0,304747000.0,242993000.0,223177000.0,305155000.0,440955000.0,329577000.0,318633000.0,347232000.0,282085000.0,329689000.0,296045000.0,172126000.0,183417000.0,135760000.0,97951000.0,23736000.0,23958000.0,46439000.0,53035000.0,100096000.0,345579000.0,368762000.0,765039000.0,634517000.0,609556000.0,602762000.0,988943000.0,800417000.0,658730000.0,1506578000.0,1035465000.0,860004000.0,1031908000.0,1271525000.0
root/Sub-SaharanAfricaCotedIvoire,root,107655000.0,129769000.0,182270000.0,201647000.0,246533000.0,333256000.0,480233000.0,850802000.0,780111000.0,862918000.0,754337000.0,1128622000.0,830907000.0,932069000.0,650271000.0,910465000.0,1169174000.0,1040313000.0,1269832000.0,1243343000.0,1334284000.0,1426178000.0,1555026000.0,1358564000.0,1116152000.0,1126776000.0,1130273000.0,1083119000.0,1093916000.0,868926000.0,626053000.0,571451000.0,724168000.0,727203000.0,834580000.0,706475000.0,720594000.0,806327000.0,951980000.0,1246787000.0,1061602000.0,1095968000.0,3699951000.0,4245680000.0,6123049000.0,5080000000.0,4177320000.0
root/Sub-SaharanAfricaEritrea,root,0,0,0,0,0,0,0,0,0,0,0,0,0,0,0,0,0,0,0,0,0,0,0,0,29589000.0,133663000.0,154016000.0,277571000.0,313540000.0,201234000.0,314610000.0,283586000.0,310613000.0,288671000.0,248109000.0,162980000.0,170428000.0,202238000.0,165872000.0,157608000.0,144682000.0,122888000.0,85798000.0,59719000.0,38951000.0,41923000.0,31421000.0
root/Sub-SaharanAfricaEthiopia,root,104579000.0,103825000.0,133268000.0,180435000.0,245533000.0,293231000.0,266646000.0,315219000.0,321331000.0,335362000.0,382905000.0,3376082000.0,1998837000.0,1528177000.0,1513822000.0,1398573000.0,1344944000.0,1463155000.0,1385102000.0,1549467000.0,1565416000.0,1289222000.0,1152211000.0,1393301000.0,1315079000.0,1217411000.0,1020832000.0,845195000.0,1756662000.0,1435881000.0,1661697000.0,1482036000.0,1452157000.0,1503681000.0,1497281000.0,1730161000.0,1834812000.0,2445532000.0,3135415000.0,3159229000.0,4450008000.0,4701487000.0,6114124000.0,9884653000.0,10024175000.0,9348411000.0,9698053000.0
root/Sub-SaharanAfricaGabon,root,14670000.0,7477000.0,6807000.0,19013000.0,41947000.0,55687000.0,64568000.0,67124000.0,133259000.0,114727000.0,132630000.0,147834000.0,200178000.0,231647000.0,235338000.0,229155000.0,278953000.0,316515000.0,360729000.0,361568000.0,268204000.0,271318000.0,223365000.0,480978000.0,547887000.0,409172000.0,444666000.0,380556000.0,355483000.0,313164000.0,168185000.0,157890000.0,219723000.0,248547000.0,227901000.0,215451000.0,201768000.0,611557000.0,1141769000.0,962604000.0,1002823000.0,918404000.0,992984000.0,1408933000.0,890694000.0,1084799000.0,1549704000.0
root/Sub-SaharanAfricaGambiaThe,root,5535000.0,7648000.0,5961000.0,7518000.0,10345000.0,24425000.0,40875000.0,62960000.0,65013000.0,73277000.0,87718000.0,57138000.0,70188000.0,82356000.0,98997000.0,98943000.0,112109000.0,110684000.0,117349000.0,149536000.0,167653000.0,143454000.0,103371000.0,78895000.0,102776000.0,124489000.0,71212000.0,64669000.0,112093000.0,143809000.0,142000000.0,195852000.0,246172000.0,230523000.0,217850000.0,206043000.0,190481000.0,186477000.0,221518000.0,219183000.0,177269000.0,233220000.0,266758000.0,291376000.0,284889000.0,315755000.0,362235000.0
root/Sub-SaharanAfricaGhana,root,76190000.0,92471000.0,51658000.0,56934000.0,87886000.0,223246000.0,257684000.0,433653000.0,454466000.0,495883000.0,431079000.0,382075000.0,366632000.0,363372000.0,404053000.0,771240000.0,812769000.0,1072014000.0,1097292000.0,1282499000.0,1591277000.0,1461669000.0,1585671000.0,1606376000.0,1619119000.0,1799607000.0,1695935000.0,1366023000.0,1158880000.0,1144076000.0,963268000.0,1172482000.0,1024615000.0,1246123000.0,1411815000.0,1313149000.0,1715386000.0,2276120000.0,3742336000.0,3804318000.0,3861405000.0,6757992000.0,6677080000.0,5761595000.0,4723289000.0,4074801000.0,4357578000.0
root/Sub-SaharanAfricaGuinea,root,175513000.0,137243000.0,80053000.0,93389000.0,148130000.0,190652000.0,225482000.0,223162000.0,249156000.0,290928000.0,411872000.0,371492000.0,316201000.0,327905000.0,542095000.0,671842000.0,837751000.0,1015194000.0,992878000.0,931799000.0,1182375000.0,1050188000.0,998368000.0,761585000.0,624688000.0,635930000.0,603418000.0,468432000.0,350131000.0,276807000.0,262865000.0,344163000.0,342351000.0,297690000.0,656817000.0,369894000.0,325074000.0,272206000.0,227269000.0,188400000.0,164813000.0,209292000.0,150685000.0,146747000.0,129571000.0,222867000.0,280489000.0
root/Sub-SaharanAfricaGuineaBissau,root,0,0,0,0,250000.0,28945000.0,51663000.0,51134000.0,54131000.0,81538000.0,66065000.0,51563000.0,67147000.0,123567000.0,135868000.0,120976000.0,116074000.0,158518000.0,133290000.0,180838000.0,253738000.0,225567000.0,187562000.0,175948000.0,154559000.0,132712000.0,91663000.0,85523000.0,76668000.0,66447000.0,74894000.0,79736000.0,117425000.0,107710000.0,78940000.0,66313000.0,58957000.0,43404000.0,40238000.0,31002000.0,26506000.0,13359000.0,10710000.0,9751000.0,30475000.0,98387000.0,137708000.0
root/Sub-SaharanAfricaKenya,root,119296000.0,143600000.0,188320000.0,204291000.0,279191000.0,489030000.0,438793000.0,618944000.0,870217000.0,978941000.0,1240513000.0,1201077000.0,1340320000.0,1264514000.0,1200492000.0,1175182000.0,1169531000.0,1199384000.0,1115645000.0,1316853000.0,1603045000.0,1673550000.0,1530614000.0,1431920000.0,1341732000.0,1035465000.0,1082895000.0,1086921000.0,1071221000.0,1018728000.0,997868000.0,872175000.0,699147000.0,712178000.0,1119418000.0,1133346000.0,1680708000.0,2584999000.0,2639986000.0,3704851000.0,5462927000.0,5712999000.0,7623427000.0,7480758000.0,9284793000.0,9680805000.0,9767986000.0
root/Sub-SaharanAfricaLesotho,root,145000.0,0,0,6188000.0,8191000.0,18455000.0,24091000.0,43855000.0,49461000.0,85776000.0,110033000.0,133012000.0,101266000.0,104064000.0,141630000.0,135574000.0,161203000.0,203221000.0,338876000.0,313659000.0,312312000.0,427635000.0,383753000.0,378760000.0,341331000.0,309675000.0,222457000.0,165203000.0,161312000.0,297124000.0,220945000.0,145040000.0,113731000.0,115049000.0,142560000.0,129972000.0,126876000.0,173899000.0,148782000.0,148153000.0,334941000.0,333531000.0,350182000.0,343207000.0,296800000.0,213011000.0,220184000.0
root/Sub-SaharanAfricaLiberia,root,18187000.0,17335000.0,25042000.0,39967000.0,59274000.0,94466000.0,96096000.0,114599000.0,246831000.0,263264000.0,220204000.0,181733000.0,246495000.0,203366000.0,189766000.0,185228000.0,150229000.0,139541000.0,86540000.0,55332000.0,84491000.0,80053000.0,73749000.0,39962000.0,35766000.0,17642000.0,16566000.0,14655000.0,15569000.0,2984000.0,0,0,0,0,0,0,5122000.0,5476000.0,5853000.0,5858000.0,16050000.0,109253000.0,424379000.0,700538000.0,677374000.0,560530000.0,577088000.0
root/Sub-SaharanAfricaMadagascar,root,176500000.0,132290000.0,494456000.0,488126000.0,224630000.0,140571000.0,150909000.0,218129000.0,379891000.0,485346000.0,471549000.0,426794000.0,388369000.0,378433000.0,432975000.0,515939000.0,638934000.0,797665000.0,883903000.0,818327000.0,888274000.0,764821000.0,705625000.0,662549000.0,655352000.0,638658000.0,542337000.0,500135000.0,579499000.0,557387000.0,577100000.0,679268000.0,684442000.0,789745000.0,877569000.0,790047000.0,809278000.0,739486000.0,921008000.0,887028000.0,668017000.0,557393000.0,597993000.0,577369000.0,538337000.0,660130000.0,875890000.0
root/Sub-SaharanAfricaMalawi,root,38667000.0,37882000.0,57428000.0,65597000.0,97284000.0,89423000.0,89520000.0,145689000.0,208368000.0,156925000.0,151892000.0,189979000.0,141731000.0,172800000.0,202113000.0,346316000.0,359345000.0,433486000.0,422180000.0,401391000.0,562919000.0,622540000.0,670587000.0,620885000.0,701407000.0,579788000.0,598870000.0,472057000.0,551006000.0,472635000.0,379000000.0,315117000.0,328469000.0,340353000.0,402454000.0,304034000.0,187113000.0,225906000.0,304980000.0,411759000.0,419509000.0,555973000.0,869098000.0,779890000.0,705374000.0,625147000.0,616870000.0
root/Sub-SaharanAfricaMali,root,50364000.0,52106000.0,52189000.0,113574000.0,114956000.0,142702000.0,213474000.0,259083000.0,283458000.0,309111000.0,361151000.0,364551000.0,524874000.0,459015000.0,472436000.0,523701000.0,545215000.0,556363000.0,554723000.0,639194000.0,637420000.0,668265000.0,692106000.0,671531000.0,640011000.0,623132000.0,693865000.0,602990000.0,581637000.0,592974000.0,701784000.0,839333000.0,824990000.0,798363000.0,869656000.0,966382000.0,1127987000.0,1383152000.0,1372452000.0,1373675000.0,1595910000.0,1973508000.0,1913192000.0,2073351000.0,2296089000.0,2122748000.0,2220217000.0
root/Sub-SaharanAfricaMauritania,root,11045000.0,49592000.0,48294000.0,65898000.0,135346000.0,162325000.0,197466000.0,199390000.0,254424000.0,600290000.0,652636000.0,676965000.0,639932000.0,583788000.0,576101000.0,602700000.0,573119000.0,564034000.0,525852000.0,540887000.0,615824000.0,639037000.0,545689000.0,542282000.0,474112000.0,450080000.0,399794000.0,352209000.0,375750000.0,425829000.0,393718000.0,594306000.0,521704000.0,504684000.0,703405000.0,922948000.0,951137000.0,1114419000.0,1130446000.0,1706625000.0,1787929000.0,1994187000.0,2003836000.0,2131295000.0,2267789000.0,2996086000.0,2969726000.0
root/Sub-SaharanAfricaMauritius,root,15050000.0,18372000.0,55208000.0,69796000.0,85339000.0,87156000.0,92361000.0,116046000.0,147226000.0,142740000.0,171491000.0,141897000.0,183303000.0,212782000.0,176894000.0,175308000.0,194895000.0,228838000.0,180659000.0,179243000.0,232104000.0,229235000.0,227324000.0,212072000.0,259489000.0,384149000.0,352108000.0,280673000.0,263578000.0,219334000.0,186437000.0,296016000.0,394627000.0,391653000.0,373000000.0,299583000.0,300099000.0,284689000.0,309351000.0,1446317000.0,1381242000.0,1130527000.0,1118398000.0,744203000.0,404037000.0,342055000.0,272773000.0
root/Sub-SaharanAfricaMozambique,root,0,0,0,0,0,0,0,0,0,0,0,0,0,0,739488000.0,712104000.0,524568000.0,567716000.0,636838000.0,904025000.0,1058136000.0,980135000.0,1196927000.0,1199995000.0,1572835000.0,1511308000.0,1181098000.0,1128892000.0,972754000.0,1159819000.0,1235315000.0,1403659000.0,1464637000.0,1445907000.0,1454621000.0,1221273000.0,1256478000.0,1748048000.0,2269168000.0,2551184000.0,3113174000.0,2422167000.0,3546137000.0,4254462000.0,4164510000.0,3823644000.0,3166604000.0
root/Sub-SaharanAfricaNiger,root,24100000.0,25375000.0,19449000.0,38486000.0,91509000.0,92184000.0,139875000.0,149030000.0,190071000.0,195570000.0,280080000.0,259387000.0,319682000.0,277769000.0,294985000.0,325136000.0,406381000.0,463151000.0,434492000.0,400938000.0,384255000.0,379366000.0,376251000.0,364296000.0,361286000.0,318915000.0,340940000.0,331210000.0,434865000.0,310302000.0,283125000.0,409813000.0,366840000.0,438513000.0,418101000.0,389583000.0,482871000.0,438557000.0,1322287000.0,1290145000.0,1216688000.0,938435000.0,1458144000.0,1895166000.0,2108789000.0,2154410000.0,2162733000.0
root/Sub-SaharanAfricaNigeria,root,166772000.0,265064000.0,314395000.0,393277000.0,360668000.0,416499000.0,377860000.0,370960000.0,458162000.0,755166000.0,1111982000.0,1499248000.0,1612665000.0,1881199000.0,1638123000.0,1672943000.0,1776260000.0,1993187000.0,2486992000.0,3032891000.0,3937636000.0,4473692000.0,4708698000.0,4157108000.0,3785514000.0,3181342000.0,2417346000.0,1330558000.0,681420000.0,472796000.0,375260000.0,706549000.0,1070452000.0,1687858000.0,1667212000.0,1889143000.0,1752823000.0,2130622000.0,2690858000.0,3404271000.0,3843920000.0,3286301000.0,3259603000.0,6477962000.0,6432860000.0,6701489000.0,6334115000.0
root/Sub-SaharanAfricaRwanda,root,9696000.0,9533000.0,33491000.0,37206000.0,49660000.0,64357000.0,69526000.0,85611000.0,101165000.0,88087000.0,110387000.0,142286000.0,190115000.0,201774000.0,225278000.0,262885000.0,338642000.0,395170000.0,350518000.0,421208000.0,458954000.0,558866000.0,506767000.0,497536000.0,451583000.0,408147000.0,297138000.0,253617000.0,226364000.0,244944000.0,243833000.0,319293000.0,355468000.0,363529000.0,359595000.0,310506000.0,276419000.0,504542000.0,296046000.0,199541000.0,331111000.0,351347000.0,562658000.0,780522000.0,1036893000.0,1014998000.0,1041208000.0
root/Sub-SaharanAfricaSaoTomeandPrincipe,root,0,0,0,0,0,0,0,27820000.0,38550000.0,34560000.0,32118000.0,30058000.0,31569000.0,23308000.0,28242000.0,33793000.0,51746000.0,74872000.0,65436000.0,61654000.0,87463000.0,75895000.0,85710000.0,71148000.0,71599000.0,60072000.0,48460000.0,50431000.0,45217000.0,26500000.0,33867000.0,36987000.0,36751000.0,41159000.0,37070000.0,29350000.0,26516000.0,27809000.0,26106000.0,21553000.0,68167000.0,34567000.0,40148000.0,24960000.0,21845000.0,34196000.0,61581000.0
root/Sub-SaharanAfricaSenegal,root,36817000.0,43539000.0,76810000.0,129204000.0,150386000.0,187893000.0,244128000.0,278864000.0,355873000.0,385494000.0,563169000.0,612901000.0,820032000.0,622513000.0,649694000.0,616968000.0,667151000.0,901202000.0,893004000.0,813597000.0,972154000.0,1100506000.0,1006017000.0,880989000.0,785185000.0,933691000.0,871587000.0,858001000.0,878445000.0,969062000.0,1107120000.0,1151231000.0,1207895000.0,1362675000.0,1311086000.0,1170831000.0,1511300000.0,1432727000.0,1440333000.0,1548983000.0,1492566000.0,1725918000.0,1724126000.0,2071933000.0,2437483000.0,3652136000.0,4572271000.0
root/Sub-SaharanAfricaSierraLeone,root,22310000.0,15676000.0,17848000.0,14629000.0,11253000.0,32372000.0,22568000.0,36573000.0,34490000.0,93966000.0,94965000.0,135370000.0,116273000.0,114598000.0,129741000.0,124490000.0,126893000.0,162963000.0,135492000.0,158739000.0,164362000.0,188680000.0,301852000.0,326846000.0,307201000.0,263053000.0,219012000.0,162506000.0,155599000.0,130628000.0,120875000.0,109378000.0,98868000.0,206746000.0,219784000.0,197509000.0,216605000.0,259915000.0,255313000.0,277388000.0,304230000.0,294539000.0,268941000.0,274799000.0,265784000.0,251151000.0,424161000.0
root/Sub-SaharanAfricaSomalia,root,66707000.0,131255000.0,146779000.0,158496000.0,237066000.0,261101000.0,357541000.0,480909000.0,575714000.0,410943000.0,494332000.0,411327000.0,460715000.0,387114000.0,302167000.0,273866000.0,358930000.0,485789000.0,408675000.0,443309000.0,497194000.0,456190000.0,436746000.0,436679000.0,451639000.0,313608000.0,229902000.0,219153000.0,225785000.0,12368000.0,12331000.0,12285000.0,12422000.0,4516000.0,4537000.0,4540000.0,4601000.0,4396000.0,4349000.0,4184000.0,4277000.0,4308000.0,4268000.0,4255000.0,4098000.0,3955000.0,3922000.0
root/Sub-SaharanAfricaSouthAfrica,root,0,0,0,0,0,0,0,0,0,0,0,0,0,0,0,0,0,0,0,0,0,0,0,0,0,0,0,0,124427000.0,63305000.0,46746000.0,139175000.0,158545000.0,86175000.0,116393000.0,57038000.0,7038000.0,7038000.0,3935000.0,5636255000.0,5637654000.0,5483532000.0,4176094000.0,3407125000.0,2463224000.0,1911987000.0,1509732000.0
root/Sub-SaharanAfricaSudan,root,119276000.0,181085000.0,200384000.0,336333000.0,395181000.0,528433000.0,594495000.0,989633000.0,1289397000.0,1215099000.0,1301379000.0,1059682000.0,985618000.0,900264000.0,864410000.0,984916000.0,1178866000.0,1563899000.0,1572331000.0,1509328000.0,1416661000.0,1163209000.0,1035230000.0,929401000.0,806827000.0,764566000.0,712683000.0,687391000.0,667970000.0,148412000.0,1236954000.0,710787000.0,1015036000.0,1527086000.0,1797606000.0,1756671000.0,1773686000.0,1404267000.0,2958553000.0,3030914000.0,2941712000.0,2705178000.0,2554978000.0,2847887000.0,2690351000.0,2484726000.0,2562738000.0
root/Sub-SaharanAfricaSwaziland,root,0,2200000.0,1415000.0,2102000.0,13039000.0,21986000.0,17471000.0,83105000.0,96297000.0,71628000.0,58286000.0,73120000.0,64406000.0,63054000.0,67018000.0,72613000.0,66826000.0,77110000.0,64212000.0,65058000.0,56707000.0,33036000.0,33080000.0,97226000.0,103778000.0,126607000.0,132365000.0,104874000.0,109887000.0,82126000.0,64829000.0,90987000.0,71091000.0,199487000.0,249899000.0,169530000.0,154062000.0,143688000.0,82488000.0,85511000.0,82378000.0,118183000.0,172427000.0,150243000.0,198531000.0,292986000.0,266571000.0
root/Sub-SaharanAfricaTanzania,root,310894000.0,301522000.0,297950000.0,395396000.0,530840000.0,441183000.0,481385000.0,522533000.0,584413000.0,688417000.0,1086929000.0,794836000.0,701381000.0,654350000.0,510285000.0,428927000.0,504849000.0,823551000.0,794683000.0,697484000.0,1163898000.0,1415833000.0,1238741000.0,1529312000.0,1528953000.0,1292752000.0,1242203000.0,1149844000.0,1099479000.0,887416000.0,972729000.0,1283061000.0,1284172000.0,1185525000.0,1377128000.0,1440989000.0,1673286000.0,1961893000.0,2209595000.0,2126911000.0,3013331000.0,3008111000.0,3305463000.0,3172733000.0,2779593000.0,3971834000.0,3945163000.0
root/Sub-SaharanAfricaTogo,root,6428000.0,4336000.0,98614000.0,117869000.0,107625000.0,92229000.0,105401000.0,183552000.0,155801000.0,120734000.0,151491000.0,182740000.0,115034000.0,183975000.0,177071000.0,200323000.0,169691000.0,192024000.0,220129000.0,259250000.0,288872000.0,221407000.0,210586000.0,190911000.0,137650000.0,161955000.0,186667000.0,223723000.0,216535000.0,187977000.0,153168000.0,131861000.0,121312000.0,82491000.0,62922000.0,61678000.0,77919000.0,85248000.0,82131000.0,265195000.0,250286000.0,433303000.0,710974000.0,583202000.0,889830000.0,1035868000.0,816670000.0
root/Sub-SaharanAfricaUganda,root,44143000.0,42914000.0,35073000.0,32139000.0,43552000.0,35187000.0,19882000.0,24319000.0,40707000.0,41608000.0,142730000.0,153493000.0,256382000.0,321766000.0,426506000.0,437338000.0,397250000.0,483459000.0,612644000.0,632094000.0,821747000.0,1006658000.0,1232695000.0,1158151000.0,1248067000.0,1065327000.0,844638000.0,689477000.0,713177000.0,790022000.0,669628000.0,873365000.0,1163076000.0,1115380000.0,1014508000.0,962255000.0,910715000.0,1162175000.0,1302303000.0,1562195000.0,1989101000.0,2743373000.0,2611337000.0,2656195000.0,3680765000.0,5293865000.0,4927953000.0
root/Sub-SaharanAfricaZambia,root,291206000.0,267797000.0,258247000.0,433027000.0,459340000.0,365826000.0,338178000.0,349464000.0,564657000.0,781175000.0,671659000.0,646477000.0,729713000.0,670048000.0,711945000.0,759776000.0,779282000.0,961895000.0,745829000.0,683494000.0,724782000.0,548068000.0,598147000.0,531762000.0,611059000.0,664414000.0,572811000.0,523362000.0,550322000.0,614558000.0,621081000.0,625893000.0,500684000.0,434875000.0,405626000.0,316982000.0,303075000.0,338368000.0,341517000.0,477284000.0,1329713000.0,1602496000.0,1491279000.0,2334986000.0,2594196000.0,2821140000.0,3554527000.0
root/Sub-SaharanAfricaZimbabwe,root,0,0,0,0,0,0,0,0,0,0,59547000.0,297141000.0,428992000.0,685977000.0,602063000.0,681710000.0,756608000.0,851933000.0,846870000.0,818052000.0,1160261000.0,1185310000.0,1256809000.0,1239167000.0,1260131000.0,1180739000.0,1156988000.0,991539000.0,1118322000.0,1094458000.0,954811000.0,679120000.0,422324000.0,437198000.0,368437000.0,248252000.0,435777000.0,292671000.0,130662000.0,102907000.0,239746000.0,387269000.0,481216000.0,430009000.0,350743000.0,261511000.0,237654000.0
