root/EastAsia&PacificCambodia,root,0,0,0,0,0,0,0,0,0,0,0,1200000.0,1200000.0,1200000.0,1200000.0,1200000.0,1200000.0,1200000.0,1200000.0,42144000.0,46255000.0,1476815000.0,1468284000.0,1474292000.0,1537067000.0,1620023000.0,1684729000.0,1703469000.0,1772133000.0,1810522000.0,1852583000.0,1917309000.0,2111818000.0,2392930000.0,2604188000.0,2665720000.0,2836535000.0,2039677000.0,2361255000.0,2564625000.0,2874412000.0,3278544000.0,4099290000.0,4625602000.0,5064813000.0,5451171000.0,5646481000.0
root/EastAsia&PacificChina,root,0,0,0,0,0,0,0,0,0,0,0,4913957000.0,5222128000.0,5303637000.0,6185424000.0,9940028000.0,16571442000.0,25963165000.0,32620332000.0,37117926000.0,45515195000.0,49479176000.0,58462552000.0,70076188000.0,82391204000.0,94674475000.0,102260178000.0,112821366000.0,99424140000.0,95392012000.0,94488918000.0,90733682000.0,87373403000.0,83080805000.0,87467482000.0,84212369000.0,85735394000.0,87101173000.0,90837907000.0,94038370000.0,94002768000.0,104777950000.0,128592789000.0,143690600000.0,171216402000.0,138250046000.0,158675323000.0
root/EastAsia&PacificFiji,root,11666000.0,14812000.0,20722000.0,47199000.0,54092000.0,59301000.0,63867000.0,86503000.0,84714000.0,109861000.0,180022000.0,237433000.0,265491000.0,292306000.0,279357000.0,302190000.0,311746000.0,336440000.0,335554000.0,301622000.0,306006000.0,270638000.0,226881000.0,199478000.0,180749000.0,168396000.0,147229000.0,129985000.0,140160000.0,194104000.0,174263000.0,160432000.0,169537000.0,183445000.0,192536000.0,185352000.0,342202000.0,347009000.0,360081000.0,360137000.0,388255000.0,543789000.0,608884000.0,653487000.0,700934000.0,696993000.0,678669000.0
root/EastAsia&PacificIndonesia,root,2486791000.0,3426391000.0,4203425000.0,5244684000.0,6357923000.0,7993813000.0,10003055000.0,11703547000.0,13219709000.0,13375753000.0,15020702000.0,15908141000.0,18317287000.0,21492881000.0,22273342000.0,26783034000.0,32618559000.0,40878818000.0,41158743000.0,44240523000.0,47958787000.0,51866693000.0,53640488000.0,57130947000.0,63911004000.0,65299189000.0,60063932000.0,56018358000.0,67535816000.0,73918386000.0,70025456000.0,68843921000.0,71590349000.0,74497582000.0,72401343000.0,77705108000.0,76625371000.0,80278000000.0,87753461000.0,97447626000.0,103387909000.0,108786238000.0,128044322000.0,128832065000.0,142819733000.0,160180591000.0,177067051000.0
root/EastAsia&PacificLaoPDR,root,8345000.0,15633000.0,18802000.0,32603000.0,41004000.0,44176000.0,107985000.0,172585000.0,247711000.0,297544000.0,335384000.0,376431000.0,415775000.0,438466000.0,508037000.0,608909000.0,859786000.0,1154251000.0,1325337000.0,1465791000.0,1759971000.0,1852017000.0,1889066000.0,1950490000.0,2024356000.0,2094643000.0,2191108000.0,2259816000.0,2396828000.0,2494123000.0,2474065000.0,2534508000.0,2719380000.0,2061274000.0,2349804000.0,2353802000.0,2571601000.0,2931635000.0,3202053000.0,3459731000.0,3750802000.0,4256913000.0,4520795000.0,5123773000.0,5601154000.0,6689455000.0,7301496000.0
root/EastAsia&PacificMalaysia,root,389973000.0,534049000.0,693125000.0,728757000.0,872607000.0,1341563000.0,1606476000.0,2006930000.0,2542417000.0,3083504000.0,4007470000.0,5697664000.0,8158591000.0,11465531000.0,13173560000.0,14510056000.0,16279873000.0,17886612000.0,14634342000.0,12629798000.0,11593448000.0,12539563000.0,12370843000.0,13460253000.0,14692875000.0,16022662000.0,15701972000.0,16807491000.0,18154507000.0,18812282000.0,19124880000.0,24050585000.0,26297181000.0,29269492000.0,33429514000.0,34387296000.0,40238461000.0,42730337000.0,49070020000.0,53717350000.0,61857708000.0,60646653000.0,67391613000.0,68540331000.0,67756833000.0,66385075000.0,65721442000.0
root/EastAsia&PacificMongolia,root,0,0,0,0,0,0,0,0,0,0,0,0,0,0,0,0,0,0,0,0,0,0,276700000.0,343204000.0,405650000.0,472062000.0,485751000.0,533326000.0,650037000.0,841064000.0,833354000.0,823729000.0,949001000.0,1137496000.0,1306638000.0,1266678000.0,1360984000.0,1576178000.0,1657141000.0,1817266000.0,1782021000.0,1825795000.0,3242525000.0,3539900000.0,3498112000.0,3595568000.0,4506249000.0
root/EastAsia&PacificMyanmar,root,38815000.0,42484000.0,53701000.0,273999000.0,320327000.0,322871000.0,348733000.0,532363000.0,850319000.0,1154015000.0,1417528000.0,1607316000.0,1925513000.0,2193371000.0,2223696000.0,2924705000.0,3648980000.0,4278904000.0,4255854000.0,4081388000.0,4482879000.0,4592617000.0,5015945000.0,4959808000.0,6161343000.0,5383254000.0,4807445000.0,5071439000.0,5054919000.0,5339466000.0,5328053000.0,5165382000.0,5647340000.0,6219855000.0,6171842000.0,5815213000.0,5928536000.0,6584290000.0,6461886000.0,6670554000.0,6645760000.0,6619716000.0,6485798000.0,5978012000.0,5175077000.0,5446590000.0,5313846000.0
root/EastAsia&PacificPapuaNewGuinea,root,36175000.0,89377000.0,130419000.0,219580000.0,244320000.0,275037000.0,285983000.0,341504000.0,368042000.0,393269000.0,485472000.0,609473000.0,721136000.0,912997000.0,960341000.0,1069413000.0,1233051000.0,1429578000.0,1252865000.0,1324709000.0,1523039000.0,1631124000.0,1592081000.0,1616133000.0,1732093000.0,1667659000.0,1544860000.0,1338379000.0,1429960000.0,1466672000.0,1454025000.0,1370217000.0,1438778000.0,1504527000.0,1445092000.0,1264109000.0,1210409000.0,1128921000.0,1067392000.0,1044997000.0,1042417000.0,1069334000.0,1130250000.0,1255656000.0,1369079000.0,1501288000.0,1919019000.0
root/EastAsia&PacificPhilippines,root,624976000.0,700332000.0,875559000.0,895171000.0,1132132000.0,1459686000.0,2220011000.0,3023096000.0,4160948000.0,5082456000.0,6362602000.0,7470869000.0,8859147000.0,10570752000.0,11300329000.0,13711551000.0,19262582000.0,22893696000.0,22362180000.0,22333381000.0,24039978000.0,25101097000.0,25832220000.0,27688142000.0,29913015000.0,28525349000.0,27071975000.0,26394770000.0,29172918000.0,34770567000.0,33744454000.0,29211068000.0,32318691000.0,36146690000.0,35981093000.0,35364041000.0,36975577000.0,38137056000.0,39258334000.0,42196218000.0,45094264000.0,44632759000.0,43049625000.0,38593335000.0,38913918000.0,39042133000.0,33394722000.0
root/EastAsia&PacificSamoa,root,2682000.0,2610000.0,4380000.0,9456000.0,13597000.0,15917000.0,20430000.0,28994000.0,36662000.0,46227000.0,53409000.0,54707000.0,58453000.0,58701000.0,63024000.0,63755000.0,64641000.0,71402000.0,71114000.0,71867000.0,90972000.0,113416000.0,117764000.0,140424000.0,154590000.0,160046000.0,153443000.0,138773000.0,143915000.0,146433000.0,137684000.0,134026000.0,146732000.0,166913000.0,174720000.0,167466000.0,163722000.0,185890000.0,205606000.0,226397000.0,299086000.0,342376000.0,396945000.0,412290000.0,417309000.0,407588000.0,390070000.0
root/EastAsia&PacificSolomonIslands,root,0,0,0,0,0,0,0,0,9479000.0,12762000.0,17399000.0,19516000.0,22328000.0,27845000.0,36940000.0,53513000.0,70360000.0,93864000.0,100360000.0,98544000.0,103206000.0,98447000.0,92485000.0,94270000.0,98432000.0,100259000.0,100459000.0,96549000.0,113667000.0,125277000.0,120672000.0,130867000.0,150159000.0,151284000.0,155328000.0,144184000.0,150912000.0,148074000.0,137062000.0,132907000.0,125303000.0,117847000.0,110184000.0,101130000.0,89616000.0,81225000.0,86656000.0
root/EastAsia&PacificThailand,root,324071000.0,356830000.0,386011000.0,441493000.0,512895000.0,616119000.0,822734000.0,1101737000.0,1746879000.0,2695025000.0,3943305000.0,5017004000.0,6033746000.0,6901743000.0,7186418000.0,9853924000.0,11520155000.0,13911915000.0,13285296000.0,12512517000.0,12530929000.0,13309402000.0,13362970000.0,14775863000.0,16265783000.0,16880505000.0,16929035000.0,22323899000.0,28114384000.0,31322995000.0,29462363000.0,26217656000.0,22533792000.0,17711630000.0,14910661000.0,12601976000.0,10686630000.0,8940515000.0,9858606000.0,10667987000.0,15928876000.0,20455670000.0,26541976000.0,25826784000.0,25228183000.0,22419569000.0,23191930000.0
root/EastAsia&PacificTonga,root,0,0,0,0,0,0,0,0,0,0,0,0,0,0,0,23829000.0,28438000.0,35555000.0,36969000.0,38079000.0,44455000.0,44236000.0,42633000.0,43673000.0,57638000.0,62796000.0,62485000.0,57651000.0,64194000.0,68674000.0,65000000.0,62559000.0,71780000.0,82864000.0,83390000.0,79506000.0,81568000.0,86469000.0,88823000.0,104575000.0,143505000.0,180467000.0,187240000.0,188931000.0,183938000.0,164284000.0,150595000.0
root/EastAsia&PacificVanuatu,root,0,0,0,0,0,0,0,0,0,0,0,3009000.0,4076000.0,3621000.0,4938000.0,6763000.0,8236000.0,13651000.0,15278000.0,20815000.0,28618000.0,33629000.0,35397000.0,37190000.0,40581000.0,43945000.0,42880000.0,39735000.0,55166000.0,64511000.0,73069000.0,70220000.0,76469000.0,81974000.0,83559000.0,71888000.0,72005000.0,78074000.0,89713000.0,98808000.0,102626000.0,106486000.0,105230000.0,128387000.0,122826000.0,121133000.0,137387000.0
root/EastAsia&PacificVietnam,root,0,0,0,0,0,0,0,0,0,0,0,25579000.0,42766000.0,52564000.0,54570000.0,61267000.0,65794000.0,65197000.0,493237000.0,19185383000.0,21378093000.0,21360487000.0,21648491000.0,21599010000.0,21853768000.0,21778426000.0,21962313000.0,18982370000.0,19873715000.0,20478161000.0,11583902000.0,11433553000.0,12142527000.0,14285306000.0,15526454000.0,16218525000.0,15995032000.0,18441653000.0,22040167000.0,27345760000.0,32763722000.0,36750302000.0,39939764000.0,42940198000.0,44813210000.0,46364055000.0,48038101000.0
root/Europe&CentralAsiaAlbania,root,0,0,0,0,0,0,0,0,0,0,0,0,0,0,0,0,0,0,0,0,0,86200000.0,126853000.0,178988000.0,247575000.0,332006000.0,406192000.0,413720000.0,506241000.0,583745000.0,921285000.0,970671000.0,995917000.0,1233548000.0,1401789000.0,1374639000.0,1577809000.0,1788735000.0,2298124000.0,2879096000.0,3214798000.0,3369575000.0,3552499000.0,3759276000.0,3665257000.0,3660443000.0,3572310000.0
root/Europe&CentralAsiaArmenia,root,0,0,0,0,0,0,0,0,0,0,0,0,0,0,0,0,0,0,0,0,0,0,0,133903000.0,188628000.0,298280000.0,402669000.0,484427000.0,568633000.0,651399000.0,675129000.0,715606000.0,818495000.0,877229000.0,960650000.0,922508000.0,1037262000.0,1282416000.0,1445834000.0,2376420000.0,2557191000.0,2737780000.0,2957501000.0,3313642000.0,3377776000.0,3995404000.0,4469211000.0
root/Europe&CentralAsiaAzerbaijan,root,0,0,0,0,0,0,0,0,0,0,0,0,0,0,0,0,0,0,0,0,0,0,0,35500000.0,103200000.0,206082000.0,247858000.0,237273000.0,311557000.0,533514000.0,794474000.0,829122000.0,1049157000.0,1274246000.0,1354121000.0,1490647000.0,1809029000.0,2284179000.0,2718326000.0,3357642000.0,3720111000.0,4316668000.0,5695226000.0,6075393000.0,8094166000.0,8505801000.0,10517839000.0
root/Europe&CentralAsiaBelarus,root,0,0,0,0,0,0,0,0,0,0,0,0,0,0,0,0,0,0,0,0,0,0,0,865063000.0,1123830000.0,1301092000.0,728853000.0,681411000.0,796382000.0,709099000.0,688890000.0,664306000.0,748625000.0,709995000.0,744359000.0,785549000.0,841897000.0,3457261000.0,5438554000.0,6241992000.0,8014343000.0,10615611000.0,12559066000.0,14622199000.0,15628094000.0,15468605000.0,17986598000.0
root/Europe&CentralAsiaBosniaandHerzegovina,root,0,0,0,0,0,0,0,0,0,0,0,0,0,0,0,0,0,0,0,0,0,0,0,0,0,0,0,0,0,2244167000.0,1959013000.0,1781928000.0,2035278000.0,2319679000.0,2689892000.0,2562971000.0,2722492000.0,2966842000.0,3008225000.0,3569909000.0,3733355000.0,3874319000.0,4201132000.0,4749700000.0,4626515000.0,4209086000.0,4234361000.0
root/Europe&CentralAsiaBulgaria,root,0,0,0,0,0,0,0,0,0,0,0,772738000.0,1313091000.0,1738593000.0,2583927000.0,3801537000.0,5806002000.0,7914581000.0,8314894000.0,9283085000.0,9834109000.0,9761101000.0,9654712000.0,9693334000.0,8451879000.0,8807883000.0,8223002000.0,7736813000.0,7972777000.0,7727400000.0,7671345000.0,7386634000.0,7479864000.0,7676177000.0,7413666000.0,5075154000.0,5146623000.0,5267868000.0,4830123000.0,5067574000.0,4782303000.0,4579450000.0,5727984000.0,4547184000.0,5715374000.0,8570673000.0,10818416000.0
root/Europe&CentralAsiaGeorgia,root,0,0,0,0,0,0,0,0,0,0,0,0,0,0,0,0,0,0,0,0,0,0,79312000.0,558822000.0,924075000.0,1039407000.0,1106265000.0,1189544000.0,1300986000.0,1309131000.0,1273930000.0,1310633000.0,1444867000.0,1564043000.0,1621811000.0,1531196000.0,1526005000.0,1603625000.0,2973795000.0,3529385000.0,4140551000.0,4343229000.0,4875561000.0,5227043000.0,5453763000.0,5663591000.0,5906739000.0
root/Europe&CentralAsiaKazakhstan,root,0,0,0,0,0,0,0,0,0,0,0,0,0,0,0,0,0,0,0,0,0,0,25749000.0,1621139000.0,2226971000.0,2833836000.0,1946476000.0,2621640000.0,3037780000.0,3360063000.0,3622525000.0,3450227000.0,3210365000.0,3468488000.0,3233698000.0,2176814000.0,2136185000.0,1697675000.0,1914945000.0,2486921000.0,3845402000.0,4683347000.0,7403662000.0,12316686000.0,15123605000.0,20113642000.0,21425679000.0
root/Europe&CentralAsiaKosovo,root,0,0,0,0,0,0,0,0,0,0,0,0,0,0,0,0,0,0,0,0,0,0,0,0,0,0,0,0,0,0,0,0,0,0,0,0,0,0,0,358529000.0,318968000.0,299378000.0,294708000.0,300175000.0,272995000.0,265048000.0,304748000.0
root/Europe&CentralAsiaKyrgyzRepublic,root,0,0,0,0,0,0,0,0,0,0,0,0,0,0,0,0,0,0,0,0,0,0,5527000.0,231716000.0,356089000.0,472183000.0,626273000.0,750609000.0,933904000.0,1134417000.0,1220286000.0,1256777000.0,1397307000.0,1584517000.0,1740486000.0,1664799000.0,1828669000.0,1895680000.0,1962693000.0,2319402000.0,2441749000.0,2618335000.0,2839978000.0,2944859000.0,3229551000.0,3398844000.0,3563859000.0
root/Europe&CentralAsiaMacedoniaFYR,root,0,0,0,0,0,0,0,0,0,0,0,0,0,0,0,0,0,0,0,0,0,0,0,703880000.0,708948000.0,788399000.0,856283000.0,941736000.0,1063148000.0,1146375000.0,1205752000.0,1169536000.0,1276058000.0,1449189000.0,1555666000.0,1636785000.0,1556106000.0,1519992000.0,1574487000.0,1873633000.0,1880307000.0,2109517000.0,2269999000.0,2572474000.0,3139529000.0,3108639000.0,3472834000.0
root/Europe&CentralAsiaMoldova,root,0,0,0,0,0,0,0,0,0,0,0,0,0,0,0,0,0,0,0,0,0,0,38504000.0,190247000.0,326404000.0,449534000.0,554493000.0,801381000.0,801424000.0,722527000.0,856004000.0,793613000.0,825907000.0,848317000.0,754270000.0,697803000.0,743841000.0,782987000.0,804776000.0,808534000.0,838940000.0,864841000.0,964613000.0,996912000.0,1026824000.0,1069309000.0,1211767000.0
root/Europe&CentralAsiaMontenegro,root,0,0,0,0,0,0,0,0,0,0,0,0,0,0,0,0,0,0,0,0,0,0,0,0,0,0,0,0,0,0,0,0,0,0,0,0,828616000.0,843837000.0,851237000.0,1094339000.0,1358612000.0,1808621000.0,2187540000.0,2428328000.0,2359773000.0,2549384000.0,2415148000.0
root/Europe&CentralAsiaRomania,root,0,0,30147000.0,51610000.0,80621000.0,108432000.0,248638000.0,427840000.0,627011000.0,3258245000.0,7130980000.0,8071028000.0,7796965000.0,7585370000.0,6254770000.0,5805118000.0,5652548000.0,5342740000.0,2116468000.0,198836000.0,222859000.0,246042000.0,1318601000.0,2112366000.0,2918553000.0,3957026000.0,5631661000.0,6346492000.0,6636706000.0,5632589000.0,6583037000.0,7028661000.0,9028606000.0,11723499000.0,13661811000.0,13329534000.0,14184174000.0,15298880000.0,15255908000.0,18247769000.0,20800671000.0,24868711000.0,29494693000.0,35573939000.0,36792132000.0,32598128000.0,32721930000.0
root/Europe&CentralAsiaRussianFederation,root,0,0,0,0,0,0,0,0,0,0,0,0,0,0,0,0,0,0,0,0,0,0,64551337000.0,101681072000.0,108281681000.0,102077039000.0,102371852000.0,106937556000.0,119242298000.0,118812116000.0,90270424000.0,85292632000.0,79421950000.0,84962851000.0,92130796000.0,76005809000.0,97195351000.0,125218445000.0,125254490000.0,145865259000.0,165620560000.0,195423754000.0,209984339000.0,273793239000.0,228362095000.0,194174177000.0,180905606000.0
root/Europe&CentralAsiaSerbia,root,1270326000.0,1423877000.0,1663670000.0,1933794000.0,2127320000.0,2352327000.0,2813847000.0,3104894000.0,3425724000.0,3680350000.0,4589368000.0,5204969000.0,5466464000.0,7238995000.0,8488370000.0,11151941000.0,12238392000.0,14274925000.0,14054574000.0,14110662000.0,12942268000.0,11640902000.0,11116853000.0,8231354000.0,6574423000.0,6788365000.0,6526622000.0,6108939000.0,6461108000.0,6194632000.0,6177947000.0,6177571000.0,7579217000.0,8276600000.0,8277016000.0,7755980000.0,7751568000.0,8469288000.0,8398684000.0,8839173000.0,9504353000.0,11339470000.0,13701409000.0,16722215000.0,16568713000.0,16342877000.0,16274207000.0
root/Europe&CentralAsiaTajikistan,root,0,0,0,0,0,0,0,0,0,0,0,0,0,0,0,0,0,0,0,0,0,0,9731000.0,384883000.0,561987000.0,590364000.0,656840000.0,668952000.0,702548000.0,741292000.0,755072000.0,761611000.0,901127000.0,908837000.0,804130000.0,825595000.0,839771000.0,1063053000.0,1374444000.0,1606429000.0,1806386000.0,1967526000.0,2000754000.0,2016421000.0,2037877000.0,1953773000.0,1862192000.0
root/Europe&CentralAsiaTurkey,root,1846322000.0,2231326000.0,2470067000.0,2888013000.0,3164121000.0,3210636000.0,3647878000.0,4471167000.0,6489658000.0,11041358000.0,15040432000.0,15272310000.0,16095930000.0,16070398000.0,16571787000.0,19568354000.0,24996925000.0,31684174000.0,33742069000.0,34989894000.0,38870343000.0,39828818000.0,40462712000.0,44063710000.0,48436750000.0,50317002000.0,49199196000.0,47448196000.0,50008217000.0,50143289000.0,55736414000.0,53691103000.0,59605383000.0,65585463000.0,69775445000.0,64436016000.0,69901758000.0,82687730000.0,83916494000.0,87184900000.0,93280924000.0,95225587000.0,100190941000.0,106283320000.0,105476973000.0,103253285000.0,107244127000.0
root/Europe&CentralAsiaTurkmenistan,root,0,0,0,0,0,0,0,0,0,0,0,0,0,0,0,0,0,0,0,0,0,0,0,276435000.0,346321000.0,384852000.0,469588000.0,1338198000.0,1869815000.0,2311179000.0,2271303000.0,1855920000.0,1583049000.0,1445255000.0,1226596000.0,877830000.0,730470000.0,648172000.0,586763000.0,463336000.0,359455000.0,265540000.0,270607000.0,280712000.0,263217000.0,234249000.0,235510000.0
root/Europe&CentralAsiaUkraine,root,0,0,0,0,0,0,0,0,0,0,0,0,0,0,0,0,0,0,0,0,0,0,453568000.0,3682133000.0,4809632000.0,6580505000.0,6647547000.0,7015155000.0,8971863000.0,9590403000.0,8141779000.0,8098546000.0,8272095000.0,8890877000.0,10589532000.0,10443358000.0,12117083000.0,15945049000.0,15735835000.0,18768958000.0,25097223000.0,26811418000.0,28495963000.0,33750563000.0,35210693000.0,36332583000.0,36107860000.0
root/Europe&CentralAsiaUzbekistan,root,0,0,0,0,0,0,0,0,0,0,0,0,0,0,0,0,0,0,0,0,0,0,59702000.0,939492000.0,952426000.0,1417205000.0,1993607000.0,2120536000.0,2668835000.0,3575459000.0,3765630000.0,3896928000.0,4004691000.0,4147859000.0,4107147000.0,3625890000.0,3318305000.0,3179426000.0,3188480000.0,3268819000.0,3423121000.0,3755785000.0,3983425000.0,4382817000.0,5570636000.0,6514396000.0,7434246000.0
root/LatinAmerica&CaribbeanArgentina,root,1963188000.0,2256923000.0,2498865000.0,2938745000.0,3421173000.0,3302790000.0,4654300000.0,5266262000.0,6977656000.0,8827032000.0,10346062000.0,10722124000.0,16039000000.0,25628668000.0,26904137000.0,37538032000.0,41196293000.0,49483250000.0,47819544000.0,52113891000.0,47154010000.0,47843455000.0,47871498000.0,46139582000.0,50588758000.0,55221014000.0,62287156000.0,66984539000.0,77240800000.0,90264209000.0,90357824000.0,86641611000.0,90234102000.0,96673901000.0,103055437000.0,59419257000.0,63381281000.0,71086104000.0,70923517000.0,75796981000.0,69182999000.0,68162873000.0,67243059000.0,66229926000.0,73508488000.0,69093066000.0,101631467000.0
root/LatinAmerica&CaribbeanBelize,root,4085000.0,4339000.0,5070000.0,4826000.0,5274000.0,4827000.0,9166000.0,13670000.0,22313000.0,33829000.0,47043000.0,56060000.0,62400000.0,75078000.0,76094000.0,94383000.0,98296000.0,111044000.0,119008000.0,128821000.0,136237000.0,151020000.0,169966000.0,175618000.0,182449000.0,219438000.0,250448000.0,268082000.0,282940000.0,341019000.0,556587000.0,648649000.0,779301000.0,954157000.0,935512000.0,989487000.0,1018391000.0,1038861000.0,1020369000.0,1035989000.0,1018151000.0,1013539000.0,984188000.0,1052292000.0,1101017000.0,1153258000.0,1176627000.0
root/LatinAmerica&CaribbeanBolivia,root,608141000.0,574400000.0,668576000.0,693141000.0,776624000.0,891599000.0,1136415000.0,1498162000.0,1774509000.0,1964847000.0,2263831000.0,2814206000.0,2930917000.0,3350468000.0,3467123000.0,3604914000.0,4165387000.0,4719579000.0,4235872000.0,3523142000.0,3782134000.0,3627113000.0,3767756000.0,3790212000.0,4217802000.0,4557355000.0,4355603000.0,4223312000.0,4382938000.0,4328802000.0,4216083000.0,3200708000.0,3590473000.0,4194115000.0,4590961000.0,4600922000.0,3211215000.0,2226694000.0,2440552000.0,2602508000.0,2859131000.0,3462230000.0,4235753000.0,5341230000.0,5778061000.0,6354126000.0,7031155000.0
root/LatinAmerica&CaribbeanBrazil,root,3563837000.0,4376146000.0,6209805000.0,8114955000.0,11580983000.0,14882557000.0,18623471000.0,23493421000.0,31802656000.0,37288346000.0,41839092000.0,46770169000.0,53271491000.0,60603743000.0,69857767000.0,72998965000.0,81073383000.0,88692789000.0,92700048000.0,88486480000.0,88105152000.0,85950317000.0,91467584000.0,92057530000.0,95840941000.0,98763848000.0,96829031000.0,88266786000.0,99176484000.0,93029550000.0,96621778000.0,96618421000.0,99686844000.0,100064356000.0,97455867000.0,94354183000.0,84551659000.0,79869906000.0,79918503000.0,87513189000.0,97485567000.0,94712071000.0,116664428000.0,136554490000.0,174322171000.0,172272266000.0,174333197000.0
root/LatinAmerica&CaribbeanColombia,root,1397224000.0,1558210000.0,1811724000.0,2106835000.0,2312016000.0,2555673000.0,2657792000.0,2879471000.0,2996645000.0,3571967000.0,4283606000.0,5285378000.0,6203979000.0,7101495000.0,7969126000.0,9802264000.0,12401356000.0,14042284000.0,14043852000.0,14178385000.0,14852810000.0,14639056000.0,13650145000.0,13408360000.0,14515923000.0,14105845000.0,15011619000.0,15634746000.0,16950184000.0,20415063000.0,20993148000.0,21954235000.0,20843846000.0,22890687000.0,23874555000.0,22676141000.0,24835235000.0,27511249000.0,29067137000.0,35411958000.0,36969793000.0,39484104000.0,43945207000.0,50947082000.0,58649071000.0,66859863000.0,70921609000.0
root/LatinAmerica&CaribbeanCostaRica,root,167205000.0,202951000.0,248426000.0,301146000.0,363786000.0,495902000.0,632520000.0,830800000.0,1052271000.0,1424182000.0,1819191000.0,2331604000.0,2514108000.0,3261189000.0,3299630000.0,3645377000.0,3735875000.0,3813657000.0,3642766000.0,3635253000.0,3145594000.0,3366693000.0,3243961000.0,3191329000.0,3269667000.0,3176200000.0,2949131000.0,2787487000.0,3039870000.0,3194794000.0,3512750000.0,3519756000.0,3381616000.0,3847645000.0,3512063000.0,3159253000.0,3309544000.0,3646177000.0,3224026000.0,3208137000.0,3821996000.0,3968455000.0,4977355000.0,7466508000.0,8819403000.0,10146715000.0,11053933000.0
root/LatinAmerica&CaribbeanDominica,root,0,0,0,0,0,0,0,0,0,0,0,14329000.0,20320000.0,27634000.0,41029000.0,48608000.0,51834000.0,63706000.0,65175000.0,72184000.0,83047000.0,90299000.0,90772000.0,94252000.0,90199000.0,96402000.0,100025000.0,92863000.0,95993000.0,114529000.0,163551000.0,210136000.0,218948000.0,224771000.0,244647000.0,241257000.0,235938000.0,232941000.0,221912000.0,217933000.0,235619000.0,247578000.0,272671000.0,280432000.0,281786000.0,282130000.0,264084000.0
root/LatinAmerica&CaribbeanDominicanRepublic,root,241594000.0,268840000.0,318541000.0,358759000.0,402066000.0,467672000.0,567902000.0,674749000.0,804982000.0,943894000.0,1299081000.0,1478441000.0,1744221000.0,2277737000.0,2436298000.0,2762005000.0,3004455000.0,3309429000.0,3363985000.0,3429844000.0,3531892000.0,3865335000.0,3840188000.0,3889141000.0,3710771000.0,3738040000.0,3607283000.0,3531289000.0,3552747000.0,3649733000.0,3381318000.0,3866676000.0,4370727000.0,6068330000.0,6650503000.0,6417571000.0,6904005000.0,6825221000.0,7285304000.0,8162232000.0,9440605000.0,10761628000.0,11983230000.0,14174659000.0,15696525000.0,15813347000.0,17203847000.0
root/LatinAmerica&CaribbeanEcuador,root,233171000.0,254791000.0,334419000.0,366741000.0,378999000.0,522280000.0,695106000.0,1223162000.0,2330103000.0,2714392000.0,3412424000.0,4299236000.0,3987980000.0,5644165000.0,6649720000.0,7288216000.0,8343482000.0,9071270000.0,9091535000.0,9485746000.0,9920317000.0,10003667000.0,9813875000.0,9943748000.0,13581930000.0,15076280000.0,15396775000.0,15813121000.0,15993369000.0,16412948000.0,14690240000.0,14471878000.0,14259404000.0,14418637000.0,14062540000.0,14043183000.0,13495798000.0,13913462000.0,13262540000.0,7036787000.0,8721594000.0,10026015000.0,10158884000.0,12094301000.0,16957851000.0,19422040000.0,24869912000.0
root/LatinAmerica&CaribbeanElSalvador,root,110758000.0,117082000.0,134966000.0,145279000.0,234749000.0,274920000.0,349869000.0,356417000.0,418601000.0,495190000.0,584472000.0,793600000.0,1066542000.0,1485292000.0,1576919000.0,1648554000.0,1682184000.0,1766603000.0,1788606000.0,1916354000.0,1992999000.0,2144562000.0,2228576000.0,1873076000.0,1965092000.0,2036678000.0,2271382000.0,2348190000.0,2379668000.0,2582514000.0,2746021000.0,3249664000.0,4533365000.0,5116825000.0,5286004000.0,5174873000.0,5539710000.0,5419938000.0,5753677000.0,6109424000.0,6402620000.0,6538006000.0,7371994000.0,7275036000.0,8054793000.0,7922317000.0,7856515000.0
root/LatinAmerica&CaribbeanGrenada,root,16048000.0,9107000.0,8930000.0,8982000.0,9276000.0,9579000.0,9237000.0,11668000.0,15440000.0,17193000.0,17753000.0,23743000.0,36463000.0,48311000.0,47586000.0,53913000.0,60459000.0,74877000.0,80000000.0,80636000.0,100017000.0,110857000.0,105814000.0,106145000.0,114653000.0,113521000.0,119878000.0,108664000.0,108041000.0,112967000.0,180667000.0,184757000.0,294919000.0,300107000.0,346739000.0,391390000.0,454850000.0,479582000.0,506280000.0,523691000.0,522359000.0,516282000.0,518959000.0,518883000.0,539030000.0,571394000.0,570034000.0
root/LatinAmerica&CaribbeanGuatemala,root,139905000.0,154503000.0,157565000.0,176352000.0,187354000.0,217868000.0,246475000.0,309635000.0,400888000.0,529204000.0,652754000.0,911102000.0,1261245000.0,1512388000.0,2079419000.0,2299294000.0,2414355000.0,2431983000.0,2206888000.0,2178197000.0,2299477000.0,2280829000.0,2176764000.0,2128388000.0,2351529000.0,2381442000.0,2276610000.0,2390907000.0,2480119000.0,2586245000.0,2598421000.0,2986745000.0,3154595000.0,3460917000.0,3827820000.0,3720332000.0,3953322000.0,4222075000.0,4384590000.0,4925729000.0,5559200000.0,5354009000.0,6305706000.0,7059126000.0,6999858000.0,7544218000.0,8147601000.0
root/LatinAmerica&CaribbeanGuyana,root,82702000.0,154281000.0,157734000.0,173352000.0,213693000.0,326884000.0,405290000.0,457955000.0,492868000.0,559900000.0,638510000.0,704445000.0,740359000.0,759618000.0,737937000.0,816263000.0,897130000.0,995613000.0,1022457000.0,1288087000.0,1775392000.0,1778153000.0,1690964000.0,1745934000.0,1801977000.0,1796671000.0,1353725000.0,1330982000.0,1199905000.0,1130578000.0,1124509000.0,1095625000.0,1144834000.0,1216569000.0,1141219000.0,1041231000.0,923266000.0,583898000.0,675143000.0,779489000.0,885175000.0,1054451000.0,1215378000.0,1116341000.0,1098146000.0,1031187000.0,1048863000.0
root/LatinAmerica&CaribbeanHaiti,root,49274000.0,48837000.0,53696000.0,51307000.0,116681000.0,134455000.0,166958000.0,214776000.0,255438000.0,291095000.0,322481000.0,417487000.0,468611000.0,499215000.0,542104000.0,587457000.0,639217000.0,734425000.0,742078000.0,741041000.0,800540000.0,667192000.0,682607000.0,689744000.0,674400000.0,782085000.0,863085000.0,921504000.0,1000867000.0,1058681000.0,1055930000.0,1043603000.0,1077897000.0,1210143000.0,1225007000.0,1277910000.0,1346141000.0,1524553000.0,1838106000.0,1157585000.0,821809000.0,622647000.0,986499000.0,1377650000.0,1759220000.0,1899973000.0,1934953000.0
root/LatinAmerica&CaribbeanHonduras,root,139132000.0,159226000.0,176580000.0,193696000.0,241740000.0,335599000.0,423155000.0,542279000.0,686354000.0,845572000.0,1076607000.0,1339379000.0,1518774000.0,1739735000.0,1897037000.0,2264867000.0,2502771000.0,2819363000.0,2873668000.0,2972736000.0,3517440000.0,3181440000.0,3587794000.0,4001780000.0,4258329000.0,4307975000.0,4113450000.0,4150574000.0,4043144000.0,4354638000.0,4439975000.0,4078793000.0,4277393000.0,4614173000.0,4989655000.0,4144881000.0,3008525000.0,1997166000.0,2306148000.0,2450644000.0,2803097000.0,3186386000.0,3646313000.0,5169724000.0,5527812000.0,5879374000.0,6016661000.0
root/LatinAmerica&CaribbeanJamaica,root,159641000.0,191880000.0,227174000.0,366689000.0,544386000.0,712383000.0,941387000.0,988388000.0,1097554000.0,1208106000.0,1451119000.0,1747722000.0,2144996000.0,2504463000.0,2686535000.0,3200648000.0,3337076000.0,3803202000.0,3810024000.0,3849571000.0,4054117000.0,3918525000.0,3942570000.0,3773521000.0,3772693000.0,3762497000.0,3242924000.0,2834635000.0,3037173000.0,2945054000.0,3819315000.0,4368473000.0,4662593000.0,4592229000.0,5293322000.0,5563274000.0,6150025000.0,6759468000.0,6951716000.0,6724197000.0,7608748000.0,7767816000.0,7398936000.0,7451783000.0,7991530000.0,9643856000.0,9502759000.0
root/LatinAmerica&CaribbeanMexico,root,3325272000.0,3615050000.0,4049804000.0,5710331000.0,8303444000.0,11564609000.0,15978143000.0,20896491000.0,25705574000.0,29214526000.0,34111362000.0,43229643000.0,51744685000.0,66951116000.0,69912754000.0,72898853000.0,76019956000.0,84541747000.0,80785040000.0,76292682000.0,76136183000.0,77976950000.0,71295295000.0,75269380000.0,79633396000.0,95256986000.0,94125439000.0,84441073000.0,88036305000.0,88749599000.0,82767378000.0,96004744000.0,101233614000.0,109049864000.0,112130506000.0,115549406000.0,105465176000.0,120831582000.0,128375105000.0,118878064000.0,145925212000.0,164302058000.0,195894443000.0,220021537000.0,247441070000.0,259349508000.0,266764471000.0
root/LatinAmerica&CaribbeanNicaragua,root,186871000.0,224985000.0,272376000.0,378436000.0,519148000.0,664124000.0,742142000.0,924551000.0,1022389000.0,1165275000.0,1751641000.0,2189998000.0,2596712000.0,3507558000.0,4213771000.0,5027562000.0,5867788000.0,6489751000.0,7054510000.0,7691402000.0,8381195000.0,9250851000.0,9398783000.0,9528863000.0,9900276000.0,8636721000.0,5230014000.0,5292080000.0,5563995000.0,5279295000.0,5435153000.0,5389096000.0,5500923000.0,5803370000.0,4037451000.0,3939494000.0,3240752000.0,2172126000.0,2252767000.0,2505285000.0,2683180000.0,2846484000.0,3054652000.0,3294539000.0,3564166000.0,3941915000.0,4198220000.0
root/LatinAmerica&CaribbeanPanama,root,193889000.0,244645000.0,345418000.0,457468000.0,564836000.0,770745000.0,1092924000.0,1333096000.0,1875129000.0,2071824000.0,2270854000.0,2429463000.0,2917156000.0,3145439000.0,3180790000.0,3323376000.0,3494326000.0,4026498000.0,4005270000.0,3935319000.0,3987987000.0,4011913000.0,3771264000.0,3799304000.0,3930335000.0,3922032000.0,5135793000.0,5075106000.0,5418093000.0,5678905000.0,5703115000.0,6325845000.0,6403121000.0,6479895000.0,6612596000.0,6890346000.0,7789806000.0,8316356000.0,8531832000.0,10206812000.0,10489010000.0,10951459000.0,10842409000.0,12254279000.0,14119752000.0,15433665000.0,17270196000.0
root/LatinAmerica&CaribbeanParaguay,root,144132000.0,162143000.0,184885000.0,208169000.0,234581000.0,271807000.0,330480000.0,438428000.0,553019000.0,628483000.0,731175000.0,808078000.0,1036537000.0,1240105000.0,1341516000.0,1624656000.0,1912179000.0,2313488000.0,2174809000.0,2171523000.0,1784063000.0,1747523000.0,1421853000.0,1335168000.0,1407125000.0,1496362000.0,1453637000.0,1499673000.0,1623665000.0,2105747000.0,2089404000.0,2008848000.0,2083719000.0,2233715000.0,2465545000.0,2290393000.0,2243325000.0,2205198000.0,2272094000.0,2269430000.0,2390048000.0,2328910000.0,2267328000.0,2703891000.0,3722000000.0,4023544000.0,4820932000.0
root/LatinAmerica&CaribbeanPeru,root,944510000.0,1002889000.0,1175623000.0,1573988000.0,2360537000.0,3166822000.0,3815644000.0,4884198000.0,5603288000.0,6165024000.0,6366123000.0,6204370000.0,7126644000.0,8475005000.0,9317321000.0,9982048000.0,11158179000.0,12787505000.0,12484121000.0,12771883000.0,13785709000.0,15558474000.0,15685277000.0,16484217000.0,17771564000.0,19009202000.0,20293345000.0,19286892000.0,19385899000.0,19551312000.0,19291384000.0,18951182000.0,20980059000.0,23072244000.0,24715382000.0,22541827000.0,22186691000.0,19853673000.0,19414503000.0,20787580000.0,20008818000.0,20142467000.0,19965808000.0,17218850000.0,15903391000.0,19409382000.0,19731958000.0
root/LatinAmerica&CaribbeanStKittsandNevis,root,0,0,0,0,0,0,0,0,0,0,0,0,0,0,10594000.0,12804000.0,16888000.0,21115000.0,26597000.0,36481000.0,44167000.0,48620000.0,47432000.0,49758000.0,55235000.0,54172000.0,62645000.0,112003000.0,124361000.0,133755000.0,152989000.0,214558000.0,264750000.0,313970000.0,312616000.0,290336000.0,285200000.0,269686000.0,244432000.0,222850000.0,198148000.0,0,0,0,0,0,0
root/LatinAmerica&CaribbeanStLucia,root,0,0,0,0,0,0,0,0,0,0,0,15515000.0,17123000.0,18910000.0,20295000.0,23113000.0,28363000.0,41920000.0,52781000.0,61572000.0,72147000.0,76134000.0,89828000.0,96489000.0,103587000.0,111334000.0,121384000.0,119939000.0,126825000.0,128993000.0,153491000.0,151938000.0,196799000.0,222658000.0,245386000.0,238614000.0,250945000.0,300364000.0,316162000.0,314910000.0,321275000.0,310091000.0,342870000.0,358227000.0,371411000.0,421181000.0,437551000.0
root/LatinAmerica&CaribbeanStVincentandtheGrenadines,root,1455000.0,739000.0,775000.0,2787000.0,3191000.0,3449000.0,3738000.0,4744000.0,5688000.0,7235000.0,10329000.0,17015000.0,19622000.0,22611000.0,22775000.0,24791000.0,28358000.0,38459000.0,45201000.0,50981000.0,60594000.0,66768000.0,74686000.0,77977000.0,91435000.0,91325000.0,93074000.0,92162000.0,107905000.0,161444000.0,163254000.0,162364000.0,172779000.0,195529000.0,224528000.0,247838000.0,242459000.0,199822000.0,231460000.0,227267000.0,277975000.0,281061000.0,265040000.0,288669000.0,313688000.0,316230000.0,343119000.0
root/LatinAmerica&CaribbeanVenezuelaRB,root,789647000.0,1080662000.0,1484589000.0,1607231000.0,1558501000.0,1325673000.0,3024743000.0,4489569000.0,6762068000.0,9802988000.0,10651619000.0,11570483000.0,12473437000.0,14846578000.0,18792012000.0,17748146000.0,25337867000.0,25015477000.0,25186094000.0,25169775000.0,24510835000.0,24940031000.0,25830710000.0,26856356000.0,28132460000.0,28428955000.0,28019688000.0,27363954000.0,28360550000.0,28015991000.0,27819522000.0,25314153000.0,23449517000.0,24560434000.0,26455163000.0,31094245000.0,27182495000.0,27552318000.0,29888381000.0,35197591000.0,37511805000.0,44264258000.0,46235537000.0,45622006000.0,44134235000.0,43363423000.0,40586363000.0
root/MiddleEast&NorthAfricaAlgeria,root,939559000.0,1260811000.0,1549797000.0,2991380000.0,3365978000.0,4632813000.0,6114380000.0,8912950000.0,13748603000.0,16572558000.0,17038274000.0,16063310000.0,14888482000.0,14410460000.0,14131301000.0,16398736000.0,19497652000.0,23133428000.0,24480828000.0,24789969000.0,26692897000.0,26255510000.0,25762292000.0,25102046000.0,28446563000.0,31313006000.0,31294869000.0,28722573000.0,28495989000.0,25928742000.0,23369280000.0,20885367000.0,21325912000.0,21891881000.0,20442956000.0,15526606000.0,3872617000.0,4033046000.0,3300622000.0,3068494000.0,2669355000.0,2265536000.0,1647182000.0,1451888000.0,1124876000.0,870171000.0,1656042000.0
root/MiddleEast&NorthAfricaDjibouti,root,2595000.0,2637000.0,5369000.0,6286000.0,8216000.0,12234000.0,17255000.0,19237000.0,21045000.0,20524000.0,25820000.0,19836000.0,24411000.0,33566000.0,61690000.0,95976000.0,119209000.0,154397000.0,158288000.0,131249000.0,155215000.0,204687000.0,219331000.0,230942000.0,254902000.0,268897000.0,279257000.0,253046000.0,263834000.0,248427000.0,238275000.0,236625000.0,301171000.0,361593000.0,389527000.0,378857000.0,441150000.0,653399000.0,680364000.0,737225000.0,621543000.0,650794000.0,641866000.0,672731000.0,819621000.0,1180174000.0,1607900000.0
root/MiddleEast&NorthAfricaEgyptArabRep,root,1351115000.0,1494623000.0,1449765000.0,1390767000.0,1500792000.0,3631408000.0,4607297000.0,6994318000.0,8908862000.0,10426471000.0,14427947000.0,17804787000.0,21539792000.0,24170952000.0,25648859000.0,28994490000.0,31676267000.0,36429602000.0,37955631000.0,36548558000.0,27440735000.0,28526201000.0,27848906000.0,27944440000.0,29998500000.0,30686731000.0,29022032000.0,26829668000.0,27651206000.0,26117836000.0,24341362000.0,25300976000.0,26638877000.0,28039139000.0,29343034000.0,28595300000.0,28979783000.0,32080459000.0,30760854000.0,31371909000.0,32247252000.0,30815213000.0,32031619000.0,42349875000.0,37182666000.0,42767312000.0,51255999000.0
root/MiddleEast&NorthAfricaIranIslamicRep,root,0,0,0,0,0,0,0,0,0,0,4618916000.0,3901453000.0,3500537000.0,2938743000.0,2456632000.0,2358345000.0,2380189000.0,2286340000.0,2067352000.0,1870035000.0,1802121000.0,2102641000.0,1770975000.0,5788953000.0,15080941000.0,15232161000.0,11929256000.0,8343457000.0,7838636000.0,5789328000.0,4804268000.0,5322372000.0,6525709000.0,9081712000.0,10318334000.0,10358701000.0,11027071000.0,10557391000.0,9051735000.0,7587362000.0,5959568000.0,4750898000.0,4337237000.0,4020446000.0,3260142000.0,2326446000.0,667178000.0
root/MiddleEast&NorthAfricaJordan,root,119092000.0,147271000.0,173797000.0,212156000.0,269251000.0,340709000.0,428948000.0,679954000.0,901796000.0,1128700000.0,1381493000.0,1658051000.0,2040297000.0,2444345000.0,2605263000.0,3189249000.0,3997862000.0,4859119000.0,5539125000.0,6416892000.0,7201833000.0,7613499000.0,7077948000.0,6798188000.0,6734268000.0,6624240000.0,6448094000.0,6143437000.0,6498325000.0,6714091000.0,6182836000.0,6632333000.0,7071696000.0,7172599000.0,7227186000.0,6877687000.0,7142777000.0,7321373000.0,5126044000.0,5444819000.0,6502498000.0,6316778000.0,6302158000.0,8854979000.0,9687742000.0,10975856000.0,12557716000.0
root/MiddleEast&NorthAfricaLebanon,root,64232000.0,68095000.0,61560000.0,56394000.0,49285000.0,45669000.0,39041000.0,39178000.0,51819000.0,107531000.0,216290000.0,286068000.0,346972000.0,435886000.0,407165000.0,406135000.0,407365000.0,410919000.0,379848000.0,362065000.0,366014000.0,344614000.0,308621000.0,376094000.0,786754000.0,1558885000.0,1954529000.0,2412469000.0,4226837000.0,5611649000.0,6967538000.0,9400250000.0,14381202000.0,15691050000.0,18410010000.0,18866325000.0,20107132000.0,20907349000.0,20596137000.0,20614745000.0,20213142000.0,20600968000.0,23991178000.0,25423687000.0,24644390000.0,26204822000.0,27221654000.0
root/MiddleEast&NorthAfricaMorocco,root,871371000.0,1028927000.0,1072927000.0,1157690000.0,1357079000.0,2442520000.0,2919913000.0,4740936000.0,5963171000.0,7067040000.0,8337552000.0,8990062000.0,10103421000.0,10607900000.0,11520268000.0,13379363000.0,15860257000.0,18843519000.0,19592167000.0,20902529000.0,23669467000.0,21430089000.0,21657699000.0,21336047000.0,22359594000.0,23204227000.0,22405519000.0,20388470000.0,20697438000.0,18820243000.0,17243921000.0,15353238000.0,14372285000.0,14459019000.0,14106646000.0,12398328000.0,13496297000.0,15650110000.0,16537669000.0,19222921000.0,21058636000.0,22391508000.0,25106169000.0,28280138000.0,29817221000.0,29729920000.0,30110483000.0
root/MiddleEast&NorthAfricaSyrianArabRepublic,root,0,0,0,0,0,0,0,0,0,0,0,0,0,0,0,0,0,0,0,0,0,0,0,0,0,16864549000.0,16886264000.0,16520179000.0,16724433000.0,16624268000.0,16480200000.0,16126994000.0,0,0,0,0,0,0,4743726000.0,4487147000.0,4282363000.0,4004381000.0,3954520000.0,3905112000.0,3671107000.0,3528308000.0,3497893000.0
root/MiddleEast&NorthAfricaTunisia,root,545910000.0,624693000.0,699134000.0,817765000.0,935306000.0,1034779000.0,1197706000.0,1893058000.0,2452088000.0,3018929000.0,3217076000.0,3316273000.0,3503924000.0,3819710000.0,3706490000.0,4457258000.0,5282916000.0,6066817000.0,5953827000.0,6103785000.0,6661562000.0,7110462000.0,7201897000.0,7417011000.0,8007115000.0,9023477000.0,9377807000.0,9334010000.0,9495057000.0,9479740000.0,8888324000.0,9112149000.0,10977400000.0,13237827000.0,14490876000.0,12997251000.0,13439029000.0,14516516000.0,14451140000.0,14852011000.0,14670924000.0,14930665000.0,16568647000.0,16879091000.0,16475068000.0,17606163000.0,18322835000.0
root/MiddleEast&NorthAfricaYemenRep,root,0,41816000.0,85160000.0,222063000.0,311994000.0,351635000.0,418671000.0,542897000.0,737667000.0,947456000.0,1454893000.0,1813878000.0,2146216000.0,2492726000.0,2585046000.0,2968425000.0,3440854000.0,4060662000.0,4395722000.0,4645189000.0,5162321000.0,5257510000.0,5255365000.0,5363176000.0,5487960000.0,5561782000.0,5659902000.0,3477028000.0,5277600000.0,4271504000.0,4109010000.0,4351979000.0,4571727000.0,4816298000.0,4882649000.0,4814003000.0,5098751000.0,5524351000.0,5695549000.0,5875389000.0,5933000000.0,5876398000.0,6912340000.0,6883542000.0,6835724000.0,6469344000.0,6322902000.0
root/SouthAsiaAfghanistan,root,0,0,0,0,0,0,0,0,0,0,0,0,0,0,0,0,0,0,0,0,0,0,0,0,0,0,0,0,0,0,0,0,0,0,0,0,910884000.0,1893471000.0,1985367000.0,2096969000.0,1966409000.0,2023326000.0,2070650000.0,2097091000.0,1999058000.0,1958130000.0,1921469000.0
root/SouthAsiaBangladesh,root,0,0,78648000.0,421892000.0,1092749000.0,1476224000.0,1715457000.0,2050906000.0,2448476000.0,2511353000.0,3166016000.0,3516933000.0,4183904000.0,4610911000.0,4946492000.0,5875144000.0,7249993000.0,8823135000.0,9386552000.0,9914965000.0,11510299000.0,12052096000.0,12462819000.0,13290063000.0,14626858000.0,14914019000.0,14489521000.0,13710477000.0,14938521000.0,15815246000.0,14991731000.0,14412433000.0,15983196000.0,17682400000.0,18700987000.0,17441400000.0,18437265000.0,19484939000.0,20333426000.0,21243498000.0,21452653000.0,22446593000.0,23597735000.0,26572650000.0,26930701000.0,27097027000.0,28649829000.0
root/SouthAsiaBhutan,root,0,0,0,0,0,0,0,0,0,0,0,326000.0,1144000.0,1764000.0,2733000.0,8832000.0,20952000.0,40242000.0,67083000.0,71850000.0,80281000.0,84848000.0,88308000.0,94910000.0,103806000.0,105194000.0,112937000.0,117620000.0,171041000.0,181803000.0,202241000.0,265157000.0,376884000.0,480324000.0,592015000.0,635565000.0,696103000.0,773774000.0,675852000.0,772258000.0,919406000.0,1044525000.0,1357737000.0,1513835000.0,1819558000.0,1945061000.0,2221216000.0
root/SouthAsiaIndia,root,8042113000.0,8910752000.0,9579275000.0,10374023000.0,11384427000.0,12298085000.0,13320328000.0,14535692000.0,15521246000.0,17157374000.0,18102386000.0,18386322000.0,19992411000.0,21490058000.0,23344421000.0,28416770000.0,34038623000.0,41985963000.0,48778980000.0,63086789000.0,70668164000.0,72638619000.0,75509999000.0,81033163000.0,83174287000.0,79726278000.0,78496834000.0,79134177000.0,85297294000.0,86941290000.0,81195977000.0,78977930000.0,82052154000.0,63672564000.0,64879485000.0,54726127000.0,60043041000.0,69907656000.0,76316354000.0,85292976000.0,100563277000.0,107925725000.0,133205868000.0,133380108000.0,161828789000.0,175717943000.0,166882535000.0
root/SouthAsiaMaldives,root,0,0,0,0,0,0,0,0,3874000.0,6799000.0,24763000.0,36886000.0,42069000.0,48222000.0,49808000.0,49066000.0,58686000.0,61837000.0,59361000.0,54400000.0,63967000.0,78043000.0,90519000.0,109329000.0,122524000.0,151918000.0,163533000.0,164334000.0,183400000.0,194054000.0,184654000.0,180675000.0,222461000.0,258504000.0,306798000.0,299767000.0,354274000.0,416437000.0,469891000.0,542715000.0,627808000.0,675202000.0,720037000.0,746353000.0,709529000.0,656799000.0,897793000.0
root/SouthAsiaNepal,root,3801000.0,9158000.0,12307000.0,20104000.0,27554000.0,34016000.0,44388000.0,70256000.0,79398000.0,109905000.0,155959000.0,218683000.0,283365000.0,349057000.0,430816000.0,545091000.0,699003000.0,921984000.0,1087134000.0,1282354000.0,1558695000.0,1701491000.0,1749164000.0,1933368000.0,2202815000.0,2338846000.0,2333212000.0,2355428000.0,2615081000.0,2959536000.0,2825950000.0,2671516000.0,2946547000.0,3138064000.0,3298636000.0,3112153000.0,3268362000.0,3468362000.0,3551278000.0,3551679000.0,3508683000.0,3530257000.0,3495223000.0,3574850000.0,3438810000.0,3539203000.0,3623360000.0
root/SouthAsiaPakistan,root,3252350000.0,3620616000.0,3810942000.0,4247192000.0,4645152000.0,5109242000.0,6011470000.0,6757376000.0,7457206000.0,7889343000.0,8501984000.0,8629254000.0,9526340000.0,9582966000.0,9829420000.0,10673994000.0,11867916000.0,13540038000.0,13989060000.0,14506814000.0,16505604000.0,17736581000.0,18562676000.0,20421560000.0,22709409000.0,23787539000.0,23627552000.0,23978757000.0,26162150000.0,28154630000.0,27192192000.0,26482426000.0,28005935000.0,31239677000.0,31409710000.0,30089197000.0,33227372000.0,36934743000.0,40355888000.0,42563978000.0,43403095000.0,45129129000.0,44737752000.0,43303940000.0,45931971000.0,48185880000.0,51599875000.0
root/SouthAsiaSriLanka,root,319153000.0,396489000.0,424355000.0,487197000.0,590239000.0,599847000.0,703584000.0,788825000.0,976179000.0,1023586000.0,1234984000.0,1518736000.0,1871330000.0,2121310000.0,2354457000.0,2843262000.0,3459288000.0,4087626000.0,4156110000.0,4287172000.0,4951003000.0,5671833000.0,5662392000.0,6030392000.0,6722554000.0,7175325000.0,7120746000.0,7066079000.0,8074191000.0,8445453000.0,7944559000.0,7527388000.0,8443993000.0,9201068000.0,9869535000.0,9657514000.0,10318076000.0,11821801000.0,12584317000.0,13642663000.0,16429772000.0,18681702000.0,22954135000.0,25427792000.0,25824673000.0,27452740000.0,29724664000.0
root/Sub-SaharanAfricaAngola,root,0,0,0,0,0,0,0,0,0,0,0,0,0,0,0,0,0,0,0,6676170000.0,7603459000.0,7702669000.0,8130426000.0,8691064000.0,9122074000.0,9544239000.0,9377297000.0,8681583000.0,9099551000.0,8713040000.0,8084842000.0,6982716000.0,7530851000.0,7620030000.0,8166054000.0,9518005000.0,7347620000.0,9230632000.0,12690426000.0,13634685000.0,15466127000.0,17524622000.0,19202848000.0,23349470000.0,27826452000.0,27303742000.0,34814732000.0
root/Sub-SaharanAfricaBenin,root,42328000.0,49824000.0,45300000.0,87567000.0,104734000.0,113927000.0,136236000.0,179935000.0,214718000.0,348913000.0,385321000.0,443970000.0,665971000.0,702079000.0,662871000.0,745708000.0,857769000.0,1027019000.0,1014802000.0,989162000.0,1046322000.0,1065458000.0,1149950000.0,1194505000.0,1279930000.0,1265370000.0,1231621000.0,1180299000.0,1254448000.0,1261373000.0,1237224000.0,1301576000.0,1447458000.0,1363822000.0,1507462000.0,1444615000.0,590655000.0,747335000.0,848050000.0,972409000.0,1112935000.0,1194350000.0,1308211000.0,1598842000.0,1771046000.0,1909106000.0,2074408000.0
root/Sub-SaharanAfricaBotswana,root,17359000.0,33200000.0,74755000.0,114918000.0,134057000.0,147981000.0,166351000.0,182565000.0,122538000.0,112898000.0,131630000.0,151543000.0,201805000.0,224124000.0,261914000.0,343664000.0,403922000.0,539148000.0,528841000.0,546284000.0,547144000.0,605925000.0,600046000.0,656225000.0,689162000.0,706962000.0,620517000.0,534728000.0,524741000.0,484501000.0,437755000.0,378873000.0,472423000.0,484649000.0,488028000.0,412305000.0,358174000.0,396303000.0,396793000.0,1395266000.0,1358493000.0,1900015000.0,1933096000.0,1813883000.0,1909912000.0,1761640000.0,1654226000.0
root/Sub-SaharanAfricaBurkinaFaso,root,20787000.0,23601000.0,20019000.0,31067000.0,47356000.0,62533000.0,85306000.0,134287000.0,179145000.0,246229000.0,280709000.0,279682000.0,307029000.0,358081000.0,369257000.0,456163000.0,576717000.0,744118000.0,767364000.0,648149000.0,749565000.0,882636000.0,978859000.0,1068217000.0,1046310000.0,1143321000.0,1166825000.0,1146190000.0,1291375000.0,1362932000.0,1229221000.0,1316002000.0,1404146000.0,1593193000.0,1778309000.0,1861390000.0,993558000.0,1257821000.0,1505877000.0,1716059000.0,1931010000.0,2057463000.0,2217979000.0,2260679000.0,2259945000.0,2339047000.0,2538824000.0
root/Sub-SaharanAfricaBurundi,root,7300400.9,7830861.0,6895385.6,7780758.4,9437482.0,17973869.7,20959869.9,38270396.8,59420485.3,92716899.4,118029697.9,135901245.5,180560678.0,273948583.4,319942819.9,408967407.7,524246436.7,711720213.0,755551588.1,832270827.5,850948296.7,901246702.3,951209642.6,1002213475.5,1066115552.8,1099254965.8,1084891764.8,1025626040.4,1082065038.7,1053137542.5,1036016292.8,985499684.2,1104166706.5,1251824049.8,1273100721.0,1176083859.0,1230938177.1,1276072170.3,1234296833.5,393545090.3,381817130.4,363240037.6,411368009.9,398129656.6,403553644.7,408115699.3,408866727.4
root/Sub-SaharanAfricaCaboVerde,root,0,0,0,0,0,0,0,0,0,0,0,39371000.0,59003000.0,71694000.0,76251000.0,93896000.0,106431000.0,119132000.0,119834000.0,123607000.0,129108000.0,129531000.0,135988000.0,140616000.0,166144000.0,184899000.0,196708000.0,199575000.0,241246000.0,308447000.0,314987000.0,341257000.0,380587000.0,431385000.0,452620000.0,463305000.0,509525000.0,564855000.0,611383000.0,699789000.0,868238000.0,1017172000.0,1225879000.0,1470805000.0,1526814000.0,1526285000.0,1525564000.0
root/Sub-SaharanAfricaCameroon,root,136720000.0,168204000.0,201452000.0,243649000.0,282326000.0,392956000.0,533647000.0,917508000.0,1217185000.0,1703563000.0,2057792000.0,2099642000.0,1999487000.0,1992548000.0,1864075000.0,2206648000.0,2811446000.0,3286220000.0,3467737000.0,4274220000.0,5275540000.0,5497097000.0,6403588000.0,6563997000.0,8377200000.0,9714487000.0,9581311000.0,9181286000.0,9678167000.0,8983549000.0,8753271000.0,8324051000.0,9032686000.0,10049202000.0,9304020000.0,6467059000.0,2391542000.0,2159319000.0,2100349000.0,2169833000.0,2160260000.0,2123732000.0,2774272000.0,3810855000.0,4336021000.0,5409804000.0,5793354000.0
root/Sub-SaharanAfricaCentralAfricanRepublic,root,24056559.7,28153110.2,36274039.9,55258706.9,63878032.4,71299925.4,79236303.4,104228554.2,105737102.1,115881904.1,146543065.4,176244397.1,196315838.9,203003532.2,215242999.8,286441439.9,391798453.8,536516070.9,580144002.6,621429761.9,624105633.7,716923576.6,729611332.6,773206886.0,802413158.9,853947296.4,850364622.4,801503462.5,841130609.4,827703143.9,797330172.8,758407073.8,983951638.8,911803491.9,934854181.0,877153403.8,867825159.0,860676304.3,827020195.3,293826923.9,361906350.6,271184936.9,274301388.2,292602482.2,380946015.7,401322974.6,414073056.0
root/Sub-SaharanAfricaChad,root,32499000.0,44078000.0,33526000.0,45621000.0,70777000.0,137874000.0,142146000.0,188630000.0,245878000.0,273129000.0,259009000.0,232981000.0,198543000.0,200556000.0,182155000.0,184255000.0,221255000.0,290063000.0,341461000.0,346876000.0,453951000.0,547617000.0,590199000.0,638615000.0,714940000.0,775765000.0,864126000.0,870464000.0,944195000.0,1002151000.0,985530000.0,976528000.0,1137776000.0,1404316000.0,1526483000.0,1525819000.0,1662378000.0,1752332000.0,1743138000.0,1749858000.0,2048865000.0,2235235000.0,2265563000.0,2832040000.0,2290538000.0,1471955000.0,1454528000.0
root/Sub-SaharanAfricaComoros,root,1172000.0,1238000.0,1507000.0,1693000.0,4292000.0,4722000.0,18485000.0,23395000.0,27994000.0,38457000.0,42975000.0,52799000.0,67833000.0,83629000.0,101543000.0,129649000.0,158860000.0,188184000.0,188819000.0,161903000.0,172434000.0,165662000.0,174867000.0,172217000.0,186505000.0,198111000.0,210741000.0,207906000.0,216782000.0,210872000.0,203961000.0,219232000.0,241925000.0,262744000.0,270713000.0,255289000.0,257517000.0,276487000.0,265923000.0,260174000.0,250721000.0,245506000.0,223535000.0,116582000.0,112520000.0,102987000.0,131819000.0
root/Sub-SaharanAfricaCongoDemRep,root,311218000.0,370052000.0,579941000.0,910319000.0,1349124000.0,1726410000.0,2380264000.0,3005354000.0,3686890000.0,3618845000.0,4071565000.0,4224358000.0,4072075000.0,4433543000.0,4284270000.0,4958295000.0,5917443000.0,7207542000.0,6941281000.0,7977693000.0,8993995000.0,9284964000.0,8960693000.0,8781027000.0,9293914000.0,9635777000.0,9275529000.0,8628645000.0,9214485000.0,8262319000.0,7880165000.0,7586502000.0,8845417000.0,10143078000.0,10116090000.0,9402872000.0,9864033000.0,10904874000.0,10862177000.0,10879571000.0,4597420000.0,4022201000.0,4102628000.0,4469878000.0,4149422000.0,4107502000.0,3855296000.0
root/Sub-SaharanAfricaCongoRep,root,118499000.0,139319000.0,156698000.0,186078000.0,256669000.0,352697000.0,374370000.0,439046000.0,639427000.0,836551000.0,1257934000.0,1362344000.0,1758908000.0,1839914000.0,1857510000.0,2352411000.0,2783705000.0,3366726000.0,3450493000.0,3461320000.0,4173377000.0,4005393000.0,3843703000.0,4140335000.0,4791851000.0,4981093000.0,4667296000.0,4267005000.0,4239489000.0,3921713000.0,3748055000.0,3648038000.0,3992501000.0,4446805000.0,5839972000.0,5465465000.0,5815589000.0,4898184000.0,5070834000.0,4609606000.0,2063445000.0,2328713000.0,2491659000.0,3072193000.0,3559263000.0,3506342000.0,3518871000.0
root/Sub-SaharanAfricaCotedIvoire,root,255533000.0,353359000.0,400842000.0,583196000.0,703547000.0,966479000.0,1202640000.0,1923561000.0,2822949000.0,3696689000.0,4326946000.0,4412912000.0,5019041000.0,4843383000.0,4758720000.0,5791171000.0,7568775000.0,9283182000.0,8609669000.0,9067866000.0,10665474000.0,11264576000.0,11243945000.0,11110603000.0,11240980000.0,11902071000.0,11366667000.0,10427051000.0,10799675000.0,9699057000.0,9063447000.0,8589623000.0,9098359000.0,9690261000.0,11083139000.0,9966526000.0,10823778000.0,11647735000.0,10628728000.0,12715749000.0,9402637000.0,9885737000.0,5039579000.0,6355064000.0,6592528000.0,8485054000.0,8160809000.0
root/Sub-SaharanAfricaEritrea,root,0,0,0,0,0,0,0,0,0,0,0,0,0,0,0,0,0,0,0,0,0,0,0,0,29057000.0,36689000.0,44287000.0,75455000.0,146135000.0,252558000.0,297995000.0,394848000.0,489213000.0,605123000.0,703995000.0,722989000.0,781370000.0,855669000.0,956964000.0,1012985000.0,1002025000.0,1013615000.0,952149000.0,895727000.0,829102000.0,781524000.0,748412000.0
root/Sub-SaharanAfricaEthiopia,root,168940000.0,203996000.0,226244000.0,256374000.0,283110000.0,343565000.0,402113000.0,447330000.0,500427000.0,601928000.0,687726000.0,1638379000.0,3051067000.0,3648820000.0,4056439000.0,5063987000.0,5977042000.0,7204119000.0,7528439000.0,7713652000.0,8493396000.0,8857854000.0,9017501000.0,9300871000.0,9583577000.0,9789950000.0,9497616000.0,9438261000.0,9627391000.0,5374811000.0,5338834000.0,5572554000.0,6337040000.0,7043840000.0,6350647000.0,5925267000.0,2200943000.0,2571414000.0,2829095000.0,4818951000.0,6547156000.0,7945281000.0,9941516000.0,11886023000.0,15584485000.0,19192946000.0,21802565000.0
root/Sub-SaharanAfricaGabon,root,90816000.0,127537000.0,200642000.0,346229000.0,462007000.0,771648000.0,1079274000.0,1255400000.0,1288892000.0,1461529000.0,1271491000.0,975287000.0,817330000.0,679893000.0,668338000.0,944155000.0,1430908000.0,2152501000.0,2300741000.0,2610605000.0,3150162000.0,3224537000.0,3048782000.0,2933306000.0,3694796000.0,3976810000.0,3972487000.0,3667001000.0,3836481000.0,3296121000.0,3457153000.0,3043018000.0,3175543000.0,3367418000.0,3778505000.0,3563573000.0,3697944000.0,4366497000.0,2015968000.0,1990795000.0,2127584000.0,2388105000.0,2533062000.0,3824251000.0,3971227000.0,4396465000.0,4614496000.0
root/Sub-SaharanAfricaGambiaThe,root,5076000.0,5479000.0,7363000.0,8860000.0,12225000.0,13415000.0,15429000.0,25827000.0,24532000.0,47541000.0,97328000.0,132274000.0,147407000.0,151731000.0,151704000.0,176699000.0,212133000.0,265494000.0,276984000.0,288966000.0,308449000.0,322453000.0,346228000.0,350161000.0,368065000.0,385473000.0,411859000.0,401193000.0,433604000.0,431194000.0,437961000.0,435375000.0,507400000.0,568086000.0,621429000.0,616543000.0,674416000.0,664036000.0,364801000.0,409998000.0,428875000.0,431449000.0,431404000.0,446133000.0,423904000.0,426843000.0,407001000.0
root/Sub-SaharanAfricaGhana,root,510977000.0,507184000.0,574686000.0,722778000.0,714914000.0,659583000.0,652769000.0,785454000.0,857020000.0,961062000.0,1152354000.0,1157437000.0,1184977000.0,1220997000.0,1173698000.0,1325164000.0,1754595000.0,2295274000.0,2258740000.0,2427365000.0,2783266000.0,3118586000.0,3319159000.0,3637756000.0,4156859000.0,4639094000.0,4975680000.0,5056187000.0,5651026000.0,5729164000.0,5582086000.0,5784520000.0,6301311000.0,6996121000.0,6122880000.0,6055345000.0,2262559000.0,3555753000.0,4075819000.0,5015859000.0,6085362000.0,7365535000.0,8881520000.0,11752897000.0,13906244000.0,15834072000.0,16982270000.0
root/Sub-SaharanAfricaGuinea,root,328179000.0,438918000.0,509598000.0,615030000.0,724049000.0,755140000.0,801417000.0,840815000.0,952889000.0,1021068000.0,1023696000.0,1256540000.0,1237824000.0,1216329000.0,1132194000.0,1305948000.0,1634699000.0,1897227000.0,2043937000.0,1971057000.0,2255553000.0,2401961000.0,2467322000.0,2658310000.0,2890747000.0,2997812000.0,2989533000.0,3011044000.0,3133921000.0,2769795000.0,2649589000.0,2562497000.0,2717566000.0,2935946000.0,3171409000.0,3077592000.0,3198898000.0,3331022000.0,3172250000.0,3156540000.0,3045188000.0,3069159000.0,1052558000.0,1043977000.0,1017107000.0,929901000.0,908640000.0
root/Sub-SaharanAfricaGuineaBissau,root,0,0,0,0,0,7904000.0,16066000.0,24632000.0,45971000.0,64387000.0,131001000.0,141644000.0,152084000.0,159157000.0,200527000.0,276038000.0,349214000.0,446201000.0,525154000.0,552206000.0,632707000.0,678707000.0,692541000.0,712369000.0,758770000.0,793073000.0,853801000.0,836913000.0,877408000.0,837639000.0,822115000.0,779769000.0,840238000.0,919402000.0,976605000.0,888784000.0,911042000.0,935767000.0,942366000.0,964247000.0,978213000.0,218543000.0,213358000.0,212167000.0,203179000.0,223838000.0,219907000.0
root/Sub-SaharanAfricaKenya,root,320993000.0,344596000.0,390450000.0,516503000.0,595847000.0,630672000.0,763629000.0,1021264000.0,1243394000.0,1666361000.0,2055529000.0,2133813000.0,2249982000.0,2258432000.0,2287372000.0,2670539000.0,3309768000.0,4197671000.0,4172171000.0,4193829000.0,4758758000.0,5265652000.0,5149094000.0,5245764000.0,5512552000.0,5856897000.0,5573791000.0,5093205000.0,5513812000.0,5344595000.0,5041642000.0,4712205000.0,5251684000.0,5833703000.0,6084131000.0,5784935000.0,5883248000.0,6243885000.0,6400310000.0,6731063000.0,6989468000.0,7770577000.0,9024069000.0,9830496000.0,13354640000.0,15205912000.0,18323084000.0
root/Sub-SaharanAfricaLesotho,root,8123000.0,8629000.0,9488000.0,8259000.0,10153000.0,14084000.0,16202000.0,23942000.0,30647000.0,48402000.0,57736000.0,72721000.0,113679000.0,119706000.0,129790000.0,167407000.0,190517000.0,252408000.0,276037000.0,315998000.0,377727000.0,425748000.0,464729000.0,503167000.0,577432000.0,641976000.0,663460000.0,641442000.0,660546000.0,660958000.0,656702000.0,578462000.0,628480000.0,672633000.0,721580000.0,618936000.0,613482000.0,642179000.0,659508000.0,681363000.0,700224000.0,718543000.0,752981000.0,770586000.0,773408000.0,773752000.0,774881000.0
root/Sub-SaharanAfricaLiberia,root,157910000.0,160386000.0,159305000.0,158992000.0,161780000.0,178636000.0,208478000.0,263216000.0,338057000.0,454020000.0,515493000.0,598486000.0,628248000.0,714032000.0,773840000.0,884874000.0,988138000.0,1115714000.0,1078377000.0,1066009000.0,1118502000.0,1108953000.0,1083719000.0,1104205000.0,1139707000.0,1152814000.0,1101192000.0,1052137000.0,1083279000.0,1052902000.0,1104036000.0,1077187000.0,1128737000.0,1191435000.0,1241736000.0,1179079000.0,1203814000.0,1033534000.0,865014000.0,673134000.0,183098000.0,188028000.0,208490000.0,229207000.0,295317000.0,433695000.0,527279000.0
root/Sub-SaharanAfricaMadagascar,root,485141000.0,488440000.0,510141000.0,504983000.0,746515000.0,774167000.0,173216000.0,716419000.0,279242000.0,582611000.0,917725000.0,1404549000.0,1662582000.0,1695663000.0,1862012000.0,2226835000.0,2638498000.0,3303103000.0,3333670000.0,3142474000.0,3334731000.0,3518793000.0,3468958000.0,3316203000.0,3536625000.0,3705657000.0,3551963000.0,3875040000.0,4106364000.0,4368851000.0,4295316000.0,3793447000.0,4136689000.0,4622290000.0,3493185000.0,3186620000.0,1248484000.0,1417092000.0,1729923000.0,1855516000.0,2001626000.0,2112801000.0,2210178000.0,2282255000.0,2313008000.0,2460564000.0,2423952000.0
root/Sub-SaharanAfricaMalawi,root,135210000.0,152211000.0,175659000.0,215017000.0,242454000.0,267369000.0,305010000.0,378467000.0,504380000.0,504308000.0,634231000.0,666892000.0,681946000.0,702440000.0,712628000.0,794717000.0,943954000.0,1155265000.0,1200334000.0,1258119000.0,1382423000.0,1517629000.0,1567990000.0,1729547000.0,1896502000.0,2079299000.0,2092227000.0,2096262000.0,2304763000.0,2587027000.0,2544555000.0,2469104000.0,2670554000.0,2935044000.0,3295783000.0,3061970000.0,764621000.0,759450000.0,769038000.0,846353000.0,729385000.0,928694000.0,1024592000.0,1244010000.0,1364198000.0,1453616000.0,1506568000.0
root/Sub-SaharanAfricaMali,root,237561000.0,260597000.0,256936000.0,290294000.0,335713000.0,342970000.0,357520000.0,437772000.0,520238000.0,513650000.0,664339000.0,725095000.0,798889000.0,898776000.0,1085484000.0,1289049000.0,1565590000.0,1888965000.0,1893648000.0,2026286000.0,2336899000.0,2463045000.0,2778496000.0,2786254000.0,2545432000.0,2739377000.0,2762772000.0,2701978000.0,2833141000.0,2813655000.0,2671035000.0,2590630000.0,2461142000.0,2848299000.0,3069548000.0,3036259000.0,1541552000.0,1806113000.0,1984059000.0,2001587000.0,2262994000.0,2498914000.0,2782938000.0,3099083000.0,3134752000.0,3352488000.0,3417890000.0
root/Sub-SaharanAfricaMauritania,root,26314000.0,38919000.0,55801000.0,104923000.0,167680000.0,188029000.0,393068000.0,459289000.0,588528000.0,620110000.0,712985000.0,805952000.0,971582000.0,1106760000.0,1147117000.0,1303403000.0,1576157000.0,1823405000.0,1802518000.0,1739086000.0,1806019000.0,1836524000.0,1841772000.0,1936453000.0,2025848000.0,2126998000.0,2169189000.0,2077075000.0,2048857000.0,2147841000.0,2028501000.0,1936233000.0,1937977000.0,2065295000.0,2072283000.0,2071199000.0,1355562000.0,1436678000.0,1668916000.0,1984207000.0,2301267000.0,2485479000.0,2897560000.0,3095490000.0,3133235000.0,3339142000.0,3466386000.0
root/Sub-SaharanAfricaMauritius,root,31738000.0,33286000.0,32760000.0,34750000.0,40914000.0,45679000.0,50622000.0,75654000.0,148563000.0,219326000.0,294229000.0,321813000.0,355834000.0,316716000.0,336433000.0,398098000.0,450754000.0,587186000.0,655460000.0,644163000.0,760472000.0,815313000.0,746823000.0,732121000.0,851406000.0,1147243000.0,1152927000.0,1150676000.0,1124159000.0,1135115000.0,827829000.0,761004000.0,830689000.0,907718000.0,841996000.0,716075000.0,597858000.0,627242000.0,597487000.0,740214000.0,1006988000.0,1171191000.0,1368134000.0,1735408000.0,1812290000.0,1718481000.0,1628453000.0
root/Sub-SaharanAfricaMozambique,root,0,0,0,0,0,0,0,0,0,0,0,0,0,0,1234141000.0,2652969000.0,3147140000.0,3729732000.0,3723556000.0,3812780000.0,4163481000.0,4289547000.0,4653177000.0,4793205000.0,5171079000.0,5160835000.0,5309868000.0,5163096000.0,5982882000.0,4825486000.0,4692578000.0,2534906000.0,2855352000.0,3132919000.0,3371913000.0,3365833000.0,2040914000.0,2344396000.0,2726335000.0,3164629000.0,3170045000.0,4031658000.0,4792552000.0,6825728000.0,7913182000.0,8844009000.0,9180300000.0
root/Sub-SaharanAfricaNiger,root,31675000.0,41557000.0,54801000.0,64941000.0,93665000.0,114172000.0,132736000.0,121169000.0,193128000.0,258584000.0,385615000.0,592790000.0,588974000.0,678873000.0,696898000.0,847784000.0,990206000.0,1198596000.0,1244629000.0,1077351000.0,1258137000.0,1169587000.0,1197931000.0,1242303000.0,1285174000.0,1346929000.0,1347884000.0,1340542000.0,1472442000.0,1486575000.0,1494565000.0,1444774000.0,1644409000.0,1923776000.0,1780722000.0,1752562000.0,662001000.0,759552000.0,786845000.0,965058000.0,1219533000.0,1927735000.0,2089838000.0,2322313000.0,2352401000.0,2577306000.0,2881830000.0
root/Sub-SaharanAfricaNigeria,root,452076000.0,543109000.0,646814000.0,1116810000.0,1180890000.0,1052426000.0,803232000.0,855287000.0,2308701000.0,3252581000.0,4288137000.0,5671277000.0,8144635000.0,11218084000.0,10638888000.0,12244913000.0,17934179000.0,26904741000.0,27539533000.0,29251227000.0,31544601000.0,32324968000.0,26477799000.0,26420638000.0,27954513000.0,28141943000.0,25438638000.0,22643919000.0,23464251000.0,22382468000.0,30042089000.0,29238352000.0,28080397000.0,31295136000.0,32550288000.0,20248209000.0,3828992000.0,3614473000.0,3901853000.0,4221325000.0,4691014000.0,5936616000.0,6679964000.0,8286325000.0,9133446000.0,10546404000.0,11411937000.0
root/Sub-SaharanAfricaRwanda,root,1949000.0,1998000.0,3384000.0,7914000.0,12311000.0,24074000.0,47672000.0,78492000.0,109804000.0,127485000.0,150269000.0,164134000.0,185512000.0,213306000.0,242601000.0,328550000.0,415596000.0,558857000.0,608335000.0,577360000.0,664495000.0,747084000.0,789908000.0,837647000.0,907656000.0,972426000.0,986747000.0,995658000.0,1121969000.0,1163327000.0,1147743000.0,1162948000.0,1304726000.0,1415754000.0,1541866000.0,1414509000.0,389507000.0,565898000.0,649674000.0,715542000.0,758993000.0,971491000.0,1045226000.0,1552709000.0,1877438000.0,2117733000.0,2353295000.0
root/Sub-SaharanAfricaSaoTomeandPrincipe,root,0,0,0,0,0,0,0,2183000.0,10316000.0,14719000.0,23460000.0,29421000.0,36836000.0,42774000.0,53886000.0,61874000.0,76754000.0,91130000.0,100797000.0,113347000.0,132867000.0,150399000.0,169131000.0,181897000.0,201235000.0,231841000.0,226527000.0,226848000.0,243630000.0,291078000.0,278284000.0,283157000.0,301184000.0,320828000.0,340412000.0,317131000.0,331428000.0,143463000.0,108744000.0,124978000.0,145303000.0,189230000.0,169284000.0,183333000.0,186453000.0,224619000.0,223854000.0
root/Sub-SaharanAfricaSenegal,root,114449000.0,123903000.0,138328000.0,181646000.0,248330000.0,302089000.0,364155000.0,473590000.0,668776000.0,819348000.0,1105147000.0,1234465000.0,1424453000.0,1639279000.0,1685473000.0,2055200000.0,2629166000.0,3330736000.0,3260436000.0,2668628000.0,2958384000.0,2898468000.0,3011070000.0,3087816000.0,3088343000.0,3265774000.0,3239405000.0,3245657000.0,3509919000.0,3373755000.0,3208177000.0,3169053000.0,3506173000.0,3916214000.0,3517605000.0,3501362000.0,1638732000.0,1987825000.0,2371869000.0,2954185000.0,3149586000.0,3613629000.0,4198167000.0,4516834000.0,4952941000.0,5320357000.0,6098750000.0
root/Sub-SaharanAfricaSierraLeone,root,61400000.0,111055000.0,119390000.0,141785000.0,187437000.0,197431000.0,203682000.0,246191000.0,299640000.0,356769000.0,418534000.0,511031000.0,557781000.0,538520000.0,508214000.0,583290000.0,752849000.0,887455000.0,871668000.0,890135000.0,939811000.0,965200000.0,1163091000.0,1320066000.0,1395553000.0,1057820000.0,1046736000.0,1023461000.0,1093402000.0,1065982000.0,1005771000.0,1063723000.0,1204979000.0,1363983000.0,1438987000.0,1566397000.0,1455644000.0,481898000.0,544762000.0,604653000.0,660788000.0,741415000.0,839174000.0,900642000.0,910054000.0,946289000.0,952843000.0
root/Sub-SaharanAfricaSomalia,root,77085000.0,84418000.0,101114000.0,124167000.0,174726000.0,228754000.0,293260000.0,386569000.0,500139000.0,545152000.0,595202000.0,975109000.0,1089543000.0,1217462000.0,1282736000.0,1412017000.0,1554297000.0,1743299000.0,1779177000.0,1813366000.0,1925855000.0,1945214000.0,1897769000.0,1896979000.0,1934809000.0,1960792000.0,1918223000.0,1852459000.0,1886364000.0,1859392000.0,1825076000.0,1794684000.0,1859855000.0,1936139000.0,1949048000.0,1881531000.0,1922550000.0,1978829000.0,1982822000.0,1987488000.0,1990125000.0,1991531000.0,1984603000.0,1977022000.0,1913171000.0,1875579000.0,1644529000.0
root/Sub-SaharanAfricaSouthAfrica,root,0,0,0,0,0,0,0,0,0,0,0,0,0,0,0,0,0,0,0,0,0,0,0,0,7789025000.0,9836655000.0,10347475000.0,16316291000.0,10693721000.0,8197972000.0,9087728000.0,7941009000.0,14766813000.0,17366702000.0,18346935000.0,20742873000.0,20542308000.0,19471124000.0,19279530000.0,22315065000.0,36274014000.0,41551219000.0,56502021000.0,54586062000.0,57137477000.0,57787994000.0,62194958000.0
root/Sub-SaharanAfricaSudan,root,293686000.0,326483000.0,360567000.0,453405000.0,895756000.0,1250816000.0,1657145000.0,2038641000.0,2407742000.0,3261284000.0,3822276000.0,4505306000.0,5424315000.0,5837584000.0,6190999000.0,6601659000.0,7121507000.0,8043178000.0,8002743000.0,8468903000.0,9155209000.0,9220052000.0,8983620000.0,8993768000.0,9399862000.0,9779423000.0,9369225000.0,8998223000.0,9225857000.0,8851980000.0,10150628000.0,10084874000.0,10660794000.0,11195690000.0,11665258000.0,11232181000.0,11922156000.0,12737909000.0,13120088000.0,13706519000.0,14444142000.0,15093062000.0,15697117000.0,16402430000.0,15922107000.0,15772361000.0,15515294000.0
root/Sub-SaharanAfricaSwaziland,root,37033000.0,34634000.0,32581000.0,36935000.0,36186000.0,33745000.0,40781000.0,52097000.0,131243000.0,171936000.0,186932000.0,174607000.0,186693000.0,184841000.0,170186000.0,207418000.0,245860000.0,279562000.0,249975000.0,249676000.0,252164000.0,255698000.0,231776000.0,221002000.0,231950000.0,238340000.0,232568000.0,250735000.0,272903000.0,279966000.0,262934000.0,262155000.0,314465000.0,361872000.0,374135000.0,369950000.0,376313000.0,379635000.0,362830000.0,401504000.0,396601000.0,372743000.0,334516000.0,310646000.0,283552000.0,272973000.0,339084000.0
root/Sub-SaharanAfricaTanzania,root,173359000.0,1143689000.0,1282101000.0,1537061000.0,1667757000.0,1867949000.0,2070620000.0,2564196000.0,3016681000.0,2793014000.0,3300014000.0,3659571000.0,3723450000.0,3969820000.0,3995426000.0,4634576000.0,4425248000.0,4834901000.0,5251018000.0,5277241000.0,5770979000.0,5800170000.0,5858286000.0,5802464000.0,6128043000.0,6208029000.0,6103679000.0,6009485000.0,6318600000.0,6554789000.0,5972577000.0,5523078000.0,5989694000.0,5997384000.0,6528637000.0,6446431000.0,2452581000.0,3181440000.0,3711324000.0,4640101000.0,5600764000.0,6438357000.0,7366182000.0,9112090000.0,9911247000.0,10690153000.0,11247490000.0
root/Sub-SaharanAfricaTogo,root,39762000.0,46896000.0,47048000.0,69514000.0,126493000.0,167683000.0,233032000.0,384620000.0,709757000.0,982114000.0,969513000.0,846415000.0,787652000.0,790975000.0,676796000.0,786496000.0,885340000.0,1047503000.0,1057685000.0,936920000.0,1080508000.0,1139260000.0,1134845000.0,1126674000.0,1227915000.0,1285415000.0,1309366000.0,1213054000.0,1325151000.0,1286577000.0,1229630000.0,1203794000.0,1335744000.0,1497659000.0,1598486000.0,1439532000.0,1540711000.0,1640562000.0,1468832000.0,1481923000.0,997952000.0,362130000.0,442690000.0,555930000.0,670441000.0,799742000.0,940328000.0
root/Sub-SaharanAfricaUganda,root,151654000.0,161487000.0,166689000.0,163276000.0,183403000.0,179800000.0,203476000.0,257284000.0,380214000.0,509883000.0,538284000.0,463980000.0,541611000.0,604007000.0,698104000.0,893047000.0,1111900000.0,1601088000.0,1606751000.0,1861494000.0,2177462000.0,2299831000.0,2448614000.0,2614495000.0,2885716000.0,3089134000.0,3177342000.0,3391076000.0,3401015000.0,2994175000.0,3051302000.0,3304868000.0,3564530000.0,4150227000.0,4417540000.0,4208686000.0,1099381000.0,1570673000.0,1780104000.0,2247244000.0,2672927000.0,2963297000.0,3481636000.0,4243720000.0,4513726000.0,5223869000.0,5887042000.0
root/Sub-SaharanAfricaZambia,root,623520000.0,633829000.0,677266000.0,704608000.0,808251000.0,1141218000.0,1294586000.0,1398607000.0,1460306000.0,1811343000.0,2132203000.0,2168768000.0,2289710000.0,2500321000.0,2543908000.0,3016527000.0,3735385000.0,4341689000.0,4315181000.0,4103443000.0,4541140000.0,4694782000.0,4506204000.0,4391268000.0,5180464000.0,5290760000.0,5369175000.0,5251472000.0,5326320000.0,4505440000.0,4443650000.0,4826637000.0,5255580000.0,5572575000.0,5841212000.0,3941548000.0,961981000.0,1106705000.0,1156767000.0,1199747000.0,1290386000.0,1883883000.0,3109218000.0,3224058000.0,4643191000.0,6332674000.0,6904170000.0
root/Sub-SaharanAfricaZimbabwe,root,229164000.0,233702000.0,213775000.0,217480000.0,217427000.0,186855000.0,143901000.0,153463000.0,418078000.0,524236000.0,695615000.0,805052000.0,1210113000.0,1423985000.0,1502106000.0,1776561000.0,2042006000.0,2406710000.0,2255135000.0,2304325000.0,2496448000.0,2648678000.0,2906908000.0,3061475000.0,3370050000.0,3462072000.0,3318352000.0,3065626000.0,3194595000.0,2982860000.0,2775757000.0,2680382000.0,3020717000.0,3366117000.0,3542740000.0,3177812000.0,3370312000.0,3695182000.0,3656269000.0,3737029000.0,3665877000.0,3822290000.0,3887631000.0,3954414000.0,3710448000.0,3569449000.0,3482510000.0
