root/EastAsia&Pacific,root,5660000.0,35174000.0,68115000.0,190232000.0,120415000.0,106470000.0,77384000.0,265946000.0,170502000.0,177394000.0,265226000.0,256908000.0,321003000.0,948463000.0,630646000.0,1206226000.0,1016154000.0,973974000.0,856990000.0,915381000.0,1531043000.0,1230947000.0,423091000.0,320878000.0,373388000.0,459215000.0,354993000.0,326955000.0,531040000.0,737386000.0,1118547000.0,3842657000.0,4623643000.0,2714672000.0,1954929000.0,1977398000.0,8850285000.0,93067000.0,62483000.0,99200000.0,114926000.0,66361000.0,58866000.0,121832000.0,73098000.0,16431000.0,20982000.0
root/EastAsia&Pacific/Cambodia,root/EastAsia&Pacific,0,0,0,0,0,0,0,0,0,0,0,0,0,0,0,0,22000.0,13000.0,47000.0,24000.0,26000.0,27000.0,11290000.0,33361000.0,524000.0,728000.0,709000.0,684000.0,2075000.0,4715000.0,8381000.0,13010000.0,13133000.0,14077000.0,11369000.0,9780000.0,950000.0,833000.0,195000.0,303000.0,414000.0,142000.0,38000.0,166000.0,64000.0,59000.0,99000.0
root/EastAsia&Pacific/China,root/EastAsia&Pacific,0,0,0,0,0,0,0,0,0,0,0,21210000.0,33638000.0,502400000.0,1587000.0,1573000.0,38145000.0,130745000.0,134320000.0,146458000.0,555290000.0,475220000.0,0,0,0,0,0,0,0,12545000.0,13556000.0,6723000.0,6149000.0,5200000.0,7791000.0,10255000.0,14499000.0,12798000.0,2991000.0,25203000.0,34446000.0,11789000.0,3203000.0,13862000.0,5310000.0,4900000.0,8208000.0
root/EastAsia&Pacific/Fiji,root/EastAsia&Pacific,0,0,0,0,0,4360000.0,0,0,250000.0,410000.0,8820000.0,0,700000.0,950000.0,940000.0,6270000.0,8800000.0,2652000.0,2749000.0,3269000.0,825000.0,0,0,0,0,0,0,0,0,369000.0,398000.0,198000.0,181000.0,153000.0,229000.0,301000.0,426000.0,376000.0,88000.0,242000.0,331000.0,113000.0,31000.0,133000.0,52000.0,48000.0,79000.0
root/EastAsia&Pacific/Indonesia,root/EastAsia&Pacific,3160000.0,16009000.0,22756000.0,104884000.0,45798000.0,56329000.0,0,75900000.0,0,0,0,0,0,9950000.0,33270000.0,404790000.0,3930000.0,21978000.0,97543000.0,51198000.0,216001000.0,347912000.0,167920000.0,0,0,0,0,0,181759000.0,378491000.0,539760000.0,2228863000.0,2644399000.0,1539393000.0,1268058000.0,1467935000.0,8343851000.0,12914000.0,3018000.0,7141000.0,9760000.0,3340000.0,908000.0,3928000.0,1504000.0,1388000.0,2326000.0
root/EastAsia&Pacific/LaoPDR,root/EastAsia&Pacific,0,0,0,0,0,0,0,0,0,36000.0,68000.0,78000.0,73000.0,71000.0,1171000.0,2230000.0,3025000.0,3367000.0,3426000.0,1876000.0,571000.0,171000.0,130000.0,166000.0,29000.0,2060000.0,3309000.0,5183000.0,6681000.0,8799000.0,8508000.0,9804000.0,9563000.0,9439000.0,8334000.0,6638000.0,3973000.0,3620000.0,4534000.0,5862000.0,5782000.0,5085000.0,3483000.0,1483000.0,38000.0,35000.0,60000.0
root/EastAsia&Pacific/Malaysia,root/EastAsia&Pacific,0,0,0,8645000.0,0,0,460000.0,101063000.0,0,0,0,1570000.0,14930000.0,69930000.0,73910000.0,174490000.0,129440000.0,0,0,0,0,0,0,0,0,0,0,0,0,7339000.0,7960000.0,3948000.0,3611000.0,3054000.0,4575000.0,6022000.0,8514000.0,7515000.0,1756000.0,4854000.0,6634000.0,2270000.0,617000.0,2670000.0,1023000.0,943000.0,1580000.0
root/EastAsia&Pacific/Mongolia,root/EastAsia&Pacific,0,0,0,0,0,0,0,0,0,0,0,0,0,0,0,0,0,0,0,0,0,79000.0,1255000.0,1155000.0,1132000.0,10594000.0,10495000.0,1102000.0,1498000.0,6628000.0,9425000.0,8471000.0,9117000.0,9847000.0,9035000.0,8298000.0,9033000.0,9276000.0,5788000.0,7608000.0,7106000.0,6702000.0,36773000.0,94552000.0,61601000.0,2735000.0,57000.0
root/EastAsia&Pacific/Myanmar,root/EastAsia&Pacific,0,5122000.0,11008000.0,7842000.0,13138000.0,6215000.0,8759000.0,14711000.0,27790000.0,26167000.0,26360000.0,19609000.0,21767000.0,21017000.0,20718000.0,34519000.0,51009000.0,49248000.0,20882000.0,5820000.0,1737000.0,0,0,0,0,0,0,0,0,2282000.0,2460000.0,1223000.0,1155000.0,976000.0,1438000.0,1856000.0,2689000.0,2389000.0,539000.0,892000.0,1241000.0,414000.0,114000.0,492000.0,183000.0,172000.0,289000.0
root/EastAsia&Pacific/PapuaNewGuinea,root/EastAsia&Pacific,0,0,0,0,0,0,6715000.0,1830000.0,14163000.0,11061000.0,7406000.0,6066000.0,3228000.0,3275000.0,33439000.0,9380000.0,17072000.0,5175000.0,5285000.0,2890000.0,3041000.0,5572000.0,4439000.0,18342000.0,32421000.0,17104000.0,2066000.0,2216000.0,6296000.0,24693000.0,20970000.0,4379000.0,3446000.0,7585000.0,62972000.0,62539000.0,569000.0,503000.0,117000.0,452000.0,618000.0,212000.0,58000.0,249000.0,96000.0,88000.0,147000.0
root/EastAsia&Pacific/Philippines,root/EastAsia&Pacific,2500000.0,14043000.0,32028000.0,68861000.0,61479000.0,39566000.0,61010000.0,69823000.0,122805000.0,127110000.0,186946000.0,111928000.0,158145000.0,239802000.0,318909000.0,258410000.0,380677000.0,436011000.0,269714000.0,280142000.0,444328000.0,389918000.0,236800000.0,137341000.0,332610000.0,417258000.0,328588000.0,240068000.0,127453000.0,125001000.0,108351000.0,102967000.0,462507000.0,638840000.0,501318000.0,342225000.0,422471000.0,8178000.0,1473000.0,3021000.0,4130000.0,1413000.0,384000.0,1662000.0,637000.0,588000.0,984000.0
root/EastAsia&Pacific/Samoa,root/EastAsia&Pacific,0,0,0,0,0,0,70000.0,890000.0,846000.0,306000.0,742000.0,1292000.0,1123000.0,1381000.0,1486000.0,2330000.0,2665000.0,3845000.0,4338000.0,2297000.0,992000.0,656000.0,240000.0,0,0,0,0,0,0,60000.0,65000.0,32000.0,30000.0,25000.0,38000.0,49000.0,70000.0,62000.0,14000.0,43000.0,57000.0,19000.0,5000.0,22000.0,9000.0,1631000.0,1625000.0
root/EastAsia&Pacific/SolomonIslands,root/EastAsia&Pacific,0,0,0,0,0,0,0,0,0,1383000.0,0,0,60000.0,190000.0,435000.0,626000.0,1585000.0,5337000.0,519000.0,338000.0,974000.0,680000.0,0,0,0,0,0,0,0,35000.0,37000.0,19000.0,17000.0,14000.0,22000.0,28000.0,40000.0,35000.0,8000.0,36000.0,49000.0,17000.0,5000.0,20000.0,1588000.0,2917000.0,3866000.0
root/EastAsia&Pacific/Thailand,root/EastAsia&Pacific,0,0,2323000.0,0,0,0,370000.0,1729000.0,4648000.0,10921000.0,34884000.0,95155000.0,87339000.0,99497000.0,144781000.0,311608000.0,379711000.0,315548000.0,318031000.0,411735000.0,302191000.0,693000.0,0,0,0,0,0,14494000.0,121034000.0,133257000.0,370746000.0,1415137000.0,1398645000.0,409404000.0,2785000.0,3666000.0,5183000.0,4575000.0,1069000.0,3498000.0,4782000.0,1637000.0,445000.0,1924000.0,737000.0,680000.0,1140000.0
root/EastAsia&Pacific/Tonga,root/EastAsia&Pacific,0,0,0,0,0,0,0,0,0,0,0,0,0,0,0,0,0,0,0,0,0,0,0,0,0,0,0,0,0,347000.0,377000.0,187000.0,163000.0,145000.0,217000.0,295000.0,394000.0,345000.0,85000.0,24000.0,32000.0,11000.0,3000.0,13000.0,5000.0,4000.0,8000.0
root/EastAsia&Pacific/Vanuatu,root/EastAsia&Pacific,0,0,0,0,0,0,0,0,0,0,0,0,0,0,0,0,0,0,0,0,0,0,0,0,0,0,0,0,0,859000.0,931000.0,462000.0,402000.0,357000.0,535000.0,728000.0,974000.0,852000.0,211000.0,59000.0,80000.0,27000.0,7000.0,32000.0,12000.0,22000.0,144000.0
root/EastAsia&Pacific/Vietnam,root/EastAsia&Pacific,0,0,0,0,0,0,0,0,0,0,0,0,0,0,0,0,73000.0,55000.0,136000.0,9334000.0,5067000.0,10019000.0,1017000.0,130513000.0,6672000.0,11471000.0,9826000.0,63208000.0,84244000.0,31966000.0,26622000.0,47234000.0,71125000.0,76163000.0,76213000.0,56783000.0,36649000.0,28796000.0,40597000.0,39962000.0,39464000.0,33170000.0,12792000.0,624000.0,239000.0,221000.0,370000.0
root/Europe&CentralAsia,root,72250000.0,52412000.0,114280000.0,85090000.0,63872000.0,19530000.0,73790000.0,233404000.0,310540000.0,289808000.0,431880000.0,488580000.0,527330000.0,791760000.0,1095260000.0,1205630000.0,1421160000.0,1542837000.0,1604374000.0,1072575000.0,471992000.0,231573000.0,521868000.0,190473000.0,504518000.0,1186862000.0,1842853000.0,1649590000.0,2767165000.0,7273830000.0,6485434000.0,7436895000.0,10050601000.0,5403760000.0,9026603000.0,14117768000.0,10376087000.0,7411990000.0,3042541000.0,1415125000.0,3115417000.0,4030229000.0,9531116000.0,16711417000.0,12571129000.0,3921631000.0,712048000.0
root/Europe&CentralAsia/Albania,root/Europe&CentralAsia,0,0,0,0,0,0,0,0,0,0,0,0,0,0,0,0,0,0,0,0,0,0,103000.0,940000.0,1083000.0,2467000.0,9196000.0,8447000.0,1963000.0,6717000.0,10900000.0,15676000.0,15407000.0,10962000.0,11475000.0,11669000.0,14509000.0,17570000.0,16579000.0,14689000.0,12678000.0,12308000.0,10420000.0,10593000.0,9263000.0,7509000.0,6777000.0
root/Europe&CentralAsia/Armenia,root/Europe&CentralAsia,0,0,0,0,0,0,0,0,0,0,0,0,0,0,0,0,0,0,0,0,0,0,0,0,0,1725000.0,3176000.0,3278000.0,4011000.0,20696000.0,23673000.0,13929000.0,21815000.0,29537000.0,38689000.0,39356000.0,37294000.0,29031000.0,28862000.0,27439000.0,30400000.0,35310000.0,165619000.0,283239000.0,152473000.0,27386000.0,38232000.0
root/Europe&CentralAsia/Azerbaijan,root/Europe&CentralAsia,0,0,0,0,0,0,0,0,0,0,0,0,0,0,0,0,0,0,0,0,0,0,0,0,0,1141000.0,4936000.0,8147000.0,9811000.0,35619000.0,74223000.0,53980000.0,58487000.0,85399000.0,67515000.0,57407000.0,48312000.0,46229000.0,24372000.0,19471000.0,15496000.0,17512000.0,13096000.0,10122000.0,4028000.0,1909000.0,181000.0
root/Europe&CentralAsia/Belarus,root/Europe&CentralAsia,0,0,0,0,0,0,0,0,0,0,0,0,0,0,0,0,0,0,0,0,0,0,0,1304000.0,5161000.0,10311000.0,12268000.0,12023000.0,36033000.0,86182000.0,84077000.0,44759000.0,41333000.0,41616000.0,29868000.0,25201000.0,22077000.0,19301000.0,4778000.0,13951000.0,67965000.0,86908000.0,534385000.0,1697221000.0,1273196000.0,77423000.0,432000.0
root/Europe&CentralAsia/BosniaandHerzegovina,root/Europe&CentralAsia,0,0,0,0,0,0,0,0,0,0,0,0,0,0,0,0,0,0,0,0,0,0,0,338000.0,44000.0,33176000.0,4055000.0,2930000.0,2540000.0,25061000.0,25934000.0,13171000.0,26609000.0,53643000.0,51611000.0,43516000.0,47574000.0,20228000.0,2674000.0,1715000.0,5822000.0,7912000.0,40833000.0,215699000.0,229320000.0,60415000.0,100260000.0
root/Europe&CentralAsia/Bulgaria,root/Europe&CentralAsia,0,0,0,0,0,0,0,0,0,0,0,0,0,0,0,0,0,0,0,0,0,6083000.0,120851000.0,37030000.0,108894000.0,296159000.0,254110000.0,119841000.0,227894000.0,200599000.0,236840000.0,376144000.0,299305000.0,140579000.0,183399000.0,508048000.0,406985000.0,387802000.0,7918000.0,2203000.0,3010000.0,1030000.0,280000.0,1211000.0,463000.0,428000.0,717000.0
root/Europe&CentralAsia/Georgia,root/Europe&CentralAsia,0,0,0,0,0,0,0,0,0,0,0,0,0,0,0,0,0,0,0,0,0,0,0,0,0,2830000.0,5072000.0,5610000.0,6696000.0,33987000.0,38835000.0,22882000.0,35887000.0,52279000.0,61263000.0,62047000.0,58967000.0,48443000.0,38689000.0,34854000.0,33758000.0,77356000.0,256000000.0,389385000.0,255814000.0,74500000.0,14968000.0
root/Europe&CentralAsia/Kazakhstan,root/Europe&CentralAsia,0,0,0,0,0,0,0,0,0,0,0,0,0,0,0,0,0,0,0,0,0,0,0,1219000.0,8693000.0,17451000.0,22447000.0,30557000.0,117842000.0,215683000.0,473067000.0,9756000.0,8499000.0,7547000.0,11306000.0,15383000.0,20580000.0,17993000.0,4455000.0,1239000.0,1694000.0,580000.0,157000.0,682000.0,261000.0,241000.0,403000.0
root/Europe&CentralAsia/Kosovo,root/Europe&CentralAsia,0,0,0,0,0,0,0,0,0,0,0,0,0,0,0,0,0,0,0,0,0,0,0,0,0,0,0,0,0,2922000.0,3170000.0,1572000.0,1369000.0,1216000.0,1822000.0,2478000.0,3316000.0,2899000.0,718000.0,200000.0,349000.0,517000.0,575000.0,5200000.0,15821000.0,19518000.0,56020000.0
root/Europe&CentralAsia/KyrgyzRepublic,root/Europe&CentralAsia,0,0,0,0,0,0,0,0,0,0,0,0,0,0,0,0,0,0,0,0,0,0,0,1060000.0,3258000.0,3729000.0,7007000.0,12791000.0,14159000.0,13905000.0,18368000.0,20975000.0,26775000.0,35161000.0,36042000.0,35600000.0,33311000.0,29888000.0,25231000.0,27131000.0,21962000.0,24288000.0,20626000.0,17493000.0,20312000.0,15508000.0,20909000.0
root/Europe&CentralAsia/MacedoniaFYR,root/Europe&CentralAsia,0,0,0,0,0,0,0,0,0,0,0,0,0,0,0,0,0,0,0,0,0,0,0,7350000.0,2535000.0,2801000.0,3596000.0,3444000.0,5378000.0,20021000.0,22789000.0,9883000.0,10133000.0,22657000.0,21547000.0,12452000.0,12347000.0,58423000.0,106000.0,237000.0,323000.0,2803000.0,3424000.0,3364000.0,115404000.0,172958000.0,76000.0
root/Europe&CentralAsia/Moldova,root/Europe&CentralAsia,0,0,0,0,0,0,0,0,0,0,0,0,0,0,0,0,0,0,0,0,0,0,0,964000.0,4988000.0,10117000.0,17653000.0,30988000.0,74247000.0,79173000.0,39496000.0,24067000.0,24364000.0,26971000.0,28033000.0,29449000.0,33750000.0,30614000.0,28216000.0,16250000.0,9466000.0,7605000.0,18156000.0,24294000.0,31840000.0,42912000.0,75123000.0
root/Europe&CentralAsia/Montenegro,root/Europe&CentralAsia,0,0,0,0,0,0,0,0,0,0,0,0,0,0,0,0,0,0,0,0,0,0,0,0,0,0,0,0,0,0,0,0,0,0,0,0,1546000.0,1352000.0,335000.0,93000.0,127000.0,44000.0,12000.0,51000.0,20000.0,18000.0,31000.0
root/Europe&CentralAsia/Romania,root/Europe&CentralAsia,0,0,0,0,770000.0,1280000.0,6600000.0,59264000.0,85432000.0,83970000.0,124140000.0,136450000.0,90620000.0,122980000.0,218120000.0,256440000.0,304840000.0,345609000.0,368530000.0,139420000.0,0,29387000.0,278452000.0,61021000.0,190783000.0,441486000.0,394729000.0,164647000.0,154211000.0,163217000.0,124420000.0,138147000.0,111123000.0,121532000.0,187100000.0,168172000.0,181502000.0,112647000.0,959000.0,80340000.0,306051000.0,468345000.0,2428656000.0,6543934000.0,5999212000.0,1736313000.0,135048000.0
root/Europe&CentralAsia/RussianFederation,root/Europe&CentralAsia,0,0,0,0,0,0,0,0,0,0,0,0,0,0,0,0,0,0,0,0,0,0,0,78314000.0,175090000.0,294274000.0,991668000.0,1076918000.0,1631929000.0,5262465000.0,3903193000.0,4484500000.0,1835548000.0,2134418000.0,1955023000.0,3669255000.0,339663000.0,296956000.0,73519000.0,20451000.0,27951000.0,9566000.0,2599000.0,11248000.0,4309000.0,3976000.0,6661000.0
root/Europe&CentralAsia/Serbia,root/Europe&CentralAsia,45250000.0,25328000.0,16285000.0,73619000.0,63102000.0,11340000.0,46690000.0,147820000.0,114410000.0,80390000.0,101370000.0,149290000.0,159340000.0,335540000.0,482460000.0,537190000.0,617730000.0,663778000.0,749900000.0,683579000.0,419014000.0,196103000.0,122462000.0,933000.0,122000.0,0,1165000.0,25000.0,155000.0,3879000.0,105678000.0,9068000.0,13249000.0,14240000.0,260497000.0,240910000.0,248876000.0,3062000.0,716000.0,8181000.0,23310000.0,31039000.0,291385000.0,884285000.0,762519000.0,163573000.0,16819000.0
root/Europe&CentralAsia/Tajikistan,root/Europe&CentralAsia,0,0,0,0,0,0,0,0,0,0,0,0,0,0,0,0,0,0,0,0,0,0,0,0,0,0,460000.0,948000.0,1685000.0,11358000.0,16567000.0,15653000.0,37063000.0,17585000.0,15224000.0,18195000.0,5129000.0,4523000.0,32251000.0,15548000.0,410000.0,138000.0,38000.0,163000.0,4027000.0,11015000.0,20054000.0
root/Europe&CentralAsia/Turkey,root/Europe&CentralAsia,27000000.0,27084000.0,97995000.0,11471000.0,0,6910000.0,20500000.0,26320000.0,110698000.0,125448000.0,206370000.0,202840000.0,277370000.0,333240000.0,394680000.0,412000000.0,498590000.0,533450000.0,485944000.0,249576000.0,52978000.0,0,0,0,3811000.0,24414000.0,29699000.0,56637000.0,248153000.0,304782000.0,145413000.0,1539517000.0,7181795000.0,2310484000.0,5643023000.0,8736258000.0,8298549000.0,5733278000.0,2376433000.0,902081000.0,2305958000.0,2881475000.0,2028412000.0,863576000.0,814000.0,751000.0,1258000.0
root/Europe&CentralAsia/Turkmenistan,root/Europe&CentralAsia,0,0,0,0,0,0,0,0,0,0,0,0,0,0,0,0,0,0,0,0,0,0,0,0,0,0,0,0,0,3685000.0,3997000.0,1982000.0,1727000.0,1533000.0,2297000.0,3125000.0,4181000.0,3655000.0,905000.0,252000.0,344000.0,118000.0,32000.0,138000.0,53000.0,49000.0,82000.0
root/Europe&CentralAsia/Ukraine,root/Europe&CentralAsia,0,0,0,0,0,0,0,0,0,0,0,0,0,0,0,0,0,0,0,0,0,0,0,0,56000.0,41803000.0,74462000.0,101917000.0,219970000.0,736081000.0,1045734000.0,583837000.0,269950000.0,266301000.0,386697000.0,408645000.0,541844000.0,534337000.0,371419000.0,227852000.0,247048000.0,364932000.0,3716291000.0,5748998000.0,3691781000.0,1505044000.0,217688000.0
root/Europe&CentralAsia/Uzbekistan,root/Europe&CentralAsia,0,0,0,0,0,0,0,0,0,0,0,0,0,0,0,0,0,0,0,0,0,0,0,0,0,2978000.0,7154000.0,10442000.0,10488000.0,47798000.0,89060000.0,57397000.0,30163000.0,30100000.0,34172000.0,30602000.0,15775000.0,13759000.0,3406000.0,948000.0,1295000.0,443000.0,120000.0,521000.0,199000.0,185000.0,309000.0
root/LatinAmerica&Caribbean,root,219050000.0,87362000.0,142596000.0,200145000.0,202445000.0,196220000.0,155776000.0,248875000.0,886126000.0,369615000.0,518210000.0,375532000.0,281355000.0,496841000.0,1954299000.0,1409621000.0,3296334000.0,3857011000.0,3592471000.0,3902292000.0,4619258000.0,4460350000.0,4251395000.0,4335756000.0,2838504000.0,3605504000.0,4467465000.0,5599739000.0,3350522000.0,9790856000.0,15111176000.0,2276143000.0,6909115000.0,19796955000.0,11929701000.0,29399539000.0,10348690000.0,349498000.0,221458000.0,112519000.0,236314000.0,247632000.0,182650000.0,556681000.0,936861000.0,572564000.0,192210000.0
root/LatinAmerica&Caribbean/Argentina,root/LatinAmerica&Caribbean,0,0,0,0,137224000.0,136270000.0,92131000.0,147455000.0,518548000.0,0,0,0,0,48990000.0,1168544000.0,240295000.0,1164272000.0,844062000.0,760910000.0,991902000.0,974576000.0,1227931000.0,1076663000.0,589782000.0,617769000.0,758871000.0,700778000.0,754858000.0,920973000.0,1037742000.0,1492801000.0,1606457000.0,1428183000.0,6254225000.0,6068903000.0,4095474000.0,9895502000.0,17206000.0,4021000.0,7284000.0,9955000.0,3407000.0,926000.0,4006000.0,1535000.0,1416000.0,2373000.0
root/LatinAmerica&Caribbean/Belize,root/LatinAmerica&Caribbean,0,0,0,0,0,0,0,0,0,0,0,0,0,220000.0,250000.0,430000.0,2150000.0,2759000.0,3616000.0,4713000.0,3239000.0,424000.0,0,0,0,0,0,0,0,944000.0,1024000.0,508000.0,443000.0,393000.0,589000.0,801000.0,1072000.0,937000.0,232000.0,134000.0,180000.0,136000.0,2776000.0,3655000.0,910000.0,13000.0,21000.0
root/LatinAmerica&Caribbean/Bolivia,root/LatinAmerica&Caribbean,0,4012000.0,3257000.0,9539000.0,4966000.0,6768000.0,23737000.0,1109000.0,2632000.0,979000.0,2500000.0,8666000.0,15609000.0,19252000.0,31035000.0,28897000.0,42490000.0,43292000.0,67022000.0,23860000.0,58587000.0,53456000.0,41335000.0,30630000.0,15515000.0,27453000.0,33553000.0,35598000.0,36403000.0,25418000.0,22605000.0,22465000.0,18772000.0,20934000.0,26271000.0,47158000.0,3392000.0,16759000.0,337000.0,592000.0,809000.0,277000.0,75000.0,325000.0,125000.0,115000.0,193000.0
root/LatinAmerica&Caribbean/Brazil,root/LatinAmerica&Caribbean,75160000.0,0,0,0,0,0,0,0,0,0,0,0,0,68220000.0,204370000.0,402420000.0,978640000.0,1454825000.0,1179680000.0,1069282000.0,996216000.0,717544000.0,668796000.0,541951000.0,147861000.0,58875000.0,74847000.0,34705000.0,22083000.0,2459647000.0,7049717000.0,143073000.0,5122928000.0,13212611000.0,5576325000.0,24904028000.0,131004000.0,19384000.0,4530000.0,10410000.0,14228000.0,4870000.0,1323000.0,5726000.0,2194000.0,2025000.0,3390000.0
root/LatinAmerica&Caribbean/Colombia,root/LatinAmerica&Caribbean,72650000.0,31706000.0,57814000.0,46803000.0,0,0,0,0,0,0,0,0,0,0,0,0,0,0,0,0,0,0,0,0,0,0,0,0,0,6054000.0,6541000.0,3244000.0,2967000.0,2510000.0,3760000.0,4949000.0,6997000.0,6176000.0,1443000.0,2662000.0,3639000.0,1245000.0,338000.0,1464000.0,561000.0,518000.0,867000.0
root/LatinAmerica&Caribbean/CostaRica,root/LatinAmerica&Caribbean,4000000.0,251000.0,0,0,2982000.0,2769000.0,7855000.0,6193000.0,19174000.0,3635000.0,15910000.0,15360000.0,12130000.0,21090000.0,39260000.0,35790000.0,51030000.0,74184000.0,62067000.0,38687000.0,28836000.0,11764000.0,10170000.0,4855000.0,23945000.0,46979000.0,23382000.0,706000.0,0,1257000.0,1358000.0,674000.0,616000.0,521000.0,781000.0,1027000.0,1453000.0,1282000.0,300000.0,564000.0,771000.0,264000.0,72000.0,310000.0,119000.0,109000.0,183000.0
root/LatinAmerica&Caribbean/Dominica,root/LatinAmerica&Caribbean,0,0,0,0,0,0,0,0,0,0,0,0,0,1560000.0,2790000.0,2460000.0,2410000.0,4938000.0,3302000.0,2537000.0,1559000.0,1058000.0,822000.0,781000.0,782000.0,861000.0,820000.0,553000.0,218000.0,67000.0,34000.0,17000.0,28000.0,65000.0,153000.0,590000.0,1871000.0,2647000.0,164000.0,920000.0,1177000.0,2961000.0,3934000.0,2755000.0,1579000.0,2071000.0,1567000.0
root/LatinAmerica&Caribbean/DominicanRepublic,root/LatinAmerica&Caribbean,5300000.0,3310000.0,7600000.0,17290000.0,0,13056000.0,0,1520000.0,2250000.0,17020000.0,69390000.0,27440000.0,13630000.0,18720000.0,27580000.0,50960000.0,68240000.0,84231000.0,67751000.0,103456000.0,66698000.0,51694000.0,20597000.0,17663000.0,17867000.0,44116000.0,66142000.0,65596000.0,29459000.0,3823000.0,4476000.0,3238000.0,27726000.0,28882000.0,5676000.0,10581000.0,128834000.0,142018000.0,188885000.0,55215000.0,157907000.0,194871000.0,129559000.0,212063000.0,466606000.0,372036000.0,114937000.0
root/LatinAmerica&Caribbean/Ecuador,root/LatinAmerica&Caribbean,6500000.0,8275000.0,6677000.0,27128000.0,3163000.0,0,0,0,10370000.0,0,0,0,0,740000.0,14840000.0,20610000.0,35560000.0,151418000.0,169441000.0,119395000.0,144755000.0,125443000.0,88804000.0,35619000.0,24793000.0,38738000.0,30222000.0,9026000.0,72410000.0,71242000.0,5486000.0,8418000.0,8862000.0,41400000.0,121960000.0,203323000.0,63025000.0,25429000.0,416000.0,1040000.0,1421000.0,486000.0,132000.0,572000.0,219000.0,201000.0,339000.0
root/LatinAmerica&Caribbean/ElSalvador,root/LatinAmerica&Caribbean,4980000.0,5316000.0,11063000.0,10434000.0,5472000.0,1460000.0,7004000.0,21468000.0,4609000.0,0,253000.0,1107000.0,3739000.0,7290000.0,13471000.0,34090000.0,63711000.0,48006000.0,10737000.0,5079000.0,5320000.0,182000.0,0,0,0,0,0,0,0,1324000.0,1430000.0,709000.0,649000.0,549000.0,822000.0,1082000.0,1530000.0,1350000.0,316000.0,591000.0,807000.0,276000.0,75000.0,325000.0,125000.0,115000.0,192000.0
root/LatinAmerica&Caribbean/Grenada,root/LatinAmerica&Caribbean,0,0,0,0,0,607000.0,0,0,1000.0,1296000.0,779000.0,281000.0,1260000.0,387000.0,1438000.0,2829000.0,2160000.0,988000.0,920000.0,705000.0,493000.0,11000.0,0,0,0,0,0,0,0,49000.0,53000.0,26000.0,24000.0,68000.0,144000.0,340000.0,2077000.0,2653000.0,3095000.0,2394000.0,58000.0,265000.0,482000.0,498000.0,2710000.0,4536000.0,5052000.0
root/LatinAmerica&Caribbean/Guatemala,root/LatinAmerica&Caribbean,8410000.0,0,3257000.0,7131000.0,0,0,0,0,0,0,0,0,6480000.0,6760000.0,9940000.0,59530000.0,64830000.0,25261000.0,31846000.0,19653000.0,18951000.0,8410000.0,35304000.0,32409000.0,0,0,0,0,0,1466000.0,1584000.0,786000.0,719000.0,608000.0,911000.0,1199000.0,1695000.0,1496000.0,350000.0,724000.0,990000.0,339000.0,92000.0,398000.0,152000.0,141000.0,236000.0
root/LatinAmerica&Caribbean/Guyana,root/LatinAmerica&Caribbean,0,130000.0,2855000.0,155000.0,6771000.0,6801000.0,0,820000.0,1250000.0,5652000.0,19160000.0,17010000.0,10502000.0,8100000.0,10957000.0,3717000.0,810000.0,1125000.0,104000.0,3959000.0,146140000.0,8628000.0,5537000.0,8740000.0,25535000.0,26464000.0,25396000.0,26659000.0,22392000.0,16103000.0,18000000.0,6431000.0,9870000.0,8976000.0,7062000.0,8419000.0,1111000.0,1068000.0,480000.0,599000.0,1850000.0,7455000.0,11362000.0,11479000.0,11328000.0,9135000.0,3963000.0
root/LatinAmerica&Caribbean/Haiti,root/LatinAmerica&Caribbean,0,3490000.0,1900000.0,1081000.0,818000.0,830000.0,5374000.0,8559000.0,4255000.0,6000000.0,3470000.0,7350000.0,3858000.0,4646000.0,7692000.0,19205000.0,29315000.0,33536000.0,29823000.0,22693000.0,14906000.0,6546000.0,0,0,4000.0,37466000.0,3684000.0,2336000.0,6464000.0,13287000.0,7657000.0,1477000.0,10232000.0,15209000.0,7727000.0,5633000.0,6495000.0,34630000.0,476000.0,3970000.0,809000.0,134000.0,36000.0,155000.0,60000.0,55000.0,3524000.0
root/LatinAmerica&Caribbean/Honduras,root/LatinAmerica&Caribbean,0,0,0,7453000.0,0,1340000.0,1390000.0,15645000.0,13700000.0,17000.0,728000.0,1283000.0,3707000.0,7616000.0,12772000.0,29848000.0,61566000.0,51567000.0,40714000.0,685000.0,40586000.0,4671000.0,6076000.0,9107000.0,21133000.0,48192000.0,39741000.0,9148000.0,2064000.0,7510000.0,9938000.0,11454000.0,37781000.0,42534000.0,10720000.0,17118000.0,1324000.0,1185000.0,404000.0,604000.0,2165000.0,5020000.0,6271000.0,6452000.0,6275000.0,4356000.0,1560000.0
root/LatinAmerica&Caribbean/Jamaica,root/LatinAmerica&Caribbean,150000.0,3761000.0,0,6511000.0,16295000.0,16453000.0,2190000.0,4670000.0,16653000.0,34129000.0,42030000.0,86110000.0,95090000.0,95730000.0,120810000.0,117250000.0,173720000.0,287793000.0,260859000.0,204741000.0,145384000.0,119123000.0,107681000.0,96646000.0,104581000.0,112102000.0,81075000.0,41124000.0,22267000.0,25015000.0,25254000.0,22150000.0,20851000.0,17305000.0,9489000.0,2635000.0,2487000.0,2195000.0,513000.0,943000.0,7731000.0,12533000.0,9453000.0,277316000.0,414092000.0,140290000.0,13124000.0
root/LatinAmerica&Caribbean/Mexico,root/LatinAmerica&Caribbean,0,0,0,0,0,0,0,19380000.0,260496000.0,178391000.0,138300000.0,69755000.0,0,25880000.0,114530000.0,202150000.0,412970000.0,650223000.0,902557000.0,1217614000.0,1712399000.0,1645504000.0,1398535000.0,1601356000.0,1437350000.0,1688936000.0,2702799000.0,3921578000.0,1486666000.0,5386932000.0,5662414000.0,8234000.0,7531000.0,6369000.0,9542000.0,12560000.0,17758000.0,15674000.0,3663000.0,10281000.0,14051000.0,4809000.0,1307000.0,5654000.0,2167000.0,1999000.0,3349000.0
root/LatinAmerica&Caribbean/Nicaragua,root/LatinAmerica&Caribbean,13250000.0,0,7328000.0,9539000.0,7075000.0,9256000.0,8815000.0,8379000.0,8774000.0,3551000.0,3420000.0,22460000.0,5430000.0,5450000.0,5410000.0,9430000.0,0,0,0,0,0,205000.0,1764000.0,1389000.0,4374000.0,14139000.0,9699000.0,138000.0,224000.0,4417000.0,7136000.0,6466000.0,5637000.0,6683000.0,10384000.0,9822000.0,1331000.0,1388000.0,712000.0,1027000.0,631000.0,2406000.0,12821000.0,16625000.0,21997000.0,26917000.0,29195000.0
root/LatinAmerica&Caribbean/Panama,root/LatinAmerica&Caribbean,1710000.0,4413000.0,3909000.0,0,1275000.0,610000.0,1790000.0,3417000.0,10594000.0,21168000.0,19830000.0,17680000.0,13320000.0,9790000.0,24020000.0,52380000.0,71410000.0,97789000.0,414000.0,790000.0,86799000.0,69060000.0,279187000.0,16908000.0,7673000.0,45935000.0,57220000.0,32026000.0,20310000.0,31555000.0,59815000.0,37702000.0,10296000.0,10817000.0,11845000.0,12143000.0,12524000.0,12365000.0,5780000.0,710000.0,971000.0,332000.0,90000.0,391000.0,150000.0,139000.0,231000.0
root/LatinAmerica&Caribbean/Paraguay,root/LatinAmerica&Caribbean,0,0,0,0,0,0,0,0,0,0,0,0,0,0,0,0,0,0,0,0,0,0,0,0,0,0,0,0,0,723000.0,784000.0,389000.0,356000.0,301000.0,451000.0,593000.0,839000.0,740000.0,173000.0,343000.0,469000.0,161000.0,44000.0,189000.0,73000.0,67000.0,111000.0
root/LatinAmerica&Caribbean/Peru,root/LatinAmerica&Caribbean,26940000.0,22698000.0,36936000.0,57081000.0,16404000.0,0,5490000.0,10260000.0,12820000.0,97777000.0,202440000.0,100960000.0,96490000.0,146300000.0,143990000.0,96570000.0,70660000.0,1014000.0,708000.0,37711000.0,136821000.0,70854000.0,100068000.0,906011000.0,47312000.0,52404000.0,41450000.0,121078000.0,190458000.0,183880000.0,179636000.0,179061000.0,185232000.0,117857000.0,45723000.0,46293000.0,46899000.0,25731000.0,1153000.0,2199000.0,3006000.0,1029000.0,279000.0,1210000.0,463000.0,428000.0,716000.0
root/LatinAmerica&Caribbean/StKittsandNevis,root/LatinAmerica&Caribbean,0,0,0,0,0,0,0,0,0,0,0,0,0,0,0,0,0,0,0,0,0,0,0,0,0,0,0,0,0,75000.0,109000.0,95000.0,1105000.0,1155000.0,1000.0,0,0,0,0,22000.0,43000.0,0,0,0,0,0,0
root/LatinAmerica&Caribbean/StLucia,root/LatinAmerica&Caribbean,0,0,0,0,0,0,0,0,0,0,0,0,0,0,0,0,0,0,0,0,0,0,0,0,0,0,0,0,0,39000.0,42000.0,21000.0,19000.0,16000.0,24000.0,32000.0,45000.0,40000.0,9000.0,75000.0,74000.0,53000.0,33000.0,53000.0,906000.0,3018000.0,2731000.0
root/LatinAmerica&Caribbean/StVincentandtheGrenadines,root/LatinAmerica&Caribbean,0,0,0,0,0,0,0,0,0,0,0,70000.0,110000.0,100000.0,600000.0,760000.0,390000.0,0,0,0,0,0,0,0,0,0,0,0,0,19000.0,20000.0,10000.0,9000.0,8000.0,12000.0,15000.0,22000.0,19000.0,4000.0,46000.0,39000.0,13000.0,4000.0,16000.0,582000.0,1082000.0,1369000.0
root/LatinAmerica&Caribbean/VenezuelaRB,root/LatinAmerica&Caribbean,0,0,0,0,0,0,0,0,0,0,0,0,0,0,0,0,0,0,0,34830000.0,36993000.0,337842000.0,410056000.0,441909000.0,342010000.0,603973000.0,576657000.0,544610000.0,518131000.0,512268000.0,553262000.0,213038000.0,8279000.0,6959000.0,10426000.0,13724000.0,19403000.0,17126000.0,4002000.0,9170000.0,12533000.0,4290000.0,1166000.0,5044000.0,1933000.0,1782000.0,2987000.0
root/MiddleEast&NorthAfrica,root,30550000.0,62203000.0,98062000.0,30776000.0,31055000.0,40976000.0,30082000.0,53744000.0,79739000.0,151270000.0,264996000.0,199887000.0,146359000.0,115174000.0,165854000.0,315821000.0,529178000.0,528142000.0,448862000.0,456800000.0,576876000.0,546598000.0,541086000.0,644927000.0,479698000.0,501387000.0,445215000.0,568153000.0,620971000.0,628618000.0,408750000.0,402381000.0,475067000.0,610582000.0,569316000.0,808016000.0,208221000.0,216282000.0,151454000.0,85303000.0,81026000.0,77560000.0,51772000.0,37008000.0,33015000.0,93609000.0,375971000.0
root/MiddleEast&NorthAfrica/Algeria,root/MiddleEast&NorthAfrica,0,0,0,0,0,0,0,0,0,0,0,0,0,0,0,0,0,0,0,22113000.0,61767000.0,58857000.0,235279000.0,370768000.0,226388000.0,239605000.0,211440000.0,443357000.0,533835000.0,443887000.0,192313000.0,220591000.0,343701000.0,465383000.0,397500000.0,635444000.0,8833000.0,6952000.0,1625000.0,4320000.0,5905000.0,2021000.0,549000.0,2376000.0,910000.0,839000.0,1407000.0
root/MiddleEast&NorthAfrica/Djibouti,root/MiddleEast&NorthAfrica,0,0,0,0,0,0,0,0,0,0,0,0,0,0,0,0,0,0,0,0,0,0,0,0,0,0,100000.0,213000.0,286000.0,1424000.0,2747000.0,2364000.0,2521000.0,1982000.0,322000.0,955000.0,1767000.0,2932000.0,4405000.0,4345000.0,3405000.0,2606000.0,1396000.0,30000.0,1410000.0,1505000.0,1913000.0
root/MiddleEast&NorthAfrica/EgyptArabRep,root/MiddleEast&NorthAfrica,9000000.0,11536000.0,49334000.0,10994000.0,13379000.0,33422000.0,24592000.0,44056000.0,60589000.0,86312000.0,120504000.0,101703000.0,54935000.0,13072000.0,22740000.0,47225000.0,60836000.0,70678000.0,69294000.0,36839000.0,61307000.0,92170000.0,53848000.0,12066000.0,31575000.0,103807000.0,89097000.0,15672000.0,0,7201000.0,7781000.0,3859000.0,3530000.0,2985000.0,4472000.0,5886000.0,8323000.0,7346000.0,1717000.0,3240000.0,4428000.0,1515000.0,412000.0,1782000.0,682000.0,630000.0,1055000.0
root/MiddleEast&NorthAfrica/IranIslamicRep,root/MiddleEast&NorthAfrica,0,0,0,0,0,0,0,0,0,0,0,0,0,0,0,0,0,0,0,0,0,0,0,0,0,0,0,0,0,12930000.0,13971000.0,6928000.0,6337000.0,5360000.0,8030000.0,10569000.0,14944000.0,13190000.0,3082000.0,5143000.0,7028000.0,2405000.0,654000.0,2828000.0,1083000.0,1000000.0,1675000.0
root/MiddleEast&NorthAfrica/Jordan,root/MiddleEast&NorthAfrica,0,0,0,6856000.0,1900000.0,0,0,0,0,0,0,0,0,0,0,3140000.0,4650000.0,4824000.0,33189000.0,41187000.0,18471000.0,7784000.0,17922000.0,52614000.0,41723000.0,18447000.0,34400000.0,38836000.0,29760000.0,55546000.0,56525000.0,72154000.0,92996000.0,108884000.0,108356000.0,88124000.0,99833000.0,84524000.0,62426000.0,16762000.0,4792000.0,388000.0,8859000.0,6812000.0,20455000.0,76521000.0,304262000.0
root/MiddleEast&NorthAfrica/Lebanon,root/MiddleEast&NorthAfrica,0,0,0,0,0,0,0,0,0,0,0,0,0,0,0,0,0,0,0,0,0,0,0,0,0,0,0,0,0,232000.0,251000.0,125000.0,114000.0,96000.0,145000.0,190000.0,269000.0,2590000.0,3382000.0,2480000.0,21745000.0,41521000.0,39286000.0,19876000.0,150000.0,136000.0,227000.0
root/MiddleEast&NorthAfrica/Morocco,root/MiddleEast&NorthAfrica,14200000.0,35911000.0,30694000.0,0,0,24000.0,3350000.0,6820000.0,8834000.0,42644000.0,99490000.0,89415000.0,87324000.0,98513000.0,138749000.0,256764000.0,442089000.0,417616000.0,321340000.0,329738000.0,299556000.0,234455000.0,185472000.0,187229000.0,164751000.0,107160000.0,48889000.0,3245000.0,0,4523000.0,4905000.0,2433000.0,2225000.0,1882000.0,2819000.0,3711000.0,5247000.0,4631000.0,1082000.0,2024000.0,2767000.0,947000.0,257000.0,1113000.0,427000.0,393000.0,659000.0
root/MiddleEast&NorthAfrica/SyrianArabRepublic,root/MiddleEast&NorthAfrica,0,4765000.0,7741000.0,5676000.0,15776000.0,6400000.0,0,0,0,0,0,0,0,0,0,0,0,0,0,0,0,0,0,0,0,0,0,0,0,1930000.0,2093000.0,1038000.0,949000.0,803000.0,1203000.0,1583000.0,2239000.0,1976000.0,462000.0,1007000.0,1376000.0,471000.0,128000.0,554000.0,213000.0,196000.0,328000.0
root/MiddleEast&NorthAfrica/Tunisia,root/MiddleEast&NorthAfrica,7350000.0,9991000.0,9207000.0,7250000.0,0,0,0,130000.0,1060000.0,1490000.0,32490000.0,0,0,0,0,0,0,13358000.0,16604000.0,22752000.0,134575000.0,153180000.0,48565000.0,22250000.0,15261000.0,32368000.0,58708000.0,60050000.0,57090000.0,56191000.0,45173000.0,33260000.0,889000.0,752000.0,1127000.0,1483000.0,2097000.0,1851000.0,432000.0,984000.0,1344000.0,460000.0,125000.0,1176000.0,7509000.0,12227000.0,54501000.0
root/MiddleEast&NorthAfrica/YemenRep,root/MiddleEast&NorthAfrica,0,0,1086000.0,0,0,1130000.0,2140000.0,2738000.0,9256000.0,20824000.0,12512000.0,8769000.0,4100000.0,3589000.0,4365000.0,8692000.0,21603000.0,21666000.0,8435000.0,4171000.0,1200000.0,152000.0,0,0,0,0,2581000.0,6780000.0,0,44754000.0,82991000.0,59629000.0,21805000.0,22455000.0,45342000.0,60071000.0,64669000.0,90290000.0,72841000.0,44998000.0,28236000.0,25226000.0,106000.0,461000.0,176000.0,162000.0,9944000.0
root/SouthAsia,root,260400000.0,27225000.0,44340000.0,74055000.0,61937000.0,133321000.0,566810000.0,550301000.0,481602000.0,389880000.0,387111000.0,416242000.0,474517000.0,633398000.0,889829000.0,1094653000.0,1675683000.0,2176407000.0,2077508000.0,1740628000.0,1377546000.0,1077614000.0,984414000.0,695675000.0,1552743000.0,2237484000.0,1601157000.0,1215712000.0,797479000.0,808549000.0,604644000.0,399627000.0,475107000.0,747694000.0,742379000.0,349155000.0,347209000.0,232839000.0,308042000.0,447403000.0,516985000.0,631843000.0,2708074000.0,4399358000.0,2882031000.0,1066479000.0,591390000.0
root/SouthAsia/Afghanistan,root/SouthAsia,0,0,0,0,0,0,0,0,0,0,0,0,0,0,0,0,0,0,0,0,0,0,0,0,0,0,0,0,0,0,0,0,0,0,0,0,1635000.0,1640000.0,739000.0,1069000.0,777000.0,262000.0,3814000.0,12954000.0,19582000.0,20403000.0,21130000.0
root/SouthAsia/Bangladesh,root/SouthAsia,0,0,0,0,2012000.0,32576000.0,73150000.0,62986000.0,36315000.0,95223000.0,146546000.0,68809000.0,71949000.0,60201000.0,106404000.0,122072000.0,178867000.0,200814000.0,141929000.0,169319000.0,238690000.0,165239000.0,95846000.0,96367000.0,57783000.0,63970000.0,89164000.0,118566000.0,102815000.0,101772000.0,97041000.0,67643000.0,90129000.0,74889000.0,2401000.0,3363000.0,4921000.0,4964000.0,15606000.0,30318000.0,50479000.0,134940000.0,200050000.0,141107000.0,74069000.0,47433000.0,19312000.0
root/SouthAsia/Bhutan,root/SouthAsia,0,0,0,0,0,0,0,0,0,0,0,0,0,0,0,0,0,0,0,0,0,0,0,0,0,0,0,0,0,316000.0,343000.0,170000.0,148000.0,132000.0,197000.0,268000.0,359000.0,314000.0,78000.0,22000.0,30000.0,10000.0,3000.0,12000.0,5000.0,4000.0,7000.0
root/SouthAsia/India,root/SouthAsia,205000000.0,0,0,0,1404000.0,20715000.0,365761000.0,344084000.0,259601000.0,101633000.0,13918000.0,66434000.0,144973000.0,350420000.0,517569000.0,601170000.0,937853000.0,1350593000.0,1457916000.0,1192298000.0,844049000.0,666205000.0,606383000.0,404603000.0,1376813000.0,1909473000.0,1072721000.0,668316000.0,411891000.0,306674000.0,64929000.0,19338000.0,17688000.0,14959000.0,22411000.0,29499000.0,41707000.0,36814000.0,8603000.0,14344000.0,19605000.0,6710000.0,1823000.0,7889000.0,3022000.0,2788000.0,4672000.0
root/SouthAsia/Maldives,root/SouthAsia,0,0,0,0,0,0,0,0,0,0,0,0,0,0,0,0,0,0,0,0,0,0,0,0,0,0,0,0,0,15000.0,16000.0,8000.0,7000.0,6000.0,9000.0,160000.0,310000.0,353000.0,2686000.0,3241000.0,945000.0,197000.0,145000.0,5609000.0,6296000.0,1161000.0,578000.0
root/SouthAsia/Nepal,root/SouthAsia,0,0,0,0,0,0,0,236000.0,8381000.0,1846000.0,1376000.0,2282000.0,6716000.0,6598000.0,7439000.0,7810000.0,3840000.0,4766000.0,4764000.0,10788000.0,13379000.0,6315000.0,1319000.0,2324000.0,5412000.0,8154000.0,8007000.0,7472000.0,6707000.0,6399000.0,4966000.0,4554000.0,4587000.0,3317000.0,1125000.0,490000.0,612000.0,706000.0,500000.0,2827000.0,4696000.0,4612000.0,10377000.0,15359000.0,13048000.0,14011000.0,17918000.0
root/SouthAsia/Pakistan,root/SouthAsia,28400000.0,2789000.0,17241000.0,49301000.0,30015000.0,49213000.0,96981000.0,111082000.0,137120000.0,134834000.0,165927000.0,197713000.0,177050000.0,141399000.0,200824000.0,286979000.0,440816000.0,485948000.0,344866000.0,274403000.0,212857000.0,136144000.0,196786000.0,164182000.0,97014000.0,218915000.0,383122000.0,352862000.0,192159000.0,288646000.0,346614000.0,231224000.0,304490000.0,616038000.0,593861000.0,263141000.0,126888000.0,168351000.0,193043000.0,294467000.0,394102000.0,449406000.0,2407464000.0,3725652000.0,2024856000.0,463294000.0,66602000.0
root/SouthAsia/SriLanka,root/SouthAsia,27000000.0,24436000.0,27099000.0,24754000.0,28506000.0,30817000.0,30918000.0,31913000.0,40185000.0,56344000.0,59344000.0,81004000.0,73829000.0,74780000.0,57593000.0,76622000.0,114307000.0,134286000.0,128033000.0,93820000.0,68571000.0,103711000.0,84080000.0,28199000.0,15721000.0,36972000.0,48143000.0,68496000.0,83907000.0,104727000.0,90735000.0,76690000.0,58058000.0,38353000.0,122375000.0,52234000.0,170777000.0,19697000.0,86787000.0,101115000.0,46351000.0,35706000.0,84398000.0,490776000.0,741153000.0,517385000.0,461171000.0
root/Sub-SaharanAfrica,root,63090000.0,60791948.8,54253632.0,30419030.5,29584708.0,97030783.0,136350544.9,127583502.7,185484872.0,290189820.7,486621206.0,513937952.6,560860463.6,737857009.7,985652052.2,1164229908.8,1685154246.5,1539480202.5,1492649935.2,1591851683.2,1185064691.6,841025889.8,715069206.1,592361802.2,635613902.0,2929781540.7,719146803.2,1163269410.1,1165490080.4,691977699.4,589464417.0,552686425.5,942742940.2,510336181.8,870470931.6,840227489.2,488605197.2,391671592.8,1200097048.5,444633768.0,199693730.5,160049353.1,249991797.6,496133838.3,873147209.5,1103906020.0,967984863.4
root/Sub-SaharanAfrica/Angola,root/Sub-SaharanAfrica,0,0,0,0,0,0,0,0,0,0,0,0,0,0,0,0,0,0,0,0,0,0,0,0,0,0,0,0,0,14410000.0,15628000.0,7751000.0,6752000.0,5996000.0,8982000.0,12221000.0,16349000.0,14294000.0,3539000.0,984000.0,6980000.0,15405000.0,14240000.0,276044000.0,510409000.0,349732000.0,125810000.0
root/Sub-SaharanAfrica/Benin,root/Sub-SaharanAfrica,0,0,0,0,0,0,0,0,21000.0,35000.0,52000.0,71000.0,70000.0,308000.0,1134000.0,1152000.0,3028000.0,3360000.0,3132000.0,1881000.0,2025000.0,160000.0,110000.0,177000.0,1023000.0,2246000.0,2503000.0,4783000.0,5773000.0,9902000.0,11508000.0,10407000.0,10408000.0,10487000.0,8202000.0,8075000.0,586000.0,526000.0,187000.0,366000.0,297000.0,378000.0,699000.0,1057000.0,7568000.0,8459000.0,9725000.0
root/Sub-SaharanAfrica/Botswana,root/Sub-SaharanAfrica,0,0,0,0,0,0,0,0,0,0,0,0,0,0,0,0,0,0,0,0,0,0,0,0,0,0,0,0,0,231000.0,250000.0,124000.0,113000.0,96000.0,143000.0,189000.0,267000.0,236000.0,55000.0,207000.0,283000.0,97000.0,26000.0,114000.0,44000.0,41000.0,68000.0
root/Sub-SaharanAfrica/BurkinaFaso,root/Sub-SaharanAfrica,0,0,1216000.0,715000.0,180000.0,0,0,0,0,32000.0,68000.0,44000.0,63000.0,61000.0,679000.0,1769000.0,3019000.0,3353000.0,3127000.0,1877000.0,540000.0,101000.0,45000.0,88000.0,70000.0,231000.0,1462000.0,2175000.0,3411000.0,6423000.0,8012000.0,7724000.0,8911000.0,4253000.0,3770000.0,4484000.0,695000.0,688000.0,350000.0,484000.0,1346000.0,3894000.0,7196000.0,7886000.0,10910000.0,19815000.0,20152000.0
root/Sub-SaharanAfrica/Burundi,root/Sub-SaharanAfrica,190000.0,3821525.3,6101634.0,143091.0,1948333.5,145746.0,0,3502.7,7504335.9,56850.3,651936.3,730904.0,900790.8,6319963.5,6822196.7,3251792.0,4414097.7,4867309.8,4336494.0,2877932.8,989721.4,409195.7,2665094.9,4481023.5,6262409.4,9356803.6,9011229.7,8113426.7,8842118.9,7848399.4,5375538.7,4798849.7,2884543.9,605740.4,29323208.1,792615.2,1180021.2,1202577.8,745229.5,7642429.3,373092.9,2379337.9,7679340.1,10414583.5,16100409.9,17519839.0,18129139.7
root/Sub-SaharanAfrica/CaboVerde,root/Sub-SaharanAfrica,0,0,0,0,0,0,0,0,0,0,0,0,0,0,0,0,0,0,0,0,0,0,0,0,0,0,0,0,0,33000.0,35000.0,18000.0,22000.0,35000.0,60000.0,86000.0,101000.0,288000.0,852000.0,1610000.0,2304000.0,2740000.0,2456000.0,1904000.0,1138000.0,355000.0,11000.0
root/Sub-SaharanAfrica/Cameroon,root/Sub-SaharanAfrica,0,0,0,0,0,0,0,0,5791000.0,14830000.0,18531000.0,10832000.0,3719000.0,1430000.0,3134000.0,5986000.0,8140000.0,9031000.0,9076000.0,12567000.0,12600000.0,22062000.0,62185000.0,50281000.0,7273000.0,8478000.0,8878000.0,14457000.0,19158000.0,21618000.0,20437000.0,3782000.0,3072000.0,13417000.0,25418000.0,41158000.0,23148000.0,1392000.0,424000.0,1109000.0,892000.0,1553000.0,2510000.0,3990000.0,5372000.0,31303000.0,30080000.0
root/Sub-SaharanAfrica/CentralAfricanRepublic,root/Sub-SaharanAfrica,0,140423.5,151998.0,166939.5,168374.5,170037.0,1535544.9,0,1327536.1,3109970.4,6507269.7,4779048.6,2230672.8,2200046.2,9620855.5,13498116.8,11342148.8,8437892.7,12634441.2,15376750.4,10981970.2,4094694.1,1948111.2,1788778.7,5417492.6,8382737.1,7013573.5,8184983.4,13404961.5,5590300.0,1447878.3,338575.8,480396.3,375441.4,2990723.5,5714874.0,7507176.0,27613015.0,8114819.0,19868338.7,270637.6,90015.2,24457.5,2374254.8,5405799.6,14096181.0,19417723.7
root/Sub-SaharanAfrica/Chad,root/Sub-SaharanAfrica,0,140000.0,163000.0,179000.0,3512000.0,170000.0,0,0,3331000.0,1615000.0,3317000.0,7011000.0,529000.0,769000.0,4330000.0,4984000.0,2901000.0,2018000.0,2925000.0,5097000.0,3902000.0,220000.0,151000.0,1856000.0,2290000.0,7947000.0,7161000.0,12099000.0,11789000.0,5568000.0,1722000.0,1814000.0,8205000.0,14089000.0,13979000.0,14227000.0,16488000.0,15490000.0,14333000.0,13048000.0,11406000.0,8100000.0,4119000.0,2974000.0,1317000.0,12508000.0,63000.0
root/Sub-SaharanAfrica/Comoros,root/Sub-SaharanAfrica,0,0,0,0,0,0,0,560000.0,0,0,0,0,0,0,0,0,0,0,0,0,0,3000.0,7000.0,6000.0,14000.0,17000.0,16000.0,263000.0,258000.0,481000.0,643000.0,598000.0,373000.0,395000.0,224000.0,31000.0,44000.0,39000.0,9000.0,1794000.0,44000.0,14000.0,4538000.0,17000.0,6000.0,367000.0,1835000.0
root/Sub-SaharanAfrica/CongoDemRep,root/Sub-SaharanAfrica,0,0,0,0,0,0,26093000.0,6597000.0,12174000.0,40963000.0,100535000.0,139440000.0,56809000.0,47796000.0,104548000.0,174692000.0,194598000.0,247246000.0,180494000.0,391282000.0,189909000.0,60211000.0,8726000.0,2927000.0,5469000.0,17455000.0,41796000.0,72000.0,1049000.0,7310000.0,5000000.0,2722000.0,503250000.0,2676000.0,4903000.0,5992000.0,9346000.0,73172000.0,141957000.0,155805000.0,59262000.0,862000.0,234000.0,1013000.0,387000.0,38775000.0,78925000.0
root/Sub-SaharanAfrica/CongoRep,root/Sub-SaharanAfrica,0,90000.0,98000.0,107000.0,108000.0,109000.0,0,3795000.0,0,1510000.0,7696000.0,8246000.0,147000.0,456000.0,1167000.0,2226000.0,3133000.0,4063000.0,3724000.0,4424000.0,7991000.0,5676000.0,414000.0,1025000.0,3477000.0,3374000.0,852000.0,3018000.0,11314000.0,5360000.0,1134000.0,2522000.0,9196000.0,8270000.0,12655000.0,12624000.0,4830000.0,706000.0,311000.0,484000.0,398000.0,134000.0,2551000.0,4954000.0,5389000.0,5469000.0,3791000.0
root/Sub-SaharanAfrica/CotedIvoire,root/Sub-SaharanAfrica,0,0,0,0,0,0,27905000.0,11629000.0,30291000.0,3060000.0,99000.0,5365000.0,29230000.0,39673000.0,88543000.0,162656000.0,189101000.0,192624000.0,228149000.0,199954000.0,154756000.0,137339000.0,117471000.0,67003000.0,87292000.0,94069000.0,52658000.0,25046000.0,2748000.0,13262000.0,44338000.0,70356000.0,89860000.0,108126000.0,129845000.0,94077000.0,60690000.0,50364000.0,49480000.0,146765000.0,11739000.0,18985000.0,26338000.0,617000.0,7285000.0,54817000.0,64556000.0
root/Sub-SaharanAfrica/Eritrea,root/Sub-SaharanAfrica,0,0,0,0,0,0,0,0,0,0,0,0,0,0,0,0,0,0,0,0,0,0,0,0,0,0,0,0,0,800000.0,868000.0,430000.0,375000.0,333000.0,499000.0,679000.0,908000.0,794000.0,196000.0,55000.0,75000.0,26000.0,7000.0,30000.0,12000.0,11000.0,18000.0
root/Sub-SaharanAfrica/Ethiopia,root/Sub-SaharanAfrica,0,0,0,0,0,0,0,0,30000.0,66000.0,2068000.0,3763000.0,11195000.0,29111000.0,36121000.0,42179000.0,42385000.0,24932000.0,20847000.0,26723000.0,27187000.0,6371000.0,17000.0,156000.0,126000.0,335000.0,359000.0,407000.0,4497000.0,10739000.0,14099000.0,12676000.0,12264000.0,9389000.0,10226000.0,5144000.0,695000.0,603000.0,141000.0,865000.0,648000.0,216000.0,59000.0,254000.0,5176000.0,35632000.0,52188000.0
root/Sub-SaharanAfrica/Gabon,root/Sub-SaharanAfrica,0,30000.0,33000.0,36000.0,36000.0,36000.0,0,0,0,0,1030000.0,800000.0,2994000.0,8528000.0,1966000.0,0,0,1758000.0,3889000.0,9007000.0,27101000.0,36423000.0,44948000.0,41590000.0,26395000.0,56673000.0,9870000.0,9269000.0,28503000.0,29277000.0,14738000.0,15518000.0,15641000.0,15688000.0,26910000.0,28353000.0,18608000.0,37398000.0,25611000.0,538000.0,723000.0,247000.0,67000.0,291000.0,111000.0,104000.0,172000.0
root/Sub-SaharanAfrica/GambiaThe,root/Sub-SaharanAfrica,0,0,174000.0,95000.0,96000.0,1409000.0,0,2000.0,2205000.0,4556000.0,460000.0,720000.0,3888000.0,5256000.0,4652000.0,5171000.0,21070000.0,10422000.0,7409000.0,6502000.0,6658000.0,6717000.0,3393000.0,2564000.0,4086000.0,6380000.0,7561000.0,6445000.0,4943000.0,3842000.0,1950000.0,454000.0,274000.0,183000.0,11590000.0,2364000.0,4454000.0,4055000.0,117000.0,218000.0,150000.0,50000.0,320000.0,1584000.0,3230000.0,5399000.0,5979000.0
root/Sub-SaharanAfrica/Ghana,root/Sub-SaharanAfrica,24900000.0,28185000.0,18175000.0,9146000.0,5616000.0,3243000.0,0,0,6037000.0,29725000.0,33139000.0,14095000.0,7131000.0,20153000.0,26821000.0,46442000.0,85186000.0,238046000.0,323602000.0,226191000.0,153472000.0,107010000.0,84093000.0,80668000.0,93442000.0,117411000.0,132529000.0,170529000.0,141189000.0,80625000.0,42111000.0,68711000.0,8027000.0,5487000.0,27921000.0,36187000.0,4303000.0,4209000.0,1636000.0,2309000.0,1773000.0,17216000.0,32378000.0,32875000.0,32312000.0,60089000.0,64829000.0
root/Sub-SaharanAfrica/Guinea,root/Sub-SaharanAfrica,0,502000.0,0,2289000.0,4414000.0,2915000.0,0,0,7260000.0,5766000.0,2139000.0,6258000.0,5129000.0,1572000.0,2958000.0,4929000.0,13714000.0,15641000.0,7017000.0,11127000.0,16266000.0,9625000.0,1370000.0,3545000.0,6120000.0,9167000.0,8840000.0,10830000.0,9968000.0,8657000.0,9624000.0,9510000.0,11465000.0,13618000.0,19998000.0,27344000.0,20921000.0,22445000.0,20502000.0,13482000.0,10758000.0,6253000.0,40598000.0,203000.0,77000.0,30040000.0,121000.0
root/Sub-SaharanAfrica/GuineaBissau,root/Sub-SaharanAfrica,0,0,0,0,0,0,0,934000.0,0,0,70000.0,90000.0,510000.0,580000.0,560000.0,1140000.0,1280000.0,463000.0,1382000.0,957000.0,24000.0,38000.0,27000.0,444000.0,441000.0,1167000.0,1138000.0,1083000.0,683000.0,763000.0,568000.0,340000.0,1794000.0,5038000.0,5510000.0,3252000.0,3936000.0,3424000.0,2127000.0,1729000.0,8248000.0,23000.0,6000.0,27000.0,11000.0,10000.0,1021000.0
root/Sub-SaharanAfrica/Kenya,root/Sub-SaharanAfrica,3930000.0,0,0,0,0,14575000.0,12261000.0,43658000.0,3039000.0,39706000.0,16794000.0,21477000.0,42065000.0,75182000.0,98841000.0,117458000.0,156253000.0,152808000.0,129281000.0,162741000.0,131022000.0,57841000.0,93182000.0,65815000.0,15772000.0,41169000.0,62610000.0,68786000.0,63643000.0,62598000.0,45147000.0,25282000.0,19608000.0,20870000.0,15843000.0,9796000.0,16599000.0,13262000.0,12418000.0,20823000.0,26841000.0,24090000.0,28761000.0,46280000.0,58799000.0,66137000.0,67936000.0
root/Sub-SaharanAfrica/Lesotho,root/Sub-SaharanAfrica,0,90000.0,98000.0,227000.0,229000.0,753000.0,0,1000.0,6000.0,17000.0,27000.0,29000.0,27000.0,178000.0,448000.0,855000.0,1163000.0,1285000.0,1128000.0,742000.0,260000.0,144000.0,113000.0,154000.0,1610000.0,2958000.0,3676000.0,4414000.0,4985000.0,6243000.0,5429000.0,4530000.0,3999000.0,2736000.0,843000.0,342000.0,924000.0,3059000.0,5192000.0,6192000.0,7642000.0,7229000.0,4827000.0,2735000.0,1619000.0,1113000.0,2997000.0
root/Sub-SaharanAfrica/Liberia,root/Sub-SaharanAfrica,5150000.0,3842000.0,1987000.0,2898000.0,1720000.0,522000.0,3221000.0,8000.0,61000.0,97000.0,4804000.0,8039000.0,9698000.0,25759000.0,39671000.0,17850000.0,230000.0,158000.0,1519000.0,2778000.0,1276000.0,656000.0,468000.0,824000.0,1077000.0,1665000.0,1061000.0,139000.0,989000.0,3681000.0,1857000.0,1431000.0,1457000.0,664000.0,1389000.0,1811000.0,2047000.0,1855000.0,828194000.0,11344000.0,1809000.0,209000.0,57000.0,246000.0,3285000.0,36240000.0,146000.0
root/Sub-SaharanAfrica/Madagascar,root/Sub-SaharanAfrica,0,0,0,0,0,0,0,9411000.0,3306000.0,4819000.0,3400000.0,13080000.0,14010000.0,14580000.0,37734000.0,48604000.0,67078000.0,54213000.0,58832000.0,64991000.0,60646000.0,40381000.0,19342000.0,15864000.0,12601000.0,15167000.0,17402000.0,18104000.0,14234000.0,13580000.0,6568000.0,1880000.0,2788000.0,4748000.0,7912000.0,12212000.0,1299000.0,1245000.0,646000.0,919000.0,2320000.0,3776000.0,7121000.0,10885000.0,19653000.0,16510000.0,14881000.0
root/Sub-SaharanAfrica/Malawi,root/Sub-SaharanAfrica,0,0,521000.0,2206000.0,0,0,0,4000.0,4715000.0,1026000.0,3227000.0,11786000.0,21431000.0,18826000.0,31063000.0,28546000.0,38226000.0,43512000.0,37683000.0,33263000.0,25358000.0,25331000.0,21353000.0,6735000.0,6279000.0,11325000.0,16135000.0,18148000.0,26363000.0,23669000.0,10104000.0,4693000.0,8083000.0,8622000.0,10837000.0,16155000.0,18831000.0,731000.0,444000.0,864000.0,341000.0,888000.0,4060000.0,8325000.0,25356000.0,24321000.0,24899000.0
root/Sub-SaharanAfrica/Mali,root/Sub-SaharanAfrica,3950000.0,4012000.0,1585000.0,1467000.0,1479000.0,1494000.0,2886000.0,2335000.0,1516000.0,5185000.0,3685000.0,3416000.0,2218000.0,4711000.0,8499000.0,13559000.0,27691000.0,32882000.0,28888000.0,27323000.0,21970000.0,12410000.0,8432000.0,9958000.0,10238000.0,7427000.0,8452000.0,7803000.0,11907000.0,13533000.0,18205000.0,16051000.0,19590000.0,19425000.0,19407000.0,17612000.0,1014000.0,911000.0,321000.0,530000.0,648000.0,990000.0,1873000.0,4599000.0,7966000.0,7989000.0,11455000.0
root/Sub-SaharanAfrica/Mauritania,root/Sub-SaharanAfrica,0,130000.0,141000.0,155000.0,156000.0,2587000.0,0,4000.0,15000.0,1246000.0,10594000.0,10529000.0,7761000.0,9386000.0,15879000.0,19512000.0,19126000.0,15085000.0,12630000.0,14860000.0,19000000.0,14916000.0,9005000.0,6461000.0,6255000.0,9469000.0,10592000.0,7983000.0,7450000.0,10313000.0,7094000.0,6085000.0,6508000.0,8777000.0,10147000.0,10221000.0,23705000.0,569000.0,199000.0,302000.0,306000.0,104000.0,1013000.0,2973000.0,3180000.0,4473000.0,10343000.0
root/Sub-SaharanAfrica/Mauritius,root/Sub-SaharanAfrica,4000000.0,632000.0,0,0,3656000.0,6680000.0,0,12000.0,26000.0,59000.0,3170000.0,22290000.0,20516000.0,29476000.0,49528000.0,65823000.0,59649000.0,44745000.0,51041000.0,44618000.0,48489000.0,23005000.0,0,0,0,0,0,0,0,831000.0,901000.0,447000.0,409000.0,346000.0,518000.0,682000.0,964000.0,851000.0,199000.0,349000.0,477000.0,163000.0,44000.0,192000.0,73000.0,69000.0,114000.0
root/Sub-SaharanAfrica/Mozambique,root/Sub-SaharanAfrica,0,0,0,0,0,0,0,0,0,0,0,0,0,0,0,0,0,45000.0,81000.0,324000.0,292000.0,635000.0,2016000.0,6802000.0,11461000.0,15451000.0,34153000.0,16064000.0,24996000.0,24477000.0,7314000.0,4331000.0,8643000.0,12030000.0,13712000.0,20369000.0,6569000.0,5765000.0,1488000.0,776000.0,801000.0,1717000.0,2277000.0,3188000.0,3291000.0,32377000.0,33067000.0
root/Sub-SaharanAfrica/Niger,root/Sub-SaharanAfrica,0,10000.0,11000.0,12000.0,12000.0,12000.0,0,0,15000.0,35000.0,17000.0,74000.0,70000.0,417000.0,2290000.0,5558000.0,9847000.0,29961000.0,37704000.0,22518000.0,19036000.0,13985000.0,10973000.0,10411000.0,11027000.0,11348000.0,12645000.0,15908000.0,14592000.0,6926000.0,2640000.0,1331000.0,3062000.0,6013000.0,7628000.0,6133000.0,114805000.0,691000.0,340000.0,497000.0,459000.0,4739000.0,6455000.0,8514000.0,10544000.0,10501000.0,6967000.0
root/Sub-SaharanAfrica/Nigeria,root/Sub-SaharanAfrica,0,0,0,0,0,0,0,0,0,0,0,0,0,0,0,0,0,0,0,0,0,0,0,0,0,0,0,0,0,8295000.0,8996000.0,4462000.0,4081000.0,3451000.0,5171000.0,6806000.0,9622000.0,8493000.0,1985000.0,6041000.0,8256000.0,2826000.0,768000.0,3323000.0,1273000.0,1174000.0,1967000.0
root/Sub-SaharanAfrica/Rwanda,root/Sub-SaharanAfrica,1000000.0,3009000.0,2171000.0,0,0,0,2390000.0,0,0,3468000.0,62000.0,63000.0,59000.0,57000.0,54000.0,1625000.0,2541000.0,2828000.0,2884000.0,2741000.0,790000.0,138000.0,62000.0,61000.0,63000.0,67000.0,1909000.0,3322000.0,3915000.0,10592000.0,13336000.0,3317000.0,3340000.0,2393000.0,1486000.0,4688000.0,860000.0,774000.0,225000.0,346000.0,468000.0,761000.0,1081000.0,1893000.0,2831000.0,2695000.0,2079000.0
root/Sub-SaharanAfrica/SaoTomeandPrincipe,root/Sub-SaharanAfrica,0,0,0,0,0,0,0,0,501000.0,0,0,0,0,0,0,0,0,0,0,0,5000.0,5000.0,7000.0,7000.0,121000.0,248000.0,236000.0,223000.0,217000.0,144000.0,36000.0,31000.0,32000.0,28000.0,27000.0,182000.0,616000.0,804000.0,25000.0,48000.0,35000.0,12000.0,3000.0,620000.0,1091000.0,990000.0,802000.0
root/Sub-SaharanAfrica/Senegal,root/Sub-SaharanAfrica,0,301000.0,326000.0,358000.0,722000.0,0,0,0,7438000.0,12621000.0,11640000.0,15216000.0,26203000.0,25925000.0,34528000.0,66469000.0,86414000.0,84677000.0,82513000.0,76670000.0,70050000.0,57711000.0,49904000.0,30107000.0,31445000.0,43425000.0,47936000.0,66029000.0,62543000.0,35391000.0,23323000.0,24528000.0,24396000.0,33699000.0,36406000.0,35293000.0,1627000.0,1454000.0,451000.0,1013000.0,1310000.0,3541000.0,5366000.0,5594000.0,17674000.0,33902000.0,35845000.0
root/Sub-SaharanAfrica/SierraLeone,root/Sub-SaharanAfrica,5400000.0,0,0,0,1672000.0,0,0,0,5298000.0,9468000.0,18562000.0,14648000.0,10894000.0,8332000.0,16644000.0,8331000.0,46517000.0,2723000.0,1043000.0,1708000.0,4827000.0,8022000.0,8550000.0,9982000.0,118696000.0,4268000.0,4176000.0,839000.0,840000.0,14746000.0,28743000.0,78590000.0,2053000.0,2638000.0,2702000.0,4094000.0,6525000.0,1119000.0,421000.0,674000.0,2635000.0,5327000.0,7108000.0,7249000.0,12415000.0,29703000.0,1233000.0
root/Sub-SaharanAfrica/Somalia,root/Sub-SaharanAfrica,1900000.0,50000.0,54000.0,60000.0,60000.0,1045000.0,0,607000.0,0,0,3751000.0,434000.0,8659000.0,6944000.0,12609000.0,14453000.0,54973000.0,29025000.0,918000.0,14592000.0,3594000.0,0,245000.0,334000.0,42000.0,727000.0,572000.0,43000.0,187000.0,1703000.0,809000.0,551000.0,524000.0,301000.0,451000.0,722000.0,858000.0,740000.0,1830000.0,168000.0,229000.0,78000.0,220000.0,588000.0,35000.0,32000.0,54000.0
root/Sub-SaharanAfrica/SouthAfrica,root/Sub-SaharanAfrica,0,0,0,0,0,0,0,0,0,0,0,0,0,0,0,0,0,0,0,0,0,0,0,0,38269000.0,50099000.0,39628000.0,456438000.0,432198000.0,12263000.0,12614000.0,6256000.0,5722000.0,4839000.0,7250000.0,9543000.0,13492000.0,11909000.0,2783000.0,6438000.0,8799000.0,3011000.0,818000.0,3541000.0,1357000.0,1252000.0,2096000.0
root/Sub-SaharanAfrica/Sudan,root/Sub-SaharanAfrica,8100000.0,15717000.0,21247000.0,9623000.0,3692000.0,7980000.0,24245000.0,22873000.0,25586000.0,43786000.0,91558000.0,43604000.0,82597000.0,89324000.0,60798000.0,40130000.0,21780000.0,13946000.0,458000.0,14097000.0,1419000.0,0,1762000.0,3041000.0,295000.0,52055000.0,47607000.0,57233000.0,58227000.0,47254000.0,57340000.0,54557000.0,24281000.0,27353000.0,33002000.0,30982000.0,30242000.0,62811000.0,66169000.0,11264000.0,6685000.0,10874000.0,7449000.0,7649000.0,10854000.0,7641000.0,10152000.0
root/Sub-SaharanAfrica/Swaziland,root/Sub-SaharanAfrica,1000000.0,90000.0,0,107000.0,108000.0,814000.0,774000.0,1109000.0,0,5000.0,25000.0,34000.0,32000.0,304000.0,713000.0,2335000.0,5700000.0,6058000.0,4346000.0,1151000.0,331000.0,41000.0,0,0,0,0,0,0,0,339000.0,368000.0,183000.0,167000.0,141000.0,212000.0,279000.0,394000.0,348000.0,81000.0,174000.0,238000.0,81000.0,22000.0,96000.0,36000.0,34000.0,57000.0
root/Sub-SaharanAfrica/Tanzania,root/Sub-SaharanAfrica,0,0,0,429000.0,0,0,0,1880000.0,36056000.0,16978000.0,39086000.0,40241000.0,20171000.0,33684000.0,32584000.0,8929000.0,35661000.0,19509000.0,13434000.0,14658000.0,33861000.0,29417000.0,6516000.0,7086000.0,15873000.0,20596000.0,23184000.0,31967000.0,38990000.0,32402000.0,13381000.0,4926000.0,7379000.0,10055000.0,27657000.0,48957000.0,1999000.0,1778000.0,485000.0,1471000.0,1401000.0,2528000.0,3081000.0,3795000.0,27723000.0,61315000.0,62218000.0
root/Sub-SaharanAfrica/Togo,root/Sub-SaharanAfrica,0,0,0,0,0,0,0,0,9411000.0,1962000.0,87000.0,1151000.0,2033000.0,2115000.0,9957000.0,15456000.0,11917000.0,23493000.0,32122000.0,28323000.0,19813000.0,11171000.0,12197000.0,9619000.0,7151000.0,11633000.0,12195000.0,12071000.0,11950000.0,10474000.0,10373000.0,10885000.0,9993000.0,14039000.0,16626000.0,11804000.0,7114000.0,7261000.0,1960000.0,590000.0,352000.0,119000.0,32000.0,1921000.0,12276000.0,16282000.0,24161000.0
root/Sub-SaharanAfrica/Uganda,root/Sub-SaharanAfrica,0,0,0,0,0,6218000.0,13104000.0,0,12524000.0,10336000.0,16230000.0,17080000.0,16115000.0,35222000.0,69067000.0,97052000.0,111593000.0,90398000.0,96811000.0,86734000.0,56079000.0,41783000.0,31715000.0,11772000.0,26163000.0,30354000.0,52000000.0,59540000.0,55862000.0,39325000.0,24792000.0,17003000.0,21067000.0,26524000.0,31196000.0,37438000.0,1851000.0,1635000.0,418000.0,670000.0,1160000.0,1869000.0,1912000.0,2174000.0,1955000.0,1521000.0,481000.0
root/Sub-SaharanAfrica/Zambia,root/Sub-SaharanAfrica,3570000.0,0,0,0,0,46153000.0,21936000.0,22161000.0,0,34051000.0,83539000.0,87032000.0,149096000.0,175229000.0,130463000.0,49855000.0,229822000.0,4510000.0,570000.0,18111000.0,26538000.0,99974000.0,105680000.0,129269000.0,61760000.0,2244250000.0,10963000.0,5789000.0,5722000.0,9423000.0,9563000.0,49086000.0,68721000.0,77079000.0,255615000.0,85818000.0,4394000.0,3999000.0,1331000.0,2684000.0,3188000.0,5996000.0,11982000.0,18783000.0,35443000.0,61101000.0,69890000.0
root/Sub-SaharanAfrica/Zimbabwe,root/Sub-SaharanAfrica,0,0,0,0,0,0,0,0,0,0,0,1470000.0,2660000.0,17993000.0,41226000.0,71754000.0,115662000.0,121357000.0,87020000.0,43065000.0,26006000.0,7000000.0,5977000.0,9460000.0,10218000.0,13391000.0,20367000.0,35652000.0,58150000.0,71036000.0,81043000.0,11656000.0,3473000.0,5008000.0,21285000.0,165294000.0,27198000.0,669000.0,1805000.0,1094000.0,5324000.0,459000.0,7616000.0,2348000.0,2158000.0,1992000.0,87254000.0
