root/EastAsia&PacificChina,root,0,0,0,0,0,0,0,0,0,0,0,97242000.0,89524000.0,268512000.0,301725000.0,700034000.0,1782347000.0,4604703000.0,4469612000.0,2016479000.0,3246863000.0,2622777000.0,5062061000.0,5622163000.0,2379538000.0,4976943000.0,4914799000.0,5889107000.0,1536833000.0,890007000.0,131173000.0,347999000.0,115000000.0,65000000.0,75000000.0,2161229000.0,17000000.0,215000000.0,27000000.0,46000000.0,2371000000.0,17349994000.0,9844840000.0,11442770000.0,11069898000.0,11012354000.0,15196715000.0,7044824000.0
root/EastAsia&PacificFiji,root,0,0,0,0,0,0,0,0,0,10000000.0,31000000.0,0,0,6068000.0,13000000.0,12275000.0,0,0,0,1114000.0,594000.0,0,36000.0,0,0,0,0,0,0,0,0,0,0,0,0,0,0,0,0,0,0,0,0,0,0,0,0,0
root/EastAsia&PacificIndonesia,root,275000.0,0,134300000.0,212700000.0,224628000.0,1177469000.0,429750000.0,153176000.0,652479000.0,594376000.0,1012995000.0,778298000.0,1035749000.0,1474468000.0,646224000.0,740334000.0,1246927000.0,975114000.0,1374454000.0,2221590000.0,494299000.0,1135332000.0,1858055000.0,1214818000.0,928658000.0,1009873000.0,1846161000.0,1666458000.0,1946221000.0,246909000.0,257794000.0,114883000.0,69599000.0,925580000.0,282617000.0,264258000.0,947141000.0,552078000.0,377984000.0,1655980000.0,1184812000.0,261184000.0,203621000.0,799530000.0,1444728000.0,499256000.0,490282000.0,550264000.0
root/EastAsia&PacificLaoPDR,root,0,0,0,0,0,0,0,0,0,0,0,0,0,0,0,0,0,0,0,0,0,0,0,0,0,0,0,0,0,0,0,0,0,0,0,0,0,0,0,0,2637000.0,2925000.0,1142000.0,1207000.0,12807000.0,76068000.0,4777000.0,42392000.0
root/EastAsia&PacificMalaysia,root,0,85299000.0,77439000.0,8193000.0,79815000.0,357044000.0,249330000.0,374860000.0,604988000.0,313509000.0,510000000.0,1410000000.0,1731189000.0,932830000.0,1387879000.0,143510000.0,711342000.0,533942000.0,164486000.0,193258000.0,56939000.0,15768000.0,0,911890000.0,1577748000.0,1205312000.0,703311000.0,899927000.0,456159000.0,47632000.0,671608000.0,819807000.0,596884000.0,1436047000.0,1521732000.0,51000000.0,405280000.0,351753000.0,1843957000.0,771407000.0,3657639000.0,408201000.0,323474000.0,46350000.0,237120000.0,241269000.0,79731000.0,0
root/EastAsia&PacificMongolia,root,0,0,0,0,0,0,0,0,0,0,0,0,0,0,0,0,0,0,0,0,0,0,58200000.0,0,1700000.0,60000.0,0,0,441000.0,0,0,0,0,0,0,0,0,0,0,0,0,0,0,0,0,0,240000000.0,0
root/EastAsia&PacificMyanmar,root,0,0,0,0,0,0,0,0,38751000.0,22295000.0,15130000.0,5170000.0,0,16585000.0,0,1293000.0,0,0,0,0,0,0,0,0,0,0,0,440000000.0,0,0,0,0,0,0,0,0,0,0,0,0,0,0,0,0,0,0,0,0
root/EastAsia&PacificPapuaNewGuinea,root,37258000.0,28614000.0,9576000.0,15966000.0,8563000.0,655000.0,17013000.0,25000000.0,0,35000000.0,75000000.0,101582000.0,112481000.0,133268000.0,2580000.0,31283000.0,55143000.0,17616000.0,60055000.0,71137000.0,19950000.0,23217000.0,5460000.0,0,153860000.0,13373000.0,27379000.0,19865000.0,735000.0,2652000.0,13478000.0,29797000.0,0,0,0,0,0,0,0,0,0,0,0,0,0,0,216555000.0,96549000.0
root/EastAsia&PacificPhilippines,root,51422000.0,9833000.0,50769000.0,14038000.0,136750000.0,190945000.0,161108000.0,310558000.0,597552000.0,828819000.0,657017000.0,548698000.0,1013058000.0,743216000.0,103317000.0,412470000.0,530483000.0,8979000.0,8020000.0,271000.0,167025000.0,42511000.0,18181000.0,45843000.0,33790000.0,102352000.0,11563000.0,452536000.0,772147000.0,745526000.0,996545000.0,993913000.0,331071000.0,890411000.0,602535000.0,220715000.0,165414000.0,36726000.0,100404000.0,264121000.0,200471000.0,174597000.0,151377000.0,51415000.0,45695000.0,0,3401000.0,305022000.0
root/EastAsia&PacificSamoa,root,0,0,0,170000.0,184000.0,181000.0,1400000.0,0,2000000.0,0,0,0,0,0,0,0,0,0,0,0,0,0,0,0,0,0,0,0,0,0,0,0,0,0,0,0,0,0,0,0,0,0,0,0,0,0,0,0
root/EastAsia&PacificSolomonIslands,root,0,0,0,0,0,0,0,0,0,0,0,0,0,0,5000000.0,6000000.0,4000000.0,0,0,0,0,0,0,0,0,0,0,0,0,0,0,0,0,0,0,0,0,0,0,0,0,0,0,0,0,0,0,0
root/EastAsia&PacificThailand,root,0,316000.0,4935000.0,1058000.0,0,0,100000000.0,25105000.0,204815000.0,508785000.0,606055000.0,374346000.0,355559000.0,136376000.0,366799000.0,1161280000.0,392987000.0,593629000.0,547215000.0,413503000.0,110285000.0,418892000.0,385211000.0,552943000.0,225153000.0,1088430000.0,720279000.0,406729000.0,2812482000.0,894732000.0,455010000.0,1652000.0,518639000.0,190000000.0,0,300000000.0,300000000.0,0,0,669959000.0,0,0,0,0,0,0,0,0
root/EastAsia&PacificTonga,root,0,0,0,0,0,0,0,0,0,0,0,0,0,0,0,0,0,0,0,0,0,0,0,0,0,0,0,0,0,0,0,0,0,0,0,0,0,0,0,0,248000.0,0,0,0,0,0,0,0
root/EastAsia&PacificVanuatu,root,0,0,0,0,0,0,0,0,0,0,0,0,0,443000.0,0,0,0,0,0,0,0,0,0,0,0,0,0,0,0,0,0,0,0,0,0,0,0,0,0,0,0,0,0,0,0,0,0,0
root/EastAsia&PacificVietnam,root,0,0,0,0,0,0,0,0,0,0,0,0,0,0,0,0,0,0,0,0,0,0,0,0,93528000.0,388516000.0,206583000.0,176602000.0,49296000.0,15600000.0,9045000.0,35170000.0,27101000.0,18870000.0,167819000.0,36421000.0,77619000.0,433352000.0,596778000.0,626599000.0,917633000.0,749557000.0,1246871000.0,1585322000.0,2140312000.0,438336000.0,248563000.0,80669000.0
root/Europe&CentralAsiaAlbania,root,0,0,0,0,0,0,0,0,0,0,0,0,0,0,0,0,0,0,0,0,0,0,0,5201000.0,0,1000.0,0,0,0,0,324000.0,314000.0,331000.0,397000.0,436000.0,437000.0,441000.0,589000.0,345953000.0,300205000.0,34167000.0,42109000.0,20323000.0,9332000.0,14412000.0,26166000.0,25076000.0,16399000.0
root/Europe&CentralAsiaArmenia,root,0,0,0,0,0,0,0,0,0,0,0,0,0,0,0,0,0,0,0,0,0,0,0,0,0,0,0,0,5000000.0,0,0,0,0,0,0,0,0,0,0,0,0,2366000.0,10236000.0,3158000.0,1645000.0,9203000.0,775000.0,0
root/Europe&CentralAsiaAzerbaijan,root,0,0,0,0,0,0,0,0,0,0,0,0,0,0,0,0,0,0,0,0,0,0,0,0,0,0,0,0,0,27939000.0,84438000.0,515000.0,47000.0,0,0,235648000.0,120950000.0,119455000.0,166781000.0,345612000.0,169865000.0,180078000.0,75204000.0,317211000.0,347860000.0,497306000.0,560792000.0,332887000.0
root/Europe&CentralAsiaBelarus,root,0,0,0,0,0,0,0,0,0,0,0,0,0,0,0,0,0,0,0,0,0,0,0,0,23287000.0,19977000.0,8148000.0,1550000.0,11394000.0,0,47781000.0,26908000.0,23214000.0,1631000.0,783000.0,33707000.0,82920000.0,1195944000.0,600000000.0,9649000.0,98744000.0,300276000.0,1172768000.0,1505247000.0,640733000.0,1170896000.0,328682000.0,289207000.0
root/Europe&CentralAsiaBosniaandHerzegovina,root,0,0,0,0,0,0,0,0,0,0,0,0,0,0,0,0,0,0,0,0,0,0,0,0,0,0,0,0,0,0,0,0,0,0,0,0,0,12232000.0,26184000.0,12243000.0,14197000.0,12468000.0,16970000.0,17638000.0,12535000.0,9762000.0,2309000.0,1174000.0
root/Europe&CentralAsiaBulgaria,root,0,0,0,0,0,0,0,0,0,0,0,251036000.0,516065000.0,443690000.0,803621000.0,1278958000.0,1654525000.0,1260445000.0,1322199000.0,1801730000.0,652435000.0,105943000.0,125452000.0,0,6369000.0,96416000.0,0,0,0,3658000.0,24194000.0,4734000.0,18743000.0,24660000.0,34974000.0,18924000.0,15905000.0,6770000.0,8098000.0,0,0,0,0,0,0,0,0,0
root/Europe&CentralAsiaGeorgia,root,0,0,0,0,0,0,0,0,0,0,0,0,0,0,0,0,0,0,0,0,0,0,926000.0,0,0,0,0,0,0,0,0,0,0,0,0,0,0,0,0,250475000.0,163589000.0,0,8357000.0,5871000.0,0,9202000.0,37201000.0,47282000.0
root/Europe&CentralAsiaKazakhstan,root,0,0,0,0,0,0,0,0,0,0,0,0,0,0,0,0,0,0,0,0,0,0,0,0,0,17362000.0,0,93873000.0,42193000.0,50337000.0,105287000.0,34694000.0,71762000.0,0,0,0,0,0,0,0,0,0,0,0,0,0,0,0
root/Europe&CentralAsiaKosovo,root,0,0,0,0,0,0,0,0,0,0,0,0,0,0,0,0,0,0,0,0,0,0,0,0,0,0,0,0,0,0,0,0,0,0,0,0,0,0,0,0,0,0,0,0,2574000.0,17563000.0,6263000.0,577000.0
root/Europe&CentralAsiaKyrgyzRepublic,root,0,0,0,0,0,0,0,0,0,0,0,0,0,0,0,0,0,0,0,0,0,0,0,0,0,0,7000000.0,23012000.0,0,0,0,0,0,0,0,0,0,0,0,0,0,0,0,0,0,0,0,0
root/Europe&CentralAsiaMacedoniaFYR,root,0,0,0,0,0,0,0,0,0,0,0,0,0,0,0,0,0,0,0,0,0,0,0,0,0,0,0,184000.0,361000.0,24909000.0,0,619000.0,2768000.0,14753000.0,15178000.0,1914000.0,28355000.0,3026000.0,29636000.0,0,6535000.0,254128000.0,127483000.0,383867000.0,2906000.0,11165000.0,27662000.0,51954000.0
root/Europe&CentralAsiaMoldova,root,0,0,0,0,0,0,0,0,0,0,0,0,0,0,0,0,0,0,0,0,0,0,0,0,0,4316000.0,80830000.0,21883000.0,1907000.0,8220000.0,0,0,0,0,0,0,0,0,0,0,0,4037000.0,16898000.0,6708000.0,4820000.0,3019000.0,3987000.0,0
root/Europe&CentralAsiaMontenegro,root,0,0,0,0,0,0,0,0,0,0,0,0,0,0,0,0,0,0,0,0,0,0,0,0,0,0,0,0,0,0,0,0,0,0,0,0,3211000.0,0,0,180845000.0,83053000.0,113137000.0,318591000.0,178867000.0,40854000.0,14808000.0,0,0
root/Europe&CentralAsiaRomania,root,0,0,0,0,0,0,0,0,0,1679564000.0,1402339000.0,1421586000.0,1853777000.0,697300000.0,0,150000000.0,0,0,0,0,0,0,0,4395000.0,40433000.0,164834000.0,282889000.0,656299000.0,349899000.0,1198989000.0,673543000.0,531968000.0,1649422000.0,1146502000.0,1682130000.0,958277000.0,620138000.0,613801000.0,407453000.0,203586000.0,150670000.0,207713000.0,124496000.0,39699000.0,7622000.0,1770000.0,0,13327000.0
root/Europe&CentralAsiaRussianFederation,root,0,0,0,0,0,0,0,0,0,0,0,0,0,0,0,0,0,0,0,0,0,0,2433549000.0,103765000.0,3163000.0,20465000.0,5826000.0,1919000.0,5484000.0,0,0,340874000.0,0,0,0,10050000000.0,7826000000.0,16848000000.0,12535944000.0,2864000000.0,23236500000.0,19538940000.0,6648560000.0,49415460000.0,524140000.0,4373220000.0,428000000.0,0
root/Europe&CentralAsiaSerbia,root,0,0,102019000.0,10121000.0,17752000.0,31924000.0,55396000.0,36097000.0,20264000.0,15008000.0,685640000.0,372116000.0,61890000.0,651183000.0,3137000.0,38249000.0,186317000.0,0,307039000.0,0,0,0,0,0,0,0,0,0,0,0,0,0,0,0,0,0,50226000.0,41119000.0,2943000.0,0,238841000.0,403706000.0,101567000.0,214855000.0,50062000.0,76735000.0,65735000.0,100962000.0
root/Europe&CentralAsiaTajikistan,root,0,0,0,0,0,0,0,0,0,0,0,0,0,0,0,0,0,0,0,0,0,0,0,68000000.0,0,0,0,0,0,0,0,0,0,0,0,0,0,0,0,0,0,0,0,0,0,0,0,0
root/Europe&CentralAsiaTurkey,root,0,29679000.0,0,1556000.0,0,1845000.0,106985000.0,384565000.0,305747000.0,3028276000.0,600207000.0,163655000.0,481729000.0,354375000.0,590894000.0,1022999000.0,1549930000.0,1773861000.0,2786473000.0,1611763000.0,1435035000.0,570837000.0,1167033000.0,814803000.0,1293949000.0,1255599000.0,2100718000.0,1959661000.0,2138532000.0,3131593000.0,4349374000.0,2121749000.0,2309832000.0,1653177000.0,2073512000.0,1519826000.0,1745025000.0,2698407000.0,2768011000.0,1279954000.0,2166039000.0,2200921000.0,1445670000.0,1130894000.0,807589000.0,1019585000.0,3567195000.0,1572028000.0
root/Europe&CentralAsiaTurkmenistan,root,0,0,0,0,0,0,0,0,0,0,0,0,0,0,0,0,0,0,0,0,0,0,0,0,0,0,25324000.0,168979000.0,12449000.0,44699000.0,91173000.0,17242000.0,0,0,0,0,0,0,0,0,0,0,0,0,0,0,0,0
root/Europe&CentralAsiaUkraine,root,0,0,0,0,0,0,0,0,0,0,0,0,0,0,0,0,0,0,0,0,0,0,0,123091000.0,0,0,16538000.0,523265000.0,508872000.0,63316000.0,13657000.0,0,0,0,1180000000.0,100000000.0,0,0,4415000.0,0,0,2759000.0,2549000.0,0,0,0,0,0
root/Europe&CentralAsiaUzbekistan,root,0,0,0,0,0,0,0,0,0,0,0,0,0,0,0,0,0,0,0,0,0,0,0,0,0,0,96180000.0,186935000.0,76600000.0,136853000.0,58543000.0,51750000.0,71435000.0,15692000.0,1233000.0,33933000.0,9616000.0,19893000.0,37324000.0,694000.0,14949000.0,75427000.0,9572000.0,10086000.0,116052000.0,116362000.0,67299000.0,33785000.0
root/LatinAmerica&CaribbeanArgentina,root,52815000.0,125209000.0,176534000.0,310198000.0,349260000.0,67287000.0,1247999000.0,584884000.0,1513973000.0,2299534000.0,2173433000.0,1115503000.0,639157000.0,1663473000.0,223263000.0,2996878000.0,1543984000.0,1782725000.0,713921000.0,215281000.0,183167000.0,134151000.0,32839000.0,20631000.0,67660000.0,105079000.0,137381000.0,39010000.0,14063000.0,17967000.0,2052000.0,128000.0,1629000.0,213000.0,160000.0,55000.0,10000.0,12000.0,6000.0,6000.0,54936000.0,14635000.0,35875000.0,11329000.0,210811000.0,0,787000.0,2754014000.0
root/LatinAmerica&CaribbeanBelize,root,0,0,0,0,0,0,0,0,0,0,0,2000000.0,2102000.0,1014000.0,2286000.0,2267000.0,0,2325000.0,8529000.0,1046000.0,4625000.0,4750000.0,6287000.0,0,4572000.0,4826000.0,15472000.0,17039000.0,14000000.0,66282000.0,83390000.0,104252000.0,24437000.0,96253000.0,110002000.0,11797000.0,3275000.0,541401000.0,1747000.0,1329000.0,94000.0,0,0,0,0,0,0,0
root/LatinAmerica&CaribbeanBolivia,root,16000.0,11281000.0,31447000.0,4806000.0,54284000.0,72971000.0,151295000.0,234088000.0,293870000.0,91283000.0,55198000.0,6605000.0,7781000.0,9000000.0,0,0,0,25000000.0,0,0,0,6620000.0,1421000.0,1904000.0,8139000.0,0,1368000.0,2287000.0,5505000.0,1724000.0,0,510000.0,3504000.0,522000.0,0,3846000.0,3140000.0,15000.0,66319000.0,6999000.0,0,66434000.0,66400000.0,0,0,0,0,21131000.0
root/LatinAmerica&CaribbeanBrazil,root,333127000.0,506309000.0,938499000.0,1278653000.0,2280963000.0,2585188000.0,2907403000.0,3118181000.0,6476246000.0,6573942000.0,4873451000.0,7261644000.0,7073919000.0,4357389000.0,7009805000.0,493360000.0,290824000.0,164484000.0,3282144000.0,1228454000.0,863554000.0,1027817000.0,340888000.0,2033410000.0,1820177000.0,4340382000.0,2526479000.0,3051422000.0,7158566000.0,453905000.0,3531687000.0,1409455000.0,4067516000.0,1042165000.0,4396343000.0,1608270000.0,1189882000.0,806470000.0,2081452000.0,1728442000.0,3092231000.0,6744283000.0,6195386000.0,9348960000.0,12869622000.0,6625173000.0,955592000.0,2840699000.0
root/LatinAmerica&CaribbeanColombia,root,88037000.0,25303000.0,103394000.0,91522000.0,139461000.0,127345000.0,19223000.0,163176000.0,40332000.0,674944000.0,500690000.0,801553000.0,532183000.0,419444000.0,557366000.0,375559000.0,1211475000.0,125472000.0,1088320000.0,711770000.0,879660000.0,616520000.0,401166000.0,260591000.0,1222710000.0,256591000.0,508634000.0,1138054000.0,328704000.0,1433000000.0,469388000.0,379124000.0,465284000.0,267772000.0,291500000.0,615584000.0,645485000.0,1565378000.0,295754000.0,200000000.0,30000000.0,301782000.0,621464000.0,2054195000.0,1318338000.0,2326794000.0,1666158000.0,401245000.0
root/LatinAmerica&CaribbeanCostaRica,root,6399000.0,24084000.0,23757000.0,43733000.0,49222000.0,72688000.0,59594000.0,131965000.0,123313000.0,265171000.0,120295000.0,121079000.0,14714000.0,1600000.0,0,87573000.0,0,0,0,0,30241000.0,5000000.0,659000.0,25500000.0,214000.0,0,8586000.0,33658000.0,13000.0,0,0,0,15360000.0,115387000.0,16078000.0,147000.0,0,0,11000000.0,65594000.0,80000000.0,215245000.0,179521000.0,1224301000.0,354470000.0,37646000.0,68850000.0,9405000.0
root/LatinAmerica&CaribbeanDominica,root,0,0,0,0,0,0,0,0,0,0,0,0,0,0,0,0,292000.0,0,0,0,0,0,0,0,0,0,0,0,0,0,0,0,11196000.0,0,0,37000.0,37000.0,299000.0,1724000.0,249000.0,0,0,0,0,0,0,0,0
root/LatinAmerica&CaribbeanDominicanRepublic,root,0,700000.0,17183000.0,37310000.0,37257000.0,33087000.0,59799000.0,68263000.0,103800000.0,221824000.0,71724000.0,44000.0,0,10000000.0,13752000.0,0,0,0,0,0,0,778000.0,17577000.0,7311000.0,7493000.0,8012000.0,10850000.0,5401000.0,4493000.0,27301000.0,98008000.0,117664000.0,414782000.0,624758000.0,376546000.0,248624000.0,215897000.0,353746000.0,284294000.0,87637000.0,171041000.0,246714000.0,384672000.0,58359000.0,528252000.0,438635000.0,194709000.0,361951000.0
root/LatinAmerica&CaribbeanEcuador,root,2198000.0,3239000.0,55809000.0,16236000.0,35467000.0,89875000.0,115688000.0,426939000.0,367555000.0,873578000.0,497126000.0,538022000.0,20655000.0,26289000.0,446208000.0,235340000.0,268500000.0,114332000.0,96265000.0,99368000.0,39427000.0,10390000.0,6543000.0,100274000.0,93428000.0,57376000.0,306080000.0,764853000.0,93274000.0,127833000.0,70653000.0,96576000.0,54093000.0,50810000.0,52453000.0,23802000.0,21642000.0,23911000.0,9558000.0,1838000.0,2123000.0,731000.0,0,48650000.0,1279782000.0,1849266000.0,379071000.0,420465000.0
root/LatinAmerica&CaribbeanElSalvador,root,1130000.0,9000000.0,3000000.0,2000000.0,73500000.0,2000000.0,30000000.0,0,0,0,2478000.0,68000.0,43001000.0,23036000.0,35346000.0,9002000.0,0,0,10563000.0,50000000.0,25000000.0,90000000.0,0,30744000.0,18669000.0,5331000.0,71047000.0,14715000.0,3750000.0,14513000.0,87473000.0,14649000.0,3375000.0,96000.0,1147000.0,0,0,0,65000000.0,0,0,0,651500000.0,26800000.0,50748000.0,13416000.0,42731000.0,205588000.0
root/LatinAmerica&CaribbeanGrenada,root,0,0,0,0,0,0,0,0,0,0,0,0,1833000.0,0,363000.0,0,0,0,0,0,0,0,0,100000.0,0,0,0,0,0,2490000.0,30000000.0,0,844000.0,8406000.0,385000.0,0,7275000.0,0,0,0,0,0,0,0,0,0,0,0
root/LatinAmerica&CaribbeanGuatemala,root,25437000.0,2850000.0,16300000.0,0,0,4540000.0,1450000.0,215000.0,1100000.0,2756000.0,12822000.0,54000000.0,42500000.0,134455000.0,36126000.0,44950000.0,2266000.0,1688000.0,1475000.0,25933000.0,14000000.0,19777000.0,31920000.0,6468000.0,3660000.0,1568000.0,0,0,0,0,0,0,0,0,0,0,0,1645000.0,232000.0,269000.0,1547000.0,610000.0,369000.0,17743000.0,1504000.0,11073000.0,6644000.0,10625000.0
root/LatinAmerica&CaribbeanGuyana,root,0,0,0,12500000.0,2830000.0,51725000.0,37163000.0,13109000.0,9489000.0,39431000.0,21263000.0,2467000.0,5053000.0,2426000.0,0,0,0,4236000.0,0,0,0,0,0,0,0,0,8927000.0,0,0,0,0,0,0,0,0,0,0,0,0,0,0,0,0,0,0,0,0,0
root/LatinAmerica&CaribbeanHaiti,root,0,0,0,0,0,0,0,2000000.0,0,1800000.0,5190000.0,41772000.0,3500000.0,0,0,0,0,0,0,0,0,0,0,0,0,0,0,0,0,0,0,0,0,0,0,0,0,0,0,0,0,0,0,0,0,0,0,0
root/LatinAmerica&CaribbeanHonduras,root,0,0,3000000.0,0,3638000.0,1695000.0,17258000.0,40078000.0,36911000.0,104766000.0,59328000.0,63744000.0,27689000.0,38752000.0,8769000.0,5197000.0,92000.0,2486000.0,4097000.0,2841000.0,21513000.0,2356000.0,743000.0,7164000.0,2754000.0,2889000.0,24682000.0,0,0,0,1150000.0,4171000.0,795000.0,104000.0,14806000.0,4453000.0,0,106000.0,0,0,0,0,20026000.0,80274000.0,124815000.0,9000.0,0,3287000.0
root/LatinAmerica&CaribbeanJamaica,root,1000000.0,9594000.0,31411000.0,102497000.0,165318000.0,156655000.0,30566000.0,63404000.0,85859000.0,8730000.0,3716000.0,64277000.0,53450000.0,15603000.0,25058000.0,17222000.0,0,31000.0,6932000.0,1206000.0,0,6439000.0,280000.0,43600000.0,12475000.0,43187000.0,36775000.0,12269000.0,13922000.0,31472000.0,23985000.0,30510000.0,32185000.0,88571000.0,122896000.0,75612000.0,96817000.0,83458000.0,77833000.0,93719000.0,197843000.0,56795000.0,38867000.0,25870000.0,51241000.0,27834000.0,0,0
root/LatinAmerica&CaribbeanMexico,root,431644000.0,479586000.0,618999000.0,1689104000.0,2379797000.0,3111141000.0,4561482000.0,4987413000.0,7234979000.0,9465140000.0,7625067000.0,10063109000.0,8085279000.0,5283943000.0,3134430000.0,1877784000.0,198231000.0,4486137000.0,1239761000.0,47374000.0,2552164000.0,822724000.0,2029281000.0,608505000.0,502374000.0,1699100000.0,1174934000.0,2044172000.0,4788454000.0,1823167000.0,1099039000.0,4652960000.0,2608225000.0,2374025000.0,3159876000.0,2665000000.0,4440948000.0,1590900000.0,3664769000.0,1733888000.0,7169652000.0,1915808000.0,2480280000.0,17884847000.0,4086685000.0,5730556000.0,5878712000.0,116194000.0
root/LatinAmerica&CaribbeanNicaragua,root,11556000.0,24532000.0,52604000.0,108795000.0,93405000.0,107348000.0,19782000.0,95245000.0,38070000.0,0,0,0,1804000.0,1747000.0,1611000.0,3804000.0,0,4677000.0,3718000.0,0,0,0,1734000.0,1189000.0,516000.0,19553000.0,16796000.0,4780000.0,2277000.0,0,4620000.0,5901000.0,0,0,0,0,0,0,0,0,0,0,0,0,0,0,7075000.0,2051000.0
root/LatinAmerica&CaribbeanPanama,root,0,49455000.0,58399000.0,127992000.0,150362000.0,138480000.0,230887000.0,212144000.0,630827000.0,208876000.0,273673000.0,223365000.0,581391000.0,167094000.0,165063000.0,39973000.0,21967000.0,44542000.0,22217000.0,23927000.0,411000.0,350000.0,2135000.0,791000.0,24864000.0,4523000.0,55300000.0,29595000.0,51026000.0,33750000.0,16912000.0,6334000.0,8248000.0,12000000.0,12917000.0,1035000.0,1440000.0,0,165461000.0,81000000.0,0,0,114350000.0,360350000.0,106907000.0,0,0,0
root/LatinAmerica&CaribbeanParaguay,root,1860000.0,0,4000000.0,5501000.0,9531000.0,12872000.0,3489000.0,8600000.0,33398000.0,38675000.0,33289000.0,49321000.0,126775000.0,64072000.0,53227000.0,41143000.0,54074000.0,20685000.0,37198000.0,901000.0,2137000.0,0,1490000.0,3373000.0,3415000.0,11453000.0,0,0,0,400000000.0,0,0,132000.0,10963000.0,1008000.0,3113000.0,0,0,0,0,0,0,0,0,0,0,0,0
root/LatinAmerica&CaribbeanPeru,root,3099000.0,2926000.0,119518000.0,369325000.0,612644000.0,377946000.0,357103000.0,294873000.0,34258000.0,443523000.0,247649000.0,625783000.0,975537000.0,577448000.0,392253000.0,75344000.0,13212000.0,1731000.0,1865000.0,57973000.0,68865000.0,63957000.0,3159000.0,10000.0,0,0,0,0,0,21403000.0,33500000.0,0,0,0,0,0,0,0,0,0,0,0,0,0,0,0,0,0
root/LatinAmerica&CaribbeanStLucia,root,0,0,0,0,0,0,0,0,0,0,0,0,0,0,0,0,2821000.0,39000.0,0,364000.0,0,0,0,0,0,0,0,0,300000.0,9766000.0,8397000.0,6000000.0,0,0,0,0,0,0,0,0,0,0,0,0,0,0,0,0
root/LatinAmerica&CaribbeanStVincentandtheGrenadines,root,0,0,0,0,0,0,0,0,0,0,0,0,0,0,0,0,0,0,0,0,0,0,0,0,4749000.0,51000.0,0,0,0,0,0,0,1080000.0,0,29815000.0,30000000.0,0,0,16000000.0,0,0,0,0,970000.0,7962000.0,0,0,0
root/LatinAmerica&CaribbeanVenezuelaRB,root,139710000.0,207503000.0,255040000.0,104703000.0,87203000.0,16000.0,1000000000.0,1575575000.0,1688546000.0,3798806000.0,2362126000.0,2044072000.0,1891198000.0,2051330000.0,477518000.0,137511000.0,9688000.0,32267000.0,66643000.0,140515000.0,26293000.0,51379000.0,81458000.0,122901000.0,347518000.0,616401000.0,945218000.0,948477000.0,540359000.0,745488000.0,666571000.0,1117851000.0,570801000.0,516185000.0,235681000.0,355995000.0,151422000.0,134750000.0,145224000.0,30131000.0,9896000.0,6244000.0,146832000.0,116037000.0,74760000.0,141065000.0,38150000.0,462018000.0
root/MiddleEast&NorthAfricaAlgeria,root,17000000.0,73903000.0,143000000.0,955000000.0,203701000.0,556109000.0,562487000.0,643936000.0,2051963000.0,1334332000.0,890862000.0,257515000.0,664062000.0,931745000.0,618423000.0,1023453000.0,1898619000.0,985874000.0,1392546000.0,354830000.0,206169000.0,170295000.0,1255474000.0,453037000.0,100366000.0,221531000.0,98753000.0,28515000.0,5703000.0,3224000.0,486000.0,1095000.0,250572000.0,28172000.0,24049000.0,8113000.0,36866000.0,20469000.0,28861000.0,1195000.0,1144000.0,2140000.0,0,0,0,0,0,0
root/MiddleEast&NorthAfricaDjibouti,root,0,0,0,0,0,0,0,0,0,0,4977000.0,0,4649000.0,0,2296000.0,0,0,0,0,0,0,0,0,0,0,0,0,0,0,0,0,0,0,0,0,0,0,0,0,0,0,0,0,0,0,0,0,0
root/MiddleEast&NorthAfricaEgyptArabRep,root,0,0,0,0,102008000.0,0,0,250000000.0,0,0,7652000.0,5505000.0,206691000.0,28588000.0,1098000.0,929000.0,330000.0,130000.0,155000000.0,89500000.0,175107000.0,263833000.0,49810000.0,25241000.0,76365000.0,30799000.0,17477000.0,187248000.0,10675000.0,10348000.0,132084000.0,215313000.0,48251000.0,37398000.0,158961000.0,725471000.0,72336000.0,87973000.0,97433000.0,106549000.0,207544000.0,21096000.0,54765000.0,24806000.0,19560000.0,977949000.0,692608000.0,843656000.0
root/MiddleEast&NorthAfricaIranIslamicRep,root,0,0,0,0,0,0,0,0,0,0,0,0,0,0,0,0,0,0,0,0,0,0,0,6296000.0,0,568000.0,68495000.0,64381000.0,471392000.0,361145000.0,269956000.0,828854000.0,885054000.0,836558000.0,1015141000.0,1567412000.0,977444000.0,664267000.0,432755000.0,152131000.0,130761000.0,173012000.0,2637000.0,3922000.0,0,0,0,48115000.0
root/MiddleEast&NorthAfricaJordan,root,0,0,0,1211000.0,9500000.0,16100000.0,7500000.0,115000000.0,96000000.0,50000000.0,15000000.0,51000000.0,3538000.0,239493000.0,85098000.0,205205000.0,279809000.0,322453000.0,513450000.0,245946000.0,73354000.0,601000.0,0,0,0,0,0,0,0,0,0,0,0,0,0,0,0,0,5694000.0,5701000.0,12223000.0,0,0,0,0,0,0,4325000.0
root/MiddleEast&NorthAfricaLebanon,root,0,0,0,0,0,0,0,0,0,0,70000000.0,75000000.0,0,0,0,0,0,0,0,0,0,0,0,0,7624000.0,340145000.0,127467000.0,117722000.0,87946000.0,142827000.0,60789000.0,46953000.0,9830000.0,60862000.0,39029000.0,43243000.0,29103000.0,348989000.0,30128000.0,15089000.0,17312000.0,12309000.0,5767000.0,54228000.0,32000.0,0,61000.0,11559000.0
root/MiddleEast&NorthAfricaMorocco,root,0,0,0,0,0,442385000.0,376261000.0,770000000.0,519251000.0,690013000.0,671575000.0,149526000.0,604924000.0,45128000.0,95000000.0,1200000.0,253662000.0,110978000.0,24052000.0,168237000.0,189650000.0,126304000.0,79304000.0,173354000.0,273360000.0,224354000.0,8790000.0,96346000.0,336520000.0,28020000.0,142938000.0,15196000.0,7527000.0,168730000.0,90753000.0,73850000.0,312752000.0,902938000.0,221718000.0,566692000.0,297449000.0,290026000.0,136464000.0,454205000.0,1547351000.0,1311938000.0,66180000.0,218206000.0
root/MiddleEast&NorthAfricaTunisia,root,0,0,0,0,0,0,0,199500000.0,215000000.0,71342000.0,50676000.0,45448000.0,2066000.0,205000000.0,1434000.0,181549000.0,155121000.0,24273000.0,4831000.0,80000.0,87885000.0,70514000.0,184247000.0,80372000.0,5038000.0,56312000.0,457236000.0,72756000.0,47267000.0,15195000.0,487631000.0,33585000.0,54866000.0,121298000.0,123115000.0,31505000.0,67060000.0,77509000.0,78289000.0,52788000.0,31265000.0,24565000.0,15334000.0,7191000.0,130339000.0,285785000.0,24974000.0,48739000.0
root/MiddleEast&NorthAfricaYemenRep,root,0,0,0,0,0,0,0,0,0,0,0,0,0,0,0,0,70000000.0,0,81825000.0,38175000.0,0,0,0,0,0,0,0,0,1762000.0,5052000.0,7000.0,0,0,0,0,0,0,0,0,0,0,0,0,0,0,0,0,0
root/SouthAsiaBangladesh,root,0,0,0,13136000.0,2300000.0,0,0,0,0,0,0,0,4126000.0,0,0,0,637000.0,0,0,0,22198000.0,0,0,0,6363000.0,0,0,0,0,0,15053000.0,11305000.0,0,0,14270000.0,0,0,0,0,0,0,0,0,0,0,0,0,0
root/SouthAsiaBhutan,root,0,0,0,0,0,0,0,0,0,0,0,0,0,0,0,0,0,0,0,0,0,0,0,0,0,0,0,0,0,0,0,0,0,0,0,0,0,0,0,4913000.0,16050000.0,9078000.0,8612000.0,9270000.0,6909000.0,0,0,0
root/SouthAsiaIndia,root,19394000.0,23015000.0,7745000.0,1681000.0,13923000.0,10219000.0,9363000.0,94446000.0,46214000.0,62363000.0,639668000.0,512996000.0,775729000.0,1254659000.0,1315471000.0,1766445000.0,2898030000.0,2964321000.0,3361951000.0,2633322000.0,1981801000.0,504272000.0,2145381000.0,1546593000.0,867686000.0,1718794000.0,1707653000.0,905202000.0,925358000.0,841873000.0,866837000.0,308905000.0,2522232000.0,764038000.0,852951000.0,1091162000.0,2202711000.0,3830798000.0,1442365000.0,2673984000.0,4907881000.0,5010298000.0,4619241000.0,6810030000.0,11696399000.0,12490715000.0,3091098000.0,403279000.0
root/SouthAsiaMaldives,root,0,0,0,0,0,0,0,0,0,0,0,0,0,3400000.0,13868000.0,0,1063000.0,0,1261000.0,0,0,0,1100000.0,100000.0,1010000.0,2412000.0,2260000.0,5745000.0,9274000.0,9763000.0,3951000.0,9921000.0,21596000.0,5800000.0,7126000.0,16343000.0,16796000.0,16436000.0,42544000.0,2402000.0,34049000.0,32961000.0,1573000.0,6579000.0,11200000.0,20365000.0,0,198000.0
root/SouthAsiaNepal,root,0,0,0,0,0,0,0,0,0,0,0,0,0,0,0,0,4500000.0,0,0,0,0,0,0,0,0,0,0,0,0,0,0,0,0,0,0,0,0,0,0,0,0,0,0,0,0,0,0,0
root/SouthAsiaPakistan,root,0,0,0,0,0,0,0,0,9625000.0,17238000.0,100643000.0,15998000.0,492218000.0,210500000.0,326700000.0,113922000.0,78810000.0,300000000.0,20000000.0,103222000.0,7886000.0,29336000.0,315118000.0,530099000.0,131906000.0,87204000.0,84224000.0,820923000.0,122404000.0,1432000.0,0,280701000.0,96000000.0,0,200000.0,0,0,0,125000000.0,0,0,0,0,0,768482000.0,1233373000.0,1828914000.0,175449406000.0
root/SouthAsiaSriLanka,root,0,0,230000.0,0,0,0,632000.0,0,0,0,57145000.0,94302000.0,115164000.0,71451000.0,75516000.0,19585000.0,31815000.0,24892000.0,24799000.0,36872000.0,59355000.0,68431000.0,42188000.0,31102000.0,59209000.0,92317000.0,65389000.0,162062000.0,163286000.0,32574000.0,45919000.0,8523000.0,95433000.0,130461000.0,60761000.0,142866000.0,151082000.0,269190000.0,293154000.0,154821000.0,167323000.0,101406000.0,2280292000.0,607011000.0,310309000.0,242623000.0,244828000.0,233153000.0
root/Sub-SaharanAfricaAngola,root,0,0,0,0,0,0,0,0,0,0,0,0,0,0,0,0,0,0,0,16806000.0,16505000.0,14558000.0,9264000.0,16434000.0,299091000.0,396131000.0,685173000.0,1125829000.0,549013000.0,835304000.0,1010348000.0,1045715000.0,1150000000.0,1711765000.0,1973261000.0,3235894000.0,573065000.0,4561569000.0,3275765000.0,2291832000.0,23603000.0,2287671000.0,1905258000.0,3990822000.0,4684883000.0,334773000.0,818072000.0,1532145000.0
root/Sub-SaharanAfricaBenin,root,0,98000.0,0,0,0,0,0,0,0,0,0,0,4536000.0,216000.0,0,0,0,0,0,0,0,0,0,0,0,0,0,0,0,0,0,0,0,0,0,0,0,0,0,0,0,0,0,0,0,0,52432000.0,42678000.0
root/Sub-SaharanAfricaBotswana,root,0,0,0,0,0,0,0,0,0,0,0,0,30000000.0,0,0,135000.0,132000.0,1361000.0,976000.0,390000.0,0,0,0,30412000.0,1000.0,0,0,0,0,10659000.0,3772000.0,0,0,0,0,0,0,0,0,0,0,0,0,0,0,0,0,0
root/Sub-SaharanAfricaBurkinaFaso,root,0,0,0,0,0,0,0,0,768000.0,362000.0,0,0,0,0,2200000.0,0,0,0,0,0,0,0,0,0,0,0,0,0,0,0,0,0,0,0,0,0,0,0,0,0,0,0,0,0,0,0,0,0
root/Sub-SaharanAfricaBurundi,root,0,0,0,0,0,4683025.2,482400.0,847890.4,2702407.0,1445970.4,161238.4,0,1067263.9,10644929.8,12139260.1,1125277.6,0,0,0,0,0,0,0,0,0,0,0,0,0,0,0,0,0,0,0,0,0,0,0,5000000.0,0,0,0,0,0,0,0,0
root/Sub-SaharanAfricaCaboVerde,root,0,0,0,0,0,0,0,0,0,0,0,0,0,0,0,0,0,0,0,0,0,0,0,0,0,0,0,0,0,0,0,170000.0,71000.0,1846000.0,124000.0,943000.0,95000.0,0,0,0,49657000.0,25426000.0,43009000.0,64413000.0,95515000.0,28567000.0,16396000.0,57550000.0
root/Sub-SaharanAfricaCameroon,root,0,0,0,0,10000000.0,0,32000000.0,11400000.0,39079000.0,51517000.0,114792000.0,40267000.0,23006000.0,13199000.0,60000.0,263000.0,0,23668000.0,128093000.0,106186000.0,10468000.0,727000.0,0,0,0,0,0,0,0,0,0,0,0,0,0,0,1415000.0,0,0,7787000.0,6140000.0,4646000.0,21700000.0,45105000.0,23063000.0,92843000.0,27382000.0,160091000.0
root/Sub-SaharanAfricaChad,root,89000.0,0,0,0,0,0,0,0,0,504000.0,0,0,0,0,0,0,0,0,0,0,0,0,0,0,0,0,0,0,0,0,0,0,0,0,0,0,0,0,0,0,0,0,0,0,0,0,0,0
root/Sub-SaharanAfricaComoros,root,0,0,0,0,0,0,0,0,0,0,0,0,690000.0,0,0,0,0,0,0,0,0,0,0,0,0,0,0,0,0,0,0,0,0,0,0,0,0,0,0,0,0,0,0,0,0,0,0,0
root/Sub-SaharanAfricaCongoDemRep,root,0,77982000.0,98500000.0,206375000.0,129155000.0,23656000.0,41100000.0,80802000.0,1329000.0,0,56816000.0,13542000.0,1475000.0,14000.0,15345000.0,0,0,0,3084000.0,5033000.0,0,0,0,0,0,0,0,0,0,0,0,0,0,690000.0,0,0,0,0,0,0,0,0,0,0,0,5353000.0,0,0
root/Sub-SaharanAfricaCongoRep,root,0,0,0,310000.0,866000.0,570000.0,3256000.0,0,545000.0,23827000.0,277340000.0,143996000.0,281716000.0,109682000.0,165286000.0,140279000.0,125676000.0,137455000.0,310308000.0,108935000.0,174071000.0,0,95000000.0,449315000.0,0,0,0,0,0,0,0,0,0,0,0,0,0,0,0,0,0,111575000.0,150161000.0,109972000.0,48870000.0,0,0,0
root/Sub-SaharanAfricaCotedIvoire,root,7154000.0,40422000.0,17124000.0,106210000.0,45748000.0,132847000.0,123674000.0,369717000.0,441844000.0,407338000.0,633568000.0,659711000.0,794982000.0,115525000.0,64696000.0,111438000.0,35853000.0,15196000.0,15897000.0,0,1614000.0,0,0,0,0,1314000.0,1800000.0,0,0,0,0,0,0,0,685000.0,0,0,0,0,0,180000.0,0,1166596000.0,1251060000.0,1076000.0,0,0,89642000.0
root/Sub-SaharanAfricaEthiopia,root,0,0,0,2500000.0,3500000.0,0,0,0,61000.0,10632000.0,2077000.0,17871000.0,2883000.0,899000.0,97569000.0,4040000.0,0,70598000.0,65089000.0,0,0,204613000.0,102072000.0,0,0,0,0,0,0,0,0,0,0,0,0,0,0,0,0,0,304899000.0,473486000.0,617327000.0,384830000.0,114542000.0,792796000.0,242646000.0,251644000.0
root/Sub-SaharanAfricaGabon,root,45000.0,10132000.0,26917000.0,97957000.0,60202000.0,190668000.0,269146000.0,177572000.0,50038000.0,285070000.0,94840000.0,895000.0,493000.0,5295000.0,5368000.0,14863000.0,72059000.0,4488000.0,60259000.0,376000.0,177000.0,0,0,0,0,0,0,14689000.0,10318000.0,32809000.0,20892000.0,12894000.0,1401000.0,0,0,0,0,36948000.0,44675000.0,108953000.0,225417000.0,265626000.0,215842000.0,292652000.0,297458000.0,98197000.0,124813000.0,38373000.0
root/Sub-SaharanAfricaGambiaThe,root,0,0,0,0,0,0,0,0,0,450000.0,7000000.0,0,8823000.0,1754000.0,0,0,0,0,0,0,0,0,0,0,0,0,0,0,0,0,0,0,0,0,0,0,0,0,1520000.0,786000.0,6414000.0,0,7331000.0,3091000.0,1269000.0,0,0,0
root/Sub-SaharanAfricaGhana,root,0,0,0,0,0,0,0,0,21500000.0,0,0,0,0,0,0,0,75000000.0,0,0,0,9222000.0,0,3261000.0,2896000.0,30301000.0,86661000.0,72326000.0,32692000.0,53647000.0,12499000.0,24205000.0,92465000.0,28754000.0,49590000.0,74259000.0,70089000.0,58539000.0,112161000.0,107251000.0,279287000.0,297457000.0,505836000.0,277741000.0,744317000.0,693657000.0,728069000.0,657503000.0,558998000.0
root/Sub-SaharanAfricaGuinea,root,0,0,0,0,0,0,0,0,5219000.0,0,4155000.0,7200000.0,0,7281000.0,2719000.0,0,0,0,0,0,0,0,0,0,0,0,0,0,0,0,0,0,0,0,1243000.0,1246000.0,1256000.0,2227000.0,0,0,0,0,0,0,0,0,0,0
root/Sub-SaharanAfricaGuineaBissau,root,0,0,0,0,0,0,0,0,2500000.0,0,0,0,0,0,0,0,0,0,0,0,0,0,0,0,0,0,0,0,0,0,0,0,0,0,0,0,0,0,0,0,0,0,0,0,0,0,0,0
root/Sub-SaharanAfricaKenya,root,0,0,15398000.0,3170000.0,208000.0,75000.0,2112000.0,14231000.0,11300000.0,176128000.0,214646000.0,127614000.0,51562000.0,64643000.0,59608000.0,54909000.0,190312000.0,197346000.0,117815000.0,215772000.0,118838000.0,340323000.0,67315000.0,17560000.0,5342000.0,71624000.0,41931000.0,24879000.0,129224000.0,104152000.0,77099000.0,7000.0,130955000.0,181217000.0,41800000.0,28352000.0,1298000.0,0,0,0,1456000.0,13955000.0,676581000.0,13551000.0,8974000.0,775459000.0,141710000.0,234742000.0
root/Sub-SaharanAfricaLesotho,root,0,0,0,0,0,0,0,0,0,0,2000000.0,8000000.0,0,0,0,200000.0,0,0,0,3526000.0,3032000.0,6256000.0,1890000.0,2879000.0,1765000.0,15951000.0,32462000.0,23823000.0,29134000.0,15383000.0,1957000.0,2343000.0,0,2360000.0,0,0,31000.0,0,0,0,0,0,0,0,0,0,0,0
root/Sub-SaharanAfricaLiberia,root,0,0,0,0,0,0,0,30000000.0,34457000.0,91027000.0,5798000.0,0,190000.0,1030000.0,0,0,0,0,0,0,0,0,0,0,0,0,0,0,0,0,0,0,0,0,0,0,0,0,0,0,0,0,0,0,0,0,0,0
root/Sub-SaharanAfricaMadagascar,root,0,2479000.0,2616000.0,1182000.0,0,0,849000.0,6703000.0,7255000.0,77296000.0,61865000.0,50203000.0,34036000.0,6268000.0,887000.0,669000.0,2102000.0,0,4451000.0,0,124000.0,0,0,0,0,0,0,0,0,0,0,0,0,0,0,0,0,0,100000.0,24000.0,67000.0,21000.0,2992000.0,2910000.0,2184000.0,72556000.0,0,0
root/Sub-SaharanAfricaMalawi,root,14000.0,182000.0,0,5496000.0,1000000.0,12223000.0,23477000.0,33590000.0,51164000.0,36200000.0,38756000.0,24459000.0,2120000.0,0,0,0,0,0,0,0,0,0,0,0,0,0,0,0,0,0,0,0,0,0,0,0,0,0,0,0,0,0,0,0,0,0,0,0
root/Sub-SaharanAfricaMali,root,0,0,0,0,0,0,0,0,6234000.0,941000.0,5032000.0,2928000.0,3449000.0,432000.0,2770000.0,303000.0,0,0,0,0,0,0,0,0,0,0,0,0,0,0,0,0,0,0,1803000.0,3169000.0,1474000.0,0,0,2540000.0,7000.0,10000.0,0,328000.0,28000.0,0,0,126000.0
root/Sub-SaharanAfricaMauritania,root,0,0,0,15788000.0,844000.0,6136000.0,6578000.0,9079000.0,20767000.0,1166000.0,0,37000.0,599000.0,0,31000.0,0,0,0,0,0,0,0,0,0,0,0,0,0,0,0,0,2032000.0,3836000.0,3680000.0,2101000.0,15469000.0,0,0,21000.0,0,0,0,0,0,0,0,0,0
root/Sub-SaharanAfricaMauritius,root,0,0,0,0,0,0,0,0,40307000.0,51000000.0,56134000.0,239000.0,40021000.0,422000.0,40500000.0,520000.0,2808000.0,13626000.0,4660000.0,146000.0,168000.0,14375000.0,17381000.0,9051000.0,102324000.0,158717000.0,29176000.0,86942000.0,6580000.0,96169000.0,76000000.0,0,12524000.0,70203000.0,10421000.0,60851000.0,18948000.0,0,0,19221000.0,62843000.0,27952000.0,11064000.0,0,0,0,0,0
root/Sub-SaharanAfricaMozambique,root,0,0,0,0,0,0,0,0,0,0,0,0,0,0,107365000.0,69000.0,13060000.0,20584000.0,0,4000000.0,0,0,0,3338000.0,0,0,0,0,0,0,0,0,0,0,0,0,0,0,0,0,50606000.0,139130000.0,27908000.0,22237000.0,405488000.0,578785000.0,31460000.0,38960000.0
root/Sub-SaharanAfricaNiger,root,0,0,0,0,0,0,640000.0,0,5562000.0,10000000.0,55823000.0,54018000.0,21669000.0,22060000.0,0,0,0,0,0,8783000.0,5319000.0,0,0,0,0,0,0,0,0,0,0,0,0,0,0,0,0,0,0,0,0,0,0,0,0,0,0,0
root/Sub-SaharanAfricaNigeria,root,3407000.0,0,17674000.0,238000.0,740000.0,0,0,0,1398933000.0,776850000.0,491829000.0,1027162000.0,1419291000.0,713330000.0,425884000.0,82022000.0,21233000.0,14230000.0,23293000.0,27149000.0,0,0,0,0,0,0,0,0,0,0,0,0,0,0,0,26143000.0,33236000.0,18200000.0,23564000.0,0,0,0,0,0,0,0,0,0
root/Sub-SaharanAfricaSaoTomeandPrincipe,root,0,0,0,0,0,0,0,0,0,0,0,0,0,0,5000000.0,0,0,0,0,0,0,0,0,0,0,0,0,0,0,0,0,0,0,0,0,0,0,0,0,0,0,0,0,0,0,0,0,0
root/Sub-SaharanAfricaSenegal,root,0,0,0,35900000.0,10603000.0,8000000.0,13695000.0,41273000.0,60702000.0,49323000.0,23096000.0,14825000.0,4294000.0,18701000.0,0,1707000.0,47303000.0,18626000.0,1702000.0,0,0,178000.0,0,0,0,0,0,54000.0,0,0,4793000.0,6980000.0,805000.0,2391000.0,0,0,4113000.0,0,0,0,12000.0,0,1963000.0,0,10203000.0,0,0,9250000.0
root/Sub-SaharanAfricaSierraLeone,root,0,0,0,0,15651000.0,1066000.0,2343000.0,2993000.0,3596000.0,18550000.0,1390000.0,14294000.0,0,0,0,0,0,0,0,0,0,0,0,0,0,0,0,0,0,0,0,0,0,0,0,0,0,0,0,0,0,0,0,0,0,0,0,0
root/Sub-SaharanAfricaSouthAfrica,root,0,0,0,0,0,0,0,0,0,0,0,0,0,0,0,0,0,0,0,0,0,0,0,0,940852000.0,830000000.0,419000000.0,726250000.0,840000000.0,240000000.0,420000000.0,0,0,0,920000000.0,2619967000.0,150000000.0,200000000.0,1216000000.0,0,864000000.0,0,0,215198000.0,194960000.0,1327410000.0,722930000.0,258621000.0
root/Sub-SaharanAfricaSudan,root,0,8460000.0,15727000.0,39906000.0,139582000.0,56988000.0,47685000.0,8058000.0,21844000.0,35204000.0,108000000.0,182886000.0,121929000.0,0,0,0,0,0,0,0,0,0,0,0,0,0,0,0,0,0,87142000.0,0,0,0,0,0,0,0,0,0,0,0,0,0,0,0,0,0
root/Sub-SaharanAfricaSwaziland,root,0,105000.0,3118000.0,0,0,0,0,0,27514000.0,0,0,0,0,0,5289000.0,3768000.0,1067000.0,0,0,0,0,0,0,0,0,0,0,32586000.0,0,0,0,0,3022000.0,2900000.0,1363000.0,593000.0,0,0,0,0,0,0,0,0,0,0,0,0
root/Sub-SaharanAfricaTanzania,root,0,0,0,0,0,0,247000.0,182000.0,12396000.0,11052000.0,9120000.0,12297000.0,14673000.0,13271000.0,357000.0,247000.0,157000.0,77000.0,8659000.0,7368000.0,4417000.0,2000.0,918000.0,9688000.0,1614000.0,5010000.0,1400000.0,76000.0,21000.0,5000000.0,5354000.0,0,0,19906000.0,5142000.0,19084000.0,13164000.0,3084000.0,0,0,17327000.0,303599000.0,2450000.0,820819000.0,59903000.0,22065000.0,94124000.0,35056000.0
root/Sub-SaharanAfricaTogo,root,0,0,0,1148000.0,0,0,11550000.0,19198000.0,25428000.0,34774000.0,2252000.0,367000.0,342000.0,428000.0,0,0,0,0,0,0,0,0,0,0,0,0,0,0,0,0,0,0,0,0,0,0,0,0,0,0,0,0,0,0,0,12465000.0,2490000.0,0
root/Sub-SaharanAfricaUganda,root,5619000.0,2176000.0,0,0,0,0,0,0,1368000.0,1037000.0,16503000.0,0,16897000.0,8033000.0,22797000.0,9592000.0,0,6248000.0,19390000.0,39142000.0,4453000.0,1066000.0,1452000.0,9000000.0,0,0,0,0,36000.0,160000.0,0,3971000.0,0,0,0,0,0,0,0,0,0,0,0,0,0,0,0,0
root/Sub-SaharanAfricaZambia,root,0,0,0,0,0,0,1227000.0,6717000.0,3749000.0,62982000.0,9275000.0,12842000.0,29951000.0,604000.0,0,0,0,0,0,0,0,3000000.0,0,0,10413000.0,8113000.0,4879000.0,5274000.0,0,0,0,0,0,0,0,0,0,0,0,0,0,0,0,0,0,0,30000000.0,491999000.0
root/Sub-SaharanAfricaZimbabwe,root,0,0,0,0,0,0,0,0,0,0,2575000.0,215816000.0,223177000.0,299806000.0,12331000.0,36617000.0,10234000.0,39006000.0,67847000.0,98235000.0,28627000.0,26548000.0,159229000.0,31167000.0,46340000.0,72131000.0,60828000.0,39856000.0,56356000.0,73412000.0,11375000.0,6440000.0,0,689000.0,2869000.0,3800000.0,0,0,0,0,403000.0,0,0,0,1064000.0,0,0,0
