root/EastAsia&Pacific,root,56756000.0,143357000.0,281304000.0,313541000.0,331997000.0,323680000.0,838561000.0,774999000.0,722671000.0,771124000.0,468657000.0,1143329000.0,1411232000.0,1839103000.0,1365480000.0,2482179000.0,1267085000.0,967161000.0,2183152000.0,3799683000.0,3528140000.0,2999635000.0,7164626000.0,3524362000.0,4705652000.0,3846780000.0,5106781000.0,5944088000.0,1568807000.0,1095869000.0,2410359000.0,2205396000.0,3042094000.0,3693313000.0,2099755000.0,2556748000.0,1530479000.0,929340000.0,2262293000.0,1675837000.0,1864976000.0,4552745000.0,1242703000.0,4285257000.0,3148199000.0,5163472000.0,1352653000.0
root/EastAsia&Pacific/Cambodia,root/EastAsia&Pacific,0,0,0,0,0,0,0,0,0,0,0,0,0,0,0,0,0,0,0,0,0,0,0,0,0,12796000.0,3200000.0,3198000.0,3200000.0,3198000.0,0,0,0,0,0,0,0,0,0,0,0,0,0,0,0,0,0
root/EastAsia&Pacific/China,root/EastAsia&Pacific,0,0,0,0,0,0,0,0,0,0,0,342295000.0,79743000.0,259096000.0,13997000.0,1268974000.0,905231000.0,259284000.0,938973000.0,2234932000.0,2228642000.0,1855741000.0,5936410000.0,3250124000.0,3237417000.0,2363817000.0,4480754000.0,4074615000.0,365827000.0,87302000.0,1647634000.0,2073213000.0,2372106000.0,2996427000.0,1136316000.0,1523365000.0,1013450000.0,338418000.0,1404676000.0,52981000.0,718997000.0,3987489000.0,724635000.0,3817135000.0,408355000.0,1762543000.0,773824000.0
root/EastAsia&Pacific/Fiji,root/EastAsia&Pacific,0,1101000.0,5463000.0,14925000.0,2043000.0,1822000.0,1608000.0,8504000.0,6062000.0,1134000.0,1476000.0,4527000.0,1935000.0,4800000.0,1923000.0,4779000.0,3195000.0,4913000.0,11630000.0,4718000.0,7335000.0,3534000.0,6710000.0,1870000.0,1431000.0,750000.0,17000.0,8000.0,17000.0,24000.0,22000.0,13000.0,2000.0,0,0,0,0,0,0,0,0,0,0,0,0,0,0
root/EastAsia&Pacific/Indonesia,root/EastAsia&Pacific,28664000.0,92187000.0,223720000.0,245550000.0,293713000.0,169507000.0,746402000.0,618278000.0,164016000.0,239630000.0,57684000.0,109961000.0,679563000.0,958120000.0,802628000.0,511732000.0,215545000.0,376658000.0,639775000.0,882649000.0,675039000.0,397274000.0,316173000.0,54838000.0,721443000.0,106814000.0,271545000.0,154883000.0,420051000.0,270506000.0,169441000.0,8525000.0,101759000.0,83959000.0,429896000.0,627863000.0,119635000.0,92012000.0,153584000.0,876613000.0,777541000.0,251207000.0,258696000.0,250344000.0,2660128000.0,3365021000.0,521487000.0
root/EastAsia&Pacific/LaoPDR,root/EastAsia&Pacific,91000.0,91000.0,401000.0,4917000.0,822000.0,993000.0,538000.0,635000.0,78000.0,238000.0,0,0,0,0,0,0,0,0,0,0,0,0,0,0,0,0,0,0,0,0,0,0,0,0,0,0,0,0,0,0,0,0,0,0,0,0,32500000.0
root/EastAsia&Pacific/Malaysia,root/EastAsia&Pacific,4482000.0,21609000.0,22920000.0,2195000.0,4550000.0,57009000.0,8265000.0,20464000.0,232312000.0,286827000.0,273925000.0,244294000.0,252355000.0,365787000.0,191611000.0,193508000.0,24699000.0,202414000.0,437188000.0,462710000.0,424101000.0,474881000.0,564321000.0,69245000.0,203492000.0,677617000.0,67518000.0,1087184000.0,448680000.0,65511000.0,169950000.0,12220000.0,380697000.0,387734000.0,397418000.0,241443000.0,230718000.0,229381000.0,246834000.0,219899000.0,183376000.0,137097000.0,134678000.0,117933000.0,25217000.0,26000.0,26000.0
root/EastAsia&Pacific/Mongolia,root/EastAsia&Pacific,0,0,0,0,0,0,0,0,0,0,0,0,0,0,0,0,0,0,0,0,0,0,746000.0,10286000.0,22043000.0,8452000.0,14989000.0,12197000.0,11350000.0,2620000.0,2396000.0,1158000.0,0,0,0,0,12800000.0,1150000.0,2650000.0,2350000.0,2050000.0,4700000.0,3501000.0,2700000.0,2700000.0,2700000.0,0
root/EastAsia&Pacific/Myanmar,root/EastAsia&Pacific,13896000.0,13724000.0,12288000.0,13537000.0,1982000.0,5382000.0,8900000.0,34062000.0,47958000.0,83375000.0,26530000.0,116022000.0,61344000.0,5135000.0,5843000.0,50253000.0,46534000.0,3695000.0,25334000.0,62525000.0,8130000.0,2388000.0,821000.0,33118000.0,9550000.0,35522000.0,19219000.0,103014000.0,84458000.0,12950000.0,1602000.0,61000.0,827000.0,546000.0,116000.0,0,0,0,0,0,0,0,0,0,0,0,0
root/EastAsia&Pacific/PapuaNewGuinea,root/EastAsia&Pacific,0,0,0,0,0,0,3161000.0,34000.0,0,1268000.0,4330000.0,17764000.0,2211000.0,8327000.0,11273000.0,3480000.0,2470000.0,6613000.0,6962000.0,53620000.0,18393000.0,9135000.0,708000.0,2068000.0,25687000.0,26892000.0,17802000.0,9953000.0,10272000.0,6823000.0,8843000.0,1963000.0,25070000.0,14517000.0,5272000.0,4882000.0,1626000.0,4879000.0,5936000.0,6549000.0,6986000.0,7887000.0,7668000.0,6143000.0,5791000.0,0,0
root/EastAsia&Pacific/Philippines,root/EastAsia&Pacific,2683000.0,12020000.0,10649000.0,25279000.0,18831000.0,68093000.0,59234000.0,44117000.0,175810000.0,58028000.0,100136000.0,68002000.0,136191000.0,234493000.0,272343000.0,335498000.0,10271000.0,23175000.0,43843000.0,64541000.0,60571000.0,132719000.0,177047000.0,32031000.0,79130000.0,252364000.0,115686000.0,41748000.0,141665000.0,454900000.0,480000.0,29305000.0,18558000.0,61554000.0,2467000.0,35297000.0,26046000.0,138508000.0,330919000.0,420207000.0,78924000.0,90646000.0,68296000.0,57031000.0,20350000.0,5929000.0,5069000.0
root/EastAsia&Pacific/Samoa,root/EastAsia&Pacific,75000.0,72000.0,1889000.0,3259000.0,140000.0,536000.0,1812000.0,2114000.0,862000.0,1295000.0,1223000.0,836000.0,571000.0,259000.0,2000000.0,400000.0,400000.0,400000.0,400000.0,400000.0,0,0,0,0,0,0,0,0,0,0,0,0,0,0,0,0,0,0,0,0,0,0,0,0,0,0,0
root/EastAsia&Pacific/SolomonIslands,root/EastAsia&Pacific,0,0,0,0,0,0,0,0,0,0,0,0,0,0,0,0,3114000.0,0,384000.0,358000.0,418000.0,407000.0,1333000.0,2916000.0,416000.0,3767000.0,872000.0,0,383000.0,424000.0,0,0,0,0,0,2136000.0,571000.0,427000.0,116000.0,196000.0,190000.0,59000.0,0,0,0,0,0
root/EastAsia&Pacific/Thailand,root/EastAsia&Pacific,6865000.0,2553000.0,3974000.0,3879000.0,9916000.0,20338000.0,8641000.0,46791000.0,95573000.0,99329000.0,3353000.0,239603000.0,197297000.0,3065000.0,62452000.0,113537000.0,55506000.0,89833000.0,78373000.0,33181000.0,105260000.0,73382000.0,20507000.0,30960000.0,281965000.0,325307000.0,98907000.0,10755000.0,69319000.0,158249000.0,310689000.0,46322000.0,66980000.0,61310000.0,44881000.0,43469000.0,56636000.0,55701000.0,59038000.0,47976000.0,38567000.0,44140000.0,21324000.0,6841000.0,6142000.0,4936000.0,3565000.0
root/EastAsia&Pacific/Tonga,root/EastAsia&Pacific,0,0,0,0,0,0,0,0,0,0,0,0,0,0,0,0,0,0,0,0,0,0,0,0,0,0,171000.0,1123000.0,843000.0,1256000.0,1257000.0,0,0,0,0,0,0,0,0,778000.0,104000.0,15000.0,162000.0,0,0,0,0
root/EastAsia&Pacific/Vanuatu,root/EastAsia&Pacific,0,0,0,0,0,0,0,0,0,0,0,25000.0,22000.0,21000.0,1410000.0,18000.0,120000.0,176000.0,290000.0,8000.0,210000.0,215000.0,203000.0,198000.0,203000.0,178000.0,149000.0,118000.0,80000.0,79000.0,0,0,0,0,0,0,0,0,0,0,0,0,0,0,0,0,0
root/EastAsia&Pacific/Vietnam,root/EastAsia&Pacific,0,0,0,0,0,0,0,0,0,0,0,0,0,0,0,0,0,0,0,41000.0,41000.0,49959000.0,139647000.0,36708000.0,122875000.0,32504000.0,15952000.0,445292000.0,12662000.0,32027000.0,98045000.0,32616000.0,76095000.0,87266000.0,83389000.0,78293000.0,68997000.0,68864000.0,58540000.0,48288000.0,58241000.0,29505000.0,23743000.0,27130000.0,19516000.0,22317000.0,16182000.0
root/Europe&CentralAsia,root,51037000.0,26691000.0,26352000.0,20178000.0,117378000.0,62977000.0,57262000.0,93622000.0,94425000.0,95587000.0,611353000.0,166438000.0,584637000.0,299114000.0,891307000.0,317352000.0,1099733000.0,826221000.0,800646000.0,680017000.0,569579000.0,907091000.0,7811482000.0,4202230000.0,1123497000.0,1326533000.0,988912000.0,1645063000.0,2077333000.0,1870901000.0,1308274000.0,2140536000.0,1486455000.0,2204984000.0,1283758000.0,1242348000.0,13384026000.0,17774910000.0,7284458000.0,10272037000.0,869952000.0,7584840000.0,8090679000.0,7822763000.0,6075402000.0,5865033000.0,9160975000.0
root/Europe&CentralAsia/Albania,root/Europe&CentralAsia,0,0,0,0,0,0,0,0,0,0,0,0,0,0,0,0,0,0,0,0,0,28378000.0,3165000.0,11131000.0,8084000.0,412000.0,4475000.0,1147000.0,1771000.0,1637000.0,1017000.0,270000.0,284000.0,803000.0,1851000.0,574000.0,3271000.0,2680000.0,2926000.0,2300000.0,705000.0,1325000.0,200000.0,201000.0,164000.0,230000.0,21000.0
root/Europe&CentralAsia/Armenia,root/Europe&CentralAsia,0,0,0,0,0,0,0,0,0,0,0,0,0,0,0,0,0,0,0,0,0,0,0,0,0,0,0,0,0,13895000.0,1888000.0,99000.0,638000.0,8619000.0,514000.0,0,0,38000.0,76000.0,2000.0,2000.0,3000.0,4000.0,0,0,0,0
root/Europe&CentralAsia/Azerbaijan,root/Europe&CentralAsia,0,0,0,0,0,0,0,0,0,0,0,0,0,0,0,0,0,0,0,0,0,0,0,0,0,0,0,8057000.0,2686000.0,18818000.0,1122000.0,5400000.0,8432000.0,7972000.0,2774000.0,0,54155000.0,86426000.0,54672000.0,23684000.0,25813000.0,19499000.0,14418000.0,15511000.0,15146000.0,24845000.0,41826000.0
root/Europe&CentralAsia/Belarus,root/Europe&CentralAsia,0,0,0,0,0,0,0,0,0,0,0,0,0,0,0,0,0,0,0,0,0,0,0,114880000.0,89883000.0,83411000.0,6631000.0,27549000.0,15736000.0,3954000.0,15820000.0,16156000.0,21302000.0,42099000.0,63541000.0,39017000.0,5660000.0,28389000.0,46399000.0,23867000.0,20904000.0,15995000.0,14924000.0,9519000.0,369000.0,36934000.0,11256000.0
root/Europe&CentralAsia/Bulgaria,root/Europe&CentralAsia,0,0,0,0,0,0,0,0,0,0,0,142509000.0,105789000.0,174521000.0,284380000.0,175006000.0,319875000.0,260780000.0,5366000.0,434188000.0,522319000.0,56742000.0,7313000.0,13162000.0,0,6516000.0,11652000.0,1465000.0,2169000.0,66495000.0,1207000.0,1071000.0,3520000.0,3533000.0,3267000.0,0,1337000.0,73000.0,157000.0,148000.0,142000.0,148000.0,136000.0,143000.0,137000.0,119000.0,118000.0
root/Europe&CentralAsia/Georgia,root/Europe&CentralAsia,0,0,0,0,0,0,0,0,0,0,0,0,0,0,0,0,0,0,0,0,0,0,20524000.0,4729000.0,0,0,0,84000.0,0,0,0,43000.0,110000.0,162000.0,210000.0,118000.0,406000.0,340000.0,405000.0,419000.0,434000.0,488000.0,0,0,0,0,0
root/Europe&CentralAsia/Kazakhstan,root/Europe&CentralAsia,0,0,0,0,0,0,0,0,0,0,0,0,0,0,0,0,0,0,0,0,0,0,16451000.0,170801000.0,131267000.0,164385000.0,45209000.0,39890000.0,75857000.0,33975000.0,53137000.0,56124000.0,26381000.0,13777000.0,10018000.0,0,0,0,0,0,0,0,9775000.0,0,0,0,0
root/Europe&CentralAsia/KyrgyzRepublic,root/Europe&CentralAsia,0,0,0,0,0,0,0,0,0,0,0,0,0,0,0,0,0,0,0,0,0,0,0,0,0,0,0,0,2702000.0,4233000.0,2407000.0,1703000.0,639000.0,0,0,0,0,0,0,0,0,0,0,0,0,0,0
root/Europe&CentralAsia/MacedoniaFYR,root/Europe&CentralAsia,0,0,0,0,0,0,0,0,0,0,0,0,0,0,0,0,0,0,0,0,0,0,0,0,0,380000.0,1099000.0,659000.0,4732000.0,330000.0,1238000.0,686000.0,2515000.0,260000.0,396000.0,648000.0,1193000.0,1990000.0,6340000.0,2025000.0,1676000.0,3020000.0,3212000.0,470000.0,2430000.0,653000.0,4000.0
root/Europe&CentralAsia/Moldova,root/Europe&CentralAsia,0,0,0,0,0,0,0,0,0,0,0,0,0,0,0,0,0,0,0,0,0,0,0,0,0,15000000.0,0,5000000.0,0,8635000.0,537000.0,3429000.0,402000.0,2667000.0,3617000.0,0,7008000.0,1900000.0,1900000.0,11193000.0,2178000.0,2198000.0,5293000.0,1697000.0,3641000.0,4990000.0,2434000.0
root/Europe&CentralAsia/Montenegro,root/Europe&CentralAsia,0,0,0,0,0,0,0,0,0,0,0,0,0,0,0,0,0,0,0,0,0,0,0,0,0,0,0,0,0,0,0,0,0,0,0,0,0,0,0,0,0,0,0,39278000.0,0,295000.0,163000.0
root/Europe&CentralAsia/Romania,root/Europe&CentralAsia,0,0,0,0,0,0,0,0,0,0,441000000.0,0,74000000.0,31000000.0,488000000.0,101000000.0,334800000.0,77276000.0,553524000.0,132000000.0,4500000.0,6212000.0,100013000.0,76963000.0,156460000.0,76211000.0,109180000.0,21410000.0,16912000.0,108187000.0,120673000.0,109382000.0,60178000.0,111717000.0,99694000.0,47655000.0,49659000.0,13521000.0,42363000.0,69691000.0,1549000.0,10976000.0,9287000.0,18496000.0,14704000.0,4267000.0,0
root/Europe&CentralAsia/RussianFederation,root/Europe&CentralAsia,0,0,0,0,0,0,0,0,0,0,0,0,0,0,0,0,0,0,0,0,0,0,7040393000.0,2853906000.0,212198000.0,475203000.0,248565000.0,647599000.0,1072614000.0,459929000.0,277551000.0,1157101000.0,730982000.0,533674000.0,486793000.0,553211000.0,12761225000.0,17289616000.0,6870502000.0,9990325000.0,636101000.0,7432013000.0,7885146000.0,6588301000.0,5634745000.0,5608712000.0,9034970000.0
root/Europe&CentralAsia/Serbia,root/Europe&CentralAsia,39624000.0,5152000.0,6508000.0,661000.0,89891000.0,39603000.0,24780000.0,52007000.0,13519000.0,14088000.0,19259000.0,22856000.0,221801000.0,17275000.0,98802000.0,28251000.0,56951000.0,144690000.0,80978000.0,24373000.0,17764000.0,0,0,0,0,0,0,0,0,0,35000000.0,0,0,0,0,0,0,0,11000.0,22000.0,26000.0,31000.0,37667000.0,74560000.0,77537000.0,62940000.0,26292000.0
root/Europe&CentralAsia/Tajikistan,root/Europe&CentralAsia,0,0,0,0,0,0,0,0,0,0,0,0,0,0,0,0,0,0,0,0,0,0,0,0,0,0,0,0,0,0,0,0,0,969000.0,760000.0,0,3487000.0,0,0,0,0,0,0,0,0,0,0
root/Europe&CentralAsia/Turkey,root/Europe&CentralAsia,11413000.0,21539000.0,19844000.0,19517000.0,27487000.0,23374000.0,32482000.0,41615000.0,80906000.0,81499000.0,151094000.0,1073000.0,183047000.0,76318000.0,20125000.0,13095000.0,388107000.0,343475000.0,160778000.0,89456000.0,24996000.0,815759000.0,258804000.0,413147000.0,279959000.0,246287000.0,84966000.0,102344000.0,225705000.0,449205000.0,515436000.0,366965000.0,209745000.0,325679000.0,294636000.0,278517000.0,197724000.0,109885000.0,71360000.0,21098000.0,77898000.0,46615000.0,55030000.0,45813000.0,126203000.0,109512000.0,37511000.0
root/Europe&CentralAsia/Turkmenistan,root/Europe&CentralAsia,0,0,0,0,0,0,0,0,0,0,0,0,0,0,0,0,0,0,0,0,0,0,0,82025000.0,14164000.0,20000000.0,140633000.0,658429000.0,418321000.0,99510000.0,253357000.0,343041000.0,291687000.0,230641000.0,164604000.0,41827000.0,20444000.0,11538000.0,11538000.0,11538000.0,11537000.0,0,0,0,0,0,0
root/Europe&CentralAsia/Ukraine,root/Europe&CentralAsia,0,0,0,0,0,0,0,0,0,0,0,0,0,0,0,0,0,0,0,0,0,0,364819000.0,310536000.0,180922000.0,46274000.0,57124000.0,59947000.0,16859000.0,178608000.0,11315000.0,2056000.0,36395000.0,910439000.0,30153000.0,24552000.0,6229000.0,4112000.0,4496000.0,2616000.0,3508000.0,3648000.0,3369000.0,1003550000.0,179168000.0,0,0
root/Europe&CentralAsia/Uzbekistan,root/Europe&CentralAsia,0,0,0,0,0,0,0,0,0,0,0,0,0,0,0,0,0,0,0,0,0,0,0,150950000.0,50560000.0,192454000.0,279378000.0,71483000.0,221269000.0,423490000.0,16569000.0,77010000.0,93245000.0,11973000.0,120930000.0,256229000.0,272228000.0,224402000.0,171313000.0,113109000.0,87479000.0,48881000.0,52218000.0,25224000.0,21158000.0,11536000.0,6380000.0
root/LatinAmerica&Caribbean,root,422076000.0,433445000.0,875181000.0,600664000.0,718732000.0,810422000.0,1185713000.0,1757165000.0,1520580000.0,1055091000.0,1572394000.0,1200535000.0,2432399000.0,2282182000.0,1587410000.0,1858447000.0,1488280000.0,1689531000.0,1974431000.0,1322764000.0,958465000.0,1331368000.0,1408361000.0,1568550000.0,1960016000.0,1925605000.0,1581191000.0,1300459000.0,1850691000.0,1758813000.0,1539089000.0,1808010000.0,1655715000.0,1301470000.0,415594000.0,370739000.0,709530000.0,455343000.0,467874000.0,534975000.0,1202486000.0,489921000.0,10729080000.0,14377344000.0,19087782000.0,1934713000.0,6308361000.0
root/LatinAmerica&Caribbean/Argentina,root/LatinAmerica&Caribbean,3925000.0,55460000.0,18809000.0,84852000.0,65368000.0,56198000.0,2335000.0,163352000.0,472929000.0,63314000.0,15576000.0,208148000.0,195209000.0,136534000.0,95163000.0,117280000.0,28910000.0,94537000.0,42417000.0,29940000.0,36279000.0,95747000.0,2731000.0,59656000.0,45232000.0,75566000.0,148800000.0,101355000.0,96795000.0,72351000.0,55768000.0,43553000.0,4251000.0,2270000.0,958000.0,1099000.0,1104000.0,160000.0,0,54589000.0,32839000.0,43564000.0,65896000.0,46948000.0,346065000.0,46948000.0,46948000.0
root/LatinAmerica&Caribbean/Belize,root/LatinAmerica&Caribbean,0,0,0,0,0,0,0,0,0,1131000.0,5765000.0,2015000.0,3522000.0,2864000.0,452000.0,3699000.0,3823000.0,2179000.0,1470000.0,334000.0,126000.0,2452000.0,154000.0,5993000.0,2662000.0,2392000.0,2860000.0,1432000.0,1356000.0,104000.0,8431000.0,4959000.0,2359000.0,11678000.0,565000.0,9130000.0,3377000.0,2857000.0,2480000.0,2480000.0,0,0,0,0,0,0,0
root/LatinAmerica&Caribbean/Bolivia,root/LatinAmerica&Caribbean,2976000.0,1085000.0,2328000.0,8434000.0,14547000.0,12440000.0,1745000.0,21191000.0,35475000.0,44662000.0,153865000.0,124252000.0,22559000.0,31757000.0,527000.0,6535000.0,3144000.0,4743000.0,38811000.0,17537000.0,1252000.0,354000.0,6542000.0,32178000.0,3633000.0,3942000.0,3426000.0,4407000.0,634000.0,1223000.0,9962000.0,1096000.0,188000.0,554000.0,1265000.0,193000.0,2271000.0,2604000.0,3284000.0,2038000.0,22000.0,206000.0,340000.0,360000.0,399000.0,342000.0,676000.0
root/LatinAmerica&Caribbean/Brazil,root/LatinAmerica&Caribbean,247318000.0,177621000.0,619415000.0,320555000.0,430674000.0,150288000.0,747542000.0,786135000.0,616024000.0,590249000.0,732993000.0,43310000.0,1116434000.0,391971000.0,345860000.0,694945000.0,454992000.0,705419000.0,364377000.0,541192000.0,346634000.0,239988000.0,426392000.0,469173000.0,420141000.0,729207000.0,537732000.0,151378000.0,734428000.0,265270000.0,214020000.0,187953000.0,681384000.0,468570000.0,2457000.0,16369000.0,21521000.0,47089000.0,77465000.0,27321000.0,37192000.0,5795000.0,10187448000.0,13670653000.0,17316889000.0,930613000.0,5350057000.0
root/LatinAmerica&Caribbean/Colombia,root/LatinAmerica&Caribbean,21960000.0,12695000.0,10509000.0,9067000.0,23414000.0,37046000.0,45447000.0,3155000.0,8416000.0,772000.0,43415000.0,37741000.0,64311000.0,116010000.0,225268000.0,129922000.0,69054000.0,78617000.0,32315000.0,176003000.0,12609000.0,148742000.0,55287000.0,153903000.0,100755000.0,156669000.0,120922000.0,105955000.0,139664000.0,950143000.0,198842000.0,146377000.0,72621000.0,61052000.0,37460000.0,72142000.0,113283000.0,45498000.0,18766000.0,14984000.0,14754000.0,15613000.0,14394000.0,0,0,0,483465000.0
root/LatinAmerica&Caribbean/CostaRica,root/LatinAmerica&Caribbean,3040000.0,4753000.0,6760000.0,709000.0,214000.0,3198000.0,14953000.0,2878000.0,11630000.0,13016000.0,5279000.0,9340000.0,3847000.0,157513000.0,43574000.0,3675000.0,186000.0,14834000.0,3079000.0,975000.0,3728000.0,1726000.0,5188000.0,1824000.0,5213000.0,4376000.0,2208000.0,2007000.0,1684000.0,1249000.0,2867000.0,2076000.0,1550000.0,1682000.0,1500000.0,835000.0,64000.0,781000.0,2486000.0,1872000.0,2000.0,35561000.0,443000.0,3812000.0,7273000.0,30147000.0,20026000.0
root/LatinAmerica&Caribbean/Dominica,root/LatinAmerica&Caribbean,0,0,0,0,0,0,0,0,0,0,0,0,0,0,0,0,0,0,0,0,0,0,0,0,0,0,0,0,0,0,0,11752000.0,1763000.0,0,0,0,0,0,0,0,61000.0,944000.0,61000.0,744000.0,744000.0,683000.0,684000.0
root/LatinAmerica&Caribbean/DominicanRepublic,root/LatinAmerica&Caribbean,1187000.0,892000.0,16666000.0,891000.0,5342000.0,8522000.0,1364000.0,2744000.0,2777000.0,3963000.0,22329000.0,21242000.0,44356000.0,22266000.0,7909000.0,29303000.0,7315000.0,19675000.0,54506000.0,14501000.0,1864000.0,211000.0,17673000.0,17105000.0,28037000.0,19809000.0,11252000.0,2269000.0,9024000.0,21909000.0,47982000.0,9031000.0,83864000.0,370857000.0,23435000.0,48703000.0,333900000.0,35710000.0,32908000.0,14142000.0,2789000.0,12284000.0,18515000.0,16500000.0,9736000.0,2619000.0,6768000.0
root/LatinAmerica&Caribbean/Ecuador,root/LatinAmerica&Caribbean,16592000.0,7740000.0,10773000.0,359000.0,14799000.0,366000.0,7671000.0,7989000.0,30031000.0,44471000.0,99362000.0,88679000.0,37340000.0,71675000.0,67621000.0,78435000.0,12879000.0,18915000.0,30632000.0,139229000.0,39697000.0,22321000.0,113968000.0,114318000.0,80007000.0,129152000.0,3195000.0,25294000.0,58305000.0,35018000.0,31928000.0,25869000.0,12418000.0,6952000.0,7119000.0,19857000.0,40035000.0,23036000.0,7786000.0,7439000.0,7715000.0,8009000.0,6998000.0,6008000.0,993968000.0,216606000.0,217012000.0
root/LatinAmerica&Caribbean/ElSalvador,root/LatinAmerica&Caribbean,0,0,0,0,0,19217000.0,10987000.0,14112000.0,3450000.0,1787000.0,18343000.0,13198000.0,4824000.0,2992000.0,1911000.0,2982000.0,2707000.0,4696000.0,1375000.0,13897000.0,3348000.0,2569000.0,10470000.0,10162000.0,7472000.0,7726000.0,3362000.0,2958000.0,904000.0,668000.0,292000.0,520000.0,406000.0,634000.0,632000.0,1331000.0,1213000.0,999000.0,1456000.0,1479000.0,1305000.0,930000.0,800000.0,999000.0,693000.0,645000.0,673000.0
root/LatinAmerica&Caribbean/Grenada,root/LatinAmerica&Caribbean,0,0,0,0,0,0,0,0,0,500000.0,0,1269000.0,3127000.0,335000.0,487000.0,516000.0,830000.0,325000.0,665000.0,687000.0,66000.0,11060000.0,394000.0,1374000.0,1447000.0,1546000.0,684000.0,511000.0,382000.0,1683000.0,156000.0,1090000.0,2065000.0,1412000.0,1479000.0,0,0,0,0,0,0,0,0,0,0,0,753000.0
root/LatinAmerica&Caribbean/Guatemala,root/LatinAmerica&Caribbean,936000.0,12860000.0,1682000.0,1841000.0,1663000.0,1604000.0,1663000.0,1726000.0,1385000.0,1426000.0,1535000.0,35559000.0,119274000.0,51974000.0,59896000.0,10029000.0,27892000.0,25209000.0,10232000.0,14181000.0,9990000.0,2655000.0,123000.0,1976000.0,3642000.0,756000.0,8546000.0,5261000.0,3198000.0,941000.0,1598000.0,1562000.0,1911000.0,862000.0,415000.0,249000.0,10719000.0,213000.0,186000.0,29000.0,8000.0,9000.0,0,0,0,0,0
root/LatinAmerica&Caribbean/Guyana,root/LatinAmerica&Caribbean,200000.0,15000.0,900000.0,1141000.0,971000.0,6855000.0,4899000.0,12698000.0,4822000.0,4210000.0,4835000.0,382000.0,6214000.0,8944000.0,4651000.0,4924000.0,24838000.0,10816000.0,9523000.0,1469000.0,8000000.0,12571000.0,9356000.0,5313000.0,3732000.0,7974000.0,4613000.0,1620000.0,1345000.0,172000.0,44000.0,168000.0,271000.0,0,0,0,0,0,0,0,0,0,0,0,0,0,61000.0
root/LatinAmerica&Caribbean/Haiti,root/LatinAmerica&Caribbean,1677000.0,447000.0,1037000.0,1882000.0,255000.0,1601000.0,7245000.0,308000.0,1754000.0,2584000.0,2723000.0,20333000.0,7198000.0,2821000.0,2568000.0,2484000.0,2400000.0,1560000.0,1151000.0,0,0,0,0,0,0,0,0,0,0,0,0,0,0,0,0,0,0,0,0,0,0,0,0,0,0,0,0
root/LatinAmerica&Caribbean/Honduras,root/LatinAmerica&Caribbean,1133000.0,1410000.0,669000.0,556000.0,6765000.0,4373000.0,7774000.0,6011000.0,1655000.0,2965000.0,52108000.0,12777000.0,4971000.0,2252000.0,1068000.0,39580000.0,31718000.0,11861000.0,152000.0,30973000.0,31650000.0,2064000.0,6788000.0,7207000.0,10534000.0,18739000.0,6822000.0,13080000.0,13074000.0,986000.0,2790000.0,290000.0,115000.0,0,0,46000.0,2260000.0,227000.0,787000.0,159000.0,76000.0,0,0,0,0,0,732000.0
root/LatinAmerica&Caribbean/Jamaica,root/LatinAmerica&Caribbean,0,224000.0,2176000.0,16255000.0,2374000.0,3405000.0,60213000.0,4017000.0,2239000.0,22253000.0,13379000.0,6450000.0,340000.0,98962000.0,25298000.0,38248000.0,1971000.0,14599000.0,10639000.0,7704000.0,36538000.0,62242000.0,1697000.0,30940000.0,55735000.0,3555000.0,4836000.0,14645000.0,4789000.0,7832000.0,10948000.0,3625000.0,5155000.0,3826000.0,14050000.0,8000000.0,8967000.0,6605000.0,7806000.0,3100000.0,4440000.0,6025000.0,7632000.0,6582000.0,5848000.0,2706000.0,1045000.0
root/LatinAmerica&Caribbean/Mexico,root/LatinAmerica&Caribbean,5519000.0,32504000.0,38667000.0,10694000.0,25405000.0,119382000.0,16980000.0,31184000.0,47575000.0,14048000.0,33115000.0,347314000.0,79200000.0,427582000.0,333774000.0,430503000.0,421886000.0,481094000.0,547048000.0,62095000.0,314201000.0,320814000.0,454232000.0,439626000.0,1041901000.0,314628000.0,282852000.0,593613000.0,673323000.0,58102000.0,663335000.0,819080000.0,256542000.0,134254000.0,153978000.0,103557000.0,96875000.0,82917000.0,82907000.0,239856000.0,983145000.0,258030000.0,351266000.0,575729000.0,386341000.0,517792000.0,135206000.0
root/LatinAmerica&Caribbean/Nicaragua,root/LatinAmerica&Caribbean,1870000.0,825000.0,1054000.0,92000.0,952000.0,1676000.0,1332000.0,55373000.0,6935000.0,2448000.0,5907000.0,6534000.0,7794000.0,26882000.0,9789000.0,9568000.0,5917000.0,2482000.0,361000.0,12347000.0,20161000.0,3022000.0,3631000.0,5564000.0,6606000.0,4243000.0,4330000.0,12188000.0,4563000.0,4579000.0,1346000.0,2520000.0,257000.0,796000.0,864000.0,0,0,35000.0,73000.0,71000.0,70000.0,73000.0,70000.0,70000.0,68000.0,64000.0,64000.0
root/LatinAmerica&Caribbean/Panama,root/LatinAmerica&Caribbean,35971000.0,12387000.0,6717000.0,8482000.0,19623000.0,17333000.0,38694000.0,14971000.0,24251000.0,2508000.0,12286000.0,10566000.0,5176000.0,920000.0,21582000.0,11398000.0,24351000.0,131000.0,10315000.0,951000.0,3099000.0,8977000.0,7258000.0,10067000.0,7074000.0,12610000.0,2056000.0,5403000.0,2294000.0,1930000.0,1057000.0,765000.0,765000.0,765000.0,550000.0,142000.0,0,0,0,0,0,0,0,0,0,0,0
root/LatinAmerica&Caribbean/Paraguay,root/LatinAmerica&Caribbean,1913000.0,795000.0,3568000.0,3651000.0,3182000.0,5683000.0,7914000.0,1626000.0,8762000.0,16623000.0,59580000.0,24086000.0,32403000.0,15711000.0,9507000.0,17909000.0,27504000.0,42059000.0,27151000.0,35443000.0,7682000.0,22009000.0,79895000.0,27679000.0,23888000.0,24399000.0,18341000.0,116000.0,9893000.0,10762000.0,3296000.0,4759000.0,2841000.0,5664000.0,2699000.0,10775000.0,10136000.0,0,0,0,0,0,0,0,7111000.0,0,0
root/LatinAmerica&Caribbean/Peru,root/LatinAmerica&Caribbean,39800000.0,11329000.0,10685000.0,85275000.0,78741000.0,183333000.0,125882000.0,187494000.0,185648000.0,189364000.0,103253000.0,179351000.0,389661000.0,471371000.0,284028000.0,158771000.0,194438000.0,85938000.0,39460000.0,34424000.0,12005000.0,27740000.0,65018000.0,48730000.0,71964000.0,43538000.0,17833000.0,19724000.0,21462000.0,19253000.0,15065000.0,21887000.0,20963000.0,20936000.0,16884000.0,14294000.0,14354000.0,14415000.0,1671000.0,1745000.0,770000.0,2573000.0,770000.0,770000.0,385000.0,0,0
root/LatinAmerica&Caribbean/StKittsandNevis,root/LatinAmerica&Caribbean,0,0,0,0,0,0,0,0,0,0,0,0,0,0,0,0,0,0,0,2976000.0,433000.0,1301000.0,362000.0,246000.0,2264000.0,922000.0,1225000.0,567000.0,6949000.0,27000.0,3451000.0,1276000.0,1278000.0,1840000.0,1484000.0,1293000.0,622000.0,0,0,0,0,0,0,0,0,0,0
root/LatinAmerica&Caribbean/StVincentandtheGrenadines,root/LatinAmerica&Caribbean,0,0,0,0,0,0,0,0,0,0,135000.0,945000.0,142000.0,121000.0,116000.0,109000.0,119000.0,136000.0,53000.0,0,0,0,0,0,0,0,0,0,0,57882000.0,0,0,6875000.0,21041000.0,5225000.0,7483000.0,8188000.0,4941000.0,3012000.0,2827000.0,3197000.0,3012000.0,3010000.0,2457000.0,0,0,0
root/LatinAmerica&Caribbean/VenezuelaRB,root/LatinAmerica&Caribbean,36059000.0,100403000.0,122766000.0,45928000.0,24443000.0,177902000.0,81073000.0,440201000.0,54822000.0,32797000.0,186611000.0,7044000.0,284497000.0,240725000.0,46361000.0,67632000.0,141406000.0,69706000.0,748699000.0,185906000.0,69103000.0,342803000.0,141202000.0,125516000.0,38077000.0,363856000.0,395296000.0,236676000.0,66625000.0,246729000.0,265911000.0,517802000.0,495873000.0,185825000.0,142575000.0,55241000.0,40641000.0,187256000.0,224801000.0,160844000.0,114101000.0,97293000.0,71437000.0,45712000.0,12262000.0,185548000.0,44191000.0
root/MiddleEast&NorthAfrica,root,286534000.0,159847000.0,111524000.0,313543000.0,318058000.0,1074943000.0,1260178000.0,1811175000.0,2093039000.0,2200099000.0,1800869000.0,2277146000.0,2599734000.0,2133874000.0,2480192000.0,938591000.0,1859360000.0,1599488000.0,2365521000.0,1705037000.0,1517506000.0,857347000.0,1534652000.0,2471832000.0,2232525000.0,1196759000.0,1416360000.0,975828000.0,1444870000.0,1455523000.0,1279839000.0,1314978000.0,601367000.0,1072860000.0,742815000.0,973758000.0,1264832000.0,1033867000.0,1318136000.0,922386000.0,752533000.0,630286000.0,301725000.0,136906000.0,242727000.0,217572000.0,645043000.0
root/MiddleEast&NorthAfrica/Algeria,root/MiddleEast&NorthAfrica,227049000.0,105770000.0,70161000.0,239001000.0,207448000.0,581653000.0,970329000.0,1335059000.0,1598437000.0,1250400000.0,559267000.0,677529000.0,306784000.0,87555000.0,964205000.0,57514000.0,333202000.0,484853000.0,757046000.0,692216000.0,712012000.0,9169000.0,46068000.0,861812000.0,1293481000.0,785917000.0,65995000.0,458907000.0,856991000.0,1054914000.0,807064000.0,609995000.0,264117000.0,165156000.0,131930000.0,534480000.0,530637000.0,225857000.0,487333000.0,222261000.0,145763000.0,146536000.0,90431000.0,88527000.0,65678000.0,50762000.0,46771000.0
root/MiddleEast&NorthAfrica/Djibouti,root/MiddleEast&NorthAfrica,0,0,0,0,0,0,0,0,0,0,0,0,0,1213000.0,442000.0,1112000.0,573000.0,629000.0,627000.0,359000.0,210000.0,0,0,0,0,0,0,0,0,0,0,0,0,0,0,0,16776000.0,1070000.0,3902000.0,5085000.0,2199000.0,1064000.0,983000.0,1036000.0,992000.0,855000.0,651000.0
root/MiddleEast&NorthAfrica/EgyptArabRep,root/MiddleEast&NorthAfrica,30035000.0,5069000.0,11694000.0,59777000.0,3654000.0,56103000.0,133669000.0,60671000.0,191353000.0,343740000.0,536373000.0,629880000.0,1060234000.0,1006430000.0,675274000.0,392049000.0,624025000.0,480856000.0,500219000.0,277329000.0,124964000.0,224938000.0,151894000.0,153977000.0,100694000.0,189356000.0,149317000.0,125880000.0,89101000.0,82057000.0,51525000.0,47149000.0,39290000.0,17840000.0,58234000.0,24445000.0,14805000.0,35848000.0,27897000.0,25921000.0,18157000.0,14232000.0,13579000.0,10928000.0,10956000.0,8131000.0,2749000.0
root/MiddleEast&NorthAfrica/IranIslamicRep,root/MiddleEast&NorthAfrica,0,0,0,0,0,0,0,0,0,0,140646000.0,357181000.0,202760000.0,386561000.0,303559000.0,186115000.0,129520000.0,114381000.0,89449000.0,18531000.0,29648000.0,349562000.0,1171452000.0,1252579000.0,637990000.0,32017000.0,633348000.0,257536000.0,309998000.0,179546000.0,231137000.0,409459000.0,71284000.0,672138000.0,279463000.0,196183000.0,511333000.0,594813000.0,673233000.0,625953000.0,493167000.0,402104000.0,126339000.0,14401000.0,119571000.0,124217000.0,572290000.0
root/MiddleEast&NorthAfrica/Jordan,root/MiddleEast&NorthAfrica,4056000.0,7804000.0,2025000.0,2230000.0,4134000.0,5183000.0,3822000.0,2270000.0,3561000.0,31829000.0,24748000.0,79852000.0,144792000.0,58960000.0,101317000.0,55189000.0,226388000.0,106726000.0,343160000.0,338654000.0,209900000.0,12933000.0,41829000.0,40905000.0,52216000.0,66343000.0,37651000.0,24670000.0,55116000.0,21126000.0,41297000.0,24464000.0,23934000.0,11967000.0,5088000.0,11260000.0,10614000.0,15454000.0,70787000.0,8763000.0,9980000.0,11675000.0,13037000.0,12980000.0,6658000.0,7257000.0,8370000.0
root/MiddleEast&NorthAfrica/Lebanon,root/MiddleEast&NorthAfrica,53000.0,53000.0,53000.0,53000.0,1255000.0,53000.0,218000.0,213000.0,174000.0,185000.0,186000.0,10185000.0,94535000.0,16500000.0,2565000.0,3238000.0,9927000.0,11274000.0,14883000.0,1569000.0,6320000.0,6242000.0,4745000.0,5099000.0,2287000.0,2160000.0,39341000.0,696000.0,1466000.0,1979000.0,1846000.0,2206000.0,958000.0,1864000.0,1200000.0,1000000.0,1471000.0,1257000.0,136000.0,1000000.0,154000.0,629000.0,9613000.0,2350000.0,8954000.0,2834000.0,2421000.0
root/MiddleEast&NorthAfrica/Morocco,root/MiddleEast&NorthAfrica,23986000.0,38893000.0,2373000.0,2013000.0,91998000.0,411532000.0,125986000.0,268705000.0,232666000.0,150336000.0,406445000.0,316619000.0,562190000.0,429265000.0,391775000.0,208103000.0,463849000.0,198471000.0,298394000.0,78161000.0,168695000.0,108349000.0,103984000.0,98020000.0,108528000.0,27002000.0,375636000.0,87674000.0,128712000.0,9817000.0,79740000.0,139622000.0,122097000.0,120677000.0,196721000.0,147484000.0,120318000.0,99143000.0,20249000.0,12449000.0,40449000.0,37934000.0,31905000.0,4875000.0,27744000.0,21862000.0,9388000.0
root/MiddleEast&NorthAfrica/SyrianArabRepublic,root/MiddleEast&NorthAfrica,0,0,0,0,0,0,0,0,0,0,0,0,0,0,0,0,0,0,0,0,0,0,0,0,0,7377000.0,3030000.0,3868000.0,1249000.0,15867000.0,15524000.0,15288000.0,0,0,0,0,0,0,0,0,0,0,0,0,0,0,0
root/MiddleEast&NorthAfrica/Tunisia,root/MiddleEast&NorthAfrica,1355000.0,2032000.0,24992000.0,6779000.0,9473000.0,20384000.0,25341000.0,131602000.0,65020000.0,281928000.0,70082000.0,103550000.0,138162000.0,133600000.0,29350000.0,29466000.0,13006000.0,3896000.0,90256000.0,47740000.0,104761000.0,98992000.0,8416000.0,49673000.0,32181000.0,84758000.0,112042000.0,16596000.0,2237000.0,90217000.0,51706000.0,60634000.0,79687000.0,83218000.0,70179000.0,58906000.0,58878000.0,60425000.0,34599000.0,20954000.0,42664000.0,16112000.0,15838000.0,1809000.0,2174000.0,1654000.0,2403000.0
root/MiddleEast&NorthAfrica/YemenRep,root/MiddleEast&NorthAfrica,0,226000.0,226000.0,3690000.0,96000.0,35000.0,813000.0,12655000.0,1828000.0,141681000.0,63122000.0,102350000.0,90277000.0,13790000.0,11705000.0,5805000.0,58870000.0,198402000.0,271487000.0,250478000.0,160996000.0,47162000.0,6264000.0,9767000.0,5148000.0,1829000.0,0,1000.0,0,0,0,6161000.0,0,0,0,0,0,0,0,0,0,0,0,0,0,0,0
root/SouthAsia,root,85046000.0,96935000.0,34576000.0,76561000.0,118078000.0,58690000.0,42796000.0,155720000.0,65222000.0,61052000.0,121439000.0,150118000.0,488394000.0,204292000.0,530669000.0,305488000.0,638676000.0,136787000.0,2334019000.0,236092000.0,258920000.0,214096000.0,233063000.0,1645047000.0,1468876000.0,678609000.0,226135000.0,1168729000.0,1175219000.0,530488000.0,534159000.0,578822000.0,209151000.0,114209000.0,344533000.0,194326000.0,379832000.0,154747000.0,76343000.0,68702000.0,61710000.0,89545000.0,268055000.0,54313000.0,49741000.0,496104000.0,695293000.0
root/SouthAsia/Bangladesh,root/SouthAsia,0,0,605000.0,175000.0,1279000.0,77000.0,1686000.0,2273000.0,15179000.0,9839000.0,10703000.0,15773000.0,17282000.0,46290000.0,28044000.0,4737000.0,54356000.0,2686000.0,21142000.0,29268000.0,35305000.0,37073000.0,15841000.0,7184000.0,27804000.0,17466000.0,24181000.0,16819000.0,19818000.0,19035000.0,30689000.0,37150000.0,6138000.0,14162000.0,24043000.0,11139000.0,18373000.0,11734000.0,14798000.0,9512000.0,6093000.0,6309000.0,3647000.0,1684000.0,1684000.0,1684000.0,1684000.0
root/SouthAsia/Bhutan,root/SouthAsia,0,0,0,0,0,0,0,0,0,0,0,0,0,0,0,0,0,0,22911000.0,1816000.0,2634000.0,2511000.0,2385000.0,2261000.0,2261000.0,2261000.0,2261000.0,2261000.0,2260000.0,0,0,0,0,0,0,0,0,0,0,0,0,0,0,0,0,6988000.0,0
root/SouthAsia/India,root/SouthAsia,41648000.0,22496000.0,22910000.0,37757000.0,13381000.0,29974000.0,10795000.0,31037000.0,20586000.0,28280000.0,10642000.0,20897000.0,327587000.0,64349000.0,458133000.0,275161000.0,541319000.0,18347000.0,2179904000.0,135595000.0,172156000.0,158296000.0,111286000.0,1525154000.0,1257175000.0,540043000.0,59593000.0,902836000.0,1088057000.0,407577000.0,376127000.0,430453000.0,142469000.0,60038000.0,264400000.0,130907000.0,21916000.0,108687000.0,20213000.0,23999000.0,19386000.0,26358000.0,210930000.0,9061000.0,2441000.0,1552000.0,1552000.0
root/SouthAsia/Maldives,root/SouthAsia,0,0,0,0,0,0,0,0,0,0,0,2807000.0,447000.0,399000.0,190000.0,458000.0,1324000.0,592000.0,606000.0,570000.0,2594000.0,717000.0,1871000.0,2041000.0,1050000.0,251000.0,1026000.0,1457000.0,3957000.0,1733000.0,1883000.0,2073000.0,1902000.0,1945000.0,2387000.0,1685000.0,219000.0,219000.0,219000.0,219000.0,219000.0,219000.0,0,0,0,0,0
root/SouthAsia/Nepal,root/SouthAsia,0,0,0,0,0,0,0,620000.0,0,0,0,0,656000.0,642000.0,10550000.0,5181000.0,6869000.0,39635000.0,46619000.0,8682000.0,11642000.0,7310000.0,7006000.0,7162000.0,8182000.0,4909000.0,3688000.0,10980000.0,12576000.0,12672000.0,7406000.0,170000.0,321000.0,384000.0,296000.0,680000.0,457000.0,309000.0,536000.0,507000.0,490000.0,516000.0,497000.0,503000.0,481000.0,393000.0,193000.0
root/SouthAsia/Pakistan,root/SouthAsia,42608000.0,69195000.0,10666000.0,27689000.0,51209000.0,17802000.0,18976000.0,68966000.0,568000.0,13451000.0,73227000.0,23062000.0,35040000.0,92467000.0,8614000.0,16082000.0,9545000.0,62352000.0,35797000.0,59670000.0,17200000.0,4398000.0,67635000.0,75610000.0,145756000.0,46533000.0,73536000.0,205944000.0,10574000.0,87580000.0,2745000.0,75396000.0,22362000.0,11755000.0,13529000.0,8032000.0,282088000.0,6085000.0,29831000.0,30827000.0,30483000.0,31656000.0,38572000.0,38572000.0,38570000.0,481594000.0,3001000.0
root/SouthAsia/SriLanka,root/SouthAsia,790000.0,5244000.0,395000.0,10940000.0,52209000.0,10837000.0,11339000.0,52824000.0,28889000.0,9482000.0,26867000.0,87579000.0,107382000.0,145000.0,25138000.0,3869000.0,25263000.0,13175000.0,27040000.0,491000.0,17389000.0,3791000.0,27039000.0,25635000.0,26648000.0,67146000.0,61850000.0,28432000.0,37977000.0,1891000.0,115309000.0,33580000.0,35959000.0,25925000.0,39878000.0,41883000.0,56779000.0,27713000.0,10746000.0,3638000.0,5039000.0,24487000.0,14409000.0,4493000.0,6565000.0,3893000.0,688863000.0
root/Sub-SaharanAfrica,root,395715000.0,216371000.0,259454000.0,520711000.0,618091000.0,1158337000.0,1131360000.0,996116000.0,1346722000.0,1224842000.0,2119313000.0,1598373000.0,2491202000.0,1638488000.0,798755000.0,868139000.0,1038723000.0,1150336000.0,1017293000.0,1413698000.0,1246854000.0,429848000.0,876896000.0,928019000.0,882560000.0,2440743000.0,1811741000.0,1139270000.0,416519000.0,369538000.0,884311000.0,675750000.0,829090000.0,1334940000.0,614114000.0,537420000.0,860529000.0,898404000.0,404586000.0,1336596000.0,840281000.0,412700000.0,1644799000.0,1213038000.0,2373315000.0,1389328000.0,1565637000.0
root/Sub-SaharanAfrica/Angola,root/Sub-SaharanAfrica,0,0,0,0,0,0,0,0,0,0,0,0,0,0,0,0,0,0,0,324425000.0,561658000.0,17012000.0,445589000.0,594093000.0,27788000.0,168458000.0,172665000.0,117959000.0,11958000.0,20475000.0,112383000.0,58819000.0,65196000.0,231734000.0,153331000.0,9822000.0,450749000.0,38067000.0,107629000.0,17265000.0,226904000.0,82190000.0,991699000.0,39110000.0,1050869000.0,78994000.0,344799000.0
root/Sub-SaharanAfrica/Benin,root/Sub-SaharanAfrica,877000.0,1304000.0,448000.0,584000.0,3644000.0,150000.0,553000.0,1037000.0,3956000.0,106440000.0,75000.0,76038000.0,173120000.0,43662000.0,6855000.0,17010000.0,16986000.0,1020000.0,265000.0,100000.0,117000.0,0,118000.0,29000.0,88000.0,59000.0,29000.0,0,0,0,0,0,0,0,0,3813000.0,0,0,0,0,0,0,0,0,0,0,0
root/Sub-SaharanAfrica/Botswana,root/Sub-SaharanAfrica,257000.0,68000.0,64000.0,112000.0,106000.0,135000.0,48000.0,17000.0,700000.0,1700000.0,2819000.0,3196000.0,2234000.0,2762000.0,16375000.0,2705000.0,5873000.0,3086000.0,1163000.0,3482000.0,18290000.0,2458000.0,2513000.0,912000.0,1798000.0,1707000.0,4265000.0,484000.0,48000.0,696000.0,620000.0,632000.0,644000.0,658000.0,673000.0,690000.0,709000.0,693000.0,1251000.0,500000.0,500000.0,250000.0,750000.0,0,39960000.0,8880000.0,8880000.0
root/Sub-SaharanAfrica/BurkinaFaso,root/Sub-SaharanAfrica,236000.0,1051000.0,108000.0,236000.0,329000.0,1159000.0,1596000.0,681000.0,1180000.0,13124000.0,4022000.0,907000.0,20751000.0,14638000.0,1768000.0,8786000.0,6814000.0,3431000.0,1444000.0,2807000.0,450000.0,0,0,0,4000.0,4000.0,4000.0,4000.0,4000.0,4000.0,3000.0,3000.0,3000.0,4000.0,4000.0,4000.0,11615000.0,11068000.0,2762000.0,482000.0,2427000.0,2524000.0,2331000.0,2457000.0,2354000.0,3675000.0,2024000.0
root/Sub-SaharanAfrica/Burundi,root/Sub-SaharanAfrica,27000.0,43000.0,344000.0,250000.0,77000.0,1415000.0,622000.0,319000.0,669000.0,274000.0,1399000.0,1352000.0,531000.0,3595000.0,535000.0,270000.0,349000.0,1712000.0,4437000.0,951000.0,735000.0,1378000.0,1992000.0,1194000.0,697000.0,876000.0,676000.0,36000.0,491000.0,69000.0,3048000.0,1795000.0,1974000.0,7591000.0,4502000.0,4590000.0,1547000.0,0,0,0,0,0,0,0,0,0,0
root/Sub-SaharanAfrica/CaboVerde,root/Sub-SaharanAfrica,0,0,0,0,0,0,0,0,0,0,0,0,0,0,1437000.0,972000.0,591000.0,120000.0,120000.0,120000.0,120000.0,240000.0,120000.0,0,0,4245000.0,5347000.0,260000.0,2160000.0,600000.0,1800000.0,8436000.0,209000.0,2640000.0,1445000.0,4443000.0,5904000.0,3557000.0,3624000.0,3522000.0,3353000.0,2091000.0,433000.0,0,0,0,0
root/Sub-SaharanAfrica/Cameroon,root/Sub-SaharanAfrica,918000.0,1166000.0,17463000.0,5363000.0,4750000.0,61998000.0,67328000.0,133206000.0,45731000.0,141833000.0,164080000.0,35035000.0,25193000.0,27891000.0,6826000.0,16938000.0,142057000.0,35099000.0,223424000.0,184261000.0,80326000.0,59923000.0,2055000.0,6470000.0,1242000.0,10892000.0,6540000.0,5789000.0,27316000.0,1771000.0,0,0,0,2149000.0,0,0,0,2824000.0,0,0,0,0,0,0,0,0,49750000.0
root/Sub-SaharanAfrica/CentralAfricanRepublic,root/Sub-SaharanAfrica,1163000.0,135000.0,7493000.0,14245000.0,4294000.0,530000.0,24000.0,9496000.0,4000.0,165000.0,872000.0,1453000.0,161000.0,1835000.0,916000.0,836000.0,285000.0,458000.0,467000.0,1673000.0,560000.0,266000.0,596000.0,0,228000.0,0,0,0,0,445000.0,21000.0,0,0,0,0,0,0,0,0,0,0,76000.0,70000.0,1227000.0,2180000.0,20000000.0,0
root/Sub-SaharanAfrica/Chad,root/Sub-SaharanAfrica,2000000.0,9489000.0,1659000.0,212000.0,8491000.0,297000.0,1585000.0,6546000.0,14397000.0,8333000.0,0,5744000.0,2081000.0,2137000.0,2739000.0,5791000.0,0,2967000.0,766000.0,597000.0,560000.0,447000.0,334000.0,1197000.0,263000.0,32000.0,121000.0,0,0,1182000.0,644000.0,457000.0,767000.0,20000000.0,0,1411000.0,500000.0,619000.0,0,1000000.0,2000000.0,5644000.0,1875000.0,597500000.0,424508000.0,0,0
root/Sub-SaharanAfrica/Comoros,root/Sub-SaharanAfrica,0,0,0,0,0,0,0,0,0,0,381000.0,74000.0,0,0,0,0,0,0,0,0,0,0,0,0,0,0,0,0,0,0,0,0,0,0,0,0,0,0,0,0,0,0,0,0,0,0,0
root/Sub-SaharanAfrica/CongoDemRep,root/Sub-SaharanAfrica,489000.0,78227000.0,84466000.0,108324000.0,180393000.0,219487000.0,275613000.0,244127000.0,239329000.0,30813000.0,124083000.0,67939000.0,19166000.0,14324000.0,21324000.0,12864000.0,15819000.0,4220000.0,5677000.0,33432000.0,7101000.0,9498000.0,4725000.0,0,0,0,0,0,0,0,0,0,0,27971000.0,4123000.0,1674000.0,6260000.0,4133000.0,6591000.0,20581000.0,15857000.0,4999000.0,12671000.0,9806000.0,7512000.0,708000.0,6606000.0
root/Sub-SaharanAfrica/CongoRep,root/Sub-SaharanAfrica,1384000.0,3246000.0,6075000.0,16450000.0,37053000.0,33467000.0,9182000.0,1744000.0,81037000.0,8032000.0,122977000.0,336000.0,148238000.0,112681000.0,89951000.0,66908000.0,29283000.0,33479000.0,90075000.0,12339000.0,9370000.0,5464000.0,9390000.0,81599000.0,39253000.0,7077000.0,29642000.0,13295000.0,1965000.0,0,0,0,0,1322000.0,250000.0,0,0,1358000.0,1617000.0,174000.0,1520000.0,456000.0,70617000.0,18269000.0,62930000.0,10370000.0,368000.0
root/Sub-SaharanAfrica/CotedIvoire,root/Sub-SaharanAfrica,6699000.0,18092000.0,10124000.0,33664000.0,37325000.0,100654000.0,111485000.0,152648000.0,211950000.0,271622000.0,388846000.0,97121000.0,33133000.0,7353000.0,33979000.0,20795000.0,71781000.0,47525000.0,1418000.0,11250000.0,37491000.0,38885000.0,12246000.0,8231000.0,28705000.0,30148000.0,2489000.0,2595000.0,782000.0,604000.0,0,0,828000.0,0,0,0,0,0,0,0,26010000.0,25178000.0,2418000.0,4894000.0,0,7500000.0,8500000.0
root/Sub-SaharanAfrica/Eritrea,root/Sub-SaharanAfrica,0,0,0,0,0,0,0,0,0,0,0,0,0,0,0,0,0,0,0,0,0,0,0,0,0,0,0,0,0,0,0,0,0,0,34633000.0,0,477000.0,0,808000.0,0,0,0,0,0,0,0,0
root/Sub-SaharanAfrica/Ethiopia,root/Sub-SaharanAfrica,6869000.0,4745000.0,6183000.0,4595000.0,2141000.0,1548000.0,1823000.0,1075000.0,6169000.0,3321000.0,26888000.0,48559000.0,100400000.0,42339000.0,29018000.0,68077000.0,38005000.0,13398000.0,13106000.0,33639000.0,11752000.0,34703000.0,3421000.0,9157000.0,2353000.0,8554000.0,16176000.0,24666000.0,7153000.0,8030000.0,4014000.0,5351000.0,33000.0,130990000.0,70502000.0,116212000.0,44339000.0,44255000.0,32953000.0,1022678000.0,347838000.0,70697000.0,77611000.0,76773000.0,402121000.0,1131551000.0,115564000.0
root/Sub-SaharanAfrica/Gabon,root/Sub-SaharanAfrica,5774000.0,18777000.0,45931000.0,49925000.0,44680000.0,72720000.0,60436000.0,16870000.0,14990000.0,28590000.0,33669000.0,47518000.0,30170000.0,28882000.0,127919000.0,151848000.0,250178000.0,83968000.0,69035000.0,29192000.0,31944000.0,26224000.0,4779000.0,1590000.0,28305000.0,48750000.0,20209000.0,65000.0,2043000.0,432000.0,0,5406000.0,1264000.0,33822000.0,20531000.0,20136000.0,5784000.0,21722000.0,38781000.0,9666000.0,8179000.0,34830000.0,25732000.0,16765000.0,730000.0,718000.0,124000.0
root/Sub-SaharanAfrica/GambiaThe,root/Sub-SaharanAfrica,0,0,0,0,0,0,1063000.0,213000.0,213000.0,1904000.0,14401000.0,7544000.0,5269000.0,429000.0,115000.0,12000.0,0,110000.0,528000.0,491000.0,4483000.0,545000.0,463000.0,294000.0,317000.0,366000.0,228000.0,0,0,0,42000.0,0,2000.0,0,0,0,0,0,0,0,0,0,0,0,0,0,0
root/Sub-SaharanAfrica/Ghana,root/Sub-SaharanAfrica,1602000.0,1877000.0,1479000.0,546000.0,16848000.0,15800000.0,7324000.0,22873000.0,4556000.0,5883000.0,20247000.0,2755000.0,14180000.0,25920000.0,5390000.0,26446000.0,5335000.0,19723000.0,18648000.0,15534000.0,12604000.0,37052000.0,44249000.0,21680000.0,33696000.0,13418000.0,18177000.0,91512000.0,42749000.0,24101000.0,14509000.0,157989000.0,22893000.0,43271000.0,34761000.0,34369000.0,28974000.0,14925000.0,29110000.0,33925000.0,16588000.0,17497000.0,176325000.0,353401000.0,96442000.0,6579000.0,478802000.0
root/Sub-SaharanAfrica/Guinea,root/Sub-SaharanAfrica,5713000.0,6053000.0,325000.0,22455000.0,1625000.0,3943000.0,11787000.0,13416000.0,26137000.0,30360000.0,42467000.0,16831000.0,27081000.0,17332000.0,3842000.0,17738000.0,1116000.0,3321000.0,28627000.0,9915000.0,11426000.0,10355000.0,8111000.0,3110000.0,9312000.0,14918000.0,16602000.0,9547000.0,6465000.0,224000.0,194000.0,188000.0,198000.0,0,0,0,0,0,0,0,0,0,0,0,0,0,0
root/Sub-SaharanAfrica/GuineaBissau,root/Sub-SaharanAfrica,0,0,0,0,0,0,2171000.0,4079000.0,1881000.0,8924000.0,18113000.0,799000.0,1166000.0,46000.0,3305000.0,19868000.0,122000.0,5496000.0,0,78000.0,78000.0,78000.0,29000.0,0,75000.0,254000.0,233000.0,129000.0,129000.0,129000.0,178000.0,0,0,0,0,0,0,0,0,0,0,0,0,0,0,0,0
root/Sub-SaharanAfrica/Kenya,root/Sub-SaharanAfrica,136000.0,9364000.0,2521000.0,5666000.0,1983000.0,4545000.0,50156000.0,106659000.0,142625000.0,32337000.0,33296000.0,22652000.0,40398000.0,47447000.0,32860000.0,31669000.0,30213000.0,7584000.0,7305000.0,59209000.0,42089000.0,22891000.0,29797000.0,17141000.0,48725000.0,13947000.0,25163000.0,16958000.0,4973000.0,24527000.0,4681000.0,3519000.0,805000.0,97385000.0,9229000.0,1649000.0,1641000.0,2289000.0,4813000.0,24766000.0,7077000.0,3303000.0,5444000.0,6544000.0,5875000.0,3066000.0,497104000.0
root/Sub-SaharanAfrica/Lesotho,root/Sub-SaharanAfrica,130000.0,161000.0,387000.0,67000.0,68000.0,41000.0,75000.0,55000.0,31000.0,7591000.0,325000.0,1284000.0,4959000.0,12215000.0,4395000.0,4729000.0,792000.0,11829000.0,10547000.0,1570000.0,2479000.0,3715000.0,4818000.0,2374000.0,2408000.0,2112000.0,768000.0,227000.0,103000.0,76000.0,21000.0,64000.0,68000.0,81000.0,53000.0,126000.0,90000.0,99000.0,106000.0,100000.0,96000.0,101000.0,92000.0,97000.0,93000.0,27000.0,1000.0
root/Sub-SaharanAfrica/Liberia,root/Sub-SaharanAfrica,6551000.0,3125000.0,5038000.0,4415000.0,96000.0,2908000.0,6982000.0,4517000.0,8691000.0,5599000.0,3333000.0,812000.0,1408000.0,6284000.0,209000.0,35000.0,0,0,0,0,0,0,0,0,0,0,0,0,0,0,0,0,0,0,0,0,0,0,0,0,0,0,0,0,0,0,0
root/Sub-SaharanAfrica/Madagascar,root/Sub-SaharanAfrica,682000.0,646000.0,3674000.0,460000.0,460000.0,460000.0,1356000.0,15313000.0,13226000.0,94501000.0,89441000.0,37342000.0,33274000.0,67982000.0,2390000.0,6129000.0,476000.0,2638000.0,1121000.0,5477000.0,4589000.0,8151000.0,6274000.0,6676000.0,3756000.0,3354000.0,2845000.0,893000.0,298000.0,311000.0,43000.0,42000.0,44000.0,53000.0,381000.0,284000.0,110000.0,104000.0,112000.0,106000.0,0,0,0,0,0,0,0
root/Sub-SaharanAfrica/Malawi,root/Sub-SaharanAfrica,2571000.0,335000.0,4895000.0,661000.0,2006000.0,1432000.0,1308000.0,6624000.0,10422000.0,8777000.0,3584000.0,638000.0,225000.0,1024000.0,4999000.0,793000.0,2130000.0,2188000.0,2446000.0,6928000.0,2908000.0,9971000.0,9172000.0,3817000.0,4812000.0,12388000.0,4001000.0,1464000.0,847000.0,387000.0,0,0,0,0,85000.0,115000.0,110000.0,105000.0,91000.0,0,0,0,0,0,0,0,0
root/Sub-SaharanAfrica/Mali,root/Sub-SaharanAfrica,36000.0,193000.0,3067000.0,4956000.0,1634000.0,1999000.0,1061000.0,1475000.0,1223000.0,151000.0,3973000.0,683000.0,439000.0,22909000.0,121000.0,1126000.0,2003000.0,5081000.0,1960000.0,850000.0,985000.0,652000.0,2578000.0,0,834000.0,0,0,0,0,0,0,0,0,0,0,0,0,0,0,0,0,0,0,0,0,0,0
root/Sub-SaharanAfrica/Mauritania,root/Sub-SaharanAfrica,1607000.0,3082000.0,5158000.0,370000.0,2945000.0,6351000.0,4614000.0,11483000.0,1620000.0,20047000.0,4763000.0,12689000.0,8694000.0,22056000.0,19709000.0,4073000.0,7492000.0,4531000.0,593000.0,517000.0,1303000.0,2407000.0,2091000.0,83000.0,57000.0,76000.0,24492000.0,1524000.0,1997000.0,2125000.0,2389000.0,2860000.0,0,0,0,0,0,0,0,0,0,0,0,0,0,0,0
root/Sub-SaharanAfrica/Mauritius,root/Sub-SaharanAfrica,0,0,0,0,0,0,0,0,4810000.0,1104000.0,951000.0,1405000.0,1125000.0,600000.0,99000.0,2827000.0,1572000.0,1926000.0,86190000.0,5121000.0,7194000.0,5588000.0,3329000.0,2214000.0,3275000.0,7159000.0,39447000.0,5176000.0,7594000.0,8322000.0,34116000.0,34173000.0,1715000.0,3839000.0,2252000.0,4300000.0,22074000.0,5497000.0,4445000.0,4442000.0,4303000.0,4889000.0,4527000.0,4950000.0,195000.0,195000.0,0
root/Sub-SaharanAfrica/Mozambique,root/Sub-SaharanAfrica,0,0,0,0,0,0,0,0,0,0,0,0,0,0,93299000.0,55885000.0,39014000.0,24177000.0,1230000.0,19444000.0,20643000.0,2148000.0,1279000.0,6011000.0,1283000.0,9123000.0,1233000.0,941000.0,0,0,0,0,0,0,0,0,0,6206000.0,846000.0,20356000.0,20225000.0,5344000.0,466000.0,10165000.0,7113000.0,6127000.0,5649000.0
root/Sub-SaharanAfrica/Niger,root/Sub-SaharanAfrica,564000.0,246000.0,3496000.0,170000.0,7521000.0,678000.0,2986000.0,2249000.0,14164000.0,27092000.0,15965000.0,69261000.0,9370000.0,5024000.0,150000.0,3747000.0,5874000.0,4619000.0,1767000.0,1363000.0,1595000.0,153000.0,0,0,0,0,0,0,0,0,0,0,0,0,0,0,0,0,0,0,0,0,0,0,0,0,0
root/Sub-SaharanAfrica/Nigeria,root/Sub-SaharanAfrica,14128000.0,5478000.0,1419000.0,134810000.0,93276000.0,158345000.0,277627000.0,1458000.0,10177000.0,85118000.0,571273000.0,743515000.0,1504867000.0,836295000.0,132979000.0,199645000.0,118849000.0,599341000.0,293722000.0,564889000.0,282286000.0,18296000.0,199092000.0,78999000.0,305771000.0,438401000.0,680223000.0,247873000.0,14800000.0,111070000.0,141722000.0,149893000.0,157902000.0,244311000.0,93088000.0,168255000.0,131528000.0,595667000.0,7540000.0,7540000.0,3770000.0,0,0,0,0,0,0
root/Sub-SaharanAfrica/Rwanda,root/Sub-SaharanAfrica,92000.0,156000.0,210000.0,1855000.0,165000.0,88000.0,294000.0,3963000.0,4330000.0,844000.0,2333000.0,307000.0,3037000.0,500000.0,5824000.0,2599000.0,4822000.0,121000.0,2678000.0,2497000.0,1814000.0,952000.0,1010000.0,0,0,0,0,0,0,0,0,0,0,0,0,0,0,0,0,0,0,0,0,0,0,0,0
root/Sub-SaharanAfrica/SaoTomeandPrincipe,root/Sub-SaharanAfrica,0,0,0,0,0,0,0,154000.0,88000.0,52000.0,28000.0,357000.0,58000.0,180000.0,402000.0,174000.0,1097000.0,70000.0,35000.0,411000.0,114000.0,0,0,0,0,0,0,0,0,0,0,0,0,0,0,0,0,0,0,0,0,0,0,0,0,0,0
root/Sub-SaharanAfrica/Senegal,root/Sub-SaharanAfrica,7043000.0,14154000.0,194000.0,17728000.0,26657000.0,15755000.0,34005000.0,11601000.0,56901000.0,28689000.0,43437000.0,4203000.0,812000.0,33380000.0,4411000.0,3714000.0,452000.0,9759000.0,13813000.0,16534000.0,10679000.0,14323000.0,9050000.0,215000.0,251000.0,8934000.0,987000.0,1466000.0,721000.0,461000.0,73000.0,0,0,0,0,0,0,0,0,0,0,0,0,0,0,0,0
root/Sub-SaharanAfrica/SierraLeone,root/Sub-SaharanAfrica,657000.0,2660000.0,2955000.0,6024000.0,11735000.0,9880000.0,3040000.0,6714000.0,18142000.0,14008000.0,20063000.0,3177000.0,12261000.0,5289000.0,2787000.0,2613000.0,1179000.0,1806000.0,1028000.0,3579000.0,4000000.0,0,0,0,0,0,0,0,0,0,0,0,0,455000.0,0,0,0,0,0,0,0,0,0,0,0,0,0
root/Sub-SaharanAfrica/Somalia,root/Sub-SaharanAfrica,0,0,2757000.0,4046000.0,439000.0,494000.0,387000.0,701000.0,232000.0,0,26766000.0,141977000.0,41426000.0,4027000.0,1163000.0,6881000.0,250000.0,434000.0,0,0,0,0,0,0,0,0,0,0,0,0,0,0,0,0,0,0,0,0,0,0,0,0,0,0,0,0,0
root/Sub-SaharanAfrica/SouthAfrica,root/Sub-SaharanAfrica,0,0,0,0,0,0,0,0,0,0,0,0,0,0,0,0,0,0,0,0,0,0,0,0,265995000.0,1538679000.0,633561000.0,525072000.0,178210000.0,100000000.0,72728000.0,230218000.0,550552000.0,347882000.0,145218000.0,145216000.0,145218000.0,145216000.0,145218000.0,145216000.0,145218000.0,72609000.0,249000000.0,0,63330000.0,73395000.0,3408000.0
root/Sub-SaharanAfrica/Sudan,root/Sub-SaharanAfrica,930000.0,101000.0,4678000.0,7474000.0,68085000.0,176899000.0,84982000.0,53298000.0,25874000.0,14812000.0,33311000.0,3320000.0,6489000.0,1562000.0,226000.0,0,5000000.0,0,0,0,0,0,0,0,0,0,0,0,0,0,455645000.0,0,0,0,0,0,0,0,0,0,0,0,0,0,0,0,0
root/Sub-SaharanAfrica/Swaziland,root/Sub-SaharanAfrica,84000.0,84000.0,75000.0,79000.0,88000.0,96000.0,96000.0,89000.0,65000.0,67000.0,135000.0,121000.0,797000.0,728000.0,65000.0,10765000.0,97000.0,1357000.0,1488000.0,1378000.0,1720000.0,1543000.0,1555000.0,1542000.0,1518000.0,306000.0,259000.0,0,0,0,0,0,0,0,0,0,0,0,0,0,0,0,0,0,0,0,0
root/Sub-SaharanAfrica/Tanzania,root/Sub-SaharanAfrica,5600000.0,4441000.0,267000.0,422000.0,1823000.0,2340000.0,22000000.0,29874000.0,42960000.0,54055000.0,75885000.0,64497000.0,13415000.0,20801000.0,32823000.0,46623000.0,68511000.0,38198000.0,18791000.0,18515000.0,389000.0,5394000.0,37548000.0,15995000.0,1037000.0,13463000.0,14264000.0,16208000.0,12276000.0,16581000.0,16865000.0,10578000.0,16726000.0,438000.0,0,0,0,0,0,16940000.0,0,0,0,0,0,0,0
root/Sub-SaharanAfrica/Togo,root/Sub-SaharanAfrica,493000.0,96000.0,733000.0,2085000.0,18846000.0,32954000.0,43940000.0,71350000.0,138575000.0,92992000.0,43085000.0,4326000.0,5297000.0,2110000.0,4569000.0,4378000.0,11151000.0,4441000.0,6000.0,2287000.0,0,0,0,0,0,0,0,0,0,0,0,0,0,0,0,0,0,0,0,0,0,0,0,48342000.0,11584000.0,9983000.0,9956000.0
root/Sub-SaharanAfrica/Uganda,root/Sub-SaharanAfrica,1586000.0,3970000.0,2270000.0,214000.0,14788000.0,1345000.0,5361000.0,34356000.0,82375000.0,40002000.0,27738000.0,12181000.0,11104000.0,10760000.0,9123000.0,1046000.0,32899000.0,114406000.0,18619000.0,19667000.0,25856000.0,10796000.0,5087000.0,780000.0,9426000.0,2176000.0,1078000.0,0,657000.0,0,0,0,5252000.0,7789000.0,7736000.0,3723000.0,0,0,0,0,0,0,0,0,0,0,0
root/Sub-SaharanAfrica/Zambia,root/Sub-SaharanAfrica,318817000.0,23806000.0,33498000.0,72248000.0,23720000.0,228424000.0,38450000.0,25836000.0,106695000.0,30694000.0,138719000.0,22695000.0,46012000.0,36781000.0,42225000.0,4110000.0,113490000.0,38961000.0,32708000.0,10136000.0,11231000.0,12045000.0,23460000.0,38677000.0,27449000.0,42946000.0,29518000.0,8173000.0,47569000.0,388000.0,548000.0,4780000.0,2015000.0,121975000.0,12991000.0,11526000.0,0,0,2009000.0,7337000.0,8416000.0,74777000.0,22738000.0,22738000.0,195519000.0,27560000.0,34102000.0
root/Sub-SaharanAfrica/Zimbabwe,root/Sub-SaharanAfrica,0,0,0,0,0,0,0,0,10597000.0,4992000.0,15570000.0,37730000.0,142861000.0,154708000.0,51633000.0,36714000.0,6766000.0,17736000.0,62046000.0,9040000.0,35915000.0,66295000.0,26000.0,23939000.0,31839000.0,37921000.0,60499000.0,46954000.0,43211000.0,46528000.0,18024000.0,547000.0,0,8580000.0,18326000.0,5062000.0,2900000.0,0,14280000.0,0,0,5245000.0,0,0,0,0,0
