root/EastAsia&Pacific,root,28863000.0,24378000.0,64813000.0,63908000.0,103798000.0,277780000.0,498123000.0,321916000.0,414955000.0,444015000.0,386244000.0,481949000.0,2349187000.0,2322421000.0,584275000.0,3580826000.0,2025183000.0,1610064000.0,1941388000.0,975778000.0,1381220000.0,1335588000.0,1963705000.0,6583111000.0,10805672000.0,9393757000.0,15424463000.0,14292771000.0,4940367000.0,10297106000.0,6517830000.0,5884931000.0,5430735000.0,7550386000.0,13900148000.0,17911869000.0,15753896000.0,10676862000.0,11964266000.0,19409708000.0,16444817000.0,46843733000.0,96834457000.0,54133434000.0,70481917000.0,46152250000.0,40686238000.0
root/EastAsia&Pacific/China,root/EastAsia&Pacific,0,0,0,0,0,0,0,0,0,0,0,16700000.0,23580000.0,4457000.0,84300000.0,971419000.0,1332989000.0,1064287000.0,770677000.0,416614000.0,47834000.0,23871000.0,3193000.0,2237923000.0,2876337000.0,316678000.0,1190004000.0,3329738000.0,1587000000.0,1254000000.0,261367000.0,1035647000.0,1054483000.0,1164320000.0,3689595000.0,4910145000.0,1705472000.0,2196374000.0,1092486000.0,38801000.0,1459326000.0,25029333000.0,35631256000.0,28480896000.0,53880131000.0,8775622000.0,18373277000.0
root/EastAsia&Pacific/Fiji,root/EastAsia&Pacific,883000.0,0,0,2129000.0,0,0,0,832000.0,286000.0,0,1632000.0,1781000.0,0,451000.0,0,0,0,0,78000.0,0,0,0,0,0,0,0,0,0,0,0,0,0,0,0,0,0,150000000.0,0,0,0,0,100000000.0,0,0,0,0,0
root/EastAsia&Pacific/Indonesia,root/EastAsia&Pacific,0,0,0,0,0,0,0,0,97854000.0,62747000.0,39743000.0,41179000.0,311252000.0,358452000.0,44946000.0,40377000.0,268578000.0,102706000.0,158321000.0,176389000.0,26425000.0,380846000.0,155321000.0,8448000.0,495000000.0,2248137000.0,3743795000.0,3119549000.0,141000000.0,1457760000.0,2050260000.0,1376400000.0,405632000.0,50000000.0,1440000000.0,4874203000.0,4491585000.0,3476035000.0,3890047000.0,8600499000.0,3197702000.0,4620555000.0,25143580000.0,9026968000.0,3046318000.0,15357017000.0,17818025000.0
root/EastAsia&Pacific/LaoPDR,root/EastAsia&Pacific,0,0,0,0,0,0,0,0,0,0,0,0,0,0,0,0,0,0,0,0,0,0,0,0,0,0,0,0,0,0,0,0,0,0,0,0,0,0,0,0,0,0,0,143356000.0,402961000.0,538159000.0,559895000.0
root/EastAsia&Pacific/Malaysia,root/EastAsia&Pacific,27080000.0,23765000.0,63263000.0,23492000.0,69867000.0,251940000.0,130127000.0,191675000.0,52967000.0,291251000.0,212130000.0,364179000.0,1885639000.0,1789962000.0,290715000.0,2344209000.0,246609000.0,207058000.0,709651000.0,70066000.0,824643000.0,783444000.0,1200701000.0,1758180000.0,2656892000.0,3564028000.0,4219376000.0,3486994000.0,2129689000.0,1473885000.0,1192455000.0,983516000.0,2335110000.0,3127295000.0,6710217000.0,4870315000.0,5366407000.0,4383546000.0,5402960000.0,6377181000.0,4561177000.0,10243110000.0,20579847000.0,11889384000.0,7120516000.0,14495036000.0,607822000.0
root/EastAsia&Pacific/Mongolia,root/EastAsia&Pacific,0,0,0,0,0,0,0,0,0,0,0,0,0,0,0,0,0,0,0,0,0,0,0,0,0,0,0,0,0,0,0,0,0,0,0,0,0,75000000.0,0,0,75000000.0,0,2400000000.0,0,18708000.0,200000000.0,500000000.0
root/EastAsia&Pacific/PapuaNewGuinea,root/EastAsia&Pacific,0,0,0,36473000.0,15651000.0,23933000.0,1000000.0,1000000.0,1000000.0,7520000.0,8097000.0,6827000.0,7160000.0,14513000.0,8299000.0,19204000.0,945000.0,3028000.0,40501000.0,32599000.0,0,3719000.0,3951000.0,4511000.0,4899000.0,32089000.0,0,0,0,0,0,0,0,0,0,0,0,0,0,0,0,0,0,0,0,0,0
root/EastAsia&Pacific/Philippines,root/EastAsia&Pacific,900000.0,613000.0,1550000.0,451000.0,16178000.0,1907000.0,366000000.0,128409000.0,214883000.0,36687000.0,80360000.0,5828000.0,81126000.0,39836000.0,54155000.0,70491000.0,56122000.0,148069000.0,219830000.0,170890000.0,395403000.0,66318000.0,51490000.0,739034000.0,966657000.0,1109767000.0,2497630000.0,2630888000.0,450859000.0,4753752000.0,1795711000.0,884202000.0,608644000.0,1639353000.0,1822937000.0,1091951000.0,2241405000.0,28364000.0,839284000.0,3527287000.0,1699824000.0,1369443000.0,3111066000.0,3284483000.0,1682868000.0,4807360000.0,2166373000.0
root/EastAsia&Pacific/Samoa,root/EastAsia&Pacific,0,0,0,1363000.0,2102000.0,0,996000.0,0,0,0,0,0,150000.0,0,0,592000.0,524000.0,0,0,0,0,0,430000.0,270000.0,594000.0,0,0,0,0,0,0,0,0,0,0,0,0,0,0,0,0,0,0,0,0,0,0
root/EastAsia&Pacific/Thailand,root/EastAsia&Pacific,0,0,0,0,0,0,0,0,47965000.0,45810000.0,44282000.0,45455000.0,40280000.0,114750000.0,101860000.0,134534000.0,119416000.0,84916000.0,42330000.0,109220000.0,86915000.0,77390000.0,548619000.0,1834745000.0,3805293000.0,2123058000.0,3773658000.0,1725602000.0,631819000.0,1357709000.0,1218037000.0,1605166000.0,1009870000.0,1528784000.0,196765000.0,1455889000.0,1758393000.0,476909000.0,708855000.0,827000000.0,4470496000.0,5410000000.0,9950000000.0,505000000.0,3645000000.0,1955604000.0,250000000.0
root/EastAsia&Pacific/Vietnam,root/EastAsia&Pacific,0,0,0,0,0,0,0,0,0,0,0,0,0,0,0,0,0,0,0,0,0,0,0,0,0,0,0,0,0,0,0,0,16996000.0,40634000.0,40634000.0,709366000.0,40634000.0,40634000.0,30634000.0,38940000.0,981292000.0,71292000.0,18708000.0,803347000.0,685415000.0,23452000.0,410846000.0
root/Europe&CentralAsia,root,2108000.0,1220000.0,1088000.0,1189000.0,1320000.0,1446000.0,23851000.0,2846000.0,3384000.0,3580000.0,3336000.0,7028000.0,6636000.0,5406000.0,7251000.0,7054000.0,6805000.0,185528000.0,1610100000.0,1299832000.0,682351000.0,501186000.0,2720745000.0,3592112000.0,705924000.0,1647742000.0,2895821000.0,8351695000.0,10773765000.0,4203915000.0,7040473000.0,2478825000.0,7027472000.0,5650249000.0,11703152000.0,12763284000.0,26235109000.0,25988346000.0,25087936000.0,14622385000.0,15226650000.0,30847870000.0,44467574000.0,45933285000.0,56126204000.0,24260240000.0,26406659000.0
root/Europe&CentralAsia/Albania,root/Europe&CentralAsia,0,0,0,0,0,0,0,0,0,0,0,0,0,0,0,0,0,0,0,0,0,0,0,0,0,0,0,0,0,0,0,0,0,0,0,0,0,0,83888000.0,0,398068000.0,120212000.0,0,0,4380000.0,164865000.0,1512000.0
root/Europe&CentralAsia/Armenia,root/Europe&CentralAsia,0,0,0,0,0,0,0,0,0,0,0,0,0,0,0,0,0,0,0,0,0,0,0,0,0,0,0,0,0,0,0,0,0,0,0,0,0,0,0,0,0,0,0,700000000.0,0,387912000.0,0
root/Europe&CentralAsia/Azerbaijan,root/Europe&CentralAsia,0,0,0,0,0,0,0,0,0,0,0,0,0,0,0,0,0,0,0,0,0,0,0,0,0,0,0,0,0,0,0,0,0,0,0,0,0,0,0,0,0,0,500000000.0,0,1750000000.0,0,1000000000.0
root/Europe&CentralAsia/Belarus,root/Europe&CentralAsia,0,0,0,0,0,0,0,0,0,0,0,0,0,0,0,0,0,0,0,0,0,0,0,0,0,0,0,0,0,0,0,0,0,0,0,0,0,19397000.0,0,0,1000000000.0,780603000.0,0,0,0,1000000000.0,0
root/Europe&CentralAsia/BosniaandHerzegovina,root/Europe&CentralAsia,0,0,0,0,0,0,0,0,0,0,0,0,0,0,0,0,0,0,0,0,0,0,0,0,0,0,0,0,0,0,0,0,0,0,0,0,0,0,0,0,24679000.0,25661000.0,23702000.0,24976000.0,23940000.0,20630000.0,20579000.0
root/Europe&CentralAsia/Bulgaria,root/Europe&CentralAsia,0,0,0,0,0,0,0,0,0,0,0,0,0,0,0,0,0,0,0,240041000.0,64529000.0,0,0,0,207392000.0,5549000.0,205017000.0,61494000.0,55892000.0,35104000.0,0,201476000.0,79184000.0,14644000.0,533863000.0,1256826000.0,166085000.0,86849000.0,286690000.0,495205000.0,0,109141000.0,1483264000.0,60256000.0,1754089000.0,3493934000.0,2166844000.0
root/Europe&CentralAsia/Georgia,root/Europe&CentralAsia,0,0,0,0,0,0,0,0,0,0,0,0,0,0,0,0,0,0,0,0,0,0,0,0,0,0,0,0,0,0,0,0,0,0,0,0,0,0,500000000.0,0,250000000.0,64750000.0,1000000000.0,64750000.0,0,100000000.0,404000000.0
root/Europe&CentralAsia/Kazakhstan,root/Europe&CentralAsia,0,0,0,0,0,0,0,0,0,0,0,0,0,0,0,0,0,0,0,0,0,0,0,0,0,0,200000000.0,350000000.0,100000000.0,100000000.0,350000000.0,0,50000000.0,725000000.0,3075000000.0,3050000000.0,6218953000.0,10243488000.0,310000000.0,2107720000.0,1053307000.0,2988526000.0,596947000.0,7099742000.0,6100551000.0,2997600000.0,481822000.0
root/Europe&CentralAsia/MacedoniaFYR,root/Europe&CentralAsia,0,0,0,0,0,0,0,0,0,0,0,0,0,0,0,0,0,0,0,0,0,0,0,0,0,0,0,0,0,0,0,0,0,0,0,186863000.0,0,0,0,243740000.0,0,0,0,234998000.0,643561000.0,133102000.0,497914000.0
root/Europe&CentralAsia/Moldova,root/Europe&CentralAsia,0,0,0,0,0,0,0,0,0,0,0,0,0,0,0,0,0,0,0,0,0,0,0,0,0,0,0,75000000.0,0,0,0,0,43668000.0,1984000.0,1984000.0,6350000.0,6349000.0,6349000.0,6349000.0,6349000.0,0,0,0,0,0,0,0
root/Europe&CentralAsia/Montenegro,root/Europe&CentralAsia,0,0,0,0,0,0,0,0,0,0,0,0,0,0,0,0,0,0,0,0,0,0,0,0,0,0,0,0,0,0,0,0,0,0,0,0,0,0,0,0,265379000.0,248350000.0,0,107428000.0,349067000.0,344336000.0,135215000.0
root/Europe&CentralAsia/Romania,root/Europe&CentralAsia,0,0,0,0,0,0,0,0,0,0,0,0,0,0,0,0,0,0,0,0,0,0,0,0,0,0,804321000.0,421488000.0,0,456343000.0,63603000.0,374650000.0,148061000.0,791579000.0,186496000.0,249151000.0,0,0,220757000.0,0,398068000.0,2152511000.0,5151238000.0,4320340000.0,5557364000.0,515977000.0,1916858000.0
root/Europe&CentralAsia/RussianFederation,root/Europe&CentralAsia,0,0,0,0,0,0,0,0,0,0,0,0,0,0,0,0,0,0,0,0,0,0,0,0,34143000.0,810149000.0,20659000.0,5459961000.0,9037984000.0,0,1017800000.0,1321003000.0,5745387000.0,851812000.0,4757746000.0,4133778000.0,12216602000.0,3830479000.0,23042123000.0,9323914000.0,3674379000.0,15975543000.0,19499864000.0,7047688000.0,23102513000.0,9154629000.0,15609463000.0
root/Europe&CentralAsia/Serbia,root/Europe&CentralAsia,1779000.0,860000.0,686000.0,676000.0,763000.0,770000.0,762000.0,2040000.0,2250000.0,2310000.0,2113000.0,1760000.0,1402000.0,1402000.0,1402000.0,1402000.0,1402000.0,866000.0,0,0,0,0,0,0,0,0,0,0,0,0,0,0,0,0,0,0,0,165202000.0,0,0,0,1000000000.0,1584798000.0,3141458000.0,1237015000.0,162101000.0,165526000.0
root/Europe&CentralAsia/Turkey,root/Europe&CentralAsia,329000.0,360000.0,402000.0,513000.0,557000.0,676000.0,23089000.0,806000.0,1134000.0,1270000.0,1223000.0,5268000.0,5234000.0,4004000.0,5849000.0,5652000.0,5403000.0,184662000.0,1610100000.0,1059791000.0,617822000.0,501186000.0,2720745000.0,3592112000.0,464389000.0,632044000.0,1585824000.0,1983752000.0,192626000.0,3505561000.0,5575987000.0,448252000.0,860281000.0,2710721000.0,2291514000.0,3319443000.0,4880173000.0,5522302000.0,360412000.0,1264549000.0,5969739000.0,3097573000.0,12213826000.0,12782773000.0,13099324000.0,3016458000.0,3806926000.0
root/Europe&CentralAsia/Ukraine,root/Europe&CentralAsia,0,0,0,0,0,0,0,0,0,0,0,0,0,0,0,0,0,0,0,0,0,0,0,0,0,200000000.0,80000000.0,0,1387263000.0,106907000.0,33083000.0,133444000.0,100891000.0,554509000.0,856549000.0,560873000.0,2746947000.0,6114280000.0,277717000.0,1180908000.0,2193031000.0,4285000000.0,2413935000.0,10348876000.0,2504400000.0,2768696000.0,200000000.0
root/LatinAmerica&Caribbean,root,143310000.0,188501000.0,225288000.0,330057000.0,224399000.0,236016000.0,706170000.0,2427498000.0,2556964000.0,858013000.0,902879000.0,1673021000.0,4688625000.0,806108000.0,1088702000.0,950122000.0,1457745000.0,2175930000.0,2045247000.0,1843064000.0,2050864000.0,4143130000.0,6134690000.0,20421843000.0,15185019000.0,11660922000.0,30401682000.0,19823433000.0,18388541000.0,28323645000.0,21671402000.0,23101949000.0,7086837000.0,17915757000.0,15678383000.0,24620828000.0,22447183000.0,21456516000.0,14476236000.0,54861106000.0,66698924000.0,76434148000.0,82741621000.0,81348373000.0,66416495000.0,42001694000.0,76737063000.0
root/LatinAmerica&Caribbean/Argentina,root/LatinAmerica&Caribbean,99368000.0,151134000.0,44458000.0,118209000.0,129007000.0,68596000.0,178724000.0,61360000.0,238159000.0,66250000.0,41773000.0,43319000.0,3314065000.0,33968000.0,0,150895000.0,247725000.0,525603000.0,610579000.0,892208000.0,856599000.0,415991000.0,1416370000.0,4357761000.0,4716426000.0,3705166000.0,10858933000.0,8890339000.0,11137024000.0,14168641000.0,7340398000.0,5605936000.0,0,172552000.0,1340113000.0,1864414000.0,3578347000.0,4747275000.0,998474000.0,1185175000.0,2666938000.0,1829142000.0,1711293000.0,2352038000.0,5871805000.0,1226622000.0,38627854000.0
root/LatinAmerica&Caribbean/Belize,root/LatinAmerica&Caribbean,0,0,0,0,0,0,0,0,0,0,0,0,0,0,0,0,0,0,0,0,0,0,0,0,0,0,0,0,0,0,74941000.0,3071000.0,138997000.0,97023000.0,66625000.0,106993000.0,15783000.0,441345000.0,2381000.0,1040000.0,0,0,18000000.0,13172000.0,0,0,0
root/LatinAmerica&Caribbean/Bolivia,root/LatinAmerica&Caribbean,310000.0,582000.0,583000.0,582000.0,892000.0,1084000.0,1133000.0,13821000.0,1243000.0,437000.0,892000.0,0,15273000.0,1784000.0,892000.0,892000.0,892000.0,892000.0,892000.0,0,0,0,0,0,24000.0,0,0,2621000.0,0,263000.0,0,0,0,0,0,0,0,9869000.0,0,9869000.0,0,0,500000000.0,500000000.0,0,0,0
root/LatinAmerica&Caribbean/Brazil,root/LatinAmerica&Caribbean,0,0,96450000.0,35855000.0,23100000.0,3722000.0,184033000.0,767263000.0,926862000.0,634967000.0,346003000.0,57085000.0,158667000.0,236966000.0,319954000.0,215045000.0,446504000.0,648237000.0,109001000.0,384196000.0,128978000.0,1187121000.0,2923057000.0,5380203000.0,1807062000.0,2636202000.0,5999187000.0,4086084000.0,1356740000.0,5834870000.0,8891744000.0,8384876000.0,1375442000.0,7783661000.0,4435766000.0,3580492000.0,8116129000.0,539520000.0,2587036000.0,17769769000.0,29391314000.0,26449159000.0,4986328000.0,2324210000.0,391428000.0,5442230000.0,7710443000.0
root/LatinAmerica&Caribbean/Colombia,root/LatinAmerica&Caribbean,2597000.0,4560000.0,1644000.0,42191000.0,3122000.0,2215000.0,1148000.0,2679000.0,2304000.0,11509000.0,3341000.0,1572000.0,6503000.0,2258000.0,3250000.0,498000.0,27396000.0,49653000.0,1465000.0,178645000.0,4163000.0,81237000.0,59558000.0,452920000.0,579323000.0,1019044000.0,1851651000.0,1068424000.0,1330859000.0,1234600000.0,1252326000.0,1980345000.0,678789000.0,275841000.0,928448000.0,573989000.0,990443000.0,211468000.0,13824000.0,6758517000.0,987105000.0,5068825000.0,4241965000.0,7069443000.0,6372101000.0,5414113000.0,3625176000.0
root/LatinAmerica&Caribbean/CostaRica,root/LatinAmerica&Caribbean,1021000.0,288000.0,177000.0,288000.0,9000.0,8000.0,20000.0,12000.0,19972000.0,450000.0,96951000.0,1966000.0,0,0,4847000.0,0,8388000.0,0,8113000.0,15769000.0,41597000.0,9572000.0,16995000.0,5220000.0,1319000.0,4105000.0,7278000.0,40221000.0,184127000.0,283243000.0,470446000.0,207522000.0,43662000.0,204442000.0,200756000.0,40994000.0,16000000.0,34509000.0,240355000.0,225000000.0,0,0,1000000000.0,2750000000.0,1040000000.0,1000000000.0,1000945000.0
root/LatinAmerica&Caribbean/Dominica,root/LatinAmerica&Caribbean,0,0,0,0,0,0,0,0,0,0,0,0,0,0,0,0,0,0,0,0,0,0,0,0,0,0,0,0,0,18703000.0,30519000.0,0,4704000.0,1000000.0,10516000.0,0,0,0,131000.0,1856000.0,37000.0,1809000.0,0,0,375000.0,81000.0,71000.0
root/LatinAmerica&Caribbean/DominicanRepublic,root/LatinAmerica&Caribbean,0,0,0,0,0,0,0,0,0,0,0,0,0,0,0,0,0,0,0,0,0,0,0,0,0,0,0,1913000.0,3827000.0,3827000.0,3826000.0,480227000.0,19771000.0,593764000.0,19770000.0,19770000.0,716406000.0,305192000.0,125214000.0,125215000.0,644556000.0,691545000.0,119377000.0,1236466000.0,1988350000.0,3700000000.0,1870000000.0
root/LatinAmerica&Caribbean/Ecuador,root/LatinAmerica&Caribbean,192000.0,204000.0,756000.0,242000.0,269000.0,265000.0,3832000.0,51996000.0,13412000.0,3169000.0,13969000.0,13969000.0,14777000.0,11368000.0,12489000.0,1840000.0,192000.0,0,0,0,0,0,0,0,0,456000.0,9538000.0,364344000.0,9552000.0,9552000.0,9552000.0,0,350000000.0,0,150000000.0,650000000.0,740000000.0,0,0,6076791000.0,5526000.0,0,0,0,2000000000.0,650000000.0,2750000000.0
root/LatinAmerica&Caribbean/ElSalvador,root/LatinAmerica&Caribbean,0,0,2908000.0,0,192000.0,192000.0,3473000.0,2000000.0,0,0,0,0,24894000.0,12823000.0,8968000.0,9443000.0,9339000.0,9970000.0,0,0,0,0,0,0,0,0,0,0,0,150000000.0,31800000.0,355600000.0,996400000.0,327700000.0,204065000.0,342500000.0,504308000.0,30100000.0,200000.0,200000.0,200000.0,219400000.0,37800000.0,200000.0,799800000.0,200000.0,200000.0
root/LatinAmerica&Caribbean/Grenada,root/LatinAmerica&Caribbean,5563000.0,567000.0,0,0,0,0,627000.0,0,514000.0,0,556000.0,0,0,2060000.0,0,0,0,0,0,0,0,0,0,0,0,0,0,0,0,0,26600000.0,0,103000000.0,237000.0,41500000.0,0,0,0,0,0,0,0,0,0,0,0,398000.0
root/LatinAmerica&Caribbean/Guatemala,root/LatinAmerica&Caribbean,8397000.0,6415000.0,6754000.0,80000.0,81000.0,74000.0,0,396000.0,0,0,0,0,0,0,0,10000000.0,10148000.0,22039000.0,69074000.0,8401000.0,10751000.0,14130000.0,17955000.0,13732000.0,75178000.0,44067000.0,32503000.0,106034000.0,30576000.0,30576000.0,30576000.0,294424000.0,32053000.0,268174000.0,378836000.0,336000.0,0,150000000.0,5000000.0,50000000.0,0,175000000.0,900000000.0,400000000.0,800000000.0,5000000.0,1050000000.0
root/LatinAmerica&Caribbean/Guyana,root/LatinAmerica&Caribbean,0,0,0,1986000.0,0,0,0,0,0,0,0,4238000.0,0,0,0,0,0,0,0,5805000.0,785000.0,0,776000.0,2000000.0,0,0,0,0,0,0,0,0,0,0,0,0,201000.0,0,0,0,0,0,0,12000.0,0,0,0
root/LatinAmerica&Caribbean/Honduras,root/LatinAmerica&Caribbean,0,0,0,0,0,0,0,0,0,0,0,0,0,0,0,0,0,0,0,0,0,0,0,152000000.0,0,13410000.0,12831000.0,30200000.0,31500000.0,0,0,0,0,0,0,0,0,0,0,50000000.0,0,0,0,1001231000.0,0,0,51000.0
root/LatinAmerica&Caribbean/Jamaica,root/LatinAmerica&Caribbean,1545000.0,4636000.0,8252000.0,9583000.0,1153000.0,4064000.0,9061000.0,3286000.0,16228000.0,9664000.0,8598000.0,1179000.0,7404000.0,40000.0,4188000.0,0,94000.0,0,0,0,0,0,0,0,67500000.0,12500000.0,52493000.0,0,250000000.0,64993000.0,485304000.0,818734000.0,69998000.0,176167000.0,641238000.0,918798000.0,880000000.0,1796333000.0,212204000.0,740078000.0,1006884000.0,256085000.0,997508000.0,952381000.0,561551000.0,16440000.0,88844000.0
root/LatinAmerica&Caribbean/Mexico,root/LatinAmerica&Caribbean,15713000.0,11724000.0,2571000.0,105711000.0,40482000.0,141925000.0,301598000.0,1079465000.0,623758000.0,15906000.0,112252000.0,1373766000.0,993096000.0,435791000.0,453579000.0,476817000.0,553717000.0,748669000.0,1129799000.0,259248000.0,661044000.0,1943071000.0,819130000.0,8931892000.0,7582145000.0,3757703000.0,11444132000.0,473049000.0,2428112000.0,5692013000.0,2093604000.0,4074652000.0,1445352000.0,5079040000.0,3140400000.0,7576191000.0,4453950000.0,10751776000.0,5229653000.0,12715974000.0,27843205000.0,34187315000.0,61745471000.0,54948395000.0,38481480000.0,16804017000.0,15654441000.0
root/LatinAmerica&Caribbean/Nicaragua,root/LatinAmerica&Caribbean,0,0,0,10000000.0,0,0,0,850000.0,850000.0,0,0,0,0,0,0,0,0,0,0,0,0,0,0,0,0,0,8008000.0,0,0,0,0,0,0,0,0,0,0,0,0,0,0,0,0,0,0,0,0
root/LatinAmerica&Caribbean/Panama,root/LatinAmerica&Caribbean,653000.0,682000.0,19291000.0,1242000.0,20274000.0,805000.0,13060000.0,23733000.0,211934000.0,104746000.0,15694000.0,5920000.0,45082000.0,35860000.0,17456000.0,20009000.0,26871000.0,2966000.0,8397000.0,1460000.0,1524000.0,1591000.0,1657000.0,1279000.0,761000.0,464000.0,74616000.0,463815000.0,218376000.0,401233000.0,249402000.0,663730000.0,12816000.0,132451000.0,154896000.0,384864000.0,785652000.0,479989000.0,506654000.0,1323000000.0,150000000.0,551911000.0,58886000.0,936402000.0,1998766000.0,1321203000.0,1454178000.0
root/LatinAmerica&Caribbean/Paraguay,root/LatinAmerica&Caribbean,0,0,0,0,0,0,0,0,0,0,0,0,0,0,0,0,0,0,0,0,0,0,0,0,0,0,0,0,0,0,0,0,0,0,0,0,0,0,0,0,0,0,500000000.0,500000000.0,1300000000.0,280000000.0,600000000.0
root/LatinAmerica&Caribbean/Peru,root/LatinAmerica&Caribbean,6591000.0,6719000.0,2644000.0,2738000.0,2851000.0,2933000.0,686000.0,1116000.0,255000.0,329000.0,278000.0,316000.0,312000.0,288000.0,86000.0,14000.0,15000.0,15000.0,0,0,0,0,766000.0,0,60000000.0,0,0,802260000.0,0,255403000.0,0,0,719457000.0,1205554000.0,1241478000.0,2640323000.0,1202323000.0,1003247000.0,1488346000.0,2828200000.0,1764045000.0,978474000.0,3547853000.0,4820000000.0,3311806000.0,4922484000.0,458480000.0
root/LatinAmerica&Caribbean/StKittsandNevis,root/LatinAmerica&Caribbean,0,0,0,0,0,0,0,0,0,0,0,0,0,0,0,0,0,0,0,0,0,0,0,0,0,0,0,0,0,0,0,0,0,19066000.0,0,0,0,0,0,0,5000000.0,0,0,0,0,0,0
root/LatinAmerica&Caribbean/StLucia,root/LatinAmerica&Caribbean,0,0,0,0,0,0,0,0,0,0,0,0,0,0,0,0,0,0,0,0,0,0,0,0,0,0,0,0,0,0,23518000.0,7407000.0,30000000.0,15000000.0,309000.0,4680000.0,1589000.0,11890000.0,11890000.0,8496000.0,11891000.0,11891000.0,11891000.0,4900000.0,1033000.0,26147000.0,925000.0
root/LatinAmerica&Caribbean/StVincentandtheGrenadines,root/LatinAmerica&Caribbean,360000.0,0,0,0,0,0,0,0,0,223000.0,0,0,406000.0,114000.0,0,0,0,0,223000.0,0,0,0,0,19000.0,0,0,0,0,0,0,0,0,0,0,0,0,0,0,0,0,0,0,0,0,0,0,0
root/LatinAmerica&Caribbean/VenezuelaRB,root/LatinAmerica&Caribbean,1000000.0,990000.0,38800000.0,1350000.0,2967000.0,10133000.0,8775000.0,419521000.0,501473000.0,10363000.0,262572000.0,169691000.0,108146000.0,32788000.0,262993000.0,64669000.0,126464000.0,167886000.0,107704000.0,97332000.0,345423000.0,490417000.0,878426000.0,1124817000.0,295281000.0,467805000.0,50512000.0,3494129000.0,1407848000.0,175728000.0,656846000.0,225425000.0,1066396000.0,1564085000.0,2723667000.0,5916484000.0,446052000.0,944003000.0,3054874000.0,4991926000.0,2222223000.0,6013592000.0,2365249000.0,1539523000.0,1498000000.0,1193157000.0,1845057000.0
root/MiddleEast&NorthAfrica,root,8274000.0,2177000.0,58768000.0,44729000.0,2865000.0,95129000.0,38884000.0,145700000.0,215942000.0,147804000.0,50542000.0,53529000.0,116056000.0,163382000.0,71975000.0,460530000.0,88062000.0,20438000.0,361543000.0,248623000.0,76255000.0,59914000.0,133224000.0,662954000.0,844522000.0,1216398000.0,896208000.0,1315469000.0,1359862000.0,1510028000.0,2107131000.0,4491908000.0,5316391000.0,1622305000.0,3064637000.0,2608765000.0,884157000.0,741505000.0,821825000.0,701174000.0,3958145000.0,1980696000.0,5876375000.0,8236252000.0,6205238000.0,4081413000.0,3849749000.0
root/MiddleEast&NorthAfrica/Algeria,root/MiddleEast&NorthAfrica,5037000.0,0,2269000.0,42154000.0,460000.0,62070000.0,0,64768000.0,117463000.0,87015000.0,15286000.0,30535000.0,56403000.0,32840000.0,14631000.0,429155000.0,65022000.0,8272000.0,349670000.0,192185000.0,15460000.0,4094000.0,129389000.0,662954000.0,444522000.0,278103000.0,0,0,0,0,0,0,0,0,0,0,0,0,0,0,0,0,0,0,0,0,0
root/MiddleEast&NorthAfrica/EgyptArabRep,root/MiddleEast&NorthAfrica,0,0,53000000.0,0,0,7000000.0,7000000.0,45000000.0,56700000.0,4200000.0,25800000.0,9200000.0,22200000.0,40834000.0,40834000.0,9766000.0,6000000.0,750000.0,750000.0,50750000.0,750000.0,0,0,0,0,0,0,0,0,100000000.0,0,1500000000.0,0,0,100000000.0,1250000000.0,0,642660000.0,0,0,1500000000.0,583300000.0,0,3100000000.0,2500000000.0,0,1250000000.0
root/MiddleEast&NorthAfrica/Jordan,root/MiddleEast&NorthAfrica,0,0,0,0,0,0,0,0,0,0,0,0,0,0,0,0,0,0,0,0,0,55820000.0,3835000.0,0,0,0,4930000.0,9862000.0,9862000.0,9204000.0,9862000.0,9862000.0,9862000.0,466554000.0,9862000.0,135138000.0,0,0,0,0,735500000.0,14500000.0,14500000.0,2385500000.0,985500000.0,1235500000.0,985500000.0
root/MiddleEast&NorthAfrica/Lebanon,root/MiddleEast&NorthAfrica,0,0,0,0,0,0,0,0,0,0,0,0,0,0,0,0,0,0,0,0,0,0,0,0,400000000.0,350000000.0,460000000.0,719370000.0,1350000000.0,1126090000.0,1696005000.0,2500000000.0,4625870000.0,107732000.0,2632377000.0,1070322000.0,834260000.0,93843000.0,233139000.0,387795000.0,395751000.0,568725000.0,3713660000.0,1782468000.0,369265000.0,1845913000.0,1114249000.0
root/MiddleEast&NorthAfrica/Morocco,root/MiddleEast&NorthAfrica,3018000.0,1951000.0,3243000.0,2266000.0,2165000.0,25775000.0,2228000.0,34375000.0,34571000.0,50163000.0,2065000.0,6951000.0,35865000.0,29091000.0,15593000.0,20965000.0,16385000.0,10974000.0,10833000.0,5593000.0,45000.0,0,0,0,0,0,293293000.0,0,0,34701000.0,29997000.0,29075000.0,30659000.0,415621000.0,40361000.0,40516000.0,0,0,588686000.0,0,1326894000.0,0,1500000000.0,750000000.0,1850000000.0,0,0
root/MiddleEast&NorthAfrica/Tunisia,root/MiddleEast&NorthAfrica,219000.0,226000.0,256000.0,309000.0,240000.0,284000.0,29656000.0,1557000.0,7208000.0,6426000.0,7391000.0,6843000.0,1588000.0,60617000.0,917000.0,644000.0,655000.0,442000.0,290000.0,95000.0,60000000.0,0,0,0,0,588295000.0,137985000.0,586237000.0,0,240033000.0,371267000.0,452971000.0,650000000.0,632398000.0,282037000.0,112789000.0,49897000.0,5002000.0,0,313379000.0,0,814171000.0,648215000.0,218284000.0,500473000.0,1000000000.0,500000000.0
root/SouthAsia,root,3375000.0,0,0,0,0,11109000.0,0,0,0,0,0,0,9500000.0,18708000.0,234300000.0,305970000.0,271179000.0,107638000.0,675249000.0,687832000.0,137060000.0,1387225000.0,204092000.0,456431000.0,224680000.0,292778000.0,346482000.0,2294209000.0,4190555000.0,1193034000.0,5534814000.0,446949000.0,710739000.0,3653647000.0,3871532000.0,5031367000.0,6396601000.0,10709642000.0,1818880000.0,2871617000.0,12538667000.0,1277730000.0,5507028000.0,3365998000.0,32421312000.0,12722606000.0,5853733000.0
root/SouthAsia/India,root/SouthAsia,0,0,0,0,0,0,0,0,0,0,0,0,9500000.0,18708000.0,234300000.0,305970000.0,271179000.0,107638000.0,675249000.0,687832000.0,137060000.0,1387225000.0,204092000.0,456431000.0,29680000.0,292778000.0,186482000.0,1869209000.0,4125555000.0,1118034000.0,5484814000.0,401949000.0,532739000.0,3533647000.0,3488198000.0,3939701000.0,5346601000.0,9459642000.0,1753880000.0,1971617000.0,10338667000.0,277730000.0,4465028000.0,1716998000.0,27437075000.0,10705332000.0,3796440000.0
root/SouthAsia/Pakistan,root/SouthAsia,0,0,0,0,0,0,0,0,0,0,0,0,0,0,0,0,0,0,0,0,0,0,0,0,195000000.0,0,160000000.0,375000000.0,0,75000000.0,0,45000000.0,178000000.0,120000000.0,283334000.0,1091666000.0,1050000000.0,750000000.0,0,500000000.0,1200000000.0,0,0,238000000.0,3000000000.0,500000000.0,500000000.0
root/SouthAsia/SriLanka,root/SouthAsia,3375000.0,0,0,0,0,11109000.0,0,0,0,0,0,0,0,0,0,0,0,0,0,0,0,0,0,0,0,0,0,50000000.0,65000000.0,0,50000000.0,0,0,0,100000000.0,0,0,500000000.0,65000000.0,400000000.0,1000000000.0,1000000000.0,1042000000.0,1411000000.0,1984237000.0,1517274000.0,1557293000.0
root/Sub-SaharanAfrica,root,33286000.0,13284000.0,36011000.0,22474000.0,17814000.0,12684000.0,9565000.0,13123000.0,306637000.0,100601000.0,39090000.0,37618000.0,41810000.0,18407000.0,14669000.0,29528000.0,29237000.0,31856000.0,58905000.0,44134000.0,31125000.0,27387000.0,51912000.0,30046000.0,1533261000.0,910935000.0,646524000.0,6174585000.0,355907000.0,1328653000.0,1366675000.0,1938000000.0,2435000000.0,885443000.0,539021000.0,1103903000.0,1940114000.0,8558238000.0,2439930000.0,2126928000.0,2336769000.0,8771614000.0,4455202000.0,5364433000.0,10284916000.0,8583631000.0,4100283000.0
root/Sub-SaharanAfrica/Angola,root/Sub-SaharanAfrica,0,0,0,0,0,0,0,0,0,0,0,0,0,0,0,0,0,0,0,0,0,0,0,0,0,0,0,0,0,0,0,0,0,0,0,0,0,0,0,0,0,10000000.0,990000000.0,0,0,1500000000.0,0
root/Sub-SaharanAfrica/Benin,root/Sub-SaharanAfrica,4000.0,3000.0,4000.0,6000.0,4000.0,4000.0,4000.0,3000.0,3000.0,2000.0,7000.0,0,0,0,0,0,0,0,0,0,0,0,0,0,0,0,0,0,0,0,0,0,0,0,0,0,0,0,0,0,0,0,0,0,0,0,0
root/Sub-SaharanAfrica/Botswana,root/Sub-SaharanAfrica,2646000.0,0,0,0,0,2720000.0,2721000.0,0,0,0,0,0,0,0,0,0,0,0,836000.0,0,0,0,0,0,0,0,0,0,0,0,0,0,0,0,0,0,0,0,0,0,0,0,79689000.0,0,0,79689000.0,0
root/Sub-SaharanAfrica/BurkinaFaso,root/Sub-SaharanAfrica,3000.0,0,1000.0,1000.0,1000.0,3000.0,2000.0,1000.0,1000.0,1000.0,1000.0,1000.0,0,0,0,0,0,0,0,0,0,0,0,0,0,0,0,0,0,0,0,0,0,0,0,0,0,0,0,0,0,0,0,0,0,0,0
root/Sub-SaharanAfrica/Cameroon,root/Sub-SaharanAfrica,5000.0,5000.0,5000.0,5000.0,4000.0,4000.0,4000.0,5000.0,5000.0,28000.0,0,0,0,0,0,0,0,0,0,0,0,0,0,0,0,0,0,0,0,0,0,0,0,0,0,0,0,0,0,0,0,0,0,0,0,750000000.0,63438000.0
root/Sub-SaharanAfrica/CongoDemRep,root/Sub-SaharanAfrica,37000.0,41000.0,48000.0,58000.0,125000.0,0,0,0,0,0,0,0,0,0,73000.0,421000.0,0,0,430000.0,280000.0,180000.0,187000.0,0,0,0,0,0,0,0,0,0,0,0,0,0,770000.0,0,0,0,0,0,0,0,0,0,0,0
root/Sub-SaharanAfrica/CongoRep,root/Sub-SaharanAfrica,0,0,0,0,0,0,0,0,0,0,0,0,0,0,0,0,0,0,0,0,0,0,0,0,0,0,0,0,0,0,0,0,0,0,0,0,0,0,23890000.0,0,0,0,4539000.0,13617000.0,18156000.0,18156000.0,22695000.0
root/Sub-SaharanAfrica/CotedIvoire,root/Sub-SaharanAfrica,3483000.0,1519000.0,3289000.0,6032000.0,2297000.0,523000.0,1377000.0,1795000.0,1622000.0,2988000.0,468000.0,2828000.0,1222000.0,1131000.0,612000.0,332000.0,0,2697000.0,694000.0,596000.0,826000.0,0,0,0,0,0,0,0,22816000.0,45632000.0,45632000.0,0,0,0,0,0,0,0,0,0,0,0,0,0,753036000.0,1000000000.0,0
root/Sub-SaharanAfrica/Ethiopia,root/Sub-SaharanAfrica,0,0,0,0,0,0,0,0,0,0,0,0,0,0,0,0,0,0,0,0,0,0,0,0,0,0,0,0,0,0,0,0,0,0,0,0,0,0,0,0,0,0,0,0,1000000000.0,0,0
root/Sub-SaharanAfrica/Gabon,root/Sub-SaharanAfrica,3501000.0,565000.0,637000.0,763000.0,743000.0,988000.0,743000.0,861000.0,514000.0,544000.0,640000.0,537000.0,266000.0,249000.0,235000.0,249000.0,0,0,0,0,0,0,0,0,0,0,0,0,0,0,0,0,0,0,0,0,0,1000000000.0,0,0,22500000.0,0,4000000.0,843484000.0,0,500000000.0,0
root/Sub-SaharanAfrica/Ghana,root/Sub-SaharanAfrica,0,0,0,0,0,0,0,0,0,0,0,0,0,0,0,0,0,0,0,0,0,0,0,0,0,0,250000000.0,0,0,0,0,0,0,250000000.0,0,0,0,750000000.0,0,0,0,0,0,780510000.0,1253189000.0,1000000000.0,418503000.0
root/Sub-SaharanAfrica/Guinea,root/Sub-SaharanAfrica,0,0,0,0,0,0,0,0,0,0,0,0,0,0,0,0,0,0,0,0,0,0,0,0,0,0,0,0,0,0,0,0,0,0,180279000.0,12458000.0,12556000.0,13706000.0,14717000.0,13928000.0,13269000.0,13797000.0,12744000.0,13428000.0,12871000.0,11092000.0,11065000.0
root/Sub-SaharanAfrica/Kenya,root/Sub-SaharanAfrica,10017000.0,8675000.0,108000.0,113000.0,108000.0,2431000.0,3287000.0,0,35885000.0,0,0,0,7396000.0,0,0,0,0,0,0,0,0,0,0,0,0,0,0,0,0,0,0,0,0,0,0,0,0,0,0,0,0,0,0,0,2750000000.0,0,0
root/Sub-SaharanAfrica/Madagascar,root/Sub-SaharanAfrica,0,0,0,0,0,0,0,0,0,0,0,0,0,0,0,0,0,0,0,0,0,0,0,0,0,0,0,0,0,0,0,0,0,0,0,0,0,0,0,0,0,0,0,0,2527000.0,1241000.0,827000.0
root/Sub-SaharanAfrica/Malawi,root/Sub-SaharanAfrica,788000.0,986000.0,792000.0,631000.0,2007000.0,1376000.0,887000.0,324000.0,3727000.0,1146000.0,735000.0,1273000.0,0,0,0,0,0,0,0,0,0,0,0,0,0,0,0,0,0,0,0,0,0,0,0,0,0,0,0,0,0,0,0,0,0,0,0
root/Sub-SaharanAfrica/Mauritania,root/Sub-SaharanAfrica,0,0,1000.0,0,0,0,1000.0,0,0,0,1000.0,0,0,0,0,0,0,0,0,0,0,0,0,0,0,0,0,0,0,0,0,0,0,0,0,0,0,0,0,0,0,0,0,0,0,0,0
root/Sub-SaharanAfrica/Mauritius,root/Sub-SaharanAfrica,0,0,0,0,0,2906000.0,0,2646000.0,0,0,0,0,0,0,0,0,0,0,0,0,0,0,0,0,0,150000000.0,0,0,0,0,150000000.0,0,0,0,0,0,0,0,0,0,0,0,0,0,0,0,0
root/Sub-SaharanAfrica/Mozambique,root/Sub-SaharanAfrica,0,0,0,0,0,0,0,0,0,0,0,0,0,0,0,0,0,0,0,0,0,0,0,0,0,0,0,0,0,0,0,0,0,0,0,0,0,0,0,0,0,0,0,850000000.0,0,0,0
root/Sub-SaharanAfrica/Niger,root/Sub-SaharanAfrica,1000.0,1000.0,0,1000.0,4000.0,1000.0,1000.0,0,0,1000.0,0,0,0,0,0,0,0,0,0,0,0,0,0,0,0,0,0,0,0,0,0,0,0,0,0,0,0,0,0,0,0,0,0,0,0,0,0
root/Sub-SaharanAfrica/Nigeria,root/Sub-SaharanAfrica,0,0,3127000.0,0,0,0,0,5237000.0,0,0,0,0,0,0,0,0,0,0,0,0,0,0,0,0,0,0,0,0,0,0,0,0,452000000.0,0,0,0,1441793000.0,0,0,0,0,1000000000.0,350000000.0,1775000000.0,2350000000.0,800000000.0,667312000.0
root/Sub-SaharanAfrica/Rwanda,root/Sub-SaharanAfrica,0,0,847000.0,0,0,95000.0,75000.0,70000.0,243000.0,123000.0,0,0,0,0,0,0,0,0,0,0,0,0,0,0,0,0,0,0,0,0,0,0,0,0,0,0,0,0,0,0,0,0,0,400000000.0,0,0,0
root/Sub-SaharanAfrica/Senegal,root/Sub-SaharanAfrica,16000.0,27000.0,5931000.0,267000.0,264000.0,315000.0,301000.0,315000.0,370000.0,420000.0,457000.0,354000.0,292000.0,315000.0,1000.0,1000.0,1210000.0,550000.0,0,0,0,0,0,0,0,0,0,0,0,0,0,0,0,0,0,0,0,0,0,200000000.0,0,500000000.0,0,0,489772000.0,0,0
root/Sub-SaharanAfrica/SierraLeone,root/Sub-SaharanAfrica,4725000.0,0,0,0,0,0,0,0,0,0,0,0,0,0,0,0,0,0,0,0,0,0,0,0,0,0,0,0,0,0,0,0,0,0,0,0,0,0,0,0,0,0,0,0,0,0,0
root/Sub-SaharanAfrica/SouthAfrica,root/Sub-SaharanAfrica,0,0,0,0,0,0,0,0,0,0,0,0,0,0,0,0,0,0,0,0,0,0,0,0,1503217000.0,730889000.0,366480000.0,6144539000.0,303047000.0,1252974000.0,1171043000.0,1938000000.0,1983000000.0,635443000.0,358742000.0,1090675000.0,485765000.0,6794532000.0,2401323000.0,1913000000.0,2301000000.0,7247817000.0,2261000000.0,512387000.0,533705000.0,1619786000.0,2831281000.0
root/Sub-SaharanAfrica/Sudan,root/Sub-SaharanAfrica,751000.0,736000.0,483000.0,142000.0,0,0,0,0,0,0,0,0,0,0,0,0,0,0,0,0,0,0,0,0,0,0,0,0,0,0,0,0,0,0,0,0,0,0,0,0,0,0,0,0,0,0,0
root/Sub-SaharanAfrica/Togo,root/Sub-SaharanAfrica,5000.0,5000.0,7000.0,5000.0,4000.0,4000.0,4000.0,3000.0,1000.0,0,0,0,0,0,0,0,0,0,0,0,0,0,0,0,0,0,0,0,0,0,0,0,0,0,0,0,0,0,0,0,0,0,0,0,0,0,0
root/Sub-SaharanAfrica/Uganda,root/Sub-SaharanAfrica,0,0,0,9637000.0,0,0,0,0,0,0,0,0,0,0,0,0,3842000.0,0,0,0,0,0,0,0,0,0,0,0,0,0,0,0,0,0,0,0,0,0,0,0,0,0,3230000.0,176007000.0,121660000.0,53667000.0,85162000.0
root/Sub-SaharanAfrica/Zambia,root/Sub-SaharanAfrica,7052000.0,205000.0,20260000.0,3434000.0,12037000.0,1141000.0,0,1727000.0,426000.0,3330000.0,3200000.0,2255000.0,0,0,0,0,0,0,0,0,0,0,0,0,0,0,0,0,0,0,0,0,0,0,0,0,0,0,0,0,0,0,750000000.0,0,1000000000.0,1250000000.0,0
root/Sub-SaharanAfrica/Zimbabwe,root/Sub-SaharanAfrica,252000.0,516000.0,471000.0,1379000.0,216000.0,173000.0,158000.0,136000.0,263840000.0,92018000.0,33581000.0,30370000.0,32634000.0,16712000.0,13748000.0,28525000.0,24185000.0,28609000.0,56945000.0,43258000.0,30119000.0,27200000.0,51912000.0,30046000.0,30044000.0,30046000.0,30044000.0,30046000.0,30044000.0,30047000.0,0,0,0,0,0,0,0,0,0,0,0,0,0,0,0,0,0
