root/EastAsia&PacificCambodia,root,0,0,0,0,0,0,0,0,0,0,0,0,0,0,0,0,0,0,0,0,0,0,11153000.0,6390000.0,0,0,0,0,1414000.0,1425000.0,1374000.0,1327000.0,1349000.0,1458000.0,0,0,0,0,0,0,0,0,0,0,0,0,0
root/EastAsia&PacificChina,root,0,0,0,0,0,0,0,0,0,0,0,530934000.0,0,481106000.0,0,0,701230000.0,0,0,0,405748000.0,409008000.0,0,0,0,0,0,0,0,0,0,0,0,0,0,0,0,0,0,0,0,0,0,0,0,0,0
root/EastAsia&PacificFiji,root,0,0,0,0,3175000.0,4360000.0,0,9823000.0,0,0,8500000.0,0,14900000.0,0,0,320000.0,7920000.0,2211000.0,2394000.0,3045000.0,806000.0,0,0,0,0,0,0,0,0,0,0,0,0,0,0,0,0,0,0,0,0,0,0,0,0,0,0
root/EastAsia&PacificIndonesia,root,34840000.0,13130000.0,19814000.0,104884000.0,45438000.0,40831000.0,0,75900000.0,0,0,0,0,0,454000000.0,3700000.0,385320000.0,0,606318000.0,56407000.0,0,157113000.0,316750000.0,163012000.0,0,0,0,0,3029424000.0,5772204000.0,1382434000.0,1122671000.0,1357460000.0,949915000.0,555300000.0,1004916000.0,1144655000.0,8037122000.0,0,0,0,0,0,0,0,0,0,0
root/EastAsia&PacificMalaysia,root,0,11696000.0,0,8645000.0,0,0,107369000.0,100133000.0,0,0,0,223700000.0,64600000.0,71400000.0,53500000.0,158030000.0,125780000.0,0,0,0,0,0,0,0,0,0,0,0,0,0,0,0,0,0,0,0,0,0,0,0,0,0,0,0,0,0,0
root/EastAsia&PacificMongolia,root,0,0,0,0,0,0,0,0,0,0,0,0,0,0,0,0,0,0,0,0,0,0,3522000.0,0,0,9483000.0,9981000.0,860000.0,0,0,0,0,0,0,0,0,0,0,0,165524000.0,23393000.0,0,32200000.0,90621000.0,61140000.0,2681000.0,0
root/EastAsia&PacificMyanmar,root,0,1537000.0,11008000.0,26540000.0,5454000.0,7171000.0,6913000.0,53567000.0,32586000.0,8033000.0,9086000.0,14531000.0,10091000.0,15213000.0,14816000.0,28889000.0,46691000.0,47067000.0,20559000.0,5792000.0,1731000.0,0,0,0,0,0,0,0,0,0,0,0,0,0,0,0,0,0,0,0,0,0,0,0,0,0,0
root/EastAsia&PacificPapuaNewGuinea,root,0,0,0,0,0,0,28725000.0,0,12500000.0,9800000.0,6500000.0,47400000.0,0,0,29000000.0,6700000.0,11850000.0,0,0,0,58155000.0,0,0,14954000.0,30672000.0,34337000.0,2904000.0,0,4057000.0,22794000.0,18736000.0,70854000.0,0,5245000.0,59887000.0,61134000.0,0,0,0,0,0,0,0,0,0,0,0
root/EastAsia&PacificPhilippines,root,25000000.0,21066000.0,5972000.0,22656000.0,10151000.0,117636000.0,212300000.0,81700000.0,24200000.0,83100000.0,249500000.0,181845000.0,74700000.0,153900000.0,139700000.0,158370000.0,1190000.0,153475000.0,66774000.0,125687000.0,338968000.0,162499000.0,57894000.0,112575000.0,217929000.0,362747000.0,301299000.0,484215000.0,651447000.0,292314000.0,305332000.0,7744000.0,405259000.0,607629000.0,472520000.0,317439000.0,400316000.0,0,0,0,0,0,0,0,0,0,0
root/EastAsia&PacificSamoa,root,0,0,0,0,0,1967000.0,660000.0,280000.0,874000.0,610000.0,500000.0,2200000.0,800000.0,2000000.0,2700000.0,320000.0,1510000.0,2757000.0,3506000.0,1824000.0,787000.0,578000.0,223000.0,0,0,0,0,0,0,0,0,0,0,0,0,0,0,0,0,0,0,0,0,0,0,0,0
root/EastAsia&PacificThailand,root,0,0,11000.0,0,0,0,77385000.0,0,126765000.0,58463000.0,21900000.0,546600000.0,33100000.0,246200000.0,60800000.0,123390000.0,141770000.0,212883000.0,230024000.0,347904000.0,275422000.0,0,0,0,0,0,0,2476962000.0,678389000.0,273479000.0,197851000.0,1289006000.0,1359611000.0,402155000.0,0,0,0,0,0,0,0,0,0,0,0,0,0
root/EastAsia&PacificVanuatu,root,0,0,0,0,0,0,0,0,0,0,0,0,0,0,0,0,0,0,0,0,0,0,0,0,0,0,0,0,0,0,0,0,0,0,0,0,0,0,0,0,0,0,0,0,0,11893000.0,0
root/EastAsia&PacificVietnam,root,0,0,0,0,0,0,0,0,0,0,0,0,0,0,0,0,0,0,0,0,0,0,0,61560000.0,86611000.0,0,0,54039000.0,77906000.0,26195000.0,5312000.0,5127000.0,5214000.0,5633000.0,1492000.0,0,0,0,0,0,0,0,0,0,0,0,0
root/Europe&CentralAsiaAlbania,root,0,0,0,0,0,0,0,0,0,0,0,0,0,0,0,0,0,0,0,0,0,0,13647000.0,4801000.0,0,1185000.0,8280000.0,4189000.0,1165000.0,0,0,5618000.0,5714000.0,0,0,0,3583000.0,3728000.0,3849000.0,1879000.0,154000.0,799000.0,1395000.0,2012000.0,69404000.0,104318000.0,158107000.0
root/Europe&CentralAsiaArmenia,root,0,0,0,0,0,0,0,0,0,0,0,0,0,0,0,0,0,0,0,0,0,0,0,0,24166000.0,46086000.0,0,0,573000.0,13076000.0,15766000.0,7161000.0,7284000.0,9835000.0,8336000.0,2077000.0,0,0,0,465737000.0,127392000.0,55187000.0,78287000.0,214717000.0,101707000.0,2255000.0,25264000.0
root/Europe&CentralAsiaAzerbaijan,root,0,0,0,0,0,0,0,0,0,0,0,0,0,0,0,0,0,0,0,0,0,0,0,0,0,102960000.0,78135000.0,28169000.0,21424000.0,77793000.0,51441000.0,39317000.0,46345000.0,63319000.0,38033000.0,23912000.0,13056000.0,11195000.0,6246000.0,2935000.0,0,0,0,0,0,0,0
root/Europe&CentralAsiaBelarus,root,0,0,0,0,0,0,0,0,0,0,0,0,0,0,0,0,0,0,0,0,0,0,0,97887000.0,0,182220000.0,0,0,24331000.0,58148000.0,55553000.0,29748000.0,30257000.0,32686000.0,17314000.0,8631000.0,0,0,0,2825192000.0,668250000.0,0,463858000.0,1647564000.0,1262724000.0,76589000.0,0
root/Europe&CentralAsiaBosniaandHerzegovina,root,0,0,0,0,0,0,0,0,0,0,0,0,0,0,0,0,0,0,0,0,0,0,0,0,0,0,0,0,0,18979000.0,15841000.0,10096000.0,18179000.0,17175000.0,29787000.0,39405000.0,43922000.0,18371000.0,2371000.0,281704000.0,237389000.0,0,120114000.0,41274000.0,98915000.0,53824000.0,5876000.0
root/Europe&CentralAsiaBulgaria,root,0,0,0,0,0,0,0,0,0,0,0,0,0,0,0,0,0,0,0,0,0,395818000.0,196748000.0,43288000.0,264232000.0,246234000.0,108698000.0,400127000.0,127869000.0,162008000.0,137017000.0,167572000.0,144049000.0,38333000.0,55133000.0,443379000.0,346075000.0,346951000.0,0,0,0,0,0,0,0,0,0
root/Europe&CentralAsiaGeorgia,root,0,0,0,0,0,0,0,0,0,0,0,0,0,0,0,0,0,0,0,0,0,0,0,0,39740000.0,75786000.0,0,0,942000.0,21502000.0,25926000.0,11776000.0,11978000.0,16174000.0,13709000.0,3417000.0,0,0,255608000.0,340580000.0,296946000.0,31871000.0,213860000.0,353173000.0,104150000.0,51523000.0,0
root/Europe&CentralAsiaKazakhstan,root,0,0,0,0,0,0,0,0,0,0,0,0,0,0,0,0,0,0,0,0,0,0,0,86402000.0,194940000.0,140830000.0,134697000.0,6386000.0,114921000.0,175732000.0,442059000.0,0,0,0,0,0,0,0,0,0,0,0,0,0,0,0,0
root/Europe&CentralAsiaKosovo,root,0,0,0,0,0,0,0,0,0,0,0,0,0,0,0,0,0,0,0,0,0,0,0,0,0,0,0,0,0,0,0,0,0,0,0,0,0,0,0,0,28626000.0,0,119481000.0,3577000.0,14251000.0,21146000.0,15301000.0
root/Europe&CentralAsiaKyrgyzRepublic,root,0,0,0,0,0,0,0,0,0,0,0,0,0,0,0,0,0,0,0,0,0,0,0,61246000.0,0,0,3863000.0,9838000.0,11558000.0,7350000.0,7090000.0,6843000.0,6960000.0,5639000.0,0,0,0,0,0,0,0,0,0,0,0,0,0
root/Europe&CentralAsiaMacedoniaFYR,root,0,0,0,0,0,0,0,0,0,0,0,0,0,0,0,0,0,0,0,0,0,0,0,6657000.0,16064000.0,36506000.0,13515000.0,407000.0,2250000.0,1887000.0,17820000.0,7617000.0,7583000.0,1367000.0,397000.0,12823000.0,1017000.0,46187000.0,0,0,0,310623000.0,0,0,112241000.0,172267000.0,0
root/Europe&CentralAsiaMoldova,root,0,0,0,0,0,0,0,0,0,0,0,0,0,0,0,0,0,0,0,0,0,0,0,87973000.0,70815000.0,64331000.0,25315000.0,601000.0,63998000.0,2922000.0,24574000.0,14322000.0,17804000.0,22147000.0,21612000.0,21544000.0,20079000.0,16584000.0,16467000.0,6428000.0,61037000.0,63071000.0,105586000.0,0,2533000.0,10493000.0,1686000.0
root/Europe&CentralAsiaRomania,root,0,0,0,113278000.0,0,48580000.0,173175000.0,37947000.0,19876000.0,11392000.0,53800000.0,251200000.0,291100000.0,131500000.0,52400000.0,175550000.0,233840000.0,295994000.0,336916000.0,137055000.0,0,774324000.0,260734000.0,0,222706000.0,315703000.0,356213000.0,30521000.0,125240000.0,67003000.0,18287000.0,50568000.0,8978000.0,119913000.0,170867000.0,151868000.0,167250000.0,105462000.0,0,9390633000.0,5664262000.0,1212535000.0,1996918000.0,6180938000.0,5896735000.0,1724771000.0,133619000.0
root/Europe&CentralAsiaRussianFederation,root,0,0,0,0,0,0,0,0,0,0,0,0,0,0,0,0,0,0,0,0,0,0,1012792000.0,1505695000.0,1544157000.0,5453331000.0,3235101000.0,1524368000.0,5326814000.0,3595846000.0,2887957000.0,3816652000.0,1485973000.0,1896865000.0,1656036000.0,3388678000.0,0,0,0,0,0,0,0,0,0,0,0
root/Europe&CentralAsiaSerbia,root,45250000.0,71271000.0,18185000.0,73619000.0,141004000.0,19675000.0,189200000.0,123800000.0,94000000.0,209050000.0,370700000.0,565300000.0,568300000.0,411400000.0,11000000.0,68180000.0,266890000.0,505275000.0,446043000.0,578754000.0,263696000.0,154791000.0,101954000.0,0,0,0,1114000.0,0,0,561000.0,80828000.0,127309000.0,258973000.0,279760000.0,5983000.0,21737000.0,239104000.0,0,0,1575098000.0,457624000.0,73635000.0,267918000.0,866535000.0,754820000.0,162070000.0,16229000.0
root/Europe&CentralAsiaTajikistan,root,0,0,0,0,0,0,0,0,0,0,0,0,0,0,0,0,0,0,0,0,0,0,0,0,0,0,21777000.0,10321000.0,10176000.0,5128000.0,9893000.0,11935000.0,9712000.0,3935000.0,0,0,0,0,0,0,0,0,0,0,0,0,0
root/Europe&CentralAsiaTurkey,root,48000000.0,12037000.0,97995000.0,11471000.0,0,297941000.0,149208000.0,0,175010000.0,1912000.0,484700000.0,364400000.0,202640000.0,190100000.0,43100000.0,251320000.0,375790000.0,450872000.0,431415000.0,238158000.0,49215000.0,0,0,0,337251000.0,341378000.0,0,27608000.0,223359000.0,510082000.0,3371977000.0,10219826000.0,6490911000.0,45997000.0,3504114000.0,5319920000.0,4552002000.0,4016661000.0,1587698000.0,706480000.0,2170827000.0,2806670000.0,2003546000.0,857498000.0,0,0,0
root/Europe&CentralAsiaUkraine,root,0,0,0,0,0,0,0,0,0,0,0,0,0,0,0,0,0,0,0,0,0,0,0,0,357049000.0,1195545000.0,778157000.0,285211000.0,277441000.0,81454000.0,598065000.0,89692000.0,182250000.0,202150000.0,299070000.0,299641000.0,410486000.0,427081000.0,4401428000.0,6081572000.0,3433348000.0,0,3413168000.0,5577603000.0,884322000.0,5259799000.0,995435000.0
root/Europe&CentralAsiaUzbekistan,root,0,0,0,0,0,0,0,0,0,0,0,0,0,0,0,0,0,0,0,0,0,0,0,0,0,160751000.0,86018000.0,0,0,25114000.0,65093000.0,44738000.0,21527000.0,23255000.0,24638000.0,18421000.0,0,0,0,0,0,0,0,0,0,0,0
root/LatinAmerica&CaribbeanArgentina,root,0,5256000.0,308339000.0,0,132294000.0,244538000.0,237259000.0,120365000.0,508158000.0,0,0,0,0,1197930000.0,886695000.0,999600000.0,236588000.0,622676000.0,22529000.0,479671000.0,260140000.0,590230000.0,74826000.0,1228324000.0,461485000.0,1880912000.0,365343000.0,36828000.0,656933000.0,823839000.0,814696000.0,9218266000.0,742774000.0,141715000.0,2034975000.0,3571204000.0,9793290000.0,0,0,0,0,0,0,0,0,0,0
root/LatinAmerica&CaribbeanBelize,root,0,0,0,0,0,0,0,0,0,0,0,0,0,3720000.0,1230000.0,4810000.0,0,1984000.0,3008000.0,4187000.0,3019000.0,405000.0,0,0,0,0,0,0,0,0,0,0,0,0,0,0,0,0,0,7250000.0,0,0,2693000.0,3585000.0,893000.0,0,0
root/LatinAmerica&CaribbeanBolivia,root,0,512000.0,1401000.0,12127000.0,4486000.0,741000.0,23507000.0,1109000.0,16444000.0,11228000.0,69500000.0,2200000.0,18700000.0,7650000.0,20810000.0,18500000.0,83730000.0,25078000.0,12020000.0,6321000.0,42562000.0,43902000.0,31891000.0,23711000.0,0,0,0,0,0,0,0,0,0,89971000.0,55605000.0,3546000.0,0,14788000.0,0,0,0,0,0,0,0,0,0
root/LatinAmerica&CaribbeanBrazil,root,75160000.0,0,0,0,0,0,0,0,0,0,0,0,550600000.0,2166830000.0,1787770000.0,65460000.0,616230000.0,1148684000.0,438310000.0,812050000.0,765276000.0,567314000.0,399685000.0,503229000.0,133928000.0,48966000.0,69992000.0,32623000.0,4617753000.0,4107941000.0,6692955000.0,6718342000.0,11246840000.0,5227090000.0,4356811000.0,23809823000.0,0,0,0,0,0,0,0,0,0,0,0
root/LatinAmerica&CaribbeanColombia,root,43400000.0,1615000.0,57814000.0,46803000.0,0,0,0,0,0,0,0,0,0,0,0,0,0,0,0,0,0,0,0,0,0,0,0,0,0,0,0,0,0,0,0,0,0,0,0,0,0,0,0,0,0,0,0
root/LatinAmerica&CaribbeanCostaRica,root,2250000.0,5767000.0,0,0,22996000.0,13506000.0,2691000.0,3503000.0,16294000.0,25182000.0,7800000.0,51300000.0,4400000.0,105950000.0,24910000.0,12850000.0,36000000.0,62452000.0,54085000.0,33452000.0,25795000.0,68553000.0,1760000.0,0,19791000.0,44212000.0,22967000.0,688000.0,0,0,0,0,0,0,0,0,0,0,0,0,0,0,0,0,0,0,0
root/LatinAmerica&CaribbeanDominica,root,0,0,0,0,0,0,0,0,0,0,0,0,0,1790000.0,340000.0,1510000.0,1580000.0,4379000.0,2948000.0,2357000.0,1355000.0,921000.0,535000.0,198000.0,3000.0,0,0,0,0,0,0,0,2654000.0,1291000.0,0,378000.0,1621000.0,2471000.0,3241000.0,0,0,1213000.0,1566000.0,391000.0,0,0,0
root/LatinAmerica&CaribbeanDominicanRepublic,root,5300000.0,4213000.0,7600000.0,17290000.0,12929000.0,0,24823000.0,17514000.0,0,74306000.0,64800000.0,25400000.0,40600000.0,182890000.0,9700000.0,45430000.0,25340000.0,64100000.0,51257000.0,87829000.0,58122000.0,16334000.0,38127000.0,64291000.0,8027000.0,34016000.0,59528000.0,62364000.0,25191000.0,0,0,0,25703000.0,94713000.0,64883000.0,219917000.0,37046000.0,62987000.0,42578000.0,261222000.0,382905000.0,170514000.0,110341000.0,197474000.0,457302000.0,368331000.0,114107000.0
root/LatinAmerica&CaribbeanEcuador,root,3500000.0,8275000.0,2986000.0,16515000.0,3163000.0,0,20274000.0,0,10370000.0,0,0,0,0,217570000.0,40360000.0,85690000.0,82570000.0,68771000.0,59812000.0,68527000.0,83119000.0,80023000.0,77362000.0,29102000.0,120235000.0,28890000.0,22972000.0,2701000.0,67093000.0,67618000.0,149504000.0,48123000.0,97871000.0,49808000.0,111997000.0,195035000.0,58338000.0,23116000.0,0,0,0,0,0,0,0,0,363681000.0
root/LatinAmerica&CaribbeanElSalvador,root,4980000.0,3711000.0,1563000.0,10434000.0,21504000.0,0,5854000.0,20888000.0,4609000.0,0,39566000.0,38156000.0,66000000.0,16570000.0,5511000.0,26980000.0,58372000.0,45995000.0,10469000.0,5016000.0,5312000.0,181000.0,0,0,0,0,0,0,0,0,0,0,0,0,0,0,0,0,0,0,0,0,0,0,0,0,0
root/LatinAmerica&CaribbeanGrenada,root,0,0,0,0,0,984000.0,473000.0,0,0,362000.0,700000.0,5800000.0,900000.0,1180000.0,870000.0,2180000.0,1530000.0,369000.0,378000.0,360000.0,381000.0,0,0,0,0,0,0,0,0,0,0,0,0,4098000.0,4335000.0,0,1617000.0,2243000.0,2891000.0,2257000.0,0,0,0,0,0,0,0
root/LatinAmerica&CaribbeanGuatemala,root,8410000.0,0,3257000.0,7131000.0,0,0,0,0,0,0,0,112700000.0,0,40900000.0,19600000.0,48530000.0,56300000.0,20357000.0,31926000.0,12672000.0,11798000.0,2825000.0,31525000.0,31251000.0,0,0,0,0,0,0,0,0,0,0,0,0,0,0,0,0,0,0,0,0,0,0,0
root/LatinAmerica&CaribbeanGuyana,root,0,3882000.0,2855000.0,5306000.0,758000.0,6801000.0,25689000.0,0,16118000.0,13037000.0,39000000.0,7900000.0,4100000.0,4340000.0,1030000.0,1020000.0,0,0,0,1055000.0,40595000.0,11602000.0,0,3382000.0,21926000.0,23692000.0,11725000.0,9236000.0,1849000.0,0,0,0,0,0,0,0,0,0,0,0,0,0,0,0,0,0,0
root/LatinAmerica&CaribbeanHaiti,root,0,0,0,0,0,0,0,0,0,0,18600000.0,13781000.0,28962000.0,25766000.0,21835000.0,9200000.0,18679000.0,0,0,0,0,0,0,0,0,0,0,0,0,0,0,0,0,0,0,0,0,0,0,0,0,0,0,0,0,0,0
root/LatinAmerica&CaribbeanHonduras,root,6250000.0,0,0,7453000.0,27710000.0,0,0,14595000.0,13200000.0,0,20800000.0,24300000.0,68100000.0,49070000.0,1630000.0,16960000.0,48560000.0,42432000.0,32626000.0,411000.0,1015000.0,1346000.0,71867000.0,2959000.0,16039000.0,43680000.0,37870000.0,8777000.0,64447000.0,0,0,0,30753000.0,33221000.0,0,0,0,0,0,0,0,0,0,0,0,0,0
root/LatinAmerica&CaribbeanJamaica,root,3600000.0,3761000.0,14386000.0,15799000.0,0,0,64320000.0,22417000.0,62683000.0,165098000.0,19000000.0,181500000.0,131100000.0,75530000.0,43400000.0,10470000.0,89941000.0,99793000.0,160591000.0,85914000.0,55674000.0,31340000.0,19648000.0,21644000.0,38023000.0,84854000.0,71827000.0,34556000.0,16920000.0,18973000.0,19070000.0,18406000.0,18721000.0,15984000.0,7997000.0,861000.0,0,0,0,0,778073000.0,50299000.0,0,2158000.0,126277000.0,24702000.0,112555000.0
root/LatinAmerica&CaribbeanMexico,root,0,0,0,0,0,0,481330000.0,116757000.0,241086000.0,166701000.0,134200000.0,69755000.0,221500000.0,1072340000.0,1233870000.0,300340000.0,722660000.0,419093000.0,92751000.0,388901000.0,992874000.0,171052000.0,567645000.0,1175374000.0,1204418000.0,12143780000.0,2052253000.0,3439152000.0,1063307000.0,3681477000.0,4298909000.0,0,0,0,0,0,0,0,0,0,0,0,0,0,0,0,0
root/LatinAmerica&CaribbeanNicaragua,root,3250000.0,3009000.0,2985000.0,4770000.0,2634000.0,6619000.0,7805000.0,7869000.0,12000.0,53091000.0,800000.0,20600000.0,4000000.0,4540000.0,4360000.0,9170000.0,0,0,0,0,0,23306000.0,0,0,3049000.0,12919000.0,9271000.0,0,0,0,0,0,0,0,0,0,0,0,0,0,0,0,0,0,0,0,0
root/LatinAmerica&CaribbeanPanama,root,1710000.0,3400000.0,3909000.0,0,18461000.0,12328000.0,28979000.0,537000.0,7314000.0,10156000.0,17300000.0,73500000.0,4800000.0,115460000.0,94790000.0,6850000.0,6180000.0,58577000.0,149000.0,769000.0,70490000.0,55533000.0,99864000.0,3514000.0,12821000.0,25650000.0,24136000.0,19822000.0,27325000.0,23531000.0,51771000.0,33323000.0,8071000.0,9326000.0,9881000.0,9849000.0,9810000.0,10206000.0,5269000.0,0,0,0,0,0,0,0,0
root/LatinAmerica&CaribbeanPeru,root,8940000.0,6650000.0,29835000.0,57081000.0,16404000.0,0,218786000.0,11676000.0,107080000.0,150046000.0,23400000.0,59300000.0,282600000.0,82850000.0,22520000.0,50040000.0,51020000.0,88000.0,36000.0,23629000.0,63158000.0,48148000.0,48868000.0,256887000.0,0,0,0,147163000.0,145330000.0,146467000.0,141284000.0,153394000.0,173336000.0,112333000.0,39644000.0,39519000.0,39360000.0,20476000.0,0,0,0,0,0,0,0,0,0
root/LatinAmerica&CaribbeanStKittsandNevis,root,0,0,0,0,0,0,0,0,0,0,0,0,0,0,0,0,0,0,0,0,0,0,0,0,0,0,0,0,2205000.0,0,0,0,1053000.0,1137000.0,0,0,0,0,0,3432000.0,0,0,0,0,0,0,0
root/LatinAmerica&CaribbeanStVincentandtheGrenadines,root,0,0,0,0,0,0,0,0,0,0,500000.0,1500000.0,0,0,500000.0,700000.0,380000.0,0,0,0,0,0,0,0,0,0,0,0,0,0,0,0,0,0,0,0,0,0,0,0,0,0,0,0,3153000.0,0,0
root/LatinAmerica&CaribbeanVenezuelaRB,root,0,0,0,0,0,0,0,0,0,0,0,0,0,0,0,0,0,0,0,973585000.0,1843009000.0,211236000.0,181117000.0,268121000.0,201318000.0,461544000.0,31166000.0,452091000.0,445746000.0,451699000.0,507077000.0,198072000.0,0,0,0,0,0,0,0,0,0,0,0,0,0,0,0
root/MiddleEast&NorthAfricaAlgeria,root,0,0,0,0,0,0,0,0,0,0,0,0,0,0,0,0,0,0,0,603661000.0,0,307923000.0,165829000.0,328781000.0,645924000.0,303903000.0,607528000.0,114181000.0,91555000.0,53722000.0,92638000.0,140635000.0,297364000.0,438752000.0,371622000.0,611589000.0,0,0,0,0,0,0,0,0,0,0,0
root/MiddleEast&NorthAfricaDjibouti,root,0,0,0,0,0,0,0,0,0,0,0,0,0,0,0,0,0,0,0,0,0,0,0,0,0,0,4174000.0,1514000.0,3152000.0,349000.0,2259000.0,2045000.0,2333000.0,1834000.0,181000.0,0,0,0,0,0,0,0,0,0,0,0,0
root/MiddleEast&NorthAfricaEgyptArabRep,root,8500000.0,20563000.0,49334000.0,45049000.0,37019000.0,30022000.0,126626000.0,90272000.0,50066000.0,66176000.0,102700000.0,91900000.0,48500000.0,2900000.0,0,11990000.0,14660000.0,135567000.0,16803000.0,0,39372000.0,3372000.0,80028000.0,0,21481000.0,94466000.0,86125000.0,15452000.0,0,0,0,0,0,0,0,0,0,0,0,0,0,0,0,0,0,0,2738484000.0
root/MiddleEast&NorthAfricaJordan,root,0,4514000.0,0,3458000.0,1900000.0,0,0,0,0,0,0,0,0,0,0,58280000.0,0,0,28935000.0,48118000.0,9741000.0,0,21070000.0,30744000.0,56873000.0,106631000.0,97178000.0,110737000.0,22831000.0,40275000.0,11321000.0,12454000.0,13608000.0,99930000.0,97951000.0,77077000.0,88408000.0,76246000.0,59315000.0,15851000.0,3871000.0,0,382925000.0,650244000.0,388570000.0,551648000.0,195092000.0
root/MiddleEast&NorthAfricaLebanon,root,0,0,0,0,0,0,0,0,0,0,0,0,0,0,0,0,0,0,0,0,0,0,0,0,0,0,0,0,0,0,0,0,0,0,0,0,0,77693000.0,40112000.0,0,19361000.0,40011000.0,38762000.0,19356000.0,0,0,0
root/MiddleEast&NorthAfricaMorocco,root,4200000.0,27635000.0,30694000.0,0,0,24000.0,166000000.0,0,70100000.0,30000000.0,152400000.0,163400000.0,442400000.0,97400000.0,135800000.0,73040000.0,286770000.0,109900000.0,79508000.0,68380000.0,157771000.0,171004000.0,116122000.0,156337000.0,151917000.0,100490000.0,47228000.0,3165000.0,0,0,0,0,0,0,0,0,0,0,0,0,0,0,0,0,0,0,0
root/MiddleEast&NorthAfricaTunisia,root,0,0,0,0,0,0,0,0,0,0,0,0,0,0,0,0,0,53703000.0,20163000.0,0,111300000.0,77145000.0,43596000.0,5236000.0,0,15464000.0,46610000.0,50384000.0,49677000.0,50066000.0,40127000.0,31495000.0,0,0,0,0,0,0,0,0,0,0,0,150719000.0,1046937000.0,300637000.0,281615000.0
root/MiddleEast&NorthAfricaYemenRep,root,0,0,543000.0,0,15707000.0,17416000.0,15200000.0,0,6300000.0,18256000.0,10900000.0,7900000.0,13800000.0,9400000.0,0,1950000.0,13290000.0,13959000.0,1639000.0,0,0,0,0,0,0,0,121950000.0,78953000.0,12211000.0,3760000.0,71350000.0,44479000.0,17602000.0,6760000.0,9881000.0,11449000.0,12997000.0,13522000.0,9880000.0,2827000.0,0,0,0,0,0,0,0
root/SouthAsiaBangladesh,root,0,0,67856000.0,906000.0,85796000.0,46536000.0,75242000.0,48074000.0,21844000.0,7499000.0,50778000.0,83681000.0,109217000.0,50554000.0,60140000.0,21953000.0,9960000.0,37489000.0,17458000.0,105719000.0,194220000.0,141993000.0,77673000.0,50450000.0,0,0,0,0,133134000.0,0,0,0,63530000.0,68629000.0,0,0,0,0,210754000.0,0,0,52555000.0,101833000.0,50846000.0,0,0,0
root/SouthAsiaMaldives,root,0,0,0,0,0,0,0,0,0,0,0,0,0,0,0,0,0,0,0,0,0,0,0,0,0,0,0,0,0,0,0,0,0,0,0,6057000.0,0,0,2431000.0,3162000.0,5473000.0,0,0,5473000.0,6229000.0,718000.0,0
root/SouthAsiaNepal,root,0,0,0,0,0,0,8731000.0,0,3791000.0,1273000.0,13009000.0,852000.0,5324000.0,5245000.0,5444000.0,5167000.0,2465000.0,7818000.0,0,6969000.0,11340000.0,5432000.0,1082000.0,0,0,0,0,0,0,0,0,0,0,0,0,0,0,0,0,0,0,0,0,0,0,0,0
root/SouthAsiaPakistan,root,28400000.0,2789000.0,73958000.0,23059000.0,130763000.0,164617000.0,55005000.0,2295000.0,55576000.0,76550000.0,2586000.0,444873000.0,425421000.0,286604000.0,54417000.0,145037000.0,298743000.0,357108000.0,265412000.0,67958000.0,143297000.0,68604000.0,161996000.0,5591000.0,125830000.0,111028000.0,87536000.0,65726000.0,28163000.0,413101000.0,14748000.0,298144000.0,216749000.0,491993000.0,458483000.0,163737000.0,27893000.0,29021000.0,3250572000.0,3234887000.0,1623107000.0,0,2051129000.0,2430828000.0,252560000.0,1590745000.0,1102316000.0
root/SouthAsiaSriLanka,root,17500000.0,10393000.0,315000.0,2575000.0,32162000.0,27193000.0,10430000.0,41717000.0,19058000.0,61848000.0,3600000.0,143300000.0,5900000.0,11100000.0,2800000.0,36410000.0,61563000.0,90844000.0,60167000.0,58993000.0,43244000.0,86982000.0,76629000.0,18991000.0,0,0,0,0,0,0,0,131574000.0,125149000.0,28913000.0,103442000.0,114511000.0,153563000.0,5274000.0,72155000.0,552640000.0,608480000.0,434557000.0,797266000.0,449332000.0,719692000.0,506098000.0,121612000.0
root/Sub-SaharanAfricaAngola,root,0,0,0,0,0,0,0,0,0,0,0,0,0,0,0,0,0,0,0,0,0,0,0,0,0,0,0,0,0,0,0,0,0,0,0,0,0,0,0,353290000.0,524249000.0,316000000.0,131203000.0,262050000.0,500234000.0,345491000.0,124367000.0
root/Sub-SaharanAfricaBurkinaFaso,root,750000.0,0,1216000.0,715000.0,180000.0,0,0,0,0,0,0,0,0,0,0,0,0,0,0,0,0,0,0,0,0,0,0,0,0,0,0,0,0,0,0,0,0,0,0,0,0,0,0,0,0,0,0
root/Sub-SaharanAfricaBurundi,root,2310000.0,2316987.8,6101634.0,143091.0,469043.3,1457460.0,0,0,7489307.2,12274498.8,0,0,0,5100000.0,4900000.0,0,0,0,0,0,0,0,0,0,0,0,0,0,0,0,0,0,12463099.7,13463450.0,28528740.6,0,0,0,0,0,0,0,0,0,0,0,0
root/Sub-SaharanAfricaCameroon,root,0,0,0,0,13855000.0,9121000.0,25146000.0,0,5748000.0,14716000.0,16700000.0,10000000.0,3300000.0,600000.0,0,0,0,0,93458000.0,19806000.0,0,946000.0,54408000.0,47192000.0,25844000.0,6828000.0,22793000.0,11306000.0,16306000.0,18205000.0,17386000.0,1966000.0,0,0,0,0,0,0,0,0,0,0,0,0,0,0,0
root/Sub-SaharanAfricaCentralAfricanRepublic,root,0,1193599.8,151998.0,166939.5,3716265.8,2659864.5,5472543.3,0,1327536.1,3075085.0,500000.0,16300000.0,1900000.0,4500000.0,1400000.0,1500000.0,1380000.0,1440807.5,8150081.6,11577109.8,8697057.9,3335150.3,1673431.7,568331.7,14755972.4,0,0,3685169.1,7627803.0,3295415.9,0,0,0,0,8254809.6,0,10245410.4,19186679.3,0,0,0,0,0,0,0,0,0
root/Sub-SaharanAfricaChad,root,3780000.0,140000.0,163000.0,179000.0,2513000.0,170000.0,7505000.0,0,3331000.0,1615000.0,2800000.0,2000000.0,0,0,2700000.0,3500000.0,1040000.0,0,1176000.0,4487000.0,3564000.0,0,0,0,14786000.0,0,0,5328000.0,7005000.0,1765000.0,0,0,0,0,0,0,0,0,0,0,0,0,0,0,0,0,0
root/Sub-SaharanAfricaComoros,root,0,0,0,0,0,0,0,0,0,0,0,0,0,0,0,0,0,0,0,0,0,0,0,0,0,0,0,0,0,0,0,0,0,0,0,0,0,0,1759000.0,1717000.0,0,0,0,0,0,0,0
root/Sub-SaharanAfricaCongoDemRep,root,0,0,30671000.0,0,0,88990000.0,123986000.0,32225000.0,12098000.0,14820000.0,16700000.0,102900000.0,93600000.0,111300000.0,106600000.0,66200000.0,15760000.0,72315000.0,105322000.0,231450000.0,147278000.0,48640000.0,0,0,4348000.0,1367000.0,32942000.0,0,509000.0,938000.0,13000.0,0,203435000.0,0,0,0,0,0,0,0,0,0,0,0,0,0,0
root/Sub-SaharanAfricaCongoRep,root,0,90000.0,98000.0,107000.0,108000.0,109000.0,0,11652000.0,4070000.0,1111000.0,6900000.0,8000000.0,0,0,0,0,11150000.0,0,0,1522000.0,1018000.0,4875000.0,0,698000.0,15037000.0,2276000.0,0,2151000.0,778000.0,4273000.0,13948000.0,1152000.0,4687000.0,3798000.0,7837000.0,7812000.0,0,0,0,0,0,0,0,0,0,0,0
root/Sub-SaharanAfricaCotedIvoire,root,0,0,0,0,26363000.0,0,14063000.0,11629000.0,13964000.0,2920000.0,0,376385000.0,127400000.0,165600000.0,14000000.0,37800000.0,66550000.0,134570000.0,50833000.0,116404000.0,33986000.0,59149000.0,91919000.0,49330000.0,76590000.0,86108000.0,47626000.0,22145000.0,0,0,0,0,0,0,0,0,0,62231000.0,64258000.0,125404000.0,0,0,0,0,0,0,64578000.0
root/Sub-SaharanAfricaEthiopia,root,0,0,0,0,0,0,0,0,9193000.0,46514000.0,0,73100000.0,23400000.0,19200000.0,25800000.0,31500000.0,10850000.0,13274000.0,9773000.0,19049000.0,23935000.0,6039000.0,0,0,0,0,0,0,0,0,0,0,0,0,0,0,0,0,0,0,0,0,0,0,0,0,0
root/Sub-SaharanAfricaGabon,root,0,30000.0,33000.0,36000.0,36000.0,36000.0,0,0,12561000.0,9690000.0,100000.0,0,2194000.0,8018000.0,1896000.0,0,32160000.0,19761000.0,75526000.0,5128000.0,5699000.0,19360000.0,36327000.0,35834000.0,40859000.0,5358000.0,26582000.0,19185000.0,22634000.0,24508000.0,7617000.0,11117000.0,13094000.0,14145000.0,36965000.0,24704000.0,14427000.0,34003000.0,24698000.0,0,0,0,0,0,0,0,0
root/Sub-SaharanAfricaGambiaThe,root,0,0,174000.0,95000.0,96000.0,1409000.0,0,6118000.0,6612000.0,4548000.0,2100000.0,10600000.0,16200000.0,2800000.0,700000.0,2800000.0,8960000.0,1647000.0,4311000.0,3953000.0,5038000.0,5976000.0,2165000.0,0,0,0,0,0,0,0,0,0,0,0,0,0,0,0,0,0,0,0,0,0,0,0,0
root/Sub-SaharanAfricaGhana,root,22900000.0,28185000.0,18175000.0,9146000.0,5616000.0,59768000.0,0,0,6037000.0,28037000.0,28900000.0,11400000.0,5300000.0,265300000.0,214800000.0,121800000.0,16450000.0,81852000.0,162860000.0,172349000.0,112855000.0,77170000.0,63795000.0,10682000.0,38780000.0,19812000.0,24463000.0,47441000.0,33335000.0,0,0,0,0,0,0,0,0,0,0,0,0,0,0,0,0,0,0
root/Sub-SaharanAfricaGuinea,root,4200000.0,502000.0,0,2289000.0,10211000.0,2915000.0,0,10158000.0,7239000.0,1848000.0,1400000.0,5900000.0,7700000.0,0,0,0,10850000.0,328000.0,15566000.0,16979000.0,13237000.0,8724000.0,1056000.0,0,0,0,0,0,0,0,0,0,0,0,0,0,0,0,0,0,0,0,0,0,0,0,0
root/Sub-SaharanAfricaGuineaBissau,root,0,0,0,0,0,0,0,934000.0,1002000.0,1421000.0,0,2200000.0,300000.0,400000.0,1500000.0,900000.0,1080000.0,306000.0,1261000.0,901000.0,0,0,0,0,0,0,0,0,0,2913000.0,1873000.0,0,344000.0,2235000.0,2236000.0,263000.0,0,0,5612000.0,2738000.0,8126000.0,0,0,0,0,0,0
root/Sub-SaharanAfricaKenya,root,3930000.0,0,0,0,53363000.0,44331000.0,19027000.0,43644000.0,5360000.0,71916000.0,69000000.0,26900000.0,147400000.0,92800000.0,12200000.0,54200000.0,105350000.0,109928000.0,47264000.0,125682000.0,103512000.0,39817000.0,82764000.0,57977000.0,0,0,0,0,0,0,0,0,0,0,0,0,0,0,0,0,0,0,0,0,0,0,0
root/Sub-SaharanAfricaLesotho,root,0,90000.0,98000.0,227000.0,229000.0,753000.0,0,0,0,0,0,0,0,0,0,0,0,0,0,0,0,0,0,0,0,0,0,0,0,0,0,0,0,0,0,0,0,0,0,0,0,0,0,0,0,0,0
root/Sub-SaharanAfricaLiberia,root,3150000.0,2839000.0,1987000.0,429000.0,1720000.0,522000.0,2044000.0,0,0,38439000.0,20800000.0,51000000.0,68100000.0,51000000.0,16300000.0,7000000.0,0,0,1403000.0,2756000.0,923000.0,0,0,0,0,149000.0,0,0,0,0,232000.0,332000.0,311000.0,0,0,62000.0,720000.0,720000.0,226029000.0,0,0,0,0,0,0,0,0
root/Sub-SaharanAfricaMadagascar,root,0,0,0,0,10199000.0,13178000.0,0,1599000.0,3306000.0,4819000.0,49000000.0,37200000.0,51900000.0,7000000.0,18100000.0,4100000.0,3970000.0,8449000.0,29199000.0,49121000.0,47154000.0,34252000.0,16247000.0,10386000.0,6477000.0,948000.0,0,0,0,0,0,0,0,0,0,0,0,0,0,0,0,0,0,0,0,0,0
root/Sub-SaharanAfricaMalawi,root,950000.0,0,521000.0,2206000.0,0,7433000.0,1570000.0,6340000.0,4696000.0,27534000.0,30500000.0,27900000.0,1800000.0,25600000.0,17800000.0,7200000.0,24160000.0,30914000.0,14357000.0,24382000.0,18703000.0,20796000.0,19139000.0,5926000.0,16447000.0,0,0,0,8633000.0,8701000.0,0,0,22466000.0,0,0,3204000.0,6381000.0,0,0,0,0,0,0,0,0,0,0
root/Sub-SaharanAfricaMali,root,2450000.0,1504000.0,586000.0,1467000.0,3332000.0,279000.0,1721000.0,2335000.0,1490000.0,5129000.0,3700000.0,2700000.0,26800000.0,14100000.0,21300000.0,8600000.0,4860000.0,21544000.0,15362000.0,13428000.0,10582000.0,9116000.0,6471000.0,8737000.0,6821000.0,1446000.0,0,0,0,0,0,0,0,0,0,0,0,0,0,0,0,0,0,0,0,0,0
root/Sub-SaharanAfricaMauritania,root,0,873000.0,141000.0,155000.0,1059000.0,0,13647000.0,5499000.0,0,1137000.0,16500000.0,3900000.0,13000000.0,4700000.0,9200000.0,2800000.0,2310000.0,4884000.0,817000.0,9527000.0,15223000.0,13172000.0,6461000.0,1396000.0,0,0,0,0,0,0,0,0,0,0,0,0,0,0,0,0,0,0,0,0,0,0,0
root/Sub-SaharanAfricaMauritius,root,4000000.0,632000.0,0,0,2947000.0,6680000.0,0,19241000.0,0,36139000.0,45600000.0,67200000.0,18735000.0,14800000.0,6900000.0,12500000.0,18950000.0,30612000.0,38968000.0,37089000.0,43531000.0,21229000.0,0,0,0,0,0,0,0,0,0,0,0,0,0,0,0,0,0,0,0,0,0,0,0,0,0
root/Sub-SaharanAfricaNiger,root,0,10000.0,11000.0,12000.0,12000.0,12000.0,0,0,6748000.0,0,9459000.0,58000.0,0,32900000.0,14800000.0,13510000.0,18201000.0,566000.0,21516000.0,7628000.0,15549000.0,11434000.0,7567000.0,4841000.0,13012000.0,0,0,5733000.0,7537000.0,1899000.0,0,0,0,0,0,0,0,0,0,0,0,0,0,0,0,0,0
root/Sub-SaharanAfricaRwanda,root,1000000.0,3009000.0,76000.0,0,0,0,2390000.0,0,0,3975000.0,6331000.0,85000.0,0,0,0,1572000.0,2492000.0,2785000.0,2856000.0,2723000.0,785000.0,97000.0,0,0,0,13541000.0,0,20469000.0,0,6103000.0,8829000.0,857000.0,2472000.0,0,0,0,0,0,0,0,0,0,0,0,0,0,0
root/Sub-SaharanAfricaSaoTomeandPrincipe,root,0,0,0,0,0,0,0,0,501000.0,0,0,0,0,0,0,0,0,0,0,0,0,0,0,0,0,0,0,0,0,0,0,0,0,0,0,0,0,0,0,0,0,0,0,0,0,0,0
root/Sub-SaharanAfricaSenegal,root,0,301000.0,326000.0,358000.0,4991000.0,30898000.0,0,0,36547000.0,19862000.0,59429000.0,59351000.0,44000000.0,21871000.0,14610000.0,9221000.0,8794000.0,7054000.0,6838000.0,4960000.0,55317000.0,47353000.0,39643000.0,15412000.0,40691000.0,0,0,15953000.0,20972000.0,5284000.0,0,0,0,0,0,0,0,0,0,0,0,0,0,0,0,0,0
root/Sub-SaharanAfricaSierraLeone,root,5400000.0,0,0,0,11016000.0,717000.0,20170000.0,8173000.0,5248000.0,297000.0,4100000.0,27468000.0,5800000.0,19900000.0,11000000.0,4500000.0,15040000.0,0,989000.0,1208000.0,2093000.0,7348000.0,1992000.0,8320000.0,61052000.0,0,0,0,15711000.0,21270000.0,13678000.0,47747000.0,0,0,0,0,0,0,0,0,0,0,0,0,0,0,0
root/Sub-SaharanAfricaSomalia,root,1900000.0,50000.0,54000.0,60000.0,60000.0,1045000.0,0,4939000.0,0,0,4300000.0,30485000.0,30355000.0,48100000.0,2900000.0,26200000.0,12570000.0,2079000.0,914000.0,11331000.0,2832000.0,0,0,0,0,0,0,0,0,0,0,0,0,0,0,0,0,0,0,0,0,0,199000.0,496000.0,0,0,0
root/Sub-SaharanAfricaSouthAfrica,root,0,0,0,0,0,0,0,0,0,0,0,0,0,0,0,0,0,0,0,0,0,0,0,0,0,0,0,422755000.0,416822000.0,0,0,0,0,0,0,0,0,0,0,0,0,0,0,0,0,0,0
root/Sub-SaharanAfricaSudan,root,8100000.0,15717000.0,14038000.0,1109000.0,51282000.0,50683000.0,6581000.0,22873000.0,27390000.0,63892000.0,108200000.0,172800000.0,44001000.0,151862000.0,14200000.0,5000000.0,0,0,0,0,1419000.0,0,0,0,36000.0,34830000.0,35595000.0,35046000.0,57188000.0,37756000.0,54195000.0,52305000.0,22001000.0,26207000.0,31285000.0,28279000.0,26972000.0,59990000.0,65510000.0,10622000.0,5808000.0,10574000.0,7367000.0,7296000.0,10719000.0,7516000.0,9943000.0
root/Sub-SaharanAfricaSwaziland,root,150000.0,90000.0,0,108000.0,445000.0,814000.0,774000.0,1109000.0,188000.0,0,0,0,0,10700000.0,0,991000.0,1901000.0,4421000.0,3025000.0,0,0,0,0,0,0,0,0,0,0,0,0,0,0,0,0,0,0,0,0,0,0,0,0,0,0,0,0
root/Sub-SaharanAfricaTanzania,root,0,0,0,429000.0,59340000.0,28858000.0,24245000.0,3631000.0,28792000.0,27095000.0,19600000.0,14200000.0,12300000.0,26800000.0,25000000.0,4900000.0,20970000.0,11015000.0,0,3316000.0,26598000.0,26538000.0,5494000.0,0,0,0,0,0,0,0,0,0,0,0,0,0,0,0,0,0,0,0,0,0,0,0,0
root/Sub-SaharanAfricaTogo,root,0,0,0,0,0,0,8659000.0,0,9393000.0,1912000.0,17300000.0,8500000.0,0,20700000.0,13100000.0,6600000.0,10940000.0,14103000.0,9763000.0,18191000.0,15159000.0,7902000.0,10076000.0,7231000.0,3418000.0,2960000.0,319000.0,0,0,0,0,0,0,0,0,0,0,0,0,0,0,0,0,0,0,0,0
root/Sub-SaharanAfricaUganda,root,0,16520000.0,0,0,5989000.0,11053000.0,9987000.0,0,12524000.0,3334000.0,35800000.0,132200000.0,92100000.0,101100000.0,17200000.0,65200000.0,81750000.0,34207000.0,41112000.0,64644000.0,2931000.0,33677000.0,25852000.0,4375000.0,0,0,0,0,0,0,0,0,0,0,0,0,0,0,0,0,0,0,0,0,0,0,0
root/Sub-SaharanAfricaZambia,root,3570000.0,19057000.0,41257000.0,22656000.0,0,23003000.0,22272000.0,23000.0,186293000.0,95237000.0,7800000.0,366700000.0,57700000.0,64300000.0,78200000.0,19000000.0,22090000.0,7000.0,0,0,19938000.0,33985000.0,36627000.0,69526000.0,20937000.0,826236000.0,0,0,0,0,0,0,0,0,0,0,0,0,0,0,0,0,0,0,0,0,0
root/Sub-SaharanAfricaZimbabwe,root,0,0,0,0,0,0,0,0,0,0,0,44200000.0,169615000.0,75078000.0,21376000.0,50214000.0,94772000.0,105767000.0,78108000.0,38403000.0,23623000.0,6629000.0,144383000.0,24297000.0,27352000.0,28979000.0,8613000.0,25503000.0,23914000.0,25000.0,34756000.0,7556000.0,1878000.0,0,5841000.0,164697000.0,3063000.0,0,0,0,0,0,0,0,0,0,0
