root/EastAsia&PacificCambodia,root,0,0,0,0,0,0,0,0,0,0,0,0,0,0,0,0,0,0,0,0,0,0,0,0,38229000.0,24623000.0,45622000.0,30409000.0,19181000.0,26783000.0,36569000.0,39550000.0,47246000.0,62560000.0,47647000.0,35897000.0,18645000.0,18447000.0,19727000.0,22772000.0,16926000.0,21443000.0,22935000.0,12378000.0,34735000.0,2147000.0,7046000.0
root/EastAsia&PacificChina,root,0,0,0,0,0,0,0,0,0,0,0,0,883000.0,67400000.0,123570000.0,211786000.0,282263000.0,399245000.0,557101000.0,507021000.0,506898000.0,611858000.0,778288000.0,868649000.0,679502000.0,811844000.0,810747000.0,712669000.0,591764000.0,459889000.0,379195000.0,310792000.0,207756000.0,141073000.0,69438000.0,70452000.0,34300000.0,14301000.0,9426000.0,803000.0,169000.0,0,0,0,0,0,0
root/EastAsia&PacificIndonesia,root,3139000.0,26808000.0,32047000.0,59157000.0,76337000.0,106889000.0,99417000.0,48959000.0,29486000.0,29843000.0,41740000.0,68601000.0,78183000.0,59615000.0,54433000.0,38418000.0,18119000.0,14409000.0,1254000.0,1079000.0,0,0,0,0,0,0,0,0,0,11264000.0,59280000.0,39341000.0,86828000.0,90825000.0,121803000.0,67178000.0,315373000.0,219127000.0,493612000.0,243735000.0,142338000.0,33026000.0,25377000.0,3997000.0,0,0,0
root/EastAsia&PacificLaoPDR,root,0,0,0,0,0,0,0,0,0,340000.0,5300000.0,5410000.0,3170000.0,4624000.0,7301000.0,0,6948000.0,4980000.0,10141000.0,35269000.0,32443000.0,14875000.0,38196000.0,37979000.0,26791000.0,27701000.0,59638000.0,41799000.0,25104000.0,20621000.0,20239000.0,30824000.0,32707000.0,48446000.0,37056000.0,34683000.0,26105000.0,27115000.0,17261000.0,4401000.0,2711000.0,1671000.0,48000.0,10293000.0,500000.0,438000.0,17621000.0
root/EastAsia&PacificMongolia,root,0,0,0,0,0,0,0,0,0,0,0,0,0,0,0,0,0,0,0,0,0,0,27400000.0,3439000.0,17394000.0,8393000.0,10963000.0,33764000.0,16736000.0,14222000.0,14070000.0,23472000.0,13920000.0,28604000.0,48673000.0,13953000.0,12750000.0,19514000.0,13478000.0,54682000.0,21501000.0,52837000.0,26686000.0,11033000.0,14584000.0,12838000.0,11074000.0
root/EastAsia&PacificMyanmar,root,0,0,0,0,4282000.0,17861000.0,19269000.0,21256000.0,22924000.0,37982000.0,22657000.0,38895000.0,47978000.0,52589000.0,77317000.0,40648000.0,58485000.0,57288000.0,59662000.0,59007000.0,56819000.0,31050000.0,15035000.0,0,7002000.0,0,458000.0,0,0,0,0,0,0,0,0,0,0,0,0,0,0,0,419605000.0,0,17617000.0,77323000.0,131520000.0
root/EastAsia&PacificPapuaNewGuinea,root,837000.0,3939000.0,4291000.0,1244000.0,4403000.0,5227000.0,1876000.0,7699000.0,5475000.0,6472000.0,12551000.0,9892000.0,9055000.0,16924000.0,13752000.0,3808000.0,288000.0,135000.0,199000.0,8000.0,0,0,0,0,0,0,0,0,0,0,0,0,0,0,0,0,0,0,1998000.0,14195000.0,8263000.0,17615000.0,26951000.0,26663000.0,32623000.0,23876000.0,32633000.0
root/EastAsia&PacificPhilippines,root,0,0,129000.0,768000.0,7417000.0,8375000.0,10184000.0,1955000.0,859000.0,2525000.0,1681000.0,7058000.0,7736000.0,12747000.0,10234000.0,13294000.0,8055000.0,7646000.0,3109000.0,1404000.0,0,32956000.0,34294000.0,2039000.0,4486000.0,9821000.0,14762000.0,9325000.0,8599000.0,5846000.0,10400000.0,5644000.0,0,0,0,0,0,0,0,0,0,0,0,0,0,0,0
root/EastAsia&PacificSamoa,root,0,0,0,0,0,1390000.0,781000.0,1086000.0,980000.0,74000.0,2021000.0,1035000.0,1092000.0,567000.0,538000.0,572000.0,826000.0,1461000.0,1007000.0,1006000.0,3485000.0,6712000.0,7425000.0,8641000.0,1694000.0,697000.0,0,810000.0,2498000.0,0,5702000.0,2990000.0,1280000.0,2970000.0,2692000.0,7710000.0,3476000.0,6851000.0,3124000.0,1815000.0,21880000.0,3220000.0,5043000.0,2907000.0,712000.0,6955000.0,1802000.0
root/EastAsia&PacificSolomonIslands,root,0,0,0,0,0,0,0,0,0,0,0,0,102000.0,1463000.0,1274000.0,1641000.0,1314000.0,1412000.0,1303000.0,2281000.0,2544000.0,1930000.0,538000.0,1210000.0,1816000.0,3240000.0,4320000.0,2585000.0,1851000.0,7972000.0,582000.0,1130000.0,255000.0,180000.0,1277000.0,879000.0,349000.0,0,0,10000.0,0,0,0,0,0,2077000.0,4912000.0
root/EastAsia&PacificThailand,root,0,0,0,172000.0,1263000.0,2687000.0,6527000.0,8756000.0,5106000.0,3542000.0,4526000.0,21176000.0,18542000.0,17473000.0,10795000.0,8191000.0,4015000.0,1954000.0,622000.0,97000.0,0,0,0,0,0,0,0,0,0,0,0,0,0,0,0,0,0,0,0,0,0,0,0,0,0,0,0
root/EastAsia&PacificTonga,root,0,0,0,0,0,0,0,0,0,0,0,0,0,0,0,0,0,0,1475000.0,27000.0,994000.0,565000.0,140000.0,179000.0,845000.0,240000.0,78000.0,0,0,0,0,0,200000.0,2631000.0,1221000.0,4530000.0,2810000.0,4451000.0,705000.0,1580000.0,1000000.0,0,0,0,5107000.0,2184000.0,4056000.0
root/EastAsia&PacificVanuatu,root,0,0,0,0,0,0,0,0,0,0,0,0,0,0,48000.0,118000.0,288000.0,784000.0,403000.0,1155000.0,809000.0,4332000.0,2988000.0,264000.0,516000.0,391000.0,507000.0,560000.0,646000.0,262000.0,0,0,0,0,0,0,0,0,0,0,0,0,0,0,0,1270000.0,3956000.0
root/EastAsia&PacificVietnam,root,0,0,0,0,0,0,0,0,0,1200000.0,1176000.0,16984000.0,15675000.0,9390000.0,2371000.0,7260000.0,5237000.0,404000.0,0,0,0,0,0,0,125799000.0,47047000.0,188641000.0,180797000.0,253660000.0,157891000.0,174304000.0,278469000.0,260691000.0,566975000.0,443888000.0,391258000.0,340447000.0,748439000.0,592478000.0,1205548000.0,853002000.0,1050104000.0,1170787000.0,1272287000.0,1380350000.0,915210000.0,755871000.0
root/Europe&CentralAsiaAlbania,root,0,0,0,0,0,0,0,0,0,0,0,0,0,0,0,0,0,0,0,0,0,0,2065000.0,25841000.0,34989000.0,43335000.0,32324000.0,18912000.0,63727000.0,80644000.0,64357000.0,34260000.0,79279000.0,60876000.0,66851000.0,33742000.0,45754000.0,48427000.0,27037000.0,34394000.0,26030000.0,24154000.0,27701000.0,15125000.0,19728000.0,5804000.0,2614000.0
root/Europe&CentralAsiaArmenia,root,0,0,0,0,0,0,0,0,0,0,0,0,0,0,0,0,0,0,0,0,0,0,0,0,5458000.0,88498000.0,87010000.0,76490000.0,42883000.0,65660000.0,54354000.0,55026000.0,66467000.0,77386000.0,78498000.0,34345000.0,63973000.0,92970000.0,79976000.0,142224000.0,35571000.0,49231000.0,64921000.0,56145000.0,17099000.0,15318000.0,18016000.0
root/Europe&CentralAsiaAzerbaijan,root,0,0,0,0,0,0,0,0,0,0,0,0,0,0,0,0,0,0,0,0,0,0,0,0,0,30204000.0,35840000.0,55352000.0,20635000.0,60496000.0,27196000.0,27557000.0,56919000.0,74742000.0,49165000.0,47540000.0,59913000.0,57739000.0,49831000.0,44848000.0,45840000.0,58343000.0,39547000.0,95004000.0,54450000.0,16898000.0,13276000.0
root/Europe&CentralAsiaBosniaandHerzegovina,root,0,0,0,0,0,0,0,0,0,0,0,0,0,0,0,0,0,0,0,0,0,0,0,0,0,0,109559000.0,65203000.0,134857000.0,67956000.0,44108000.0,61736000.0,96844000.0,48193000.0,208546000.0,55591000.0,26657000.0,56627000.0,28642000.0,33425000.0,115197000.0,37413000.0,22471000.0,23446000.0,21000000.0,29529000.0,50429000.0
root/Europe&CentralAsiaGeorgia,root,0,0,0,0,0,0,0,0,0,0,0,0,0,0,0,0,0,0,0,0,0,0,0,0,971000.0,85059000.0,76337000.0,64250000.0,52902000.0,78839000.0,18103000.0,63109000.0,61333000.0,43462000.0,64755000.0,53730000.0,76227000.0,72354000.0,120544000.0,167514000.0,67446000.0,54123000.0,91346000.0,70058000.0,52179000.0,27959000.0,22371000.0
root/Europe&CentralAsiaKosovo,root,0,0,0,0,0,0,0,0,0,0,0,0,0,0,0,0,0,0,0,0,0,0,0,0,0,0,0,0,0,0,0,0,0,0,0,0,0,0,0,0,0,6531000.0,4535000.0,5855000.0,9630000.0,7263000.0,7693000.0
root/Europe&CentralAsiaKyrgyzRepublic,root,0,0,0,0,0,0,0,0,0,0,0,0,0,0,0,0,0,0,0,0,0,0,0,22813000.0,35709000.0,81289000.0,61152000.0,66536000.0,65517000.0,21584000.0,51743000.0,26658000.0,33398000.0,32475000.0,25177000.0,33774000.0,25599000.0,22439000.0,19881000.0,8319000.0,19045000.0,28202000.0,28748000.0,37078000.0,35168000.0,28069000.0,18608000.0
root/Europe&CentralAsiaMacedoniaFYR,root,0,0,0,0,0,0,0,0,0,0,0,0,0,0,0,0,0,0,0,0,0,0,0,0,40107000.0,41744000.0,44079000.0,29156000.0,28868000.0,45021000.0,38420000.0,14872000.0,18202000.0,32893000.0,14110000.0,7874000.0,5443000.0,0,0,0,0,0,0,0,0,0,0
root/Europe&CentralAsiaMoldova,root,0,0,0,0,0,0,0,0,0,0,0,0,0,0,0,0,0,0,0,0,0,0,0,0,0,0,0,35000000.0,2258000.0,39270000.0,30083000.0,14156000.0,21870000.0,15654000.0,17237000.0,23563000.0,22568000.0,38929000.0,24239000.0,21434000.0,63668000.0,55284000.0,75918000.0,31758000.0,40956000.0,36368000.0,47945000.0
root/Europe&CentralAsiaMontenegro,root,0,0,0,0,0,0,0,0,0,0,0,0,0,0,0,0,0,0,0,0,0,0,0,0,0,0,0,0,0,0,0,0,0,0,0,0,14006000.0,6600000.0,15418000.0,3796000.0,3032000.0,4241000.0,3830000.0,1108000.0,0,0,0
root/Europe&CentralAsiaSerbia,root,0,0,0,0,0,0,0,0,0,0,0,0,0,0,0,0,0,0,0,0,0,0,0,0,0,0,0,0,0,0,0,0,159391000.0,86942000.0,141765000.0,84637000.0,42542000.0,47376000.0,34482000.0,16603000.0,16401000.0,24075000.0,20403000.0,8580000.0,725000.0,0,0
root/Europe&CentralAsiaTajikistan,root,0,0,0,0,0,0,0,0,0,0,0,0,0,0,0,0,0,0,0,0,0,0,0,0,0,0,30410000.0,21984000.0,37890000.0,35795000.0,22771000.0,34763000.0,9605000.0,13283000.0,54649000.0,34811000.0,16224000.0,8292000.0,9845000.0,8573000.0,15066000.0,3638000.0,3415000.0,140000.0,0,0,5630000.0
root/Europe&CentralAsiaTurkey,root,7233000.0,4922000.0,3796000.0,3313000.0,13822000.0,17519000.0,20782000.0,18670000.0,8399000.0,2939000.0,250000.0,0,0,0,0,0,0,0,0,0,0,0,0,0,0,0,0,0,0,0,0,0,0,0,0,0,0,0,0,0,0,0,0,0,0,0,0
root/Europe&CentralAsiaUzbekistan,root,0,0,0,0,0,0,0,0,0,0,0,0,0,0,0,0,0,0,0,0,0,0,0,0,0,0,0,0,0,0,0,0,0,210000.0,4505000.0,7085000.0,13388000.0,15774000.0,12673000.0,27603000.0,32097000.0,36316000.0,48543000.0,73941000.0,76739000.0,110086000.0,107547000.0
root/LatinAmerica&CaribbeanBolivia,root,1879000.0,3787000.0,2076000.0,1858000.0,10641000.0,8791000.0,4105000.0,3872000.0,2185000.0,3511000.0,1776000.0,14899000.0,11543000.0,3320000.0,2099000.0,1715000.0,3959000.0,41316000.0,111520000.0,78768000.0,48661000.0,47881000.0,55308000.0,65924000.0,79541000.0,112624000.0,99847000.0,135926000.0,87984000.0,82088000.0,60660000.0,101952000.0,103806000.0,142655000.0,124112000.0,70524000.0,33976000.0,15828000.0,24948000.0,33895000.0,46159000.0,45069000.0,51061000.0,59828000.0,40181000.0,170970000.0,67238000.0
root/LatinAmerica&CaribbeanColombia,root,0,0,1663000.0,2318000.0,0,0,0,0,0,0,0,0,0,0,0,0,0,0,0,0,0,0,0,0,0,0,0,0,0,0,0,0,0,0,0,0,0,0,0,0,0,0,0,0,0,0,0
root/LatinAmerica&CaribbeanDominica,root,0,0,0,0,0,0,0,0,0,0,0,0,0,1219000.0,2124000.0,984000.0,69000.0,1068000.0,363000.0,1664000.0,870000.0,617000.0,393000.0,81000.0,295000.0,90000.0,0,1372000.0,1588000.0,625000.0,55000.0,896000.0,1819000.0,267000.0,4290000.0,479000.0,70000.0,2342000.0,1756000.0,1407000.0,478000.0,818000.0,466000.0,1387000.0,754000.0,1000000.0,0
root/LatinAmerica&CaribbeanDominicanRepublic,root,0,0,284000.0,1820000.0,2899000.0,2562000.0,2972000.0,611000.0,5803000.0,367000.0,307000.0,4375000.0,0,0,0,0,0,0,0,0,0,0,0,0,0,0,0,0,0,0,0,0,0,0,0,0,0,0,0,0,0,0,0,0,0,0,0
root/LatinAmerica&CaribbeanEcuador,root,2143000.0,2024000.0,3215000.0,4413000.0,3734000.0,7181000.0,2674000.0,4833000.0,816000.0,203000.0,0,465000.0,0,0,0,0,0,0,0,0,0,0,0,0,0,0,0,0,0,0,0,0,0,0,0,0,0,0,0,0,0,0,0,0,0,0,0
root/LatinAmerica&CaribbeanElSalvador,root,326000.0,0,4835000.0,944000.0,22000.0,952000.0,1552000.0,877000.0,2060000.0,3095000.0,2857000.0,607000.0,0,0,0,0,0,0,0,0,0,0,0,0,0,0,0,0,0,0,0,0,0,0,0,0,0,0,0,0,0,0,0,0,0,0,0
root/LatinAmerica&CaribbeanGrenada,root,0,0,0,0,0,0,0,0,0,0,0,0,0,0,0,0,2033000.0,727000.0,507000.0,635000.0,960000.0,1503000.0,8000.0,0,0,0,250000.0,327000.0,920000.0,1371000.0,781000.0,104000.0,6073000.0,1574000.0,1139000.0,3550000.0,3955000.0,5981000.0,2483000.0,2912000.0,5600000.0,1827000.0,3743000.0,6269000.0,17113000.0,15302000.0,4204000.0
root/LatinAmerica&CaribbeanGuyana,root,299000.0,176000.0,172000.0,1343000.0,2003000.0,372000.0,537000.0,1570000.0,2933000.0,6402000.0,2167000.0,7840000.0,345000.0,0,298000.0,1269000.0,5487000.0,609000.0,0,0,53972000.0,39994000.0,4299000.0,29646000.0,12221000.0,17679000.0,16243000.0,17859000.0,9348000.0,6694000.0,6297000.0,7188000.0,5845000.0,20174000.0,6839000.0,1800000.0,0,535000.0,0,0,0,799000.0,1102000.0,2011000.0,2450000.0,7209000.0,5640000.0
root/LatinAmerica&CaribbeanHaiti,root,0,0,0,0,0,5848000.0,13170000.0,17923000.0,7919000.0,7947000.0,13096000.0,16185000.0,13961000.0,26329000.0,30175000.0,19989000.0,24823000.0,48984000.0,22348000.0,11280000.0,13569000.0,11503000.0,16000.0,5000.0,0,49059000.0,66510000.0,39584000.0,38982000.0,14060000.0,8016000.0,993000.0,0,0,0,8636000.0,8636000.0,0,0,0,0,0,0,0,0,0,0
root/LatinAmerica&CaribbeanHonduras,root,2052000.0,1687000.0,4600000.0,2147000.0,1233000.0,1867000.0,1834000.0,2545000.0,8409000.0,5688000.0,17696000.0,12902000.0,3157000.0,1920000.0,1063000.0,679000.0,0,0,0,0,0,48052000.0,60058000.0,55107000.0,63550000.0,77497000.0,51845000.0,95031000.0,63909000.0,273008000.0,38231000.0,97945000.0,51418000.0,44522000.0,124992000.0,151279000.0,57561000.0,45595000.0,51132000.0,49367000.0,108875000.0,134873000.0,79524000.0,90226000.0,97366000.0,84522000.0,24430000.0
root/LatinAmerica&CaribbeanNicaragua,root,0,0,0,760000.0,3599000.0,5602000.0,5779000.0,3143000.0,813000.0,157000.0,19332000.0,10869000.0,2280000.0,1924000.0,1968000.0,0,0,0,0,0,0,53653000.0,73630000.0,14608000.0,52072000.0,18131000.0,68844000.0,50478000.0,104616000.0,120274000.0,87256000.0,62613000.0,71690000.0,112293000.0,125988000.0,63196000.0,61233000.0,53159000.0,28338000.0,66805000.0,36713000.0,30528000.0,27046000.0,37340000.0,28084000.0,38042000.0,21415000.0
root/LatinAmerica&CaribbeanParaguay,root,1818000.0,1550000.0,1367000.0,106000.0,17000.0,955000.0,2643000.0,5229000.0,5334000.0,3571000.0,2899000.0,2488000.0,469000.0,437000.0,0,0,0,0,0,0,0,0,0,0,0,0,0,0,0,0,0,0,0,0,0,0,0,0,0,0,0,0,0,0,0,0,0
root/LatinAmerica&CaribbeanStLucia,root,0,0,0,0,0,0,0,0,0,0,0,0,0,0,0,0,0,0,0,0,0,599000.0,3953000.0,829000.0,170000.0,2095000.0,567000.0,1976000.0,1228000.0,527000.0,664000.0,773000.0,7275000.0,1306000.0,1887000.0,3453000.0,12197000.0,4132000.0,3897000.0,908000.0,10819000.0,5452000.0,872000.0,9812000.0,5656000.0,3327000.0,3901000.0
root/LatinAmerica&CaribbeanStVincentandtheGrenadines,root,0,0,0,0,0,0,0,0,0,0,0,0,0,0,0,1016000.0,870000.0,526000.0,669000.0,1385000.0,858000.0,1576000.0,42000.0,0,0,0,0,0,120000.0,100000.0,21000.0,1093000.0,1833000.0,470000.0,1392000.0,3285000.0,751000.0,1258000.0,1644000.0,1255000.0,1599000.0,825000.0,1564000.0,4974000.0,3476000.0,1617000.0,1845000.0
root/MiddleEast&NorthAfricaDjibouti,root,0,0,0,0,0,0,0,0,0,0,0,0,0,535000.0,792000.0,5026000.0,3666000.0,6919000.0,5332000.0,1870000.0,2475000.0,2874000.0,3201000.0,3521000.0,1340000.0,2776000.0,1376000.0,3301000.0,2042000.0,911000.0,3870000.0,8855000.0,17718000.0,25818000.0,9835000.0,4736000.0,8224000.0,9740000.0,7184000.0,7364000.0,1423000.0,1353000.0,1269000.0,399000.0,1329000.0,2896000.0,5807000.0
root/MiddleEast&NorthAfricaEgyptArabRep,root,0,171000.0,986000.0,23413000.0,11458000.0,48494000.0,41763000.0,42050000.0,44552000.0,53927000.0,41441000.0,85717000.0,116773000.0,142731000.0,98850000.0,52145000.0,35656000.0,27259000.0,20817000.0,13306000.0,7669000.0,3435000.0,7746000.0,19510000.0,49747000.0,82761000.0,82482000.0,157936000.0,56694000.0,33308000.0,49014000.0,31793000.0,54282000.0,32707000.0,74616000.0,68570000.0,56735000.0,13479000.0,10902000.0,1948000.0,9589000.0,2822000.0,6644000.0,1332000.0,0,0,0
root/MiddleEast&NorthAfricaJordan,root,399000.0,707000.0,2312000.0,4708000.0,4766000.0,10113000.0,6464000.0,8741000.0,5797000.0,13359000.0,9116000.0,3013000.0,4298000.0,2443000.0,0,0,0,0,0,0,0,0,0,0,0,0,0,0,0,0,0,0,0,0,0,0,0,0,0,0,0,0,0,0,0,0,48333000.0
root/MiddleEast&NorthAfricaMorocco,root,1753000.0,5665000.0,6126000.0,5997000.0,6274000.0,1235000.0,4486000.0,3278000.0,161000.0,177000.0,927000.0,990000.0,1242000.0,1396000.0,1564000.0,133000.0,0,0,0,0,0,0,0,0,0,0,0,0,0,0,0,0,0,0,0,0,0,0,0,0,0,0,0,0,0,0,0
root/MiddleEast&NorthAfricaSyrianArabRepublic,root,2767000.0,2279000.0,674000.0,479000.0,807000.0,1277000.0,10284000.0,9110000.0,8961000.0,1686000.0,1653000.0,3134000.0,1722000.0,963000.0,0,0,0,0,0,0,0,0,0,0,0,0,0,0,0,0,0,0,0,0,0,0,0,0,0,0,0,0,0,0,0,0,0
root/MiddleEast&NorthAfricaTunisia,root,2874000.0,4854000.0,7858000.0,7246000.0,6103000.0,12644000.0,8857000.0,5579000.0,1787000.0,176000.0,1002000.0,1116000.0,1043000.0,0,0,0,0,0,0,0,0,0,0,0,0,0,0,0,0,0,0,0,0,0,0,0,0,0,0,0,0,0,0,0,0,0,0
root/MiddleEast&NorthAfricaYemenRep,root,0,153000.0,554000.0,1365000.0,2047000.0,8273000.0,25864000.0,21214000.0,30088000.0,20038000.0,28016000.0,27158000.0,35988000.0,54799000.0,45305000.0,45017000.0,46623000.0,40978000.0,49145000.0,43636000.0,27354000.0,48578000.0,52875000.0,46363000.0,36659000.0,42231000.0,95399000.0,88574000.0,121479000.0,172764000.0,65237000.0,76921000.0,83245000.0,89031000.0,92278000.0,128972000.0,159784000.0,121910000.0,108359000.0,100551000.0,72990000.0,12853000.0,22560000.0,21194000.0,17483000.0,8151000.0,0
root/SouthAsiaAfghanistan,root,0,0,0,0,0,0,0,0,0,0,0,0,0,0,0,0,0,0,0,0,0,0,0,0,0,0,0,0,0,0,0,0,0,0,0,0,39471000.0,44271000.0,43845000.0,27090000.0,8377000.0,8064000.0,9399000.0,3882000.0,0,0,0
root/SouthAsiaBangladesh,root,0,0,2265000.0,51626000.0,75305000.0,91190000.0,124726000.0,88207000.0,103093000.0,162568000.0,155714000.0,160848000.0,189453000.0,202584000.0,250255000.0,277290000.0,326997000.0,332545000.0,297344000.0,303594000.0,454220000.0,257281000.0,323101000.0,305645000.0,404851000.0,197622000.0,279237000.0,300696000.0,349968000.0,412539000.0,356996000.0,312088000.0,301136000.0,518716000.0,615416000.0,547425000.0,397658000.0,601747000.0,820307000.0,297021000.0,326378000.0,354939000.0,701632000.0,675014000.0,819414000.0,892935000.0,1045101000.0
root/SouthAsiaBhutan,root,0,0,0,0,0,0,0,0,0,0,0,0,0,0,21000.0,487000.0,1619000.0,5379000.0,2133000.0,2928000.0,1990000.0,1479000.0,626000.0,902000.0,1345000.0,1236000.0,1352000.0,1109000.0,736000.0,1000000.0,3572000.0,5952000.0,5471000.0,6870000.0,8964000.0,8372000.0,10261000.0,8845000.0,8574000.0,19930000.0,2082000.0,28606000.0,38118000.0,3582000.0,7106000.0,23071000.0,1999000.0
root/SouthAsiaIndia,root,172867000.0,105576000.0,187008000.0,323477000.0,399834000.0,491306000.0,533194000.0,333128000.0,326804000.0,546425000.0,651799000.0,787301000.0,1113003000.0,877475000.0,830243000.0,1020817000.0,643123000.0,900215000.0,761781000.0,565688000.0,748684000.0,953358000.0,1185622000.0,669328000.0,966175000.0,729151000.0,905979000.0,830100000.0,866441000.0,815698000.0,1054477000.0,1194762000.0,885637000.0,726815000.0,1092863000.0,1290097000.0,1004536000.0,801982000.0,961180000.0,1263153000.0,1066649000.0,1699567000.0,677115000.0,935549000.0,1579234000.0,1188149000.0,1610175000.0
root/SouthAsiaMaldives,root,0,0,0,0,0,0,0,0,0,0,1634000.0,472000.0,62000.0,313000.0,500000.0,739000.0,1077000.0,1374000.0,613000.0,985000.0,1206000.0,4292000.0,8100000.0,3029000.0,5605000.0,3879000.0,2478000.0,3799000.0,3677000.0,2704000.0,3324000.0,112000.0,3211000.0,3193000.0,6054000.0,4551000.0,3412000.0,5182000.0,4205000.0,5752000.0,17270000.0,6466000.0,3989000.0,4287000.0,0,446000.0,0
root/SouthAsiaNepal,root,93000.0,193000.0,89000.0,1608000.0,1163000.0,2323000.0,3760000.0,12232000.0,11026000.0,18589000.0,25042000.0,32893000.0,33600000.0,31071000.0,29589000.0,32794000.0,53957000.0,78904000.0,83912000.0,110859000.0,66092000.0,49715000.0,70081000.0,69222000.0,74705000.0,81531000.0,61829000.0,54537000.0,62536000.0,47576000.0,48736000.0,43205000.0,33993000.0,101628000.0,71956000.0,32897000.0,43149000.0,34659000.0,30714000.0,7211000.0,10751000.0,49306000.0,77462000.0,139073000.0,106159000.0,236599000.0,171714000.0
root/SouthAsiaPakistan,root,23452000.0,33077000.0,25034000.0,80484000.0,67476000.0,23324000.0,71431000.0,76931000.0,57436000.0,76077000.0,73914000.0,97868000.0,147320000.0,105434000.0,132946000.0,108345000.0,131118000.0,137671000.0,115008000.0,106682000.0,131755000.0,212461000.0,222714000.0,248726000.0,317222000.0,254694000.0,280211000.0,233370000.0,218487000.0,194024000.0,141305000.0,598913000.0,927780000.0,117743000.0,780614000.0,627915000.0,853529000.0,1001061000.0,186777000.0,1176631000.0,370627000.0,879773000.0,554838000.0,444311000.0,1462906000.0,1624745000.0,856912000.0
root/SouthAsiaSriLanka,root,989000.0,3653000.0,2877000.0,5009000.0,10928000.0,13578000.0,5013000.0,11069000.0,11201000.0,12395000.0,19902000.0,28041000.0,55222000.0,60815000.0,80912000.0,73299000.0,85169000.0,83455000.0,56260000.0,52798000.0,126580000.0,186782000.0,74375000.0,129789000.0,77535000.0,106198000.0,104078000.0,78276000.0,96463000.0,48892000.0,46651000.0,39048000.0,90996000.0,201710000.0,68289000.0,113417000.0,100242000.0,73917000.0,95150000.0,146980000.0,141975000.0,201098000.0,165578000.0,168383000.0,185817000.0,118858000.0,236454000.0
root/Sub-SaharanAfricaAngola,root,0,0,0,0,0,0,0,0,0,0,0,0,0,0,0,0,0,0,0,0,0,0,5729000.0,9674000.0,33325000.0,30313000.0,37752000.0,27887000.0,35764000.0,38839000.0,23710000.0,11453000.0,20624000.0,5032000.0,19058000.0,30211000.0,17783000.0,7685000.0,12074000.0,19188000.0,6329000.0,14871000.0,46373000.0,59031000.0,63412000.0,53401000.0,58258000.0
root/Sub-SaharanAfricaBenin,root,145000.0,2186000.0,2071000.0,5272000.0,4148000.0,4011000.0,5929000.0,7034000.0,2397000.0,5494000.0,12287000.0,10018000.0,10949000.0,16689000.0,13921000.0,19216000.0,26710000.0,21774000.0,22417000.0,47504000.0,55585000.0,41836000.0,33025000.0,30218000.0,28733000.0,30816000.0,40649000.0,19594000.0,19892000.0,48460000.0,36457000.0,47885000.0,22860000.0,27549000.0,41697000.0,49198000.0,31871000.0,42501000.0,84119000.0,51404000.0,78687000.0,21501000.0,34253000.0,120949000.0,104350000.0,90589000.0,112244000.0
root/Sub-SaharanAfricaBotswana,root,1607000.0,813000.0,857000.0,1881000.0,2215000.0,1212000.0,1569000.0,1022000.0,599000.0,223000.0,28000.0,0,0,0,0,0,0,0,0,0,0,0,0,0,0,0,0,0,0,0,0,0,0,0,0,0,0,0,0,0,0,0,0,0,0,0,0
root/Sub-SaharanAfricaBurkinaFaso,root,11000.0,5000.0,1552000.0,1475000.0,1511000.0,4957000.0,6952000.0,12716000.0,15520000.0,18868000.0,11774000.0,7133000.0,11960000.0,18566000.0,13072000.0,21071000.0,32395000.0,21841000.0,19505000.0,24733000.0,15256000.0,42329000.0,50077000.0,63756000.0,78957000.0,84657000.0,50370000.0,34892000.0,58003000.0,63439000.0,37570000.0,71374000.0,67788000.0,55191000.0,132344000.0,106746000.0,124501000.0,80270000.0,159658000.0,90128000.0,67020000.0,67859000.0,64216000.0,29496000.0,91324000.0,137506000.0,176123000.0
root/Sub-SaharanAfricaBurundi,root,358000.0,505000.0,595000.0,368000.0,881000.0,279000.0,996000.0,2565000.0,6932000.0,11373000.0,11641000.0,10378000.0,18131643.3,27403141.5,28132177.5,19275342.7,43987859.2,42740395.2,44430170.3,44606036.4,48738008.1,39559233.9,49314000.0,36207000.0,27799000.0,27345000.0,16917000.0,11512000.0,23985000.0,15188000.0,36390000.0,11740000.0,36365000.0,40603000.0,43250000.0,27383000.0,28862000.0,19243000.0,13824000.0,8678000.0,17831000.0,8897000.0,5592000.0,0,0,0,0
root/Sub-SaharanAfricaCaboVerde,root,0,0,0,0,0,0,0,0,0,0,0,0,0,214000.0,1056000.0,1519000.0,1476000.0,875000.0,1349000.0,3464000.0,1994000.0,2731000.0,1210000.0,3510000.0,4957000.0,6038000.0,7566000.0,8290000.0,22698000.0,24122000.0,10448000.0,16005000.0,21978000.0,18982000.0,13781000.0,27238000.0,22087000.0,22721000.0,20791000.0,3755000.0,25447000.0,1875000.0,16024000.0,9051000.0,26658000.0,17187000.0,2161000.0
root/Sub-SaharanAfricaCameroon,root,3593000.0,2075000.0,6243000.0,9594000.0,4020000.0,15764000.0,17894000.0,20718000.0,19333000.0,19616000.0,19125000.0,32118000.0,32311000.0,12654000.0,7566000.0,3977000.0,4110000.0,5998000.0,4258000.0,1274000.0,0,0,0,0,180042000.0,35293000.0,84372000.0,119942000.0,78985000.0,65133000.0,55240000.0,19520000.0,49758000.0,36438000.0,106978000.0,31197000.0,29193000.0,19943000.0,29477000.0,47832000.0,82228000.0,68095000.0,88880000.0,161811000.0,130126000.0,96723000.0,135130000.0
root/Sub-SaharanAfricaCentralAfricanRepublic,root,220000.0,2167000.0,3375000.0,1352000.0,971000.0,641000.0,219000.0,962000.0,612000.0,7121000.0,10284000.0,4451580.0,2124896.0,3790361.3,12040751.1,10616300.9,19208753.1,28565973.5,39423650.8,22047914.2,70381545.0,23340577.7,20739000.0,23702000.0,40108000.0,29790000.0,22895000.0,4626000.0,186000.0,2594000.0,12922000.0,398000.0,791000.0,0,0,0,0,3168000.0,1910000.0,3824000.0,5007000.0,5213000.0,4584000.0,506000.0,33300000.0,8291000.0,3576000.0
root/Sub-SaharanAfricaChad,root,186000.0,1530000.0,617000.0,1560000.0,2446000.0,4458000.0,4638000.0,7757000.0,6998000.0,5097000.0,362000.0,0,0,348000.0,3714000.0,4022000.0,9877000.0,13048000.0,37466000.0,34210000.0,48222000.0,46422000.0,33157000.0,24500000.0,37673000.0,41730000.0,68065000.0,48541000.0,17919000.0,53096000.0,17755000.0,25672000.0,72439000.0,94371000.0,74155000.0,63683000.0,31296000.0,15851000.0,5303000.0,2755000.0,2533000.0,5520000.0,4576000.0,5571000.0,10233000.0,4265000.0,2401000.0
root/Sub-SaharanAfricaComoros,root,0,0,0,0,0,0,0,0,0,2463000.0,1757000.0,1400000.0,1856000.0,2057000.0,3754000.0,5544000.0,4674000.0,4419000.0,1997000.0,1462000.0,681000.0,1365000.0,2554000.0,4852000.0,7625000.0,9593000.0,6425000.0,5239000.0,3076000.0,0,2148000.0,11576000.0,12197000.0,8631000.0,3248000.0,2657000.0,2996000.0,4809000.0,1385000.0,338000.0,0,0,0,0,0,0,0
root/Sub-SaharanAfricaCongoDemRep,root,748000.0,2101000.0,5090000.0,6827000.0,10050000.0,11466000.0,16829000.0,32398000.0,26184000.0,26350000.0,19651000.0,17314000.0,38386000.0,42702000.0,51161000.0,58417000.0,82366000.0,215690000.0,124958000.0,137764000.0,89333000.0,65805000.0,53671000.0,48249000.0,1365000.0,0,7000.0,2000.0,0,0,0,0,410000000.0,159529000.0,166695000.0,226145000.0,138427000.0,99121000.0,92479000.0,84790000.0,18925000.0,42774000.0,77705000.0,14908000.0,997000.0,9775000.0,29564000.0
root/Sub-SaharanAfricaCongoRep,root,0,0,2559000.0,2618000.0,4288000.0,3986000.0,3640000.0,1524000.0,1317000.0,686000.0,1086000.0,15015000.0,12572000.0,9277000.0,4783000.0,3559000.0,2380000.0,1301000.0,1120000.0,573000.0,0,0,0,0,101254000.0,0,2041000.0,924000.0,0,0,0,37847000.0,2088000.0,23804000.0,27239000.0,34669000.0,8025000.0,1951000.0,2856000.0,2886000.0,2327000.0,2325000.0,4981000.0,10748000.0,10883000.0,12191000.0,13189000.0
root/Sub-SaharanAfricaCotedIvoire,root,0,0,0,0,221000.0,1112000.0,1624000.0,3767000.0,776000.0,0,0,0,0,0,0,0,0,0,0,0,0,29707000.0,73616000.0,2871000.0,447980000.0,226444000.0,234996000.0,140289000.0,189967000.0,53018000.0,75617000.0,5244000.0,173770000.0,52154000.0,37713000.0,0,0,0,13130000.0,13403000.0,39728000.0,17065000.0,0,52829000.0,84373000.0,168137000.0,142528000.0
root/Sub-SaharanAfricaEritrea,root,0,0,0,0,0,0,0,0,0,0,0,0,0,0,0,0,0,0,0,0,0,0,0,0,16014000.0,5379000.0,1497000.0,3759000.0,6280000.0,19507000.0,31620000.0,78150000.0,46216000.0,58710000.0,35619000.0,57276000.0,20161000.0,20522000.0,22547000.0,4135000.0,3587000.0,16774000.0,0,0,0,0,0
root/Sub-SaharanAfricaEthiopia,root,2821000.0,3669000.0,4483000.0,8644000.0,9412000.0,18775000.0,35964000.0,33237000.0,34008000.0,47047000.0,28154000.0,27507000.0,27678000.0,42413000.0,41238000.0,50150000.0,38333000.0,85940000.0,75390000.0,69983000.0,73507000.0,58457000.0,111935000.0,229910000.0,149812000.0,83678000.0,141585000.0,64783000.0,69128000.0,156862000.0,136604000.0,455304000.0,464505000.0,204089000.0,202028000.0,161977000.0,179078000.0,132453000.0,159561000.0,553073000.0,388532000.0,429509000.0,598953000.0,854545000.0,870394000.0,704353000.0,1197736000.0
root/Sub-SaharanAfricaGambiaThe,root,0,0,1419000.0,909000.0,1216000.0,964000.0,404000.0,1631000.0,1251000.0,2803000.0,5195000.0,3671000.0,4231000.0,4390000.0,2516000.0,4306000.0,13841000.0,13993000.0,5088000.0,15526000.0,9836000.0,6463000.0,21882000.0,7755000.0,9220000.0,11635000.0,10090000.0,9148000.0,3086000.0,5526000.0,7724000.0,7496000.0,14997000.0,11387000.0,20794000.0,18851000.0,11720000.0,1114000.0,2398000.0,2351000.0,2208000.0,0,0,0,701000.0,944000.0,5170000.0
root/Sub-SaharanAfricaGhana,root,3938000.0,3512000.0,6933000.0,2353000.0,7442000.0,10149000.0,12831000.0,23122000.0,11651000.0,4291000.0,4720000.0,11905000.0,14363000.0,16984000.0,49535000.0,62413000.0,168870000.0,193500000.0,204707000.0,167956000.0,201127000.0,199388000.0,170384000.0,205269000.0,177836000.0,242097000.0,243789000.0,236989000.0,261266000.0,218454000.0,203937000.0,192907000.0,99034000.0,198212000.0,229701000.0,305309000.0,265959000.0,230908000.0,257434000.0,241386000.0,307513000.0,417803000.0,261516000.0,309652000.0,309295000.0,492380000.0,259216000.0
root/Sub-SaharanAfricaGuinea,root,0,0,0,0,0,0,1170000.0,6290000.0,7412000.0,7241000.0,9791000.0,13488000.0,11430000.0,15987000.0,19872000.0,21545000.0,35815000.0,39278000.0,47849000.0,63551000.0,51767000.0,82913000.0,87863000.0,133574000.0,63113000.0,58941000.0,46979000.0,109035000.0,66209000.0,29022000.0,28960000.0,70495000.0,32456000.0,32878000.0,38234000.0,31514000.0,21672000.0,21254000.0,22265000.0,0,0,9852000.0,0,11058000.0,41453000.0,651000.0,46088000.0
root/Sub-SaharanAfricaGuineaBissau,root,0,0,0,0,0,0,0,0,0,503000.0,4189000.0,5173000.0,2915000.0,10744000.0,4686000.0,14606000.0,10058000.0,18972000.0,17586000.0,21727000.0,15475000.0,13633000.0,10717000.0,13577000.0,11078000.0,8814000.0,14149000.0,17693000.0,5343000.0,2104000.0,13646000.0,3894000.0,3804000.0,11675000.0,24925000.0,10676000.0,5476000.0,11083000.0,4234000.0,1337000.0,279000.0,0,0,0,2182000.0,3265000.0,3846000.0
root/Sub-SaharanAfricaKenya,root,6628000.0,3066000.0,5891000.0,14675000.0,11155000.0,6716000.0,13567000.0,17668000.0,16321000.0,21506000.0,71584000.0,14771000.0,85425000.0,19821000.0,35645000.0,35001000.0,29791000.0,73267000.0,135545000.0,226877000.0,234452000.0,177554000.0,91002000.0,226061000.0,97197000.0,158943000.0,155890000.0,83673000.0,123170000.0,78317000.0,170422000.0,115933000.0,65731000.0,122152000.0,78461000.0,33990000.0,41427000.0,159243000.0,178427000.0,164333000.0,220460000.0,267723000.0,299908000.0,490293000.0,587049000.0,474012000.0,456574000.0
root/Sub-SaharanAfricaLesotho,root,0,0,0,14000.0,1395000.0,1735000.0,1958000.0,5056000.0,2748000.0,2642000.0,3844000.0,7262000.0,8338000.0,8462000.0,5707000.0,8169000.0,6059000.0,8649000.0,7282000.0,12902000.0,9236000.0,8973000.0,9933000.0,7021000.0,6346000.0,8779000.0,11743000.0,11554000.0,14340000.0,10166000.0,7803000.0,12730000.0,22172000.0,15596000.0,14664000.0,13101000.0,10817000.0,13980000.0,17157000.0,12791000.0,29420000.0,2833000.0,2684000.0,1114000.0,11686000.0,11674000.0,18071000.0
root/Sub-SaharanAfricaLiberia,root,0,0,0,217000.0,2308000.0,2197000.0,1776000.0,3157000.0,3483000.0,4917000.0,4884000.0,5831000.0,7529000.0,10801000.0,14704000.0,12257000.0,10664000.0,6152000.0,667000.0,0,0,0,0,0,0,0,0,0,0,0,0,0,0,0,0,0,0,0,0,0,0,14297000.0,23107000.0,21573000.0,48938000.0,67245000.0,74373000.0
root/Sub-SaharanAfricaMadagascar,root,5018000.0,2297000.0,2219000.0,10604000.0,12126000.0,14097000.0,13608000.0,8875000.0,8635000.0,12580000.0,24777000.0,32954000.0,33298000.0,36942000.0,30374000.0,57923000.0,94638000.0,92560000.0,80920000.0,72547000.0,63634000.0,106011000.0,36790000.0,47105000.0,59565000.0,75951000.0,77518000.0,129566000.0,76595000.0,83560000.0,93894000.0,96750000.0,163428000.0,194593000.0,227202000.0,220513000.0,178289000.0,198368000.0,210917000.0,31179000.0,76035000.0,45589000.0,53067000.0,87563000.0,129970000.0,121344000.0,83251000.0
root/Sub-SaharanAfricaMalawi,root,9636000.0,7302000.0,9583000.0,4730000.0,7459000.0,11444000.0,11886000.0,10890000.0,18242000.0,14452000.0,15070000.0,20973000.0,27069000.0,30498000.0,77003000.0,33334000.0,80565000.0,46067000.0,65012000.0,79172000.0,98632000.0,98157000.0,85626000.0,146085000.0,59101000.0,73307000.0,141334000.0,106728000.0,130352000.0,88245000.0,96965000.0,107680000.0,51155000.0,55737000.0,61997000.0,45053000.0,46206000.0,13768000.0,11941000.0,24237000.0,33931000.0,34584000.0,49793000.0,94655000.0,118198000.0,115409000.0,79426000.0
root/Sub-SaharanAfricaMali,root,1200000.0,3388000.0,5007000.0,4496000.0,6540000.0,12765000.0,13432000.0,12754000.0,14576000.0,20555000.0,18910000.0,19244000.0,14424000.0,18906000.0,21155000.0,29161000.0,44990000.0,43635000.0,60920000.0,48131000.0,43495000.0,68584000.0,61640000.0,46611000.0,93307000.0,85491000.0,84189000.0,74850000.0,47754000.0,56916000.0,49263000.0,70483000.0,90967000.0,95352000.0,76454000.0,110887000.0,48720000.0,139302000.0,87539000.0,160127000.0,153333000.0,151628000.0,73159000.0,153212000.0,110893000.0,179091000.0,66811000.0
root/Sub-SaharanAfricaMauritania,root,1455000.0,3576000.0,377000.0,606000.0,859000.0,1971000.0,4724000.0,5863000.0,5791000.0,4433000.0,4127000.0,6372000.0,5613000.0,3154000.0,4247000.0,5945000.0,12983000.0,40456000.0,29540000.0,12087000.0,39085000.0,13621000.0,13235000.0,28231000.0,34623000.0,30474000.0,35951000.0,34180000.0,23973000.0,19266000.0,57305000.0,47652000.0,41283000.0,42075000.0,38411000.0,42407000.0,46987000.0,66073000.0,42728000.0,38260000.0,39206000.0,32263000.0,41647000.0,11764000.0,13349000.0,11517000.0,17588000.0
root/Sub-SaharanAfricaMauritius,root,0,509000.0,1041000.0,1221000.0,2284000.0,2973000.0,3006000.0,3959000.0,3774000.0,437000.0,1213000.0,0,0,0,0,0,0,0,0,0,0,0,0,0,0,0,0,0,0,0,0,0,0,0,0,0,0,0,0,0,0,0,0,0,0,0,0
root/Sub-SaharanAfricaMozambique,root,0,0,0,0,0,0,0,0,0,0,0,0,0,0,0,4705000.0,23411000.0,48313000.0,44043000.0,50816000.0,73971000.0,56058000.0,105927000.0,92964000.0,176308000.0,160125000.0,220933000.0,148142000.0,131036000.0,79482000.0,97474000.0,51618000.0,148655000.0,156120000.0,189600000.0,226758000.0,223116000.0,211899000.0,254619000.0,199078000.0,162566000.0,101086000.0,237702000.0,379721000.0,253871000.0,295036000.0,192849000.0
root/Sub-SaharanAfricaNiger,root,2215000.0,1746000.0,3034000.0,3293000.0,1826000.0,2333000.0,3662000.0,6202000.0,8476000.0,11688000.0,18158000.0,12633000.0,13173000.0,14051000.0,17345000.0,21819000.0,38427000.0,66318000.0,84452000.0,40429000.0,54782000.0,17397000.0,20939000.0,20925000.0,44067000.0,23773000.0,33525000.0,50123000.0,49572000.0,25846000.0,68025000.0,63783000.0,69236000.0,73413000.0,65111000.0,65495000.0,54880000.0,36651000.0,15115000.0,15915000.0,14302000.0,83355000.0,93803000.0,102207000.0,63851000.0,79349000.0,174712000.0
root/Sub-SaharanAfricaNigeria,root,1331000.0,1320000.0,4171000.0,4613000.0,3814000.0,1189000.0,457000.0,2365000.0,193000.0,0,0,0,0,0,0,0,0,0,0,0,7240000.0,22791000.0,24172000.0,37717000.0,60077000.0,86144000.0,90406000.0,82809000.0,134994000.0,74658000.0,55155000.0,9070000.0,18828000.0,63182000.0,156195000.0,264994000.0,361582000.0,335046000.0,353244000.0,496826000.0,999747000.0,681542000.0,526508000.0,739691000.0,928910000.0,798596000.0,788360000.0
root/Sub-SaharanAfricaRwanda,root,63000.0,157000.0,971000.0,2518000.0,4477000.0,4580000.0,8367000.0,9341000.0,6484000.0,10928000.0,10326000.0,7194000.0,11840000.0,18623000.0,24642000.0,29529000.0,36664000.0,39428000.0,30981000.0,32017000.0,21718000.0,48320000.0,31822000.0,39221000.0,11770000.0,34790000.0,42606000.0,52894000.0,66694000.0,69187000.0,37194000.0,53260000.0,73250000.0,23773000.0,82271000.0,46844000.0,36990000.0,27575000.0,40527000.0,10487000.0,9837000.0,138155000.0,40568000.0,45138000.0,171228000.0,289298000.0,221458000.0
root/Sub-SaharanAfricaSaoTomeandPrincipe,root,0,0,0,0,0,0,0,0,0,0,0,0,0,0,0,0,807000.0,2003000.0,7091000.0,6801000.0,5406000.0,5172000.0,5467000.0,4623000.0,6510000.0,5649000.0,7955000.0,1460000.0,1945000.0,958000.0,1720000.0,4988000.0,949000.0,706000.0,3152000.0,2543000.0,1880000.0,2629000.0,2650000.0,1030000.0,68000.0,3000.0,0,0,0,0,0
root/Sub-SaharanAfricaSenegal,root,3735000.0,1935000.0,4073000.0,3159000.0,10808000.0,11855000.0,11496000.0,7475000.0,9733000.0,16167000.0,12056000.0,47486000.0,21021000.0,20049000.0,20129000.0,28862000.0,112868000.0,116184000.0,65705000.0,50149000.0,116898000.0,50809000.0,102838000.0,45845000.0,53685000.0,106810000.0,109584000.0,60713000.0,84929000.0,49194000.0,92777000.0,120535000.0,115360000.0,110442000.0,180395000.0,182167000.0,131293000.0,133271000.0,134390000.0,136772000.0,112797000.0,179436000.0,146434000.0,140236000.0,148783000.0,173800000.0,137452000.0
root/Sub-SaharanAfricaSierraLeone,root,7000.0,69000.0,782000.0,4306000.0,2205000.0,2395000.0,1937000.0,2040000.0,10222000.0,3349000.0,2370000.0,2410000.0,5750000.0,5831000.0,5967000.0,9238000.0,9232000.0,2237000.0,829000.0,255000.0,12000.0,12000.0,31732000.0,35809000.0,37942000.0,43995000.0,35349000.0,27263000.0,21288000.0,8890000.0,70111000.0,69458000.0,43567000.0,24467000.0,30687000.0,18716000.0,16265000.0,14183000.0,25673000.0,15116000.0,32089000.0,35226000.0,38937000.0,15076000.0,11692000.0,7441000.0,7618000.0
root/Sub-SaharanAfricaSomalia,root,0,1567000.0,1275000.0,3181000.0,6574000.0,9094000.0,6712000.0,9672000.0,9449000.0,6928000.0,9819000.0,19088000.0,16759000.0,17025000.0,24592000.0,38724000.0,47282000.0,39994000.0,29163000.0,54962000.0,34530000.0,459000.0,24000.0,0,0,0,0,0,0,0,0,0,0,0,0,0,0,0,0,0,0,0,0,0,0,0,0
root/Sub-SaharanAfricaSudan,root,26000.0,236000.0,165000.0,1584000.0,2341000.0,15234000.0,37937000.0,27414000.0,33486000.0,26665000.0,36701000.0,70213000.0,90102000.0,56040000.0,82036000.0,37543000.0,66533000.0,62286000.0,122907000.0,84648000.0,120545000.0,76249000.0,61131000.0,73723000.0,7623000.0,0,0,0,0,0,0,0,0,0,0,0,0,0,0,0,0,0,0,0,0,5044000.0,7880000.0
root/Sub-SaharanAfricaSwaziland,root,0,0,0,0,0,37000.0,80000.0,2048000.0,1201000.0,703000.0,339000.0,181000.0,377000.0,0,0,0,0,0,0,0,0,0,0,0,0,0,0,0,0,0,0,0,0,0,0,0,0,0,0,0,0,0,0,0,0,0,0
root/Sub-SaharanAfricaTanzania,root,9419000.0,8078000.0,2731000.0,3054000.0,5898000.0,20089000.0,29046000.0,39308000.0,24355000.0,38969000.0,35022000.0,78161000.0,96928000.0,65436000.0,49493000.0,34472000.0,85459000.0,89822000.0,135301000.0,115183000.0,186452000.0,180663000.0,234541000.0,146058000.0,183201000.0,159773000.0,134381000.0,182931000.0,101634000.0,199046000.0,141920000.0,118786000.0,148036000.0,396649000.0,342890000.0,275193000.0,416179000.0,475194000.0,393631000.0,608476000.0,652888000.0,263782000.0,543599000.0,706828000.0,629606000.0,603503000.0,429738000.0
root/Sub-SaharanAfricaTogo,root,1091000.0,642000.0,579000.0,200000.0,203000.0,2069000.0,4411000.0,5657000.0,6807000.0,7563000.0,12509000.0,7596000.0,10739000.0,40292000.0,25207000.0,30057000.0,49643000.0,20477000.0,49164000.0,38691000.0,31185000.0,47937000.0,32397000.0,9016000.0,27884000.0,19800000.0,56150000.0,17022000.0,44442000.0,22097000.0,15188000.0,11507000.0,6887000.0,0,0,0,0,0,0,0,0,0,13748000.0,0,14893000.0,4154000.0,9223000.0
root/Sub-SaharanAfricaUganda,root,5405000.0,8062000.0,6337000.0,2684000.0,1164000.0,2758000.0,2659000.0,944000.0,1710000.0,1265000.0,1101000.0,15372000.0,31129000.0,32579000.0,58306000.0,91746000.0,62065000.0,111950000.0,73925000.0,98871000.0,199265000.0,137548000.0,153747000.0,139905000.0,220549000.0,159473000.0,123927000.0,216483000.0,112579000.0,131874000.0,189862000.0,297901000.0,109427000.0,259932000.0,137690000.0,132543000.0,155538000.0,373572000.0,172112000.0,364523000.0,325888000.0,177991000.0,197901000.0,364566000.0,179284000.0,229291000.0,180003000.0
root/Sub-SaharanAfricaZambia,root,0,0,0,0,0,0,0,0,0,580000.0,1537000.0,2145000.0,7472000.0,9346000.0,15555000.0,63161000.0,73441000.0,42095000.0,5461000.0,4168000.0,2827000.0,209668000.0,173613000.0,174190000.0,186062000.0,208939000.0,181096000.0,169325000.0,43189000.0,155580000.0,209968000.0,126299000.0,140646000.0,74366000.0,140814000.0,76792000.0,39933000.0,51290000.0,51484000.0,33488000.0,31941000.0,68484000.0,75884000.0,69128000.0,82248000.0,67486000.0,93846000.0
root/Sub-SaharanAfricaZimbabwe,root,0,0,0,0,0,0,0,0,0,0,0,14276000.0,0,4121000.0,7407000.0,4328000.0,12708000.0,3741000.0,5497000.0,2731000.0,0,0,75035000.0,62998000.0,101634000.0,15364000.0,11667000.0,83378000.0,28882000.0,20267000.0,7583000.0,2232000.0,0,1000.0,0,0,0,0,0,0,0,0,0,0,0,0,0
