root/EastAsia&Pacific,root,16270000.0,19930000.0,24530000.0,14160000.0,22240000.0,27280000.0,32800000.0,35670000.0,35430000.0,50030000.0,61100000.0,71290000.0,82050000.0,85770000.0,68190000.0,69830000.0,60850000.0,69520000.0,76950000.0,95410000.0,146220000.0,83160000.0,72450000.0,53410000.0,45760000.0,67560000.0,113780000.0,78660000.0,130150000.0,114280000.0,131390000.0,158060000.0,236480000.0,175990000.0,165890000.0,158010000.0,142600000.0,149380000.0,125990000.0,126930000.0,164140000.0,130680000.0,134840000.0,195070000.0,245840000.0,217820000.0,291030000.0,404490000.0,541620000.0,385770000.0,278170000.0,195660000.0,251410000.0,341790000.0,353840000.0,337640000.0,273660000.0
root/EastAsia&Pacific/BruneiDarussalam,root/EastAsia&Pacific,0,0,0,0,10000.0,20000.0,30000.0,20000.0,10000.0,10000.0,10000.0,10000.0,10000.0,120000.0,110000.0,120000.0,40000.0,20000.0,20000.0,30000.0,30000.0,20000.0,20000.0,10000.0,10000.0,10000.0,10000.0,10000.0,0,20000.0,10000.0,10000.0,10000.0,10000.0,10000.0,10000.0,30000.0,20000.0,10000.0,20000.0,10000.0,20000.0,3840000.0,20000.0,0,0,0,0,0,0,0,0,0,0,0,0,0
root/EastAsia&Pacific/Cambodia,root/EastAsia&Pacific,0,0,0,60000.0,70000.0,40000.0,0,10000.0,10000.0,900000.0,110000.0,260000.0,580000.0,620000.0,660000.0,150000.0,20000.0,10000.0,0,1490000.0,1130000.0,0,0,1020000.0,0,0,0,0,180000.0,460000.0,190000.0,1900000.0,1670000.0,6560000.0,6990000.0,10670000.0,12280000.0,7370000.0,9900000.0,7510000.0,13030000.0,11720000.0,13200000.0,15010000.0,17610000.0,21470000.0,22300000.0,24560000.0,30390000.0,32310000.0,26010000.0,6100000.0,23100000.0,17140000.0,3180000.0,4250000.0,2760000.0
root/EastAsia&Pacific/China,root/EastAsia&Pacific,0,0,0,0,0,0,0,0,0,0,0,0,0,0,0,0,0,0,0,0,90000.0,270000.0,250000.0,290000.0,750000.0,1560000.0,3210000.0,4790000.0,42540000.0,26780000.0,33270000.0,35650000.0,58650000.0,42310000.0,47040000.0,47770000.0,57080000.0,46160000.0,55430000.0,59250000.0,83440000.0,50720000.0,36130000.0,47390000.0,72150000.0,55480000.0,52280000.0,162430000.0,174900000.0,116000000.0,86720000.0,64860000.0,43160000.0,28100000.0,55320000.0,68210000.0,63300000.0
root/EastAsia&Pacific/Fiji,root/EastAsia&Pacific,1080000.0,980000.0,10810000.0,4390000.0,3390000.0,4300000.0,3900000.0,2520000.0,4110000.0,6500000.0,5640000.0,7770000.0,4710000.0,8260000.0,6610000.0,7230000.0,8480000.0,8790000.0,8940000.0,7280000.0,9530000.0,8080000.0,3140000.0,2910000.0,1670000.0,1810000.0,1570000.0,870000.0,480000.0,1750000.0,2080000.0,2740000.0,1970000.0,2240000.0,150000.0,1150000.0,0,0,0,0,0,0,0,0,0,0,500000.0,640000.0,750000.0,580000.0,530000.0,210000.0,1060000.0,1490000.0,1790000.0,1930000.0,260000.0
root/EastAsia&Pacific/FrenchPolynesia,root/EastAsia&Pacific,0,0,0,0,0,0,0,0,0,0,0,0,0,0,0,0,0,0,0,0,0,0,0,0,0,0,0,0,0,0,0,0,0,0,0,0,0,0,0,0,0,0,20000.0,0,0,0,0,0,0,0,0,0,0,0,0,0,0
root/EastAsia&Pacific/HongKongSARChina,root/EastAsia&Pacific,820000.0,90000.0,200000.0,70000.0,50000.0,270000.0,550000.0,980000.0,130000.0,180000.0,90000.0,2690000.0,1990000.0,540000.0,440000.0,1620000.0,300000.0,770000.0,480000.0,50000.0,540000.0,70000.0,140000.0,110000.0,260000.0,400000.0,290000.0,360000.0,490000.0,400000.0,540000.0,2020000.0,77490000.0,600000.0,500000.0,430000.0,120000.0,120000.0,0,0,0,0,0,0,0,0,0,0,0,0,0,0,0,0,0,0,0
root/EastAsia&Pacific/Indonesia,root/EastAsia&Pacific,0,0,110000.0,150000.0,90000.0,30000.0,10000.0,1930000.0,2630000.0,5550000.0,6310000.0,14160000.0,16940000.0,19520000.0,15700000.0,12960000.0,7290000.0,8650000.0,11330000.0,18680000.0,18400000.0,11580000.0,15560000.0,10980000.0,13880000.0,37990000.0,7310000.0,10430000.0,17220000.0,14490000.0,22380000.0,38890000.0,32680000.0,34080000.0,34060000.0,56210000.0,46080000.0,57220000.0,40060000.0,40660000.0,33860000.0,23440000.0,31720000.0,37170000.0,37360000.0,24090000.0,101560000.0,71480000.0,100690000.0,68760000.0,26850000.0,6820000.0,9880000.0,34370000.0,25840000.0,30350000.0,23550000.0
root/EastAsia&Pacific/Kiribati,root/EastAsia&Pacific,20000.0,260000.0,320000.0,410000.0,270000.0,420000.0,560000.0,1330000.0,1250000.0,1290000.0,2020000.0,2310000.0,3870000.0,5380000.0,5010000.0,5280000.0,3580000.0,4330000.0,6740000.0,5490000.0,13610000.0,9540000.0,9340000.0,8960000.0,5250000.0,4570000.0,4230000.0,3790000.0,3360000.0,2740000.0,2950000.0,3220000.0,2290000.0,1170000.0,1470000.0,1370000.0,0,0,0,0,0,0,0,0,0,0,90000.0,70000.0,30000.0,30000.0,60000.0,30000.0,30000.0,20000.0,30000.0,20000.0,20000.0
root/EastAsia&Pacific/KoreaDemPeople’sRep,root/EastAsia&Pacific,0,0,0,0,0,0,0,0,0,0,0,0,0,0,0,0,0,0,0,0,0,0,0,0,0,0,0,0,0,0,0,40000.0,0,0,0,0,510000.0,940000.0,0,520000.0,1260000.0,1140000.0,3000000.0,330000.0,2240000.0,0,0,1170000.0,270000.0,50000.0,410000.0,610000.0,1200000.0,2050000.0,460000.0,1130000.0,290000.0
root/EastAsia&Pacific/KoreaRep,root/EastAsia&Pacific,10000.0,0,0,20000.0,60000.0,140000.0,400000.0,1230000.0,200000.0,30000.0,0,160000.0,330000.0,620000.0,450000.0,800000.0,430000.0,350000.0,390000.0,420000.0,520000.0,180000.0,110000.0,110000.0,150000.0,170000.0,130000.0,290000.0,360000.0,180000.0,90000.0,0,0,0,0,240000.0,0,0,0,0,0,0,0,0,0,0,0,0,0,0,0,0,0,0,0,0,0
root/EastAsia&Pacific/LaoPDR,root/EastAsia&Pacific,40000.0,130000.0,100000.0,1140000.0,3500000.0,3980000.0,4890000.0,4360000.0,3120000.0,2870000.0,2220000.0,2160000.0,2190000.0,2170000.0,1990000.0,1910000.0,190000.0,80000.0,1750000.0,60000.0,30000.0,160000.0,0,10000.0,0,0,10000.0,110000.0,180000.0,10000.0,40000.0,70000.0,50000.0,290000.0,300000.0,1490000.0,920000.0,1110000.0,810000.0,890000.0,2120000.0,1090000.0,1040000.0,540000.0,530000.0,240000.0,280000.0,1670000.0,310000.0,300000.0,60000.0,1610000.0,1470000.0,1480000.0,2420000.0,3570000.0,1350000.0
root/EastAsia&Pacific/Malaysia,root/EastAsia&Pacific,11940000.0,15970000.0,9220000.0,3690000.0,9760000.0,11090000.0,13150000.0,8970000.0,10660000.0,6740000.0,11490000.0,9940000.0,12690000.0,8720000.0,7400000.0,7590000.0,5710000.0,11320000.0,130000.0,410000.0,20820000.0,2180000.0,4710000.0,1280000.0,210000.0,1920000.0,75420000.0,10820000.0,12210000.0,10630000.0,29820000.0,17640000.0,22350000.0,40110000.0,15140000.0,14630000.0,3970000.0,5150000.0,1710000.0,1000000.0,180000.0,50000.0,110000.0,330000.0,7370000.0,1310000.0,9940000.0,20160000.0,18920000.0,4180000.0,750000.0,7160000.0,10280000.0,5950000.0,3030000.0,8560000.0,5750000.0
root/EastAsia&Pacific/MarshallIslands,root/EastAsia&Pacific,0,0,0,0,0,0,0,0,0,0,0,0,0,0,0,0,0,0,0,0,0,0,0,0,0,0,0,0,0,0,0,0,0,0,0,0,0,0,0,0,0,0,0,0,0,0,0,0,0,0,0,10000.0,10000.0,0,0,0,0
root/EastAsia&Pacific/Mongolia,root/EastAsia&Pacific,0,0,0,0,0,0,0,0,0,0,0,0,0,0,0,0,0,0,0,0,0,0,0,0,0,0,0,0,0,0,10000.0,0,70000.0,1190000.0,1430000.0,1540000.0,540000.0,670000.0,700000.0,680000.0,750000.0,2090000.0,570000.0,560000.0,350000.0,270000.0,440000.0,1170000.0,1180000.0,710000.0,830000.0,180000.0,4650000.0,670000.0,730000.0,970000.0,490000.0
root/EastAsia&Pacific/Myanmar,root/EastAsia&Pacific,0,0,140000.0,260000.0,370000.0,360000.0,340000.0,420000.0,340000.0,560000.0,630000.0,650000.0,720000.0,810000.0,1540000.0,1050000.0,1470000.0,4310000.0,2640000.0,5960000.0,15110000.0,10810000.0,5980000.0,2730000.0,1100000.0,1270000.0,4320000.0,7660000.0,3960000.0,1150000.0,160000.0,50000.0,90000.0,260000.0,620000.0,440000.0,420000.0,510000.0,600000.0,1150000.0,1040000.0,1690000.0,6450000.0,11090000.0,11980000.0,10580000.0,13470000.0,17970000.0,82350000.0,53140000.0,44170000.0,62200000.0,48060000.0,155820000.0,120640000.0,174020000.0,144290000.0
root/EastAsia&Pacific/Nauru,root/EastAsia&Pacific,0,0,0,0,0,0,0,0,0,0,0,0,0,0,0,0,0,0,0,0,0,0,0,0,0,0,0,0,0,0,0,0,0,0,0,0,0,0,0,0,0,0,0,0,0,0,0,0,0,0,10000.0,0,0,0,20000.0,0,0
root/EastAsia&Pacific/NewCaledonia,root/EastAsia&Pacific,0,0,0,0,0,0,0,10000.0,0,0,0,0,0,0,0,0,0,0,20000.0,30000.0,0,0,0,0,0,0,0,0,0,0,0,0,0,0,0,0,0,0,0,0,0,0,0,0,0,0,0,0,0,0,0,0,0,0,0,0,0
root/EastAsia&Pacific/Palau,root/EastAsia&Pacific,0,0,0,0,0,0,0,0,0,0,0,0,0,0,0,0,0,0,0,0,0,0,0,0,0,0,0,0,0,0,0,0,0,0,0,0,0,0,0,0,0,0,0,0,0,0,0,0,100000.0,0,20000.0,0,0,0,0,0,0
root/EastAsia&Pacific/PapuaNewGuinea,root/EastAsia&Pacific,0,0,0,0,0,0,0,0,0,0,10000.0,10000.0,10000.0,20000.0,30000.0,80000.0,100000.0,100000.0,440000.0,320000.0,480000.0,220000.0,100000.0,80000.0,50000.0,90000.0,110000.0,6630000.0,13050000.0,7620000.0,5650000.0,2980000.0,1790000.0,460000.0,1510000.0,160000.0,0,0,0,0,0,0,0,0,0,0,420000.0,960000.0,1070000.0,980000.0,1030000.0,320000.0,2100000.0,930000.0,1810000.0,1450000.0,1060000.0
root/EastAsia&Pacific/Philippines,root/EastAsia&Pacific,0,0,120000.0,150000.0,200000.0,190000.0,290000.0,350000.0,330000.0,290000.0,180000.0,260000.0,280000.0,330000.0,440000.0,540000.0,380000.0,290000.0,420000.0,620000.0,5120000.0,4630000.0,1610000.0,1210000.0,340000.0,640000.0,300000.0,430000.0,1860000.0,19530000.0,9000000.0,4690000.0,12740000.0,9890000.0,12850000.0,5600000.0,9970000.0,18510000.0,4990000.0,2360000.0,3150000.0,5970000.0,1280000.0,27840000.0,19660000.0,6380000.0,880000.0,550000.0,1330000.0,4390000.0,580000.0,2070000.0,2640000.0,54830000.0,92230000.0,13930000.0,7650000.0
root/EastAsia&Pacific/Samoa,root/EastAsia&Pacific,0,0,0,0,0,0,20000.0,10000.0,30000.0,30000.0,20000.0,20000.0,20000.0,140000.0,70000.0,130000.0,220000.0,70000.0,20000.0,60000.0,230000.0,110000.0,10000.0,10000.0,10000.0,60000.0,0,20000.0,70000.0,50000.0,260000.0,40000.0,320000.0,10000.0,0,0,0,0,0,0,0,0,0,0,0,0,0,0,200000.0,180000.0,230000.0,410000.0,0,270000.0,0,0,0
root/EastAsia&Pacific/Singapore,root/EastAsia&Pacific,380000.0,270000.0,570000.0,90000.0,300000.0,900000.0,430000.0,4640000.0,1790000.0,12320000.0,18500000.0,18180000.0,17730000.0,16730000.0,2680000.0,410000.0,360000.0,890000.0,1610000.0,2100000.0,1830000.0,1530000.0,2010000.0,1670000.0,1810000.0,1760000.0,1520000.0,1760000.0,1230000.0,1460000.0,1740000.0,17370000.0,1810000.0,600000.0,1280000.0,1250000.0,370000.0,280000.0,180000.0,110000.0,260000.0,160000.0,140000.0,130000.0,70000.0,0,0,0,0,0,0,0,0,0,0,0,0
root/EastAsia&Pacific/SolomonIslands,root/EastAsia&Pacific,1830000.0,1950000.0,2230000.0,2870000.0,2830000.0,3820000.0,4620000.0,5020000.0,5970000.0,7310000.0,7960000.0,6710000.0,12050000.0,11140000.0,11320000.0,19520000.0,16950000.0,13830000.0,19980000.0,15680000.0,23210000.0,14800000.0,11070000.0,8490000.0,4730000.0,5280000.0,5480000.0,8110000.0,9250000.0,8360000.0,6570000.0,5530000.0,6240000.0,6670000.0,7540000.0,3600000.0,0,0,0,0,0,0,0,0,0,0,170000.0,270000.0,250000.0,230000.0,220000.0,190000.0,360000.0,670000.0,1290000.0,790000.0,150000.0
root/EastAsia&Pacific/Thailand,root/EastAsia&Pacific,0,0,250000.0,290000.0,520000.0,630000.0,620000.0,710000.0,860000.0,1190000.0,1210000.0,1220000.0,1470000.0,2840000.0,6200000.0,1130000.0,1000000.0,1950000.0,2410000.0,3880000.0,7650000.0,5670000.0,6360000.0,1690000.0,2340000.0,1580000.0,1870000.0,3060000.0,4550000.0,8910000.0,7930000.0,15090000.0,3010000.0,21120000.0,14170000.0,3300000.0,1920000.0,2970000.0,4310000.0,1310000.0,680000.0,150000.0,290000.0,12690000.0,400000.0,290000.0,2300000.0,200000.0,2180000.0,9920000.0,7210000.0,7620000.0,21230000.0,1480000.0,19940000.0,5750000.0,9050000.0
root/EastAsia&Pacific/TimorLeste,root/EastAsia&Pacific,0,0,0,0,0,0,0,0,0,0,0,0,0,0,0,0,0,0,0,0,0,0,0,0,0,0,0,0,0,0,0,0,0,0,0,0,0,0,10000.0,3120000.0,16430000.0,8740000.0,10580000.0,7380000.0,8450000.0,1090000.0,4210000.0,4000000.0,230000.0,110000.0,0,70000.0,210000.0,110000.0,70000.0,100000.0,20000.0
root/EastAsia&Pacific/Tonga,root/EastAsia&Pacific,0,0,0,0,0,280000.0,340000.0,590000.0,800000.0,470000.0,1160000.0,460000.0,730000.0,500000.0,480000.0,650000.0,1420000.0,510000.0,410000.0,1020000.0,2180000.0,1400000.0,1120000.0,670000.0,180000.0,170000.0,130000.0,130000.0,270000.0,430000.0,130000.0,140000.0,90000.0,10000.0,130000.0,20000.0,0,0,0,0,0,0,0,0,0,0,0,0,500000.0,10000.0,150000.0,30000.0,30000.0,30000.0,10000.0,0,0
root/EastAsia&Pacific/Tuvalu,root/EastAsia&Pacific,0,0,0,0,0,0,0,0,0,0,0,0,0,0,0,0,2890000.0,2250000.0,1970000.0,2340000.0,2930000.0,2660000.0,3360000.0,2300000.0,3490000.0,1730000.0,1560000.0,11670000.0,10080000.0,580000.0,880000.0,820000.0,430000.0,100000.0,860000.0,30000.0,0,0,0,0,0,0,0,0,0,0,0,0,0,0,40000.0,50000.0,30000.0,0,0,40000.0,0
root/EastAsia&Pacific/Vanuatu,root/EastAsia&Pacific,150000.0,280000.0,410000.0,510000.0,640000.0,580000.0,2130000.0,1970000.0,2200000.0,2880000.0,2880000.0,3230000.0,5610000.0,6910000.0,6630000.0,8400000.0,9970000.0,8880000.0,14460000.0,14140000.0,20150000.0,9250000.0,7560000.0,8870000.0,9530000.0,6550000.0,6310000.0,7720000.0,8810000.0,8730000.0,7670000.0,8600000.0,8810000.0,5570000.0,3780000.0,2360000.0,0,0,0,0,0,0,0,0,0,0,40000.0,40000.0,90000.0,100000.0,90000.0,110000.0,30000.0,90000.0,20000.0,3740000.0,1300000.0
root/EastAsia&Pacific/Vietnam,root/EastAsia&Pacific,0,0,50000.0,60000.0,180000.0,230000.0,520000.0,600000.0,990000.0,910000.0,660000.0,1090000.0,120000.0,400000.0,430000.0,260000.0,50000.0,2120000.0,2790000.0,15350000.0,2630000.0,0,0,10000.0,0,0,0,0,0,0,20000.0,570000.0,3920000.0,2740000.0,16060000.0,5740000.0,8390000.0,8350000.0,7280000.0,8350000.0,7930000.0,23700000.0,26470000.0,34590000.0,67670000.0,96620000.0,82150000.0,97150000.0,125880000.0,93790000.0,82200000.0,35000000.0,81880000.0,36290000.0,25010000.0,18830000.0,12370000.0
root/Europe&CentralAsia,root,24320000.0,15550000.0,9540000.0,15090000.0,10960000.0,25840000.0,21550000.0,19220000.0,13340000.0,6970000.0,13240000.0,14350000.0,15580000.0,9180000.0,12120000.0,7160000.0,7290000.0,7270000.0,4940000.0,12460000.0,31290000.0,55310000.0,28500000.0,8080000.0,14560000.0,37060000.0,22450000.0,19200000.0,29700000.0,8920000.0,10770000.0,18360000.0,11030000.0,27810000.0,46870000.0,33880000.0,46280000.0,47910000.0,38000000.0,65500000.0,80680000.0,69490000.0,514930000.0,71750000.0,70860000.0,148450000.0,239470000.0,86800000.0,92950000.0,76230000.0,73510000.0,67430000.0,89050000.0,76440000.0,105350000.0,126030000.0,204970000.0
root/Europe&CentralAsia/Albania,root/Europe&CentralAsia,0,0,0,0,0,0,0,0,0,0,0,0,0,0,0,0,0,0,0,0,0,0,0,0,0,0,0,0,0,0,0,0,10000.0,850000.0,1720000.0,2200000.0,1910000.0,1420000.0,870000.0,16280000.0,9590000.0,5310000.0,4850000.0,4510000.0,4030000.0,3780000.0,3610000.0,6760000.0,2770000.0,2190000.0,870000.0,680000.0,1020000.0,1190000.0,890000.0,1010000.0,500000.0
root/Europe&CentralAsia/Armenia,root/Europe&CentralAsia,0,0,0,0,0,0,0,0,0,0,0,0,0,0,0,0,0,0,0,0,0,0,0,0,0,0,0,0,0,0,0,0,0,530000.0,1910000.0,1590000.0,1370000.0,1580000.0,1310000.0,1330000.0,2750000.0,2380000.0,1670000.0,3150000.0,6560000.0,6220000.0,8390000.0,7510000.0,6600000.0,1020000.0,490000.0,360000.0,1320000.0,1290000.0,1600000.0,1810000.0,590000.0
root/Europe&CentralAsia/Azerbaijan,root/Europe&CentralAsia,0,0,0,0,0,0,0,0,0,0,0,0,0,0,0,0,0,0,0,0,0,0,0,0,0,0,0,0,0,0,0,0,440000.0,2030000.0,2870000.0,2810000.0,2450000.0,1970000.0,580000.0,1200000.0,750000.0,1150000.0,470000.0,290000.0,160000.0,40000.0,0,350000.0,1870000.0,1410000.0,860000.0,960000.0,2120000.0,4140000.0,3460000.0,3740000.0,1360000.0
root/Europe&CentralAsia/Belarus,root/Europe&CentralAsia,0,0,0,0,0,0,0,0,0,0,0,0,0,0,0,0,0,0,0,0,0,0,0,0,0,0,0,0,0,0,0,0,0,170000.0,910000.0,980000.0,1900000.0,1740000.0,800000.0,580000.0,210000.0,130000.0,90000.0,70000.0,200000.0,110000.0,0,820000.0,1090000.0,610000.0,370000.0,120000.0,880000.0,1020000.0,780000.0,1340000.0,530000.0
root/Europe&CentralAsia/BosniaandHerzegovina,root/Europe&CentralAsia,0,0,0,0,0,0,0,0,0,0,0,0,0,0,0,0,0,0,0,0,0,0,0,0,0,0,0,0,0,0,0,0,0,0,0,0,560000.0,1760000.0,3370000.0,6860000.0,7080000.0,6130000.0,7280000.0,12620000.0,10980000.0,6560000.0,5870000.0,9510000.0,9340000.0,9610000.0,9680000.0,4790000.0,3580000.0,2880000.0,5770000.0,6770000.0,4890000.0
root/Europe&CentralAsia/Croatia,root/Europe&CentralAsia,0,0,0,0,0,0,0,0,0,0,0,0,0,0,0,0,0,0,0,0,0,0,0,0,0,0,0,0,0,0,0,0,0,0,0,0,410000.0,1500000.0,1060000.0,1730000.0,1570000.0,2460000.0,2100000.0,1650000.0,2310000.0,1820000.0,310000.0,1050000.0,1410000.0,1870000.0,1050000.0,0,0,0,0,0,0
root/Europe&CentralAsia/Cyprus,root/Europe&CentralAsia,22030000.0,14100000.0,8770000.0,7360000.0,1610000.0,4990000.0,570000.0,150000.0,100000.0,60000.0,350000.0,460000.0,1890000.0,660000.0,730000.0,2030000.0,1250000.0,640000.0,600000.0,1080000.0,1450000.0,1720000.0,960000.0,460000.0,380000.0,780000.0,580000.0,1500000.0,1270000.0,1080000.0,2010000.0,1110000.0,1110000.0,1430000.0,590000.0,850000.0,590000.0,500000.0,500000.0,360000.0,240000.0,150000.0,0,30000.0,0,0,0,0,0,0,0,0,0,0,0,0,0
root/Europe&CentralAsia/Georgia,root/Europe&CentralAsia,0,0,0,0,0,0,0,0,0,0,0,0,0,0,0,0,0,0,0,0,0,0,0,0,0,0,0,0,0,0,0,0,20000.0,1210000.0,3970000.0,2630000.0,2840000.0,2870000.0,1810000.0,1500000.0,1670000.0,5690000.0,3870000.0,3410000.0,3120000.0,3340000.0,4880000.0,8730000.0,12830000.0,7250000.0,3430000.0,3190000.0,6770000.0,7040000.0,7140000.0,4360000.0,1030000.0
root/Europe&CentralAsia/Gibraltar,root/Europe&CentralAsia,470000.0,870000.0,430000.0,10000.0,150000.0,1060000.0,1700000.0,2630000.0,810000.0,1380000.0,2650000.0,3820000.0,4190000.0,6250000.0,6620000.0,3030000.0,2950000.0,4450000.0,3530000.0,6530000.0,11150000.0,7420000.0,3120000.0,3390000.0,10750000.0,28920000.0,20820000.0,14550000.0,16180000.0,440000.0,550000.0,2570000.0,3120000.0,20000.0,530000.0,170000.0,330000.0,340000.0,210000.0,30000.0,40000.0,40000.0,0,20000.0,0,0,0,0,0,0,0,0,0,0,0,0,0
root/Europe&CentralAsia/Kazakhstan,root/Europe&CentralAsia,0,0,0,0,0,0,0,0,0,0,0,0,0,0,0,0,0,0,0,0,0,0,0,0,0,0,0,0,0,0,0,0,120000.0,760000.0,2250000.0,4250000.0,3920000.0,3760000.0,2960000.0,2010000.0,1360000.0,850000.0,1130000.0,1880000.0,1760000.0,1650000.0,170000.0,660000.0,5420000.0,6950000.0,340000.0,2730000.0,5220000.0,2800000.0,2930000.0,8290000.0,4700000.0
root/Europe&CentralAsia/Kosovo,root/Europe&CentralAsia,0,0,0,0,0,0,0,0,0,0,0,0,0,0,0,0,0,0,0,0,0,0,0,0,0,0,0,0,0,0,0,0,0,0,0,0,0,0,0,0,0,0,0,0,0,0,0,0,0,11770000.0,9490000.0,12190000.0,16310000.0,9270000.0,9610000.0,7160000.0,4720000.0
root/Europe&CentralAsia/KyrgyzRepublic,root/Europe&CentralAsia,0,0,0,0,0,0,0,0,0,0,0,0,0,0,0,0,0,0,0,0,0,0,0,0,0,0,0,0,0,0,0,0,0,700000.0,330000.0,880000.0,920000.0,1290000.0,1050000.0,1590000.0,2180000.0,2390000.0,4470000.0,7070000.0,6290000.0,9360000.0,11190000.0,12950000.0,13710000.0,8940000.0,7310000.0,11900000.0,6410000.0,8390000.0,9800000.0,4130000.0,1360000.0
root/Europe&CentralAsia/MacedoniaFYR,root/Europe&CentralAsia,0,0,0,0,0,0,0,0,0,0,0,0,0,0,0,0,0,0,0,0,0,0,0,0,0,0,0,0,0,0,0,0,0,0,0,860000.0,1150000.0,950000.0,880000.0,12150000.0,8510000.0,7350000.0,7640000.0,2170000.0,2990000.0,2780000.0,630000.0,1930000.0,2140000.0,1950000.0,1150000.0,990000.0,2180000.0,3010000.0,3520000.0,3280000.0,2480000.0
root/Europe&CentralAsia/Moldova,root/Europe&CentralAsia,0,0,0,0,0,0,0,0,0,0,0,0,0,0,0,0,0,0,0,0,0,0,0,0,0,0,0,0,0,0,0,0,0,40000.0,210000.0,430000.0,800000.0,970000.0,1580000.0,1070000.0,1110000.0,2530000.0,3320000.0,5310000.0,4860000.0,2960000.0,3420000.0,6800000.0,6100000.0,3220000.0,14460000.0,2430000.0,1870000.0,1680000.0,2410000.0,1970000.0,280000.0
root/Europe&CentralAsia/Montenegro,root/Europe&CentralAsia,0,0,0,0,0,0,0,0,0,0,0,0,0,0,0,0,0,0,0,0,0,0,0,0,0,0,0,0,0,0,0,0,0,0,0,0,0,0,0,0,0,0,0,0,0,0,0,290000.0,740000.0,460000.0,210000.0,330000.0,770000.0,840000.0,830000.0,1540000.0,790000.0
root/Europe&CentralAsia/Serbia,root/Europe&CentralAsia,0,0,0,0,0,0,0,0,0,0,0,0,0,0,0,0,0,0,0,0,0,0,0,0,0,0,0,0,0,0,0,0,0,0,0,0,40000.0,750000.0,210000.0,1130000.0,28290000.0,17020000.0,459740000.0,13680000.0,9640000.0,93000000.0,180490000.0,15470000.0,12050000.0,7720000.0,5400000.0,2430000.0,5200000.0,5060000.0,4930000.0,5830000.0,2810000.0
root/Europe&CentralAsia/Slovenia,root/Europe&CentralAsia,0,0,0,0,0,0,0,0,0,0,0,0,0,0,0,0,0,0,0,0,0,0,0,0,0,0,0,0,0,0,0,0,0,0,0,1660000.0,1490000.0,1260000.0,950000.0,740000.0,40000.0,190000.0,210000.0,0,90000.0,0,0,0,0,0,0,0,0,0,0,0,0
root/Europe&CentralAsia/Tajikistan,root/Europe&CentralAsia,0,0,0,0,0,0,0,0,0,0,0,0,0,0,0,0,0,0,0,0,0,0,0,0,0,0,0,0,0,0,0,0,0,360000.0,2300000.0,3320000.0,7930000.0,3190000.0,2360000.0,130000.0,80000.0,930000.0,3270000.0,1090000.0,1520000.0,4400000.0,6960000.0,4520000.0,7720000.0,4480000.0,12520000.0,16500000.0,13670000.0,12130000.0,22710000.0,18430000.0,5930000.0
root/Europe&CentralAsia/Turkey,root/Europe&CentralAsia,1820000.0,580000.0,340000.0,7720000.0,9200000.0,19790000.0,19280000.0,16440000.0,12430000.0,5530000.0,10240000.0,10070000.0,9500000.0,2270000.0,4770000.0,2100000.0,3090000.0,2180000.0,810000.0,4850000.0,18690000.0,46170000.0,24420000.0,4230000.0,3430000.0,7360000.0,1050000.0,3150000.0,12250000.0,7400000.0,8210000.0,14680000.0,3840000.0,13160000.0,20680000.0,90000.0,2180000.0,1700000.0,1270000.0,2300000.0,540000.0,220000.0,710000.0,1850000.0,3700000.0,1070000.0,1420000.0,1410000.0,4550000.0,2230000.0,3750000.0,5510000.0,13660000.0,8530000.0,13970000.0,9610000.0,128900000.0
root/Europe&CentralAsia/Turkmenistan,root/Europe&CentralAsia,0,0,0,0,0,0,0,0,0,0,0,0,0,0,0,0,0,0,0,0,0,0,0,0,0,0,0,0,0,0,0,0,0,0,150000.0,260000.0,320000.0,630000.0,420000.0,160000.0,140000.0,120000.0,240000.0,670000.0,110000.0,50000.0,0,240000.0,400000.0,340000.0,60000.0,150000.0,660000.0,800000.0,600000.0,700000.0,110000.0
root/Europe&CentralAsia/Ukraine,root/Europe&CentralAsia,0,0,0,0,0,0,0,0,0,0,0,0,0,0,0,0,0,0,0,0,0,0,0,0,0,0,0,0,0,0,0,0,2360000.0,5590000.0,7700000.0,10310000.0,14210000.0,18780000.0,14970000.0,13360000.0,13880000.0,13690000.0,12500000.0,11690000.0,11090000.0,10760000.0,12000000.0,7750000.0,3210000.0,2370000.0,840000.0,1330000.0,4820000.0,3960000.0,12360000.0,43760000.0,42660000.0
root/Europe&CentralAsia/Uzbekistan,root/Europe&CentralAsia,0,0,0,0,0,0,0,0,0,0,0,0,0,0,0,0,0,0,0,0,0,0,0,0,0,0,0,0,0,0,0,0,10000.0,960000.0,750000.0,590000.0,960000.0,950000.0,840000.0,990000.0,650000.0,760000.0,1370000.0,590000.0,1450000.0,550000.0,130000.0,50000.0,1000000.0,1840000.0,1230000.0,840000.0,2590000.0,2410000.0,2040000.0,2300000.0,1330000.0
root/LatinAmerica&Caribbean,root,14910000.0,25490000.0,35710000.0,21840000.0,19160000.0,26900000.0,24170000.0,33370000.0,27470000.0,31580000.0,27710000.0,24210000.0,22720000.0,16900000.0,52020000.0,63700000.0,53070000.0,45840000.0,84970000.0,72440000.0,59890000.0,66330000.0,126020000.0,55160000.0,33950000.0,35950000.0,39690000.0,42840000.0,61810000.0,73080000.0,82830000.0,96930000.0,90270000.0,84700000.0,98800000.0,121340000.0,94890000.0,238450000.0,142210000.0,230650000.0,162180000.0,122200000.0,206790000.0,88380000.0,191720000.0,153800000.0,172960000.0,723820000.0,64400000.0,69030000.0,171800000.0,91650000.0,205290000.0,160580000.0,76170000.0,168840000.0,164870000.0
root/LatinAmerica&Caribbean/AntiguaandBarbuda,root/LatinAmerica&Caribbean,0,0,0,0,0,0,0,0,0,0,0,0,0,0,2520000.0,1370000.0,1310000.0,1440000.0,1360000.0,1650000.0,1000000.0,1900000.0,810000.0,650000.0,470000.0,400000.0,1090000.0,1480000.0,1740000.0,1160000.0,1680000.0,3860000.0,1610000.0,1800000.0,1450000.0,780000.0,1070000.0,450000.0,580000.0,580000.0,3230000.0,1060000.0,2330000.0,240000.0,70000.0,0,0,10000.0,20000.0,10000.0,0,0,10000.0,30000.0,0,0,0
root/LatinAmerica&Caribbean/Argentina,root/LatinAmerica&Caribbean,5560000.0,2890000.0,3590000.0,9210000.0,3550000.0,10400000.0,4220000.0,3850000.0,4570000.0,4940000.0,4860000.0,1270000.0,1530000.0,490000.0,290000.0,280000.0,110000.0,40000.0,30000.0,10000.0,70000.0,0,0,0,0,0,0,0,0,0,20000.0,140000.0,200000.0,140000.0,240000.0,180000.0,250000.0,230000.0,190000.0,260000.0,9520000.0,30000.0,0,0,0,0,0,960000.0,980000.0,990000.0,540000.0,1190000.0,3240000.0,1480000.0,1580000.0,2410000.0,1360000.0
root/LatinAmerica&Caribbean/Aruba,root/LatinAmerica&Caribbean,0,0,0,0,0,0,0,0,0,0,0,0,0,0,0,0,0,0,0,0,0,0,0,0,0,0,0,0,0,0,0,0,0,0,0,0,0,0,0,0,0,0,20000.0,0,0,0,0,0,0,0,0,0,0,0,0,0,0
root/LatinAmerica&Caribbean/BahamasThe,root/LatinAmerica&Caribbean,40000.0,0,0,0,50000.0,60000.0,40000.0,40000.0,40000.0,50000.0,20000.0,140000.0,890000.0,10000.0,50000.0,110000.0,70000.0,30000.0,60000.0,140000.0,160000.0,80000.0,30000.0,10000.0,10000.0,10000.0,10000.0,20000.0,10000.0,30000.0,140000.0,170000.0,30000.0,300000.0,30000.0,70000.0,160000.0,0,20000.0,30000.0,0,40000.0,0,20000.0,0,0,0,0,0,0,0,0,0,0,0,0,0
root/LatinAmerica&Caribbean/Barbados,root/LatinAmerica&Caribbean,0,0,0,0,0,0,1180000.0,220000.0,390000.0,730000.0,1440000.0,3090000.0,2920000.0,1670000.0,1260000.0,550000.0,360000.0,300000.0,470000.0,1360000.0,1280000.0,1020000.0,490000.0,220000.0,130000.0,80000.0,300000.0,470000.0,1450000.0,300000.0,250000.0,690000.0,590000.0,420000.0,440000.0,640000.0,410000.0,430000.0,300000.0,700000.0,190000.0,260000.0,1200000.0,210000.0,330000.0,2440000.0,40000.0,2500000.0,180000.0,450000.0,80000.0,0,0,0,0,0,0
root/LatinAmerica&Caribbean/Belize,root/LatinAmerica&Caribbean,1790000.0,2700000.0,4330000.0,3990000.0,290000.0,1480000.0,1900000.0,5100000.0,4760000.0,6100000.0,5430000.0,4390000.0,2990000.0,3660000.0,4350000.0,5050000.0,6850000.0,4260000.0,7240000.0,15480000.0,9930000.0,7950000.0,4830000.0,3910000.0,7060000.0,5440000.0,4400000.0,3210000.0,4880000.0,3570000.0,5280000.0,5250000.0,5180000.0,5960000.0,7510000.0,3820000.0,6600000.0,1700000.0,1810000.0,37030000.0,1700000.0,6870000.0,11670000.0,670000.0,420000.0,1990000.0,350000.0,60000.0,90000.0,50000.0,80000.0,520000.0,230000.0,2600000.0,1600000.0,1750000.0,570000.0
root/LatinAmerica&Caribbean/Bolivia,root/LatinAmerica&Caribbean,0,0,170000.0,550000.0,230000.0,200000.0,180000.0,150000.0,130000.0,1400000.0,180000.0,320000.0,70000.0,200000.0,820000.0,830000.0,1110000.0,2550000.0,2030000.0,1850000.0,2650000.0,2130000.0,1710000.0,1740000.0,1540000.0,1840000.0,2860000.0,2760000.0,5260000.0,6470000.0,7000000.0,7890000.0,13410000.0,8900000.0,7560000.0,50950000.0,9340000.0,8560000.0,9270000.0,47050000.0,12590000.0,45580000.0,14190000.0,13100000.0,50830000.0,24290000.0,8690000.0,105190000.0,1020000.0,530000.0,80000.0,140000.0,1020000.0,960000.0,1130000.0,1260000.0,300000.0
root/LatinAmerica&Caribbean/Brazil,root/LatinAmerica&Caribbean,0,1680000.0,5320000.0,0,2350000.0,1960000.0,860000.0,2530000.0,2770000.0,1150000.0,1110000.0,760000.0,210000.0,1230000.0,4330000.0,7440000.0,4090000.0,2120000.0,470000.0,1160000.0,1220000.0,310000.0,16600000.0,8100000.0,8160000.0,5200000.0,1290000.0,1260000.0,2570000.0,2290000.0,2530000.0,6480000.0,6750000.0,7960000.0,8610000.0,7340000.0,6270000.0,9040000.0,11610000.0,11580000.0,9780000.0,12110000.0,16620000.0,13500000.0,11050000.0,6540000.0,1580000.0,3050000.0,13500000.0,13070000.0,40730000.0,49370000.0,74230000.0,8510000.0,16740000.0,31910000.0,72430000.0
root/LatinAmerica&Caribbean/BritishVirginIslands,root/LatinAmerica&Caribbean,0,0,0,0,0,0,0,13830000.0,0,0,0,0,0,0,1640000.0,2370000.0,2530000.0,1980000.0,1060000.0,1660000.0,2860000.0,2520000.0,2580000.0,1760000.0,960000.0,1520000.0,1220000.0,930000.0,910000.0,3570000.0,2990000.0,3250000.0,2060000.0,2150000.0,3400000.0,290000.0,1050000.0,1530000.0,1440000.0,2730000.0,1180000.0,140000.0,0,110000.0,0,0,0,0,0,0,0,0,0,0,0,0,0
root/LatinAmerica&Caribbean/CaymanIslands,root/LatinAmerica&Caribbean,0,0,0,0,0,0,0,0,0,0,0,0,0,0,1570000.0,520000.0,960000.0,950000.0,480000.0,570000.0,990000.0,370000.0,60000.0,30000.0,40000.0,70000.0,90000.0,110000.0,110000.0,130000.0,2140000.0,170000.0,150000.0,80000.0,40000.0,70000.0,60000.0,1780000.0,540000.0,80000.0,50000.0,40000.0,0,20000.0,0,0,0,0,0,0,0,0,0,0,0,0,0
root/LatinAmerica&Caribbean/Chile,root/LatinAmerica&Caribbean,30000.0,0,4560000.0,850000.0,1460000.0,2630000.0,3720000.0,90000.0,780000.0,280000.0,1140000.0,1040000.0,100000.0,850000.0,1250000.0,600000.0,1200000.0,3050000.0,1590000.0,3790000.0,4380000.0,2730000.0,1110000.0,610000.0,340000.0,430000.0,550000.0,430000.0,540000.0,440000.0,670000.0,1060000.0,1590000.0,1410000.0,2270000.0,3020000.0,2950000.0,2370000.0,1670000.0,1160000.0,150000.0,0,290000.0,420000.0,1060000.0,1050000.0,860000.0,520000.0,480000.0,590000.0,660000.0,550000.0,1400000.0,3090000.0,2620000.0,7110000.0,9070000.0
root/LatinAmerica&Caribbean/Colombia,root/LatinAmerica&Caribbean,0,0,0,0,10000.0,70000.0,150000.0,370000.0,230000.0,330000.0,450000.0,460000.0,630000.0,470000.0,2110000.0,5670000.0,2370000.0,1960000.0,1260000.0,2070000.0,1450000.0,990000.0,670000.0,540000.0,290000.0,770000.0,1180000.0,820000.0,2010000.0,1450000.0,3000000.0,8900000.0,3660000.0,3040000.0,4120000.0,3840000.0,3310000.0,4140000.0,4720000.0,4630000.0,3350000.0,2610000.0,3150000.0,2810000.0,2020000.0,1250000.0,640000.0,1500000.0,3320000.0,7750000.0,2640000.0,4360000.0,39700000.0,11240000.0,11320000.0,61590000.0,33580000.0
root/LatinAmerica&Caribbean/CostaRica,root/LatinAmerica&Caribbean,0,0,0,0,80000.0,10000.0,20000.0,20000.0,20000.0,40000.0,90000.0,190000.0,210000.0,410000.0,1980000.0,5150000.0,1620000.0,1360000.0,530000.0,920000.0,970000.0,960000.0,850000.0,700000.0,250000.0,380000.0,770000.0,690000.0,2310000.0,5660000.0,2690000.0,1690000.0,820000.0,1600000.0,5950000.0,2160000.0,3410000.0,1120000.0,11330000.0,8270000.0,15190000.0,1390000.0,110000.0,19320000.0,15940000.0,5910000.0,460000.0,11970000.0,150000.0,2560000.0,770000.0,310000.0,1040000.0,170000.0,6070000.0,1680000.0,1080000.0
root/LatinAmerica&Caribbean/Cuba,root/LatinAmerica&Caribbean,0,0,0,0,10000.0,0,0,0,0,0,0,0,0,0,0,0,0,0,0,0,0,0,0,0,0,0,0,0,0,0,10000.0,20000.0,30000.0,240000.0,270000.0,80000.0,410000.0,3580000.0,12680000.0,2220000.0,170000.0,3180000.0,600000.0,2430000.0,3320000.0,9030000.0,2930000.0,4860000.0,240000.0,950000.0,390000.0,270000.0,2300000.0,1710000.0,6520000.0,2030000.0,3630000.0
root/LatinAmerica&Caribbean/Dominica,root/LatinAmerica&Caribbean,0,0,0,0,0,0,0,0,0,0,0,0,0,0,2160000.0,3350000.0,1830000.0,2530000.0,4990000.0,6080000.0,5430000.0,3070000.0,3100000.0,2480000.0,1490000.0,1970000.0,3300000.0,1330000.0,3430000.0,3990000.0,2110000.0,2310000.0,4670000.0,3870000.0,690000.0,480000.0,15160000.0,8460000.0,3470000.0,2850000.0,1590000.0,890000.0,1970000.0,1030000.0,3630000.0,890000.0,180000.0,0,240000.0,0,300000.0,30000.0,50000.0,50000.0,0,750000.0,60000.0
root/LatinAmerica&Caribbean/DominicanRepublic,root/LatinAmerica&Caribbean,0,0,0,0,0,0,0,10000.0,0,0,40000.0,10000.0,10000.0,30000.0,70000.0,60000.0,70000.0,90000.0,210000.0,160000.0,340000.0,280000.0,240000.0,270000.0,90000.0,30000.0,60000.0,60000.0,200000.0,40000.0,20000.0,50000.0,50000.0,110000.0,20000.0,11420000.0,0,30000.0,380000.0,47100000.0,6420000.0,860000.0,25940000.0,200000.0,160000.0,510000.0,71920000.0,37350000.0,1480000.0,100000.0,60000.0,150000.0,230000.0,380000.0,670000.0,2230000.0,10000.0
root/LatinAmerica&Caribbean/Ecuador,root/LatinAmerica&Caribbean,0,0,0,0,0,0,320000.0,410000.0,520000.0,220000.0,250000.0,380000.0,510000.0,1450000.0,1580000.0,2540000.0,8640000.0,3320000.0,2780000.0,3490000.0,1140000.0,380000.0,330000.0,660000.0,650000.0,810000.0,1050000.0,3110000.0,2100000.0,1910000.0,2310000.0,2350000.0,2580000.0,1940000.0,2970000.0,1770000.0,2740000.0,13140000.0,3760000.0,11630000.0,910000.0,980000.0,620000.0,410000.0,14770000.0,310000.0,1970000.0,1330000.0,550000.0,160000.0,30000.0,220000.0,540000.0,680000.0,400000.0,480000.0,120000.0
root/LatinAmerica&Caribbean/ElSalvador,root/LatinAmerica&Caribbean,0,0,0,0,0,70000.0,50000.0,120000.0,160000.0,180000.0,180000.0,230000.0,400000.0,770000.0,670000.0,1670000.0,570000.0,540000.0,790000.0,950000.0,620000.0,80000.0,20000.0,0,270000.0,130000.0,350000.0,670000.0,270000.0,240000.0,160000.0,50000.0,320000.0,370000.0,480000.0,440000.0,270000.0,360000.0,360000.0,420000.0,4980000.0,3050000.0,11060000.0,2350000.0,180000.0,20000.0,11280000.0,96740000.0,30000.0,30000.0,48820000.0,10000.0,130000.0,450000.0,350000.0,730000.0,50000.0
root/LatinAmerica&Caribbean/Grenada,root/LatinAmerica&Caribbean,0,0,0,0,0,0,0,0,0,0,0,0,0,0,1200000.0,580000.0,160000.0,660000.0,410000.0,280000.0,320000.0,50000.0,20000.0,20000.0,830000.0,1790000.0,1080000.0,1040000.0,2060000.0,2150000.0,1400000.0,4290000.0,3180000.0,600000.0,640000.0,410000.0,590000.0,110000.0,1430000.0,450000.0,410000.0,500000.0,780000.0,730000.0,750000.0,10800000.0,810000.0,0,20000.0,30000.0,0,0,20000.0,0,0,70000.0,0
root/LatinAmerica&Caribbean/Guatemala,root/LatinAmerica&Caribbean,0,0,0,0,0,0,10000.0,50000.0,0,10000.0,20000.0,0,0,40000.0,20000.0,30000.0,460000.0,10000.0,70000.0,30000.0,80000.0,30000.0,10000.0,0,0,10000.0,10000.0,0,10000.0,40000.0,150000.0,150000.0,140000.0,410000.0,150000.0,290000.0,690000.0,840000.0,400000.0,1960000.0,23220000.0,580000.0,570000.0,150000.0,310000.0,70000.0,4660000.0,27610000.0,660000.0,720000.0,230000.0,90000.0,15020000.0,77030000.0,1770000.0,1630000.0,1480000.0
root/LatinAmerica&Caribbean/Guyana,root/LatinAmerica&Caribbean,7460000.0,8050000.0,6780000.0,4570000.0,3240000.0,3010000.0,5640000.0,2860000.0,4370000.0,4850000.0,6230000.0,4350000.0,3140000.0,70000.0,1250000.0,1580000.0,690000.0,870000.0,9350000.0,1630000.0,1070000.0,1760000.0,2830000.0,2230000.0,510000.0,460000.0,710000.0,1010000.0,930000.0,10760000.0,16280000.0,10200000.0,4200000.0,8940000.0,11900000.0,9380000.0,12160000.0,150530000.0,35260000.0,16190000.0,35450000.0,18130000.0,14870000.0,9420000.0,20290000.0,12090000.0,6330000.0,4510000.0,4660000.0,2150000.0,1620000.0,590000.0,890000.0,630000.0,1720000.0,3400000.0,890000.0
root/LatinAmerica&Caribbean/Haiti,root/LatinAmerica&Caribbean,0,0,0,10000.0,0,0,10000.0,10000.0,0,0,0,0,10000.0,10000.0,10000.0,80000.0,70000.0,30000.0,10000.0,10000.0,60000.0,10000.0,0,30000.0,10000.0,0,490000.0,10000.0,20000.0,0,0,40000.0,290000.0,190000.0,450000.0,350000.0,0,220000.0,100000.0,0,20000.0,190000.0,180000.0,310000.0,3520000.0,1360000.0,2010000.0,0,0,7970000.0,26170000.0,15570000.0,5170000.0,14990000.0,7710000.0,5880000.0,8090000.0
root/LatinAmerica&Caribbean/Honduras,root/LatinAmerica&Caribbean,0,0,0,0,3900000.0,10000.0,20000.0,30000.0,40000.0,30000.0,110000.0,200000.0,280000.0,130000.0,190000.0,610000.0,360000.0,1040000.0,600000.0,490000.0,780000.0,610000.0,1880000.0,2560000.0,1140000.0,890000.0,1110000.0,730000.0,2160000.0,1150000.0,1530000.0,2120000.0,2150000.0,2870000.0,2310000.0,1960000.0,1610000.0,1860000.0,2330000.0,3320000.0,960000.0,1170000.0,1890000.0,1100000.0,1230000.0,30230000.0,1090000.0,0,30000.0,100000.0,25260000.0,20000.0,10900000.0,60000.0,40000.0,280000.0,240000.0
root/LatinAmerica&Caribbean/Jamaica,root/LatinAmerica&Caribbean,0,10090000.0,10490000.0,300000.0,590000.0,5310000.0,3830000.0,1350000.0,6850000.0,5590000.0,2000000.0,4770000.0,5610000.0,3040000.0,5580000.0,1550000.0,650000.0,720000.0,36690000.0,12490000.0,7680000.0,13460000.0,6150000.0,4460000.0,560000.0,3850000.0,3180000.0,4720000.0,8520000.0,4480000.0,6870000.0,6370000.0,5080000.0,420000.0,1860000.0,790000.0,6730000.0,4820000.0,5910000.0,4190000.0,4720000.0,6660000.0,7370000.0,8490000.0,13010000.0,23140000.0,14480000.0,2130000.0,6020000.0,8290000.0,3920000.0,10330000.0,14230000.0,19440000.0,10170000.0,11780000.0,8720000.0
root/LatinAmerica&Caribbean/Mexico,root/LatinAmerica&Caribbean,0,0,0,0,20000.0,60000.0,200000.0,90000.0,130000.0,180000.0,240000.0,190000.0,330000.0,710000.0,950000.0,1630000.0,1140000.0,1480000.0,1590000.0,2520000.0,3670000.0,2970000.0,60100000.0,4290000.0,690000.0,1000000.0,1180000.0,1030000.0,2230000.0,2110000.0,1960000.0,2400000.0,3180000.0,3520000.0,5240000.0,4410000.0,5730000.0,5460000.0,6880000.0,5370000.0,5660000.0,1300000.0,2600000.0,3640000.0,150000.0,9670000.0,0,2300000.0,6750000.0,11640000.0,9410000.0,5760000.0,5890000.0,8950000.0,1580000.0,19750000.0,15470000.0
root/LatinAmerica&Caribbean/Nicaragua,root/LatinAmerica&Caribbean,0,0,0,0,0,0,0,10000.0,0,10000.0,10000.0,50000.0,170000.0,210000.0,580000.0,890000.0,510000.0,710000.0,360000.0,520000.0,290000.0,140000.0,60000.0,100000.0,10000.0,150000.0,130000.0,0,320000.0,100000.0,130000.0,360000.0,1860000.0,1490000.0,930000.0,1280000.0,1510000.0,1210000.0,1840000.0,5860000.0,1730000.0,950000.0,360000.0,2730000.0,13400000.0,6140000.0,9260000.0,6860000.0,10660000.0,7060000.0,7250000.0,30000.0,18070000.0,80000.0,120000.0,240000.0,20000.0
root/LatinAmerica&Caribbean/Panama,root/LatinAmerica&Caribbean,0,0,0,0,10000.0,0,10000.0,20000.0,40000.0,130000.0,140000.0,220000.0,110000.0,70000.0,220000.0,90000.0,60000.0,50000.0,150000.0,130000.0,220000.0,210000.0,110000.0,70000.0,70000.0,90000.0,100000.0,120000.0,240000.0,1170000.0,1320000.0,1330000.0,1550000.0,1310000.0,1030000.0,990000.0,760000.0,800000.0,640000.0,500000.0,380000.0,320000.0,180000.0,50000.0,40000.0,50000.0,10710000.0,162280000.0,40000.0,70000.0,40000.0,200000.0,690000.0,660000.0,740000.0,2860000.0,1160000.0
root/LatinAmerica&Caribbean/Paraguay,root/LatinAmerica&Caribbean,0,0,0,0,0,0,10000.0,20000.0,0,10000.0,0,10000.0,20000.0,90000.0,100000.0,230000.0,220000.0,290000.0,430000.0,570000.0,630000.0,440000.0,5720000.0,1950000.0,280000.0,70000.0,320000.0,450000.0,880000.0,370000.0,890000.0,820000.0,560000.0,140000.0,360000.0,250000.0,40000.0,80000.0,20000.0,110000.0,10000.0,50000.0,230000.0,360000.0,510000.0,220000.0,420000.0,230000.0,70000.0,40000.0,10000.0,50000.0,120000.0,120000.0,250000.0,750000.0,160000.0
root/LatinAmerica&Caribbean/Peru,root/LatinAmerica&Caribbean,0,0,0,0,50000.0,360000.0,470000.0,1630000.0,1470000.0,890000.0,1480000.0,330000.0,1320000.0,920000.0,1390000.0,3420000.0,1900000.0,6040000.0,1420000.0,1850000.0,1690000.0,1360000.0,620000.0,6550000.0,600000.0,1200000.0,1780000.0,1660000.0,2430000.0,1760000.0,2120000.0,2710000.0,3350000.0,6930000.0,5170000.0,4650000.0,4180000.0,7090000.0,5740000.0,6920000.0,10410000.0,7470000.0,84430000.0,2680000.0,5260000.0,3330000.0,22140000.0,250970000.0,11610000.0,1070000.0,1270000.0,600000.0,4310000.0,3300000.0,20000.0,3300000.0,4030000.0
root/LatinAmerica&Caribbean/StKittsandNevis,root/LatinAmerica&Caribbean,0,0,0,0,0,0,0,0,0,0,0,0,0,0,3260000.0,1140000.0,1700000.0,1220000.0,1350000.0,1310000.0,1590000.0,980000.0,1330000.0,1110000.0,1100000.0,1070000.0,1260000.0,2190000.0,3560000.0,1010000.0,1490000.0,1990000.0,3070000.0,1190000.0,830000.0,760000.0,1280000.0,350000.0,790000.0,160000.0,30000.0,0,0,80000.0,0,0,0,10000.0,0,0,0,0,3730000.0,90000.0,0,0,0
root/LatinAmerica&Caribbean/StLucia,root/LatinAmerica&Caribbean,0,0,0,0,0,0,0,0,0,0,0,0,0,0,4180000.0,5600000.0,3830000.0,770000.0,790000.0,1510000.0,2110000.0,2970000.0,1660000.0,2930000.0,400000.0,690000.0,780000.0,1830000.0,1500000.0,5450000.0,3230000.0,610000.0,1500000.0,3690000.0,4700000.0,1020000.0,1000000.0,2220000.0,8220000.0,400000.0,210000.0,500000.0,660000.0,200000.0,27580000.0,160000.0,0,40000.0,70000.0,10000.0,20000.0,370000.0,250000.0,160000.0,310000.0,270000.0,60000.0
root/LatinAmerica&Caribbean/StVincentandtheGrenadines,root/LatinAmerica&Caribbean,0,0,0,0,0,0,0,0,0,0,0,0,0,0,2800000.0,4230000.0,2580000.0,1920000.0,3540000.0,5360000.0,1910000.0,2540000.0,1920000.0,750000.0,610000.0,840000.0,1110000.0,1620000.0,1400000.0,1630000.0,2280000.0,2510000.0,1060000.0,1570000.0,1220000.0,150000.0,100000.0,320000.0,2570000.0,630000.0,410000.0,60000.0,90000.0,100000.0,20000.0,160000.0,0,0,20000.0,0,20000.0,40000.0,80000.0,50000.0,0,170000.0,0
root/LatinAmerica&Caribbean/Suriname,root/LatinAmerica&Caribbean,0,0,0,0,0,0,0,0,0,0,0,0,0,0,0,0,0,0,0,0,0,0,0,0,0,0,0,0,20000.0,10000.0,0,10000.0,0,20000.0,10000.0,0,10000.0,20000.0,0,0,0,0,0,0,0,0,0,0,0,0,0,0,0,0,0,50000.0,0
root/LatinAmerica&Caribbean/TrinidadandTobago,root/LatinAmerica&Caribbean,0,80000.0,470000.0,2360000.0,3290000.0,1190000.0,1300000.0,510000.0,140000.0,4370000.0,2180000.0,1640000.0,1030000.0,60000.0,960000.0,1110000.0,1270000.0,20000.0,90000.0,180000.0,250000.0,7190000.0,150000.0,10000.0,130000.0,100000.0,0,200000.0,150000.0,1000000.0,1250000.0,650000.0,570000.0,590000.0,550000.0,660000.0,460000.0,650000.0,190000.0,360000.0,420000.0,310000.0,200000.0,260000.0,350000.0,110000.0,90000.0,130000.0,850000.0,440000.0,240000.0,0,0,0,0,0,0
root/LatinAmerica&Caribbean/TurksandCaicosIslands,root/LatinAmerica&Caribbean,0,0,0,0,0,0,0,0,0,0,0,0,0,0,2350000.0,3210000.0,3690000.0,3410000.0,2710000.0,2150000.0,2960000.0,6820000.0,10010000.0,6400000.0,5240000.0,4650000.0,7900000.0,8780000.0,7540000.0,8590000.0,8730000.0,15710000.0,14060000.0,10090000.0,14820000.0,5500000.0,3930000.0,4140000.0,4870000.0,5360000.0,5550000.0,4860000.0,2480000.0,1110000.0,1100000.0,1890000.0,60000.0,480000.0,0,0,0,0,0,0,0,0,0
root/LatinAmerica&Caribbean/Uruguay,root/LatinAmerica&Caribbean,30000.0,0,0,0,10000.0,0,10000.0,10000.0,20000.0,50000.0,50000.0,30000.0,20000.0,60000.0,70000.0,50000.0,80000.0,70000.0,50000.0,70000.0,90000.0,20000.0,20000.0,20000.0,20000.0,10000.0,20000.0,60000.0,30000.0,20000.0,90000.0,220000.0,320000.0,230000.0,240000.0,770000.0,330000.0,510000.0,390000.0,290000.0,240000.0,0,20000.0,0,0,0,0,110000.0,140000.0,40000.0,70000.0,100000.0,200000.0,560000.0,390000.0,2330000.0,940000.0
root/LatinAmerica&Caribbean/VenezuelaRB,root/LatinAmerica&Caribbean,0,0,0,0,20000.0,80000.0,20000.0,40000.0,40000.0,40000.0,60000.0,140000.0,210000.0,250000.0,260000.0,110000.0,10000.0,10000.0,10000.0,0,0,0,0,0,0,0,10000.0,40000.0,20000.0,30000.0,110000.0,110000.0,450000.0,210000.0,340000.0,370000.0,320000.0,300000.0,500000.0,260000.0,1350000.0,60000.0,110000.0,130000.0,420000.0,150000.0,0,120000.0,520000.0,2160000.0,1090000.0,780000.0,1600000.0,3110000.0,2350000.0,2150000.0,1350000.0
root/MiddleEast&NorthAfrica,root,45390000.0,38730000.0,40120000.0,53380000.0,61410000.0,56230000.0,61340000.0,54080000.0,28840000.0,17490000.0,23350000.0,21650000.0,17840000.0,22990000.0,19930000.0,33700000.0,22710000.0,25470000.0,27200000.0,75440000.0,48490000.0,62620000.0,34110000.0,27170000.0,34740000.0,36100000.0,35700000.0,27950000.0,51500000.0,39710000.0,55740000.0,101450000.0,48640000.0,44820000.0,62080000.0,35890000.0,38600000.0,52180000.0,38830000.0,38500000.0,49360000.0,48620000.0,65930000.0,223670000.0,403980000.0,1396200000.0,296150000.0,127840000.0,770630000.0,240700000.0,220510000.0,250980000.0,272940000.0,600510000.0,742800000.0,975020000.0,1298270000.0
root/MiddleEast&NorthAfrica/Algeria,root/MiddleEast&NorthAfrica,0,0,0,0,10000.0,10000.0,0,0,0,10000.0,70000.0,70000.0,370000.0,610000.0,740000.0,820000.0,570000.0,320000.0,170000.0,110000.0,780000.0,0,10000.0,60000.0,20000.0,120000.0,250000.0,340000.0,830000.0,800000.0,660000.0,800000.0,590000.0,500000.0,220000.0,290000.0,100000.0,110000.0,160000.0,50000.0,0,220000.0,0,780000.0,20000.0,0,0,570000.0,2110000.0,3610000.0,2200000.0,1440000.0,3410000.0,4860000.0,16090000.0,4090000.0,4390000.0
root/MiddleEast&NorthAfrica/Bahrain,root/MiddleEast&NorthAfrica,240000.0,940000.0,1350000.0,640000.0,580000.0,880000.0,880000.0,50000.0,140000.0,120000.0,280000.0,280000.0,550000.0,510000.0,610000.0,740000.0,710000.0,880000.0,870000.0,740000.0,10000.0,0,0,0,0,0,0,0,0,0,0,0,0,0,0,0,0,0,0,0,0,0,0,0,0,0,0,0,0,0,0,0,0,0,0,0,0
root/MiddleEast&NorthAfrica/Djibouti,root/MiddleEast&NorthAfrica,0,0,0,0,0,0,0,0,0,0,0,0,0,0,0,0,0,0,90000.0,0,0,20000.0,10000.0,0,10000.0,0,0,270000.0,240000.0,130000.0,110000.0,220000.0,180000.0,210000.0,20000.0,0,0,0,0,0,0,0,20000.0,0,0,0,0,0,0,2350000.0,10000.0,20000.0,110000.0,100000.0,0,30000.0,0
root/MiddleEast&NorthAfrica/EgyptArabRep,root/MiddleEast&NorthAfrica,0,0,0,5990000.0,2310000.0,490000.0,770000.0,0,250000.0,70000.0,230000.0,1330000.0,1500000.0,3160000.0,4340000.0,5640000.0,4060000.0,5960000.0,7050000.0,37800000.0,27880000.0,14810000.0,11650000.0,14800000.0,19490000.0,23700000.0,21890000.0,11550000.0,31770000.0,16530000.0,13860000.0,23890000.0,16580000.0,9650000.0,7340000.0,6190000.0,8100000.0,8760000.0,12230000.0,5310000.0,4100000.0,3560000.0,12180000.0,3540000.0,76750000.0,6180000.0,18770000.0,130000.0,8760000.0,35640000.0,8990000.0,17420000.0,14100000.0,32830000.0,39520000.0,18530000.0,15490000.0
root/MiddleEast&NorthAfrica/IranIslamicRep,root/MiddleEast&NorthAfrica,4870000.0,0,470000.0,730000.0,740000.0,540000.0,2950000.0,6620000.0,2820000.0,670000.0,860000.0,590000.0,550000.0,420000.0,370000.0,480000.0,80000.0,210000.0,370000.0,490000.0,580000.0,490000.0,460000.0,390000.0,130000.0,0,0,0,0,0,490000.0,2460000.0,3060000.0,660000.0,140000.0,0,520000.0,640000.0,630000.0,840000.0,2920000.0,2450000.0,2820000.0,1110000.0,4800000.0,710000.0,0,490000.0,1660000.0,730000.0,0,430000.0,1160000.0,560000.0,1080000.0,1520000.0,1070000.0
root/MiddleEast&NorthAfrica/Iraq,root/MiddleEast&NorthAfrica,0,0,0,0,30000.0,60000.0,200000.0,60000.0,10000.0,0,10000.0,60000.0,70000.0,100000.0,80000.0,110000.0,70000.0,60000.0,60000.0,20000.0,0,0,0,0,0,0,0,0,0,0,0,53540000.0,4080000.0,9390000.0,13960000.0,6700000.0,11500000.0,6310000.0,6490000.0,10970000.0,14000000.0,12630000.0,13740000.0,179980000.0,275100000.0,1317520000.0,203000000.0,69170000.0,639040000.0,48560000.0,30980000.0,13380000.0,10890000.0,10960000.0,63170000.0,84700000.0,160430000.0
root/MiddleEast&NorthAfrica/Israel,root/MiddleEast&NorthAfrica,590000.0,0,0,0,580000.0,0,290000.0,340000.0,0,0,0,0,0,0,0,0,0,0,0,0,0,0,0,0,0,0,0,0,20000.0,40000.0,40000.0,20000.0,10000.0,10000.0,10000.0,20000.0,10000.0,20000.0,30000.0,0,0,0,0,0,0,0,0,0,0,0,0,0,0,0,0,0,0
root/MiddleEast&NorthAfrica/Jordan,root/MiddleEast&NorthAfrica,8070000.0,9390000.0,7820000.0,6150000.0,8020000.0,8200000.0,7290000.0,5940000.0,3470000.0,5100000.0,2570000.0,7420000.0,5330000.0,4630000.0,1060000.0,13960000.0,5760000.0,4430000.0,4360000.0,26930000.0,7830000.0,10950000.0,3200000.0,1000000.0,4780000.0,640000.0,4120000.0,2730000.0,2020000.0,7930000.0,9910000.0,5480000.0,5470000.0,7330000.0,6390000.0,11670000.0,7670000.0,12150000.0,6660000.0,7460000.0,7400000.0,8540000.0,4970000.0,3850000.0,4650000.0,6050000.0,850000.0,450000.0,4500000.0,1520000.0,2640000.0,2650000.0,7530000.0,26100000.0,30520000.0,87770000.0,235970000.0
root/MiddleEast&NorthAfrica/Lebanon,root/MiddleEast&NorthAfrica,0,0,0,0,20000.0,50000.0,40000.0,50000.0,10000.0,30000.0,40000.0,50000.0,90000.0,90000.0,70000.0,110000.0,70000.0,210000.0,640000.0,690000.0,130000.0,290000.0,2510000.0,30000.0,50000.0,40000.0,20000.0,20000.0,40000.0,0,270000.0,210000.0,470000.0,390000.0,470000.0,250000.0,810000.0,480000.0,190000.0,370000.0,890000.0,360000.0,210000.0,290000.0,290000.0,550000.0,6920000.0,7520000.0,1040000.0,5400000.0,3960000.0,2640000.0,6860000.0,12560000.0,42820000.0,152080000.0,167390000.0
root/MiddleEast&NorthAfrica/Libya,root/MiddleEast&NorthAfrica,9100000.0,9100000.0,9100000.0,9250000.0,9110000.0,2280000.0,10000.0,20000.0,20000.0,50000.0,10000.0,10000.0,10000.0,0,0,0,0,0,0,0,0,0,0,0,0,0,0,0,0,0,0,0,0,0,0,0,0,0,0,0,0,0,0,0,0,0,0,290000.0,1140000.0,1860000.0,1580000.0,16870000.0,15680000.0,24700000.0,47190000.0,15940000.0,19370000.0
root/MiddleEast&NorthAfrica/Malta,root/MiddleEast&NorthAfrica,12320000.0,9770000.0,8760000.0,16940000.0,19040000.0,15860000.0,17070000.0,15550000.0,16040000.0,9300000.0,17290000.0,9140000.0,7130000.0,10870000.0,7760000.0,7310000.0,6270000.0,6050000.0,6960000.0,300000.0,0,70000.0,50000.0,90000.0,180000.0,190000.0,260000.0,320000.0,330000.0,90000.0,50000.0,290000.0,430000.0,2070000.0,160000.0,290000.0,190000.0,80000.0,260000.0,180000.0,170000.0,170000.0,90000.0,0,0,0,0,0,0,0,0,0,0,0,0,0,0
root/MiddleEast&NorthAfrica/Morocco,root/MiddleEast&NorthAfrica,30000.0,30000.0,0,0,80000.0,0,10000.0,20000.0,100000.0,70000.0,40000.0,50000.0,60000.0,50000.0,40000.0,60000.0,60000.0,80000.0,60000.0,70000.0,160000.0,25190000.0,6610000.0,150000.0,280000.0,120000.0,230000.0,300000.0,1170000.0,760000.0,18660000.0,1480000.0,5910000.0,1180000.0,15190000.0,950000.0,470000.0,580000.0,540000.0,420000.0,230000.0,190000.0,0,0,130000.0,0,0,340000.0,6680000.0,4760000.0,3220000.0,4380000.0,8620000.0,5990000.0,13120000.0,5460000.0,4260000.0
root/MiddleEast&NorthAfrica/Oman,root/MiddleEast&NorthAfrica,250000.0,330000.0,440000.0,360000.0,4060000.0,1590000.0,620000.0,940000.0,50000.0,40000.0,70000.0,0,20000.0,260000.0,540000.0,650000.0,670000.0,440000.0,450000.0,520000.0,890000.0,920000.0,1160000.0,970000.0,760000.0,650000.0,890000.0,750000.0,1720000.0,1490000.0,1170000.0,1820000.0,1560000.0,840000.0,210000.0,40000.0,130000.0,110000.0,90000.0,100000.0,0,30000.0,0,0,0,0,0,170000.0,560000.0,640000.0,930000.0,0,0,0,0,0,0
root/MiddleEast&NorthAfrica/Qatar,root/MiddleEast&NorthAfrica,0,0,0,0,0,0,0,0,0,0,0,0,0,0,0,0,0,0,0,0,0,0,0,0,0,0,0,0,0,0,0,0,0,0,0,0,0,0,0,0,0,0,120000.0,0,0,0,0,0,0,0,0,0,0,0,0,0,0
root/MiddleEast&NorthAfrica/SaudiArabia,root/MiddleEast&NorthAfrica,0,0,0,0,0,0,0,0,0,20000.0,20000.0,70000.0,100000.0,90000.0,170000.0,190000.0,70000.0,60000.0,70000.0,10000.0,0,0,0,0,0,0,0,0,0,0,0,0,0,0,0,0,0,0,0,0,0,0,0,0,0,0,0,760000.0,0,0,0,0,0,0,0,0,0
root/MiddleEast&NorthAfrica/SyrianArabRepublic,root/MiddleEast&NorthAfrica,0,0,0,20000.0,190000.0,180000.0,160000.0,150000.0,10000.0,0,0,0,0,0,0,0,120000.0,50000.0,70000.0,250000.0,720000.0,930000.0,780000.0,2650000.0,760000.0,3600000.0,470000.0,170000.0,40000.0,0,0,0,30000.0,10000.0,120000.0,60000.0,110000.0,140000.0,150000.0,150000.0,150000.0,80000.0,120000.0,30000.0,130000.0,150000.0,0,70000.0,2290000.0,1050000.0,1950000.0,2030000.0,62670000.0,216930000.0,213420000.0,391320000.0,474760000.0
root/MiddleEast&NorthAfrica/Tunisia,root/MiddleEast&NorthAfrica,0,0,0,0,10000.0,80000.0,60000.0,10000.0,0,10000.0,170000.0,50000.0,370000.0,280000.0,280000.0,170000.0,510000.0,350000.0,440000.0,140000.0,60000.0,80000.0,1200000.0,120000.0,2830000.0,1740000.0,650000.0,1150000.0,770000.0,1340000.0,660000.0,1970000.0,400000.0,310000.0,210000.0,230000.0,180000.0,280000.0,420000.0,210000.0,190000.0,50000.0,0,0,0,21230000.0,16490000.0,120000.0,1460000.0,3820000.0,2500000.0,6000000.0,11260000.0,7530000.0,3430000.0,9640000.0,13280000.0
root/MiddleEast&NorthAfrica/UnitedArabEmirates,root/MiddleEast&NorthAfrica,410000.0,540000.0,430000.0,390000.0,330000.0,0,1300000.0,1530000.0,1130000.0,850000.0,480000.0,490000.0,150000.0,80000.0,40000.0,20000.0,0,10000.0,10000.0,10000.0,0,0,0,0,0,0,0,0,0,10000.0,10000.0,0,0,0,10000.0,0,40000.0,0,0,0,50000.0,0,120000.0,110000.0,0,0,0,0,0,0,0,0,0,0,0,0,0
root/MiddleEast&NorthAfrica/WestBankandGaza,root/MiddleEast&NorthAfrica,0,0,0,0,0,0,0,0,0,0,0,0,0,0,0,0,0,0,0,0,0,0,0,0,0,0,0,0,0,0,0,0,0,2590000.0,9620000.0,6760000.0,5410000.0,10160000.0,8850000.0,10680000.0,14690000.0,17010000.0,23770000.0,31110000.0,29450000.0,23520000.0,35090000.0,22450000.0,68180000.0,94880000.0,97630000.0,121110000.0,67960000.0,108630000.0,137240000.0,78580000.0,30670000.0
root/MiddleEast&NorthAfrica/YemenRep,root/MiddleEast&NorthAfrica,9510000.0,8630000.0,11750000.0,12910000.0,16300000.0,26010000.0,29690000.0,22800000.0,4790000.0,1150000.0,1210000.0,2040000.0,1540000.0,1840000.0,3830000.0,3440000.0,3690000.0,6360000.0,5530000.0,7360000.0,9450000.0,8870000.0,6470000.0,6910000.0,5450000.0,5300000.0,6920000.0,10350000.0,12550000.0,10590000.0,9850000.0,9270000.0,9870000.0,9680000.0,8010000.0,2440000.0,3360000.0,12360000.0,2130000.0,1760000.0,4570000.0,3330000.0,7770000.0,2870000.0,12660000.0,20290000.0,15030000.0,25310000.0,33210000.0,35880000.0,63920000.0,62610000.0,62690000.0,148760000.0,135200000.0,125360000.0,171190000.0
root/NorthAmerica,root,0,0,0,0,10000.0,50000.0,50000.0,60000.0,30000.0,10000.0,10000.0,0,10000.0,0,30000.0,20000.0,30000.0,30000.0,20000.0,30000.0,60000.0,20000.0,0,50000.0,20000.0,20000.0,40000.0,110000.0,40000.0,60000.0,10000.0,30000.0,20000.0,20000.0,20000.0,90000.0,70000.0,60000.0,30000.0,0,20000.0,0,20000.0,0,0,0,0,0,0,0,0,0,0,0,0,0,0
root/NorthAmerica/Bermuda,root/NorthAmerica,0,0,0,0,10000.0,50000.0,50000.0,60000.0,30000.0,10000.0,10000.0,0,10000.0,0,30000.0,20000.0,30000.0,30000.0,20000.0,30000.0,60000.0,20000.0,0,50000.0,20000.0,20000.0,40000.0,110000.0,40000.0,60000.0,10000.0,30000.0,20000.0,20000.0,20000.0,90000.0,70000.0,60000.0,30000.0,0,20000.0,0,20000.0,0,0,0,0,0,0,0,0,0,0,0,0,0,0
root/SouthAsia,root,86260000.0,72400000.0,82560000.0,87710000.0,125870000.0,95550000.0,121890000.0,114680000.0,92050000.0,83880000.0,119530000.0,163320000.0,149420000.0,116290000.0,180990000.0,169530000.0,215780000.0,185860000.0,326710000.0,429940000.0,366980000.0,457450000.0,170740000.0,253750000.0,249050000.0,187060000.0,273710000.0,196630000.0,273560000.0,273300000.0,300500000.0,346700000.0,332250000.0,215800000.0,245860000.0,322610000.0,331910000.0,322690000.0,383240000.0,328340000.0,377290000.0,409690000.0,688230000.0,863810000.0,1020680000.0,1142740000.0,1019700000.0,1329240000.0,1548750000.0,1544070000.0,1525950000.0,1686040000.0,1626620000.0,1865010000.0,1758490000.0,1735780000.0,1414100000.0
root/SouthAsia/Afghanistan,root/SouthAsia,0,0,0,0,440000.0,1510000.0,370000.0,750000.0,200000.0,420000.0,30000.0,250000.0,220000.0,430000.0,440000.0,220000.0,660000.0,2950000.0,1670000.0,2860000.0,1130000.0,50000.0,20000.0,250000.0,420000.0,520000.0,550000.0,970000.0,2310000.0,4080000.0,2390000.0,3210000.0,3060000.0,2210000.0,5260000.0,10900000.0,8630000.0,9480000.0,9120000.0,6020000.0,12650000.0,35440000.0,130800000.0,98610000.0,224010000.0,219920000.0,246490000.0,268710000.0,322310000.0,324390000.0,234830000.0,423420000.0,433920000.0,331230000.0,325230000.0,458250000.0,317570000.0
root/SouthAsia/Bangladesh,root/SouthAsia,0,0,0,0,0,0,0,0,0,0,0,0,6330000.0,6540000.0,15060000.0,31760000.0,24780000.0,38380000.0,84390000.0,71360000.0,99020000.0,66820000.0,38800000.0,36280000.0,46470000.0,52220000.0,54890000.0,55650000.0,73170000.0,85240000.0,97300000.0,97900000.0,102070000.0,71710000.0,65680000.0,76010000.0,71440000.0,70290000.0,98950000.0,114900000.0,103360000.0,124470000.0,101820000.0,260470000.0,252720000.0,203270000.0,139070000.0,245570000.0,252530000.0,250080000.0,228320000.0,368620000.0,310810000.0,425270000.0,342850000.0,250110000.0,200460000.0
root/SouthAsia/Bhutan,root/SouthAsia,0,0,0,0,0,0,20000.0,0,0,0,0,0,0,0,40000.0,50000.0,50000.0,50000.0,80000.0,50000.0,150000.0,190000.0,130000.0,210000.0,230000.0,210000.0,270000.0,440000.0,730000.0,670000.0,760000.0,990000.0,1280000.0,1240000.0,970000.0,90000.0,50000.0,0,150000.0,20000.0,20000.0,0,0,20000.0,0,0,0,0,0,0,0,0,10000.0,0,0,120000.0,80000.0
root/SouthAsia/India,root/SouthAsia,82840000.0,60600000.0,61960000.0,57700000.0,94600000.0,65360000.0,89440000.0,74280000.0,65310000.0,47600000.0,86720000.0,126000000.0,110770000.0,88940000.0,141720000.0,113830000.0,163890000.0,106920000.0,187220000.0,258060000.0,133910000.0,280290000.0,33610000.0,144830000.0,144090000.0,93290000.0,162110000.0,76570000.0,112560000.0,81870000.0,97130000.0,148610000.0,150330000.0,79180000.0,100410000.0,142220000.0,154320000.0,153960000.0,186600000.0,131680000.0,204160000.0,173880000.0,343720000.0,329880000.0,370150000.0,579240000.0,349300000.0,510530000.0,613120000.0,630340000.0,650340000.0,453850000.0,462860000.0,419080000.0,459000000.0,283540000.0,124990000.0
root/SouthAsia/Maldives,root/SouthAsia,20000.0,240000.0,450000.0,260000.0,250000.0,80000.0,380000.0,270000.0,70000.0,20000.0,60000.0,630000.0,310000.0,240000.0,60000.0,120000.0,190000.0,270000.0,100000.0,60000.0,210000.0,940000.0,550000.0,760000.0,340000.0,780000.0,690000.0,1150000.0,1540000.0,980000.0,1410000.0,1420000.0,1040000.0,940000.0,730000.0,1220000.0,670000.0,410000.0,440000.0,500000.0,490000.0,340000.0,390000.0,340000.0,370000.0,1840000.0,0,90000.0,100000.0,380000.0,260000.0,270000.0,350000.0,240000.0,90000.0,280000.0,190000.0
root/SouthAsia/Nepal,root/SouthAsia,170000.0,190000.0,290000.0,1390000.0,1190000.0,90000.0,1060000.0,1140000.0,540000.0,2200000.0,1000000.0,4320000.0,5640000.0,5420000.0,7250000.0,4860000.0,2960000.0,7250000.0,8330000.0,23450000.0,15610000.0,16050000.0,16580000.0,11030000.0,11310000.0,12380000.0,14400000.0,16260000.0,19060000.0,28180000.0,25780000.0,33470000.0,25180000.0,17500000.0,23970000.0,25550000.0,23340000.0,28600000.0,28020000.0,26420000.0,23010000.0,33150000.0,36920000.0,53100000.0,65790000.0,61630000.0,74810000.0,95000000.0,98620000.0,103220000.0,105190000.0,104070000.0,110150000.0,145920000.0,184230000.0,134770000.0,139040000.0
root/SouthAsia/Pakistan,root/SouthAsia,3230000.0,11370000.0,17780000.0,26320000.0,28010000.0,28260000.0,24040000.0,27220000.0,17290000.0,23450000.0,21400000.0,18290000.0,17850000.0,10770000.0,14340000.0,14550000.0,15160000.0,24950000.0,30050000.0,48120000.0,43700000.0,42710000.0,25570000.0,18090000.0,17800000.0,15400000.0,23500000.0,29300000.0,33780000.0,41380000.0,54400000.0,40540000.0,33030000.0,31300000.0,36470000.0,53070000.0,61360000.0,42510000.0,46360000.0,39480000.0,23720000.0,27390000.0,66900000.0,112120000.0,90820000.0,63120000.0,203170000.0,197840000.0,260320000.0,217510000.0,298510000.0,331590000.0,299870000.0,528800000.0,438470000.0,571100000.0,624360000.0
root/SouthAsia/SriLanka,root/SouthAsia,0,0,2080000.0,2040000.0,1380000.0,250000.0,6580000.0,11020000.0,8640000.0,10190000.0,10320000.0,13830000.0,8300000.0,3950000.0,2080000.0,4140000.0,8090000.0,5090000.0,14870000.0,25980000.0,73250000.0,50400000.0,55480000.0,42300000.0,28390000.0,12260000.0,17300000.0,16290000.0,30410000.0,30900000.0,21330000.0,20560000.0,16260000.0,11720000.0,12370000.0,13550000.0,12100000.0,17440000.0,13600000.0,9320000.0,9880000.0,15020000.0,7680000.0,9270000.0,16820000.0,13720000.0,6860000.0,11500000.0,1750000.0,18150000.0,8500000.0,4220000.0,8650000.0,14470000.0,8620000.0,37610000.0,7410000.0
root/Sub-SaharanAfrica,root,121530000.0,203340000.0,179790000.0,162980000.0,210190000.0,207490000.0,174140000.0,163740000.0,143400000.0,126390000.0,119410000.0,122340000.0,113980000.0,106630000.0,117520000.0,123850000.0,139260000.0,141820000.0,222180000.0,354450000.0,433720000.0,400890000.0,332650000.0,270600000.0,230790000.0,279780000.0,292330000.0,358800000.0,571870000.0,643470000.0,479070000.0,704020000.0,661530000.0,457400000.0,608150000.0,586290000.0,628420000.0,612720000.0,796630000.0,761760000.0,1099960000.0,1115570000.0,909320000.0,1368690000.0,2238580000.0,3753680000.0,5339680000.0,2397580000.0,2253600000.0,2434460000.0,2665190000.0,3022510000.0,2932480000.0,3314370000.0,3700890000.0,3590710000.0,3035580000.0
root/Sub-SaharanAfrica/Angola,root/Sub-SaharanAfrica,0,0,0,0,0,0,0,0,0,0,0,0,0,0,0,0,0,0,170000.0,90000.0,30000.0,190000.0,100000.0,110000.0,200000.0,210000.0,460000.0,430000.0,900000.0,2150000.0,2150000.0,3280000.0,3030000.0,4840000.0,25140000.0,21530000.0,16160000.0,5400000.0,10610000.0,3560000.0,8270000.0,7860000.0,10230000.0,13780000.0,15080000.0,14050000.0,12620000.0,10040000.0,9550000.0,4440000.0,16680000.0,690000.0,560000.0,560000.0,1510000.0,1980000.0,530000.0
root/Sub-SaharanAfrica/Benin,root/Sub-SaharanAfrica,0,0,0,0,0,0,40000.0,40000.0,20000.0,50000.0,50000.0,70000.0,30000.0,80000.0,90000.0,130000.0,80000.0,20000.0,110000.0,110000.0,150000.0,100000.0,50000.0,120000.0,220000.0,240000.0,230000.0,220000.0,610000.0,540000.0,560000.0,340000.0,6700000.0,50000.0,0,20000.0,0,0,0,1570000.0,140000.0,70000.0,60000.0,21130000.0,0,0,2280000.0,140000.0,0,30000.0,0,70000.0,610000.0,0,0,0,0
root/Sub-SaharanAfrica/Botswana,root/Sub-SaharanAfrica,3430000.0,5440000.0,5220000.0,5300000.0,8790000.0,9400000.0,12960000.0,15210000.0,13660000.0,11440000.0,6450000.0,10450000.0,8250000.0,4790000.0,8160000.0,8920000.0,8410000.0,7840000.0,10100000.0,15850000.0,19490000.0,15520000.0,12140000.0,13700000.0,11010000.0,6340000.0,8230000.0,10670000.0,12620000.0,10880000.0,10270000.0,15550000.0,10440000.0,9840000.0,4150000.0,5860000.0,4740000.0,6530000.0,5240000.0,4840000.0,3730000.0,2750000.0,2160000.0,1140000.0,460000.0,250000.0,60000.0,410000.0,1050000.0,920000.0,1060000.0,1560000.0,900000.0,1230000.0,820000.0,1610000.0,380000.0
root/Sub-SaharanAfrica/BurkinaFaso,root/Sub-SaharanAfrica,0,0,0,0,0,10000.0,0,0,0,10000.0,0,10000.0,100000.0,50000.0,60000.0,60000.0,80000.0,100000.0,50000.0,50000.0,220000.0,70000.0,40000.0,130000.0,160000.0,360000.0,190000.0,250000.0,560000.0,460000.0,460000.0,2240000.0,630000.0,390000.0,190000.0,540000.0,470000.0,990000.0,140000.0,490000.0,450000.0,1740000.0,300000.0,110000.0,6470000.0,2580000.0,2780000.0,350000.0,160000.0,200000.0,100000.0,820000.0,1710000.0,850000.0,550000.0,130000.0,180000.0
root/Sub-SaharanAfrica/Burundi,root/Sub-SaharanAfrica,0,0,0,0,10000.0,30000.0,30000.0,20000.0,10000.0,20000.0,0,0,20000.0,20000.0,10000.0,10000.0,10000.0,10000.0,10000.0,40000.0,50000.0,40000.0,40000.0,80000.0,100000.0,110000.0,140000.0,150000.0,210000.0,250000.0,320000.0,360000.0,320000.0,1220000.0,4550000.0,1810000.0,2630000.0,1690000.0,2320000.0,760000.0,1740000.0,1690000.0,1190000.0,3510000.0,9460000.0,14780000.0,26900000.0,15440000.0,14170000.0,14420000.0,20140000.0,17720000.0,1160000.0,6530000.0,10060000.0,310000.0,4300000.0
root/Sub-SaharanAfrica/CaboVerde,root/Sub-SaharanAfrica,0,0,0,0,0,0,0,0,0,0,0,0,0,0,0,0,0,0,1840000.0,60000.0,1490000.0,30000.0,20000.0,50000.0,20000.0,30000.0,40000.0,60000.0,90000.0,110000.0,90000.0,190000.0,200000.0,150000.0,10000.0,150000.0,40000.0,40000.0,40000.0,20000.0,40000.0,0,0,0,0,0,530000.0,540000.0,800000.0,720000.0,900000.0,30000.0,1000000.0,60000.0,130000.0,180000.0,100000.0
root/Sub-SaharanAfrica/Cameroon,root/Sub-SaharanAfrica,290000.0,5470000.0,2850000.0,20000.0,70000.0,270000.0,300000.0,330000.0,630000.0,580000.0,800000.0,610000.0,560000.0,620000.0,540000.0,670000.0,830000.0,780000.0,1640000.0,2230000.0,11890000.0,6770000.0,5320000.0,4490000.0,7220000.0,5070000.0,2130000.0,4420000.0,3890000.0,3620000.0,3720000.0,5370000.0,6070000.0,4270000.0,3610000.0,3740000.0,3970000.0,3800000.0,5970000.0,11070000.0,8070000.0,5150000.0,43330000.0,13740000.0,30030000.0,4620000.0,169600000.0,51740000.0,2910000.0,2260000.0,1030000.0,820000.0,1960000.0,1320000.0,88150000.0,9510000.0,2300000.0
root/Sub-SaharanAfrica/CentralAfricanRepublic,root/Sub-SaharanAfrica,0,0,0,0,5230000.0,0,0,120000.0,50000.0,120000.0,60000.0,60000.0,30000.0,0,0,0,0,0,0,0,0,0,0,10000.0,40000.0,50000.0,60000.0,0,50000.0,90000.0,110000.0,160000.0,80000.0,20000.0,10000.0,20000.0,60000.0,10000.0,910000.0,20000.0,10000.0,0,440000.0,0,0,0,920000.0,5050000.0,5660000.0,2440000.0,3020000.0,0,90000.0,2600000.0,26450000.0,27930000.0,25520000.0
root/Sub-SaharanAfrica/Chad,root/Sub-SaharanAfrica,0,0,0,0,0,0,0,40000.0,20000.0,10000.0,80000.0,60000.0,40000.0,150000.0,140000.0,90000.0,80000.0,1210000.0,190000.0,100000.0,60000.0,70000.0,630000.0,240000.0,40000.0,1880000.0,130000.0,290000.0,450000.0,370000.0,250000.0,460000.0,610000.0,350000.0,530000.0,170000.0,190000.0,170000.0,130000.0,0,410000.0,230000.0,0,1630000.0,8060000.0,730000.0,2410000.0,9130000.0,11510000.0,5570000.0,2860000.0,380000.0,90000.0,10000.0,0,0,0
root/Sub-SaharanAfrica/Comoros,root/Sub-SaharanAfrica,0,0,0,0,0,0,0,0,0,0,0,0,0,0,0,0,0,10000.0,0,0,0,0,0,0,0,0,0,0,0,10000.0,0,10000.0,50000.0,40000.0,0,40000.0,30000.0,20000.0,30000.0,30000.0,30000.0,0,0,0,0,0,0,0,0,0,120000.0,120000.0,0,0,10000.0,10000.0,10000.0
root/Sub-SaharanAfrica/CongoDemRep,root/Sub-SaharanAfrica,0,0,0,0,1210000.0,650000.0,0,90000.0,130000.0,10000.0,140000.0,210000.0,420000.0,260000.0,130000.0,190000.0,220000.0,160000.0,280000.0,4910000.0,1270000.0,3420000.0,550000.0,3340000.0,1670000.0,960000.0,420000.0,5100000.0,1060000.0,1190000.0,3440000.0,2690000.0,2430000.0,2740000.0,4320000.0,2220000.0,1860000.0,5020000.0,13520000.0,2430000.0,8030000.0,17040000.0,14930000.0,22660000.0,300970000.0,77570000.0,139930000.0,120690000.0,192850000.0,225460000.0,250780000.0,383050000.0,220200000.0,252720000.0,274270000.0,218060000.0,174830000.0
root/Sub-SaharanAfrica/CongoRep,root/Sub-SaharanAfrica,0,0,0,0,10000.0,20000.0,50000.0,20000.0,0,20000.0,10000.0,10000.0,0,0,60000.0,140000.0,160000.0,140000.0,100000.0,150000.0,300000.0,310000.0,160000.0,120000.0,80000.0,150000.0,190000.0,290000.0,530000.0,430000.0,400000.0,610000.0,600000.0,340000.0,0,0,1540000.0,0,5490000.0,5180000.0,40000.0,0,320000.0,3970000.0,4870000.0,580000.0,640000.0,200000.0,20000.0,0,78750000.0,0,80000.0,0,0,0,120000.0
root/Sub-SaharanAfrica/CotedIvoire,root/Sub-SaharanAfrica,0,0,0,0,20000.0,20000.0,30000.0,40000.0,50000.0,140000.0,80000.0,90000.0,100000.0,100000.0,1460000.0,200000.0,2340000.0,150000.0,250000.0,920000.0,3590000.0,3770000.0,2100000.0,1440000.0,1020000.0,790000.0,1830000.0,1610000.0,2850000.0,2090000.0,1710000.0,1700000.0,760000.0,500000.0,100000.0,1010000.0,10070000.0,1580000.0,3480000.0,1390000.0,1090000.0,1210000.0,11720000.0,2140000.0,5880000.0,3070000.0,1860000.0,37110000.0,340000.0,150000.0,25960000.0,10740000.0,74980000.0,640000.0,3340000.0,1070000.0,790000.0
root/Sub-SaharanAfrica/EquatorialGuinea,root/Sub-SaharanAfrica,0,0,0,0,0,0,0,0,0,0,0,0,0,0,0,0,0,0,0,0,0,0,0,0,20000.0,0,0,340000.0,30000.0,140000.0,90000.0,0,0,0,0,0,20000.0,10000.0,0,0,0,0,0,0,0,0,0,0,0,0,0,0,0,0,0,0,0
root/Sub-SaharanAfrica/Eritrea,root/Sub-SaharanAfrica,0,0,0,0,0,0,0,0,0,0,0,0,0,0,0,0,0,0,0,0,0,0,0,0,0,0,0,0,0,0,0,0,0,4000000.0,7730000.0,3670000.0,2770000.0,1690000.0,1810000.0,700000.0,1130000.0,4870000.0,1200000.0,4360000.0,5040000.0,3070000.0,5540000.0,6400000.0,5570000.0,6450000.0,5510000.0,8370000.0,4010000.0,7290000.0,9680000.0,460000.0,800000.0
root/Sub-SaharanAfrica/Ethiopia,root/Sub-SaharanAfrica,0,0,0,0,60000.0,550000.0,360000.0,360000.0,530000.0,770000.0,1110000.0,2440000.0,2500000.0,4180000.0,4640000.0,6110000.0,3890000.0,2890000.0,5310000.0,5950000.0,4360000.0,960000.0,9720000.0,5070000.0,8430000.0,36100000.0,13810000.0,13680000.0,33780000.0,19710000.0,35240000.0,38200000.0,33830000.0,16560000.0,43150000.0,42430000.0,19730000.0,21560000.0,13030000.0,12040000.0,11350000.0,27610000.0,43660000.0,62920000.0,147130000.0,75480000.0,164610000.0,291070000.0,253680000.0,342920000.0,406950000.0,552250000.0,421050000.0,515060000.0,529650000.0,517620000.0,451170000.0
root/Sub-SaharanAfrica/Gabon,root/Sub-SaharanAfrica,0,0,0,0,0,0,0,200000.0,10000.0,10000.0,30000.0,300000.0,100000.0,0,0,0,0,0,0,0,0,10000.0,10000.0,30000.0,10000.0,20000.0,30000.0,40000.0,10000.0,60000.0,80000.0,90000.0,70000.0,0,10000.0,0,0,0,0,0,0,0,230000.0,0,0,0,0,0,0,0,160000.0,200000.0,0,0,360000.0,0,200000.0
root/Sub-SaharanAfrica/GambiaThe,root/Sub-SaharanAfrica,540000.0,1430000.0,2470000.0,5060000.0,2450000.0,3900000.0,2340000.0,2420000.0,2840000.0,2160000.0,860000.0,1260000.0,2130000.0,2020000.0,2360000.0,2940000.0,2820000.0,5560000.0,6800000.0,4400000.0,4670000.0,4070000.0,3760000.0,3130000.0,4410000.0,4120000.0,14020000.0,10940000.0,10650000.0,7060000.0,12390000.0,8380000.0,9960000.0,4300000.0,3300000.0,3620000.0,3330000.0,2430000.0,1490000.0,1940000.0,2100000.0,3770000.0,1730000.0,930000.0,490000.0,1510000.0,4100000.0,5030000.0,3770000.0,3730000.0,1980000.0,8820000.0,14100000.0,12670000.0,15100000.0,14580000.0,14580000.0
root/Sub-SaharanAfrica/Ghana,root/Sub-SaharanAfrica,340000.0,290000.0,830000.0,3240000.0,6630000.0,1250000.0,980000.0,870000.0,14310000.0,13020000.0,12440000.0,15970000.0,3770000.0,4060000.0,1220000.0,1380000.0,2750000.0,3900000.0,7630000.0,21200000.0,34790000.0,13320000.0,8810000.0,8200000.0,3820000.0,11510000.0,24400000.0,27650000.0,49910000.0,71850000.0,22250000.0,53790000.0,55510000.0,36930000.0,28860000.0,20930000.0,33590000.0,38080000.0,64630000.0,91780000.0,79910000.0,97840000.0,122490000.0,123900000.0,280030000.0,119740000.0,167170000.0,152000000.0,150770000.0,153930000.0,166580000.0,130460000.0,83500000.0,161580000.0,108800000.0,92630000.0,78470000.0
root/Sub-SaharanAfrica/Guinea,root/Sub-SaharanAfrica,0,0,0,0,10000.0,30000.0,20000.0,0,0,0,0,0,0,0,0,0,0,0,0,0,0,10000.0,120000.0,90000.0,120000.0,380000.0,390000.0,740000.0,1170000.0,750000.0,810000.0,1780000.0,1010000.0,880000.0,420000.0,620000.0,730000.0,740000.0,480000.0,870000.0,400000.0,1090000.0,2660000.0,2110000.0,3170000.0,1470000.0,960000.0,1080000.0,1160000.0,870000.0,0,280000.0,2610000.0,5830000.0,460000.0,480000.0,150000.0
root/Sub-SaharanAfrica/GuineaBissau,root/Sub-SaharanAfrica,0,0,0,0,0,0,0,0,0,0,0,0,0,0,0,10000.0,30000.0,10000.0,3640000.0,370000.0,130000.0,1500000.0,430000.0,160000.0,20000.0,0,90000.0,50000.0,90000.0,70000.0,60000.0,80000.0,20000.0,90000.0,40000.0,10000.0,20000.0,110000.0,0,20000.0,150000.0,30000.0,0,0,0,0,20000.0,50000.0,130000.0,130000.0,70000.0,70000.0,90000.0,0,120000.0,30000.0,30000.0
root/Sub-SaharanAfrica/Kenya,root/Sub-SaharanAfrica,20120000.0,56870000.0,43140000.0,47850000.0,47960000.0,53250000.0,31140000.0,20610000.0,23930000.0,23290000.0,23530000.0,19150000.0,23940000.0,21140000.0,23650000.0,12000000.0,28790000.0,14290000.0,40940000.0,47760000.0,39140000.0,61660000.0,46390000.0,37310000.0,39260000.0,32470000.0,34920000.0,32180000.0,75120000.0,72560000.0,67340000.0,66280000.0,47280000.0,39490000.0,44300000.0,34790000.0,43750000.0,46600000.0,54080000.0,55020000.0,73110000.0,55120000.0,54390000.0,79410000.0,45810000.0,86280000.0,107800000.0,111290000.0,91380000.0,131220000.0,105230000.0,142020000.0,161320000.0,249230000.0,222010000.0,237700000.0,180580000.0
root/Sub-SaharanAfrica/Lesotho,root/Sub-SaharanAfrica,1510000.0,4100000.0,5700000.0,5420000.0,5400000.0,8860000.0,10790000.0,10980000.0,10330000.0,8880000.0,1520000.0,7390000.0,5960000.0,4500000.0,5880000.0,8670000.0,3720000.0,3780000.0,9940000.0,13970000.0,10100000.0,10540000.0,6540000.0,7070000.0,6950000.0,3050000.0,5500000.0,6360000.0,8690000.0,9830000.0,10280000.0,12600000.0,10750000.0,9710000.0,7410000.0,9730000.0,7950000.0,7430000.0,8740000.0,4380000.0,4500000.0,4110000.0,1730000.0,5130000.0,7240000.0,7630000.0,7580000.0,8070000.0,7910000.0,8160000.0,4820000.0,1850000.0,4960000.0,4260000.0,340000.0,660000.0,7680000.0
root/Sub-SaharanAfrica/Liberia,root/Sub-SaharanAfrica,0,0,0,0,40000.0,360000.0,290000.0,120000.0,70000.0,110000.0,70000.0,110000.0,90000.0,230000.0,90000.0,150000.0,350000.0,320000.0,310000.0,970000.0,750000.0,3460000.0,1710000.0,4330000.0,2050000.0,1260000.0,1330000.0,1500000.0,1530000.0,1010000.0,1010000.0,1630000.0,620000.0,1890000.0,2070000.0,1700000.0,7220000.0,4260000.0,780000.0,1080000.0,3280000.0,1170000.0,2850000.0,7630000.0,16460000.0,7540000.0,15270000.0,12360000.0,32400000.0,33400000.0,25580000.0,31510000.0,13660000.0,13640000.0,9540000.0,16300000.0,2110000.0
root/Sub-SaharanAfrica/Madagascar,root/Sub-SaharanAfrica,0,0,0,0,10000.0,0,10000.0,20000.0,120000.0,100000.0,150000.0,120000.0,120000.0,150000.0,270000.0,80000.0,100000.0,210000.0,320000.0,210000.0,1260000.0,610000.0,980000.0,300000.0,490000.0,610000.0,750000.0,900000.0,770000.0,520000.0,1080000.0,1200000.0,1170000.0,1510000.0,1190000.0,1320000.0,980000.0,1180000.0,880000.0,860000.0,2120000.0,2500000.0,710000.0,5060000.0,27470000.0,13450000.0,5120000.0,1280000.0,2420000.0,1300000.0,290000.0,810000.0,2850000.0,570000.0,330000.0,2040000.0,870000.0
root/Sub-SaharanAfrica/Malawi,root/Sub-SaharanAfrica,4160000.0,8230000.0,11580000.0,16440000.0,30220000.0,30440000.0,24660000.0,23070000.0,18110000.0,16060000.0,17230000.0,13550000.0,18950000.0,14800000.0,16630000.0,21260000.0,21570000.0,19150000.0,20200000.0,33180000.0,25350000.0,24940000.0,20180000.0,15070000.0,14340000.0,13850000.0,11510000.0,31650000.0,53070000.0,51790000.0,50690000.0,50470000.0,39460000.0,21250000.0,55850000.0,47650000.0,83550000.0,28380000.0,56650000.0,77270000.0,96890000.0,63940000.0,50190000.0,106350000.0,119500000.0,101960000.0,170940000.0,133720000.0,146850000.0,111700000.0,148030000.0,104060000.0,196910000.0,177140000.0,99560000.0,130730000.0,138640000.0
root/Sub-SaharanAfrica/Mali,root/Sub-SaharanAfrica,0,0,0,0,0,70000.0,80000.0,10000.0,0,0,10000.0,20000.0,180000.0,80000.0,1740000.0,3670000.0,830000.0,460000.0,280000.0,1040000.0,540000.0,570000.0,190000.0,290000.0,710000.0,960000.0,1740000.0,1610000.0,2130000.0,1900000.0,1740000.0,2600000.0,2260000.0,1650000.0,1480000.0,1690000.0,13870000.0,1490000.0,1320000.0,1200000.0,1000000.0,1140000.0,6840000.0,210000.0,370000.0,1310000.0,4120000.0,440000.0,0,30000.0,50000.0,10000.0,650000.0,1610000.0,3460000.0,9480000.0,3390000.0
root/Sub-SaharanAfrica/Mauritania,root/Sub-SaharanAfrica,0,0,0,0,70000.0,0,0,0,0,0,0,0,80000.0,50000.0,0,20000.0,20000.0,30000.0,1010000.0,90000.0,100000.0,750000.0,80000.0,1560000.0,520000.0,1150000.0,310000.0,290000.0,330000.0,250000.0,120000.0,500000.0,210000.0,200000.0,780000.0,1170000.0,530000.0,420000.0,720000.0,320000.0,990000.0,1030000.0,19370000.0,1630000.0,510000.0,0,980000.0,70000.0,0,780000.0,0,1450000.0,340000.0,180000.0,940000.0,180000.0,0
root/Sub-SaharanAfrica/Mauritius,root/Sub-SaharanAfrica,440000.0,5360000.0,4090000.0,5540000.0,1880000.0,1670000.0,3780000.0,4520000.0,9110000.0,4240000.0,3720000.0,3710000.0,2400000.0,3630000.0,4490000.0,3790000.0,2060000.0,1590000.0,1310000.0,2820000.0,3670000.0,4000000.0,950000.0,560000.0,270000.0,940000.0,5910000.0,5770000.0,2180000.0,2700000.0,1820000.0,830000.0,1530000.0,700000.0,380000.0,1820000.0,830000.0,1410000.0,1710000.0,530000.0,730000.0,2310000.0,240000.0,1210000.0,160000.0,800000.0,110000.0,110000.0,600000.0,20760000.0,5530000.0,13540000.0,30000.0,510000.0,1230000.0,1190000.0,260000.0
root/Sub-SaharanAfrica/Mozambique,root/Sub-SaharanAfrica,0,0,0,0,0,0,910000.0,0,0,0,0,0,0,0,0,60000.0,30000.0,5060000.0,11200000.0,13510000.0,10770000.0,10910000.0,3360000.0,2440000.0,5250000.0,9410000.0,9060000.0,35310000.0,52120000.0,34720000.0,43170000.0,37610000.0,40690000.0,47040000.0,38720000.0,35560000.0,35390000.0,72480000.0,52950000.0,49430000.0,82660000.0,185150000.0,47980000.0,63370000.0,65920000.0,80840000.0,99360000.0,115690000.0,197880000.0,54890000.0,104420000.0,186400000.0,129600000.0,123100000.0,138240000.0,77130000.0,73590000.0
root/Sub-SaharanAfrica/Namibia,root/Sub-SaharanAfrica,0,0,0,0,0,0,0,0,0,0,0,0,0,0,0,0,0,0,0,0,0,0,0,0,0,780000.0,1080000.0,1590000.0,3620000.0,2530000.0,2700000.0,3850000.0,5490000.0,5350000.0,4950000.0,6180000.0,9560000.0,7250000.0,6410000.0,6120000.0,4760000.0,3460000.0,3000000.0,2910000.0,2730000.0,1290000.0,1490000.0,880000.0,1010000.0,690000.0,560000.0,720000.0,300000.0,390000.0,470000.0,450000.0,180000.0
root/Sub-SaharanAfrica/Niger,root/Sub-SaharanAfrica,0,0,0,0,30000.0,20000.0,10000.0,10000.0,70000.0,30000.0,30000.0,110000.0,120000.0,60000.0,40000.0,10000.0,2750000.0,430000.0,130000.0,1940000.0,90000.0,80000.0,110000.0,110000.0,110000.0,430000.0,120000.0,300000.0,650000.0,460000.0,470000.0,810000.0,850000.0,520000.0,880000.0,1170000.0,700000.0,1250000.0,1460000.0,1280000.0,1590000.0,520000.0,590000.0,440000.0,8370000.0,7960000.0,6110000.0,2360000.0,7350000.0,6200000.0,3180000.0,590000.0,60000.0,0,180000.0,0,0
root/Sub-SaharanAfrica/Nigeria,root/Sub-SaharanAfrica,29020000.0,25600000.0,16920000.0,2030000.0,11590000.0,26550000.0,16010000.0,13340000.0,11930000.0,8220000.0,21570000.0,10100000.0,8610000.0,11970000.0,3610000.0,5140000.0,5430000.0,5180000.0,5660000.0,2740000.0,4670000.0,2900000.0,4020000.0,5660000.0,3460000.0,4440000.0,5830000.0,4570000.0,12990000.0,103180000.0,24650000.0,68170000.0,21260000.0,19990000.0,10840000.0,11210000.0,11460000.0,14150000.0,17360000.0,20980000.0,22890000.0,32790000.0,41710000.0,42590000.0,126090000.0,2200890000.0,3185740000.0,285950000.0,47210000.0,188890000.0,264610000.0,298860000.0,312700000.0,388890000.0,389590000.0,401350000.0,431290000.0
root/Sub-SaharanAfrica/Rwanda,root/Sub-SaharanAfrica,0,0,0,0,0,10000.0,10000.0,0,20000.0,20000.0,10000.0,30000.0,30000.0,20000.0,0,70000.0,30000.0,50000.0,60000.0,0,10000.0,0,30000.0,130000.0,40000.0,120000.0,170000.0,310000.0,520000.0,520000.0,850000.0,580000.0,340000.0,1200000.0,44590000.0,34500000.0,19280000.0,10040000.0,20590000.0,26530000.0,52670000.0,36760000.0,52630000.0,42880000.0,58180000.0,81950000.0,95400000.0,94940000.0,99880000.0,89850000.0,106170000.0,135570000.0,44760000.0,161650000.0,79070000.0,154760000.0,92890000.0
root/Sub-SaharanAfrica/SaoTomeandPrincipe,root/Sub-SaharanAfrica,0,0,0,0,0,0,0,0,0,0,0,0,0,0,0,0,0,0,0,0,0,10000.0,0,0,30000.0,0,10000.0,0,30000.0,0,0,0,0,0,10000.0,0,10000.0,10000.0,20000.0,0,0,0,0,0,0,0,0,0,0,0,0,0,0,0,160000.0,0,80000.0
root/Sub-SaharanAfrica/Senegal,root/Sub-SaharanAfrica,0,0,0,0,0,10000.0,20000.0,50000.0,50000.0,120000.0,160000.0,140000.0,110000.0,150000.0,180000.0,300000.0,280000.0,250000.0,1450000.0,2080000.0,500000.0,520000.0,910000.0,630000.0,480000.0,1330000.0,7240000.0,2810000.0,1700000.0,4990000.0,1530000.0,2820000.0,1910000.0,1120000.0,1650000.0,2150000.0,1220000.0,1000000.0,1110000.0,730000.0,2390000.0,960000.0,570000.0,670000.0,9090000.0,6910000.0,10100000.0,11530000.0,970000.0,6520000.0,930000.0,1990000.0,5080000.0,1500000.0,120000.0,1670000.0,2190000.0
root/Sub-SaharanAfrica/Seychelles,root/Sub-SaharanAfrica,1080000.0,990000.0,480000.0,630000.0,930000.0,1500000.0,880000.0,2160000.0,2420000.0,1230000.0,3980000.0,7710000.0,8700000.0,7890000.0,8380000.0,7220000.0,6850000.0,8640000.0,9180000.0,10100000.0,8500000.0,7510000.0,6000000.0,4120000.0,2000000.0,1200000.0,3130000.0,2720000.0,3010000.0,1840000.0,960000.0,440000.0,830000.0,590000.0,20000.0,1260000.0,750000.0,630000.0,380000.0,240000.0,430000.0,90000.0,30000.0,50000.0,20000.0,20000.0,20000.0,860000.0,70000.0,60000.0,40000.0,70000.0,1810000.0,480000.0,630000.0,490000.0,170000.0
root/Sub-SaharanAfrica/SierraLeone,root/Sub-SaharanAfrica,6410000.0,13770000.0,5680000.0,6430000.0,5520000.0,2680000.0,3300000.0,2090000.0,1140000.0,1560000.0,1490000.0,1640000.0,1180000.0,990000.0,350000.0,90000.0,1050000.0,2580000.0,1910000.0,4730000.0,5020000.0,5010000.0,5440000.0,3730000.0,2810000.0,3700000.0,4680000.0,3620000.0,5980000.0,4060000.0,3950000.0,4360000.0,3350000.0,3080000.0,6240000.0,14810000.0,17520000.0,8040000.0,14220000.0,17130000.0,68320000.0,51130000.0,54310000.0,54930000.0,60930000.0,60590000.0,65570000.0,88110000.0,92590000.0,80270000.0,84790000.0,73560000.0,99540000.0,109430000.0,391420000.0,332630000.0,207400000.0
root/Sub-SaharanAfrica/Somalia,root/Sub-SaharanAfrica,7710000.0,4190000.0,2580000.0,380000.0,10000.0,10000.0,0,0,100000.0,300000.0,490000.0,450000.0,530000.0,510000.0,340000.0,550000.0,280000.0,250000.0,1890000.0,2780000.0,6530000.0,4950000.0,4420000.0,3770000.0,2750000.0,2250000.0,5780000.0,11920000.0,11890000.0,8680000.0,2980000.0,4750000.0,13670000.0,16120000.0,5570000.0,4180000.0,1230000.0,2750000.0,2210000.0,2090000.0,1090000.0,3580000.0,3060000.0,3540000.0,11760000.0,10670000.0,53150000.0,26370000.0,76130000.0,43750000.0,62330000.0,152140000.0,142240000.0,167720000.0,203810000.0,186140000.0,204740000.0
root/Sub-SaharanAfrica/SouthAfrica,root/Sub-SaharanAfrica,0,0,0,0,0,0,0,0,0,0,0,0,0,0,0,0,0,0,0,0,0,0,0,0,0,0,0,0,0,0,0,0,0,19370000.0,23860000.0,23930000.0,30890000.0,38830000.0,54120000.0,62920000.0,42640000.0,41760000.0,46950000.0,122910000.0,87060000.0,70260000.0,1490000.0,23460000.0,113490000.0,67330000.0,39290000.0,46610000.0,21730000.0,55670000.0,30260000.0,29180000.0,16580000.0
root/Sub-SaharanAfrica/SouthSudan,root/Sub-SaharanAfrica,0,0,0,0,0,0,0,0,0,0,0,0,0,0,0,0,0,0,0,0,0,0,0,0,0,0,0,0,0,0,0,0,0,0,0,0,0,0,0,0,0,0,0,0,0,0,0,0,0,0,0,83000000.0,171970000.0,213380000.0,275040000.0,317790000.0,217130000.0
root/Sub-SaharanAfrica/Sudan,root/Sub-SaharanAfrica,7230000.0,4650000.0,4650000.0,2180000.0,3300000.0,4550000.0,4250000.0,1760000.0,130000.0,1400000.0,900000.0,930000.0,1650000.0,1880000.0,2710000.0,5940000.0,13240000.0,8650000.0,13570000.0,27120000.0,49780000.0,64650000.0,67340000.0,47780000.0,35820000.0,54220000.0,37450000.0,31270000.0,45220000.0,50820000.0,37170000.0,47480000.0,12860000.0,15000000.0,25710000.0,10880000.0,9630000.0,9860000.0,30970000.0,13190000.0,5740000.0,9940000.0,13500000.0,33020000.0,116570000.0,196460000.0,215550000.0,206170000.0,199160000.0,292420000.0,119080000.0,157340000.0,82030000.0,108200000.0,82060000.0,83420000.0,87660000.0
root/Sub-SaharanAfrica/Swaziland,root/Sub-SaharanAfrica,8490000.0,11430000.0,5020000.0,5510000.0,12420000.0,14990000.0,10120000.0,8890000.0,7200000.0,9010000.0,3670000.0,800000.0,2300000.0,4780000.0,7260000.0,2810000.0,2830000.0,13510000.0,12280000.0,12710000.0,13510000.0,6770000.0,4290000.0,2620000.0,1830000.0,760000.0,3390000.0,2030000.0,2470000.0,16130000.0,3100000.0,2840000.0,3380000.0,9480000.0,2200000.0,5280000.0,6630000.0,3180000.0,4310000.0,6240000.0,3700000.0,3200000.0,1400000.0,1390000.0,1430000.0,9330000.0,240000.0,2230000.0,2490000.0,3790000.0,20000.0,30000.0,7660000.0,2010000.0,1570000.0,260000.0,10000.0
root/Sub-SaharanAfrica/Tanzania,root/Sub-SaharanAfrica,9770000.0,33740000.0,37700000.0,23200000.0,24690000.0,17760000.0,11750000.0,2750000.0,3650000.0,1640000.0,2950000.0,3870000.0,2780000.0,2060000.0,2020000.0,7230000.0,6570000.0,10380000.0,18580000.0,45060000.0,73190000.0,54810000.0,40630000.0,43450000.0,29200000.0,22600000.0,16900000.0,38940000.0,59140000.0,60810000.0,26720000.0,64980000.0,104990000.0,39590000.0,43820000.0,31150000.0,67250000.0,67630000.0,158630000.0,88630000.0,152730000.0,285390000.0,109310000.0,285470000.0,215630000.0,220350000.0,218860000.0,230690000.0,254220000.0,216650000.0,240940000.0,158920000.0,250020000.0,237490000.0,244920000.0,312980000.0,251290000.0
root/Sub-SaharanAfrica/Togo,root/Sub-SaharanAfrica,0,0,0,0,20000.0,10000.0,20000.0,30000.0,40000.0,50000.0,50000.0,80000.0,150000.0,160000.0,150000.0,150000.0,70000.0,70000.0,50000.0,110000.0,180000.0,150000.0,120000.0,100000.0,130000.0,150000.0,210000.0,200000.0,500000.0,460000.0,560000.0,1020000.0,750000.0,510000.0,880000.0,5780000.0,990000.0,480000.0,1980000.0,570000.0,430000.0,520000.0,480000.0,420000.0,290000.0,850000.0,700000.0,280000.0,9030000.0,10420000.0,80000.0,1920000.0,50000.0,0,0,50000.0,0
root/Sub-SaharanAfrica/Uganda,root/Sub-SaharanAfrica,20070000.0,20860000.0,25000000.0,17590000.0,16810000.0,13310000.0,12140000.0,13240000.0,8570000.0,8200000.0,10140000.0,7870000.0,7880000.0,1390000.0,1390000.0,60000.0,160000.0,830000.0,2180000.0,4690000.0,6690000.0,13610000.0,16180000.0,7080000.0,7470000.0,8370000.0,9210000.0,11170000.0,48800000.0,39770000.0,35450000.0,50970000.0,40540000.0,54650000.0,51980000.0,67670000.0,69400000.0,78180000.0,105560000.0,96380000.0,216570000.0,82220000.0,83980000.0,104650000.0,107640000.0,55630000.0,214410000.0,166130000.0,65660000.0,117350000.0,179260000.0,142980000.0,149220000.0,88090000.0,135300000.0,188460000.0,149720000.0
root/Sub-SaharanAfrica/Zambia,root/Sub-SaharanAfrica,920000.0,910000.0,5880000.0,5370000.0,20560000.0,12070000.0,26750000.0,40130000.0,13900000.0,13220000.0,5250000.0,12660000.0,9770000.0,13330000.0,18800000.0,21250000.0,16380000.0,18860000.0,24920000.0,59650000.0,43120000.0,37910000.0,21520000.0,20430000.0,19510000.0,22800000.0,43970000.0,38500000.0,29560000.0,30570000.0,42900000.0,66830000.0,99430000.0,40460000.0,68860000.0,76470000.0,60650000.0,93710000.0,33410000.0,63580000.0,111410000.0,55760000.0,28130000.0,65890000.0,282550000.0,165730000.0,86770000.0,74020000.0,61560000.0,73530000.0,79300000.0,92590000.0,84270000.0,93570000.0,149920000.0,77150000.0,78060000.0
root/Sub-SaharanAfrica/Zimbabwe,root/Sub-SaharanAfrica,0,10000.0,0,10790000.0,4240000.0,3240000.0,110000.0,200000.0,250000.0,350000.0,380000.0,360000.0,400000.0,530000.0,670000.0,2480000.0,4170000.0,4470000.0,6690000.0,10760000.0,47760000.0,34410000.0,37260000.0,21550000.0,16700000.0,24610000.0,15340000.0,16350000.0,30390000.0,21540000.0,23430000.0,75120000.0,75590000.0,19420000.0,37790000.0,45850000.0,25230000.0,22210000.0,36740000.0,26350000.0,20230000.0,18070000.0,28720000.0,58900000.0,49660000.0,45480000.0,69870000.0,94100000.0,89240000.0,109860000.0,108010000.0,77520000.0,220020000.0,146710000.0,171260000.0,141930000.0,134610000.0
