root/EastAsia&PacificCambodia,root,0,0,0,0,0,0,0,0,0,0,0,0,0,0,0,0,0,0,0,0,0,0,0,0,0,12796000.0,3200000.0,3198000.0,3200000.0,3198000.0,0,0,0,0,0,0,0,0,0,194415000.0,107745000.0,21206000.0,888228000.0,202346000.0,242748000.0,783909000.0,303321000.0
root/EastAsia&PacificChina,root,0,0,0,0,0,0,0,0,0,0,0,106516000.0,144090000.0,359428000.0,161194000.0,1891990000.0,2356955000.0,4397630000.0,4654325000.0,3384450000.0,4667619000.0,2468899000.0,8952111000.0,5979422000.0,3814387000.0,4696154000.0,5263515000.0,4804619000.0,3935675000.0,1725693000.0,2138292000.0,5651336000.0,3395145000.0,2932129000.0,4148863000.0,2625097000.0,5794859000.0,13851612000.0,14238100000.0,10477227000.0,24119954000.0,28416360000.0,15943035000.0,18894744000.0,45056823000.0,19772652000.0,57617543000.0
root/EastAsia&PacificFiji,root,0,1101000.0,5463000.0,14925000.0,2043000.0,1822000.0,1608000.0,8504000.0,6062000.0,8866000.0,29524000.0,4527000.0,1935000.0,8099000.0,8796000.0,10908000.0,12192000.0,16107000.0,377000.0,14782000.0,12451000.0,9404000.0,10128000.0,2809000.0,1618000.0,957000.0,219000.0,184000.0,32000.0,24000.0,22000.0,13000.0,2000.0,0,0,0,0,0,126000.0,241000.0,14000.0,32000.0,18000.0,35000.0,66000.0,4000.0,19000.0
root/EastAsia&PacificIndonesia,root,162413000.0,280001000.0,621827000.0,815168000.0,1090968000.0,1749003000.0,1314272000.0,603393000.0,35059000.0,36633000.0,767515000.0,1045697000.0,1089884000.0,2602496000.0,1247091000.0,194508000.0,259674000.0,404055000.0,221036000.0,256383000.0,1772051000.0,1585160000.0,2491962000.0,3413554000.0,1481788000.0,59944000.0,3139182000.0,2879067000.0,3140160000.0,5605665000.0,3018550000.0,2829308000.0,5869554000.0,4808225000.0,3439268000.0,2616599000.0,2048146000.0,1218603000.0,3168683000.0,5872672000.0,3563115000.0,11339982000.0,12909267000.0,8840020000.0,15841208000.0,5638200000.0,3592615000.0
root/EastAsia&PacificLaoPDR,root,91000.0,91000.0,401000.0,4917000.0,822000.0,993000.0,538000.0,635000.0,78000.0,238000.0,0,0,0,0,0,0,0,0,0,0,0,0,0,0,0,0,0,0,0,0,0,0,132470000.0,2590000.0,157220000.0,281190000.0,265310000.0,756980000.0,481773000.0,357819000.0,11790000.0,517749000.0,376142000.0,292729000.0,774513000.0,705725000.0,273236000.0
root/EastAsia&PacificMalaysia,root,4482000.0,105818000.0,98186000.0,875000.0,45250000.0,371900000.0,180107000.0,113017000.0,254804000.0,316382000.0,766745000.0,1637715000.0,1863828000.0,1125718000.0,1250772000.0,2253701000.0,70073000.0,715123000.0,1710495000.0,1054500000.0,1032078000.0,623415000.0,699318000.0,796367000.0,138893000.0,107529000.0,845533000.0,1208095000.0,566171000.0,418872000.0,22857000.0,32730000.0,333486000.0,2012742000.0,686615000.0,1446815000.0,309768000.0,434109000.0,1160890000.0,567217000.0,2482047000.0,1825150000.0,401093000.0,1777954000.0,5609311000.0,984250000.0,5067752000.0
root/EastAsia&PacificMongolia,root,0,0,0,0,0,0,0,0,0,0,0,0,0,0,0,0,0,0,0,0,0,0,18746000.0,10286000.0,22343000.0,13627000.0,19135000.0,16343000.0,15055000.0,2935000.0,2688000.0,1304000.0,146000.0,146000.0,146000.0,146000.0,15038000.0,3325000.0,356569000.0,296780000.0,2842919000.0,3447091000.0,3146716000.0,2625431000.0,1049045000.0,343169000.0,1572355000.0
root/EastAsia&PacificMyanmar,root,13896000.0,13724000.0,12288000.0,13537000.0,1982000.0,5382000.0,8900000.0,34062000.0,86709000.0,95132000.0,28848000.0,91567000.0,56001000.0,16037000.0,11760000.0,56099000.0,54746000.0,338000.0,30807000.0,66515000.0,8130000.0,2388000.0,821000.0,33118000.0,9550000.0,35522000.0,19219000.0,543014000.0,84458000.0,12950000.0,1602000.0,61000.0,827000.0,546000.0,116000.0,0,0,0,0,0,0,0,0,0,0,66112000.0,18890000.0
root/EastAsia&PacificPapuaNewGuinea,root,128142000.0,173767000.0,56264000.0,42662000.0,39182000.0,30439000.0,7557000.0,22482000.0,74735000.0,11281000.0,37865000.0,310142000.0,414042000.0,295251000.0,67676000.0,166851000.0,209829000.0,9828000.0,87981000.0,144983000.0,48637000.0,29286000.0,579711000.0,441712000.0,197778000.0,311329000.0,115817000.0,105014000.0,23240000.0,28391000.0,50662000.0,60807000.0,95710000.0,68010000.0,18918000.0,200437000.0,60151000.0,205305000.0,149477000.0,24897000.0,2418291000.0,7058779000.0,2277186000.0,6502062000.0,29527000.0,132593000.0,1366261000.0
root/EastAsia&PacificPhilippines,root,98096000.0,55767000.0,31075000.0,85961000.0,259498000.0,349399000.0,517022000.0,604786000.0,455892000.0,665872000.0,865602000.0,731767000.0,1056872000.0,729195000.0,263494000.0,867566000.0,351246000.0,474466000.0,515605000.0,104057000.0,286237000.0,212189000.0,1278825000.0,154621000.0,96867000.0,215454000.0,331303000.0,521855000.0,720568000.0,162331000.0,51996000.0,1019915000.0,460513000.0,1061014000.0,513540000.0,652608000.0,2673542000.0,952141000.0,994341000.0,1062731000.0,1334722000.0,576248000.0,242554000.0,173817000.0,11587095000.0,1895181000.0,1158114000.0
root/EastAsia&PacificSamoa,root,75000.0,72000.0,1889000.0,3429000.0,324000.0,385000.0,468000.0,1770000.0,652000.0,1781000.0,1823000.0,1111000.0,842000.0,1529000.0,1983000.0,407000.0,400000.0,400000.0,400000.0,400000.0,0,0,0,0,0,0,0,0,0,0,0,0,0,0,0,0,0,0,0,0,0,0,0,0,0,0,0
root/EastAsia&PacificSolomonIslands,root,0,0,0,0,0,0,0,0,0,0,0,0,0,0,5000000.0,6000000.0,7114000.0,0,384000.0,1722000.0,3146000.0,3135000.0,1393000.0,190000.0,2088000.0,1795000.0,4107000.0,3670000.0,3530000.0,3503000.0,3508000.0,3509000.0,2615000.0,2615000.0,9658000.0,6381000.0,571000.0,17160000.0,911000.0,12388000.0,27791000.0,21193000.0,13058000.0,27030000.0,6393000.0,29348000.0,18529000.0
root/EastAsia&PacificThailand,root,68402000.0,26690000.0,80856000.0,48172000.0,195326000.0,107147000.0,138813000.0,165126000.0,340469000.0,876389000.0,1229516000.0,905285000.0,624037000.0,295501000.0,741006000.0,794297000.0,385478000.0,18364000.0,413677000.0,1516150000.0,1593243000.0,3011423000.0,1630870000.0,782631000.0,200948000.0,3694698000.0,6040657000.0,1558303000.0,825776000.0,4323395000.0,4201586000.0,5285950000.0,891574000.0,1340171000.0,913422000.0,1049229000.0,4913763000.0,1275508000.0,1855379000.0,1240988000.0,3355295000.0,3512745000.0,6127581000.0,8616224000.0,2723619000.0,5002901000.0,2709345000.0
root/EastAsia&PacificTonga,root,0,0,0,0,0,0,0,0,0,0,0,0,0,0,0,0,0,0,0,0,0,0,0,0,0,0,171000.0,1123000.0,843000.0,1256000.0,1257000.0,0,0,0,0,0,0,0,0,778000.0,144000.0,15000.0,162000.0,72000.0,17000.0,18000.0,18000.0
root/EastAsia&PacificVanuatu,root,0,0,0,0,0,0,0,0,0,0,0,25000.0,22000.0,422000.0,1325000.0,102000.0,217000.0,67000.0,178000.0,8000.0,210000.0,215000.0,203000.0,198000.0,203000.0,178000.0,149000.0,118000.0,80000.0,79000.0,0,0,0,0,0,0,0,0,0,0,0,0,0,0,0,0,0
root/EastAsia&PacificVietnam,root,0,0,0,0,0,0,0,0,0,0,0,0,0,0,0,0,0,0,0,3298000.0,41000.0,49959000.0,139647000.0,36708000.0,29347000.0,356012000.0,216880000.0,322630000.0,365603000.0,781002000.0,706038000.0,593373000.0,644842000.0,259137000.0,39755000.0,99966000.0,45933000.0,312727000.0,444940000.0,437489000.0,1907981000.0,636168000.0,1782771000.0,1929207000.0,5228339000.0,5278663000.0,4942413000.0
root/Europe&CentralAsiaAlbania,root,0,0,0,0,0,0,0,0,0,0,0,0,0,0,0,0,0,0,0,0,0,28378000.0,3165000.0,16332000.0,8084000.0,411000.0,4475000.0,1147000.0,1771000.0,3637000.0,693000.0,3956000.0,1067000.0,1259000.0,22379000.0,356872000.0,44099000.0,92139000.0,532185000.0,426292000.0,60592000.0,177285000.0,123146000.0,276543000.0,48365000.0,81927000.0,9173000.0
root/Europe&CentralAsiaArmenia,root,0,0,0,0,0,0,0,0,0,0,0,0,0,0,0,0,0,0,0,0,0,0,0,0,0,0,0,0,5000000.0,13895000.0,1888000.0,99000.0,6472000.0,261000.0,13266000.0,64080000.0,50630000.0,502472000.0,373724000.0,27709000.0,702839000.0,573429000.0,539285000.0,820524000.0,763552000.0,55767000.0,151372000.0
root/Europe&CentralAsiaAzerbaijan,root,0,0,0,0,0,0,0,0,0,0,0,0,0,0,0,0,0,0,0,0,0,0,0,0,0,0,0,8057000.0,66755000.0,95830000.0,83712000.0,29498000.0,56835000.0,20819000.0,121764000.0,246560000.0,66948000.0,229738000.0,355157000.0,307729000.0,1885923000.0,498630000.0,109922000.0,431155000.0,565168000.0,2274767000.0,378861000.0
root/Europe&CentralAsiaBelarus,root,0,0,0,0,0,0,0,0,0,0,0,0,0,0,0,0,0,0,0,0,0,0,0,114880000.0,113170000.0,103388000.0,343000.0,28038000.0,6353000.0,1732000.0,70341000.0,196243000.0,166196000.0,9363000.0,26110000.0,43828000.0,251187000.0,1376764000.0,984740000.0,452603000.0,74970000.0,378808000.0,1626333000.0,1512438000.0,148330000.0,11079000.0,2693824000.0
root/Europe&CentralAsiaBosniaandHerzegovina,root,0,0,0,0,0,0,0,0,0,0,0,0,0,0,0,0,0,0,0,0,0,0,0,0,0,0,0,0,0,0,3696000.0,48583000.0,35897000.0,294053000.0,531654000.0,1094380000.0,1146480000.0,2502621000.0,1743961000.0,620949000.0,1145974000.0,228172000.0,175817000.0,236685000.0,779300000.0,607140000.0,1975574000.0
root/Europe&CentralAsiaBulgaria,root,0,0,0,0,0,0,0,0,0,0,0,393545000.0,568520000.0,482826000.0,934434000.0,887174000.0,1296557000.0,779402000.0,441567000.0,567868000.0,110883000.0,30108000.0,79271000.0,33896000.0,193631000.0,92598000.0,95477000.0,23030000.0,86927000.0,235131000.0,107207000.0,153966000.0,309836000.0,309998000.0,1618414000.0,2674534000.0,3883982000.0,8991713000.0,14072763000.0,4876947000.0,1918984000.0,7305348000.0,946110000.0,1209063000.0,602429000.0,3513956000.0,1358977000.0
root/Europe&CentralAsiaGeorgia,root,0,0,0,0,0,0,0,0,0,0,0,0,0,0,0,0,0,0,0,0,0,0,21450000.0,4729000.0,926000.0,0,0,84000.0,6720000.0,4267000.0,25873000.0,13392000.0,16563000.0,17631000.0,62681000.0,46457000.0,36855000.0,75051000.0,215089000.0,316398000.0,99682000.0,245330000.0,691897000.0,219097000.0,175313000.0,719409000.0,214507000.0
root/Europe&CentralAsiaKazakhstan,root,0,0,0,0,0,0,0,0,0,0,0,0,0,0,0,0,0,0,0,0,0,0,16451000.0,170801000.0,146267000.0,240220000.0,62028000.0,426704000.0,750502000.0,127260000.0,523454000.0,2132766000.0,1566986000.0,2793522000.0,5067136000.0,3560319000.0,19553062000.0,10955175000.0,12075917000.0,11959123000.0,10224415000.0,8717487000.0,10645197000.0,9921982000.0,4780452000.0,5277827000.0,5590978000.0
root/Europe&CentralAsiaKosovo,root,0,0,0,0,0,0,0,0,0,0,0,0,0,0,0,0,0,0,0,0,0,0,0,0,0,0,0,0,0,0,0,0,0,0,0,0,0,306582000.0,123769000.0,28905000.0,108185000.0,83551000.0,25406000.0,50547000.0,21725000.0,30399000.0,37838000.0
root/Europe&CentralAsiaKyrgyzRepublic,root,0,0,0,0,0,0,0,0,0,0,0,0,0,0,0,0,0,0,0,0,0,0,0,0,0,0,7000000.0,23012000.0,20891000.0,12889000.0,60308000.0,78065000.0,7153000.0,53990000.0,53397000.0,1182000.0,134166000.0,109909000.0,601447000.0,95670000.0,97029000.0,264715000.0,284081000.0,268589000.0,196100000.0,47358000.0,197601000.0
root/Europe&CentralAsiaMacedoniaFYR,root,0,0,0,0,0,0,0,0,0,0,0,0,0,0,0,0,0,0,0,0,0,0,0,302000.0,14992000.0,377000.0,127000.0,7146000.0,71675000.0,17361000.0,4546000.0,48472000.0,35554000.0,5174000.0,26671000.0,77615000.0,33411000.0,199733000.0,432398000.0,371041000.0,52801000.0,177226000.0,107525000.0,451255000.0,80070000.0,137481000.0,28993000.0
root/Europe&CentralAsiaMoldova,root,0,0,0,0,0,0,0,0,0,0,0,0,0,0,0,0,0,0,0,0,0,0,0,0,3751000.0,24235000.0,89904000.0,18374000.0,19391000.0,23108000.0,81869000.0,28871000.0,7939000.0,26435000.0,64257000.0,90441000.0,144518000.0,362209000.0,82607000.0,7058000.0,116584000.0,145446000.0,110674000.0,113415000.0,119055000.0,99892000.0,53015000.0
root/Europe&CentralAsiaMontenegro,root,0,0,0,0,0,0,0,0,0,0,0,0,0,0,0,0,0,0,0,0,0,0,0,0,0,0,0,0,0,0,0,0,0,0,0,0,4732000.0,3720000.0,468000.0,185225000.0,66963000.0,70125000.0,213614000.0,53887000.0,10952000.0,67747000.0,66605000.0
root/Europe&CentralAsiaRomania,root,0,0,0,0,0,0,0,0,0,1679564000.0,1360169000.0,715394000.0,409905000.0,122615000.0,1017327000.0,645352000.0,352037000.0,1023042000.0,1886163000.0,431610000.0,3500000.0,115212000.0,144013000.0,167358000.0,338893000.0,412628000.0,498013000.0,225600000.0,378109000.0,755152000.0,785491000.0,851928000.0,2239717000.0,1318662000.0,4171888000.0,7062907000.0,4796095000.0,12630626000.0,17194142000.0,7038098000.0,2206526000.0,3167032000.0,601128000.0,3496820000.0,2324602000.0,3363441000.0,3225651000.0
root/Europe&CentralAsiaRussianFederation,root,0,0,0,0,0,0,0,0,0,0,0,0,0,0,0,0,0,0,0,0,0,0,9289077000.0,2468320000.0,280437000.0,444254000.0,224141000.0,674452000.0,1246119000.0,153618000.0,468790000.0,554179000.0,386982000.0,9609869000.0,20045712000.0,33436558000.0,25195035000.0,52579574000.0,45733455000.0,18508122000.0,23425585000.0,46982405000.0,70765914000.0,43574589000.0,35180131000.0,60024444000.0,14888626000.0
root/Europe&CentralAsiaSerbia,root,220764000.0,408714000.0,597137000.0,588698000.0,351714000.0,625077000.0,897292000.0,1453075000.0,1531814000.0,1406927000.0,1838131000.0,808179000.0,24685000.0,711233000.0,315178000.0,76337000.0,808678000.0,576476000.0,169753000.0,417693000.0,904172000.0,879802000.0,153000000.0,0,0,0,0,0,0,0,35000000.0,0,202412000.0,467665000.0,1190732000.0,2070754000.0,3836356000.0,4071908000.0,3399708000.0,103974000.0,311866000.0,235038000.0,429647000.0,883507000.0,2641148000.0,568021000.0,1780934000.0
root/Europe&CentralAsiaTajikistan,root,0,0,0,0,0,0,0,0,0,0,0,0,0,0,0,0,0,0,0,0,0,0,0,68000000.0,0,0,0,350000.0,7053000.0,32530000.0,11175000.0,16674000.0,20380000.0,39536000.0,24081000.0,3140000.0,4883000.0,3016000.0,11503000.0,67326000.0,79559000.0,44337000.0,190265000.0,98218000.0,273999000.0,291226000.0,130693000.0
root/Europe&CentralAsiaTurkey,root,14685000.0,53943000.0,37989000.0,57371000.0,51241000.0,9804000.0,238877000.0,637462000.0,447389000.0,3068806000.0,643009000.0,4911000.0,150850000.0,142729000.0,282564000.0,6246000.0,1203380000.0,1099863000.0,1383177000.0,571591000.0,445479000.0,243799000.0,883630000.0,2512012000.0,494231000.0,168808000.0,1553210000.0,1771642000.0,2843447000.0,4964810000.0,2990833000.0,1897853000.0,7012700000.0,15937852000.0,10411864000.0,13941732000.0,28623635000.0,33945290000.0,22341855000.0,14331252000.0,6633224000.0,8788487000.0,9700995000.0,16169455000.0,18209409000.0,21483749000.0,15089629000.0
root/Europe&CentralAsiaTurkmenistan,root,0,0,0,0,0,0,0,0,0,0,0,0,0,0,0,0,0,0,0,0,0,0,0,82025000.0,14164000.0,20000000.0,165957000.0,786608000.0,387168000.0,74616000.0,171461000.0,336610000.0,314211000.0,265088000.0,204519000.0,84689000.0,75523000.0,41676000.0,36214000.0,21174000.0,38625000.0,9950000.0,5169000.0,6694000.0,6521000.0,5142000.0,10557000.0
root/Europe&CentralAsiaUkraine,root,0,0,0,0,0,0,0,0,0,0,0,0,0,0,0,0,0,0,0,0,0,0,368993000.0,441400000.0,208013000.0,19467000.0,125183000.0,796337000.0,264763000.0,320792000.0,387039000.0,504316000.0,590284000.0,2278203000.0,4625684000.0,3242240000.0,9062532000.0,13909464000.0,16358385000.0,175028000.0,3395562000.0,3164724000.0,6034556000.0,1029421000.0,293890000.0,4185331000.0,3699138000.0
root/Europe&CentralAsiaUzbekistan,root,0,0,0,0,0,0,0,0,0,0,0,0,0,0,0,0,0,0,0,0,0,0,0,151157000.0,54106000.0,203204000.0,428478000.0,202267000.0,445753000.0,717377000.0,80641000.0,16645000.0,75013000.0,26533000.0,163532000.0,239051000.0,243511000.0,20611000.0,262624000.0,1658389000.0,513968000.0,185068000.0,151732000.0,1311229000.0,1460637000.0,539452000.0,857654000.0
root/LatinAmerica&CaribbeanArgentina,root,16263000.0,133116000.0,191912000.0,311461000.0,140915000.0,41970000.0,898914000.0,444932000.0,703586000.0,4399811000.0,2839245000.0,6349887000.0,2351028000.0,1168006000.0,14432000.0,2501210000.0,623089000.0,1465069000.0,663616000.0,159848000.0,1194856000.0,378251000.0,204029000.0,31438000.0,1760078000.0,753562000.0,410367000.0,1959873000.0,2663403000.0,36552000.0,335129000.0,3400995000.0,84403000.0,106835000.0,818978000.0,120457000.0,815079000.0,134955000.0,2730014000.0,4276454000.0,2632618000.0,151152000.0,492269000.0,479012000.0,987795000.0,2019671000.0,4989941000.0
root/LatinAmerica&CaribbeanBelize,root,0,0,0,0,0,0,0,0,0,1131000.0,5765000.0,4015000.0,5254000.0,3042000.0,1902000.0,2478000.0,5021000.0,1050000.0,6283000.0,547000.0,2215000.0,4983000.0,4338000.0,4538000.0,360000.0,2227000.0,6328000.0,8437000.0,6223000.0,59271000.0,82606000.0,84610000.0,84381000.0,35395000.0,115322000.0,73005000.0,18502000.0,490169000.0,26358000.0,11046000.0,16765000.0,18144000.0,45318000.0,10838000.0,7278000.0,8752000.0,7756000.0
root/LatinAmerica&CaribbeanBolivia,root,2974000.0,10648000.0,26413000.0,7677000.0,35116000.0,79315000.0,144393000.0,211226000.0,167198000.0,109571000.0,156781000.0,90194000.0,61628000.0,28361000.0,39670000.0,35346000.0,3594000.0,19072000.0,63811000.0,17537000.0,23873000.0,27572000.0,7942000.0,11344000.0,5695000.0,40930000.0,45299000.0,213035000.0,108240000.0,311000.0,195899000.0,22877000.0,75497000.0,128260000.0,2400000.0,317990000.0,96397000.0,229790000.0,343227000.0,156223000.0,358891000.0,120031000.0,118529000.0,16738000.0,253533000.0,47784000.0,158304000.0
root/LatinAmerica&CaribbeanBrazil,root,1143495000.0,1233189000.0,3174185000.0,2275667000.0,5511437000.0,4216880000.0,5031319000.0,4940477000.0,8010958000.0,4601568000.0,3398473000.0,7568741000.0,7738500000.0,2895850000.0,4869220000.0,364454000.0,12633000.0,56859000.0,3127558000.0,3325954000.0,539112000.0,531526000.0,2966285000.0,4694898000.0,2866424000.0,8282620000.0,9751851000.0,15021946000.0,19915556000.0,13994313000.0,2262124000.0,5623567000.0,9714837000.0,7295556000.0,457453000.0,1946624000.0,13576888000.0,19139083000.0,24667252000.0,6033177000.0,15309080000.0,48335971000.0,41397525000.0,45654908000.0,67854733000.0,28160390000.0,20259671000.0
root/LatinAmerica&CaribbeanColombia,root,32828000.0,88373000.0,152831000.0,43538000.0,8725000.0,219662000.0,89119000.0,122897000.0,46381000.0,553918000.0,534485000.0,1131711000.0,864187000.0,537650000.0,755073000.0,378770000.0,924401000.0,371790000.0,291682000.0,191149000.0,144915000.0,351716000.0,66260000.0,537475000.0,1708061000.0,1247550000.0,2321832000.0,3124602000.0,1161269000.0,1280893000.0,425457000.0,839346000.0,596889000.0,976218000.0,1811054000.0,708329000.0,873008000.0,2787324000.0,489860000.0,1014806000.0,4282245000.0,4519460000.0,978661000.0,6429983000.0,1549058000.0,3664003000.0,4172099000.0
root/LatinAmerica&CaribbeanCostaRica,root,7567000.0,18997000.0,28813000.0,46319000.0,60221000.0,97182000.0,88240000.0,166927000.0,77664000.0,98049000.0,98076000.0,51487000.0,17009000.0,96406000.0,18293000.0,44483000.0,1741000.0,3993000.0,3871000.0,9959000.0,98640000.0,22304000.0,17240000.0,57347000.0,60758000.0,19826000.0,16455000.0,759000.0,49563000.0,27801000.0,24125000.0,23676000.0,7935000.0,64608000.0,348616000.0,688411000.0,86022000.0,193289000.0,10719000.0,536542000.0,249211000.0,661603000.0,1135089000.0,827797000.0,1166661000.0,1710397000.0,775472000.0
root/LatinAmerica&CaribbeanDominica,root,0,0,0,0,0,0,0,0,0,0,0,0,0,0,0,0,292000.0,68000.0,68000.0,63000.0,74000.0,72000.0,0,0,0,0,0,0,0,0,0,11752000.0,12959000.0,274000.0,0,37000.0,37000.0,299000.0,1724000.0,249000.0,61000.0,804000.0,201000.0,1948000.0,1948000.0,1887000.0,1888000.0
root/LatinAmerica&CaribbeanDominicanRepublic,root,3087000.0,17208000.0,31159000.0,28309000.0,98791000.0,61271000.0,61049000.0,83653000.0,71235000.0,61254000.0,56964000.0,32331000.0,12358000.0,23224000.0,3916000.0,21020000.0,8764000.0,1782000.0,40089000.0,9754000.0,3421000.0,15432000.0,19191000.0,27907000.0,115581000.0,30620000.0,23926000.0,1945000.0,9514000.0,43719000.0,127489000.0,90578000.0,624294000.0,756898000.0,191389000.0,35327000.0,300452000.0,87228000.0,99979000.0,324884000.0,196548000.0,63696000.0,148823000.0,270325000.0,14733000.0,130706000.0,374736000.0
root/LatinAmerica&CaribbeanEcuador,root,12230000.0,10626000.0,71594000.0,17354000.0,66632000.0,196050000.0,89163000.0,526734000.0,486991000.0,621028000.0,538364000.0,884657000.0,55423000.0,71447000.0,422671000.0,203098000.0,237210000.0,22535000.0,38764000.0,241738000.0,57247000.0,78311000.0,203587000.0,87437000.0,55124000.0,59426000.0,126710000.0,364378000.0,221864000.0,969000.0,216269000.0,214782000.0,888658000.0,631783000.0,653088000.0,59909000.0,428615000.0,338928000.0,456149000.0,101160000.0,10645000.0,206974000.0,234807000.0,30348000.0,2950885000.0,2445310000.0,165511000.0
root/LatinAmerica&CaribbeanElSalvador,root,5862000.0,14835000.0,31458000.0,5311000.0,85450000.0,11531000.0,33814000.0,7222000.0,4541000.0,49923000.0,1412000.0,1362000.0,31376000.0,31512000.0,24032000.0,41708000.0,53897000.0,37456000.0,16402000.0,41280000.0,5466000.0,16997000.0,14651000.0,2735000.0,59865000.0,31223000.0,8851000.0,46812000.0,28451000.0,18865000.0,102227000.0,50619000.0,38440000.0,4116000.0,164951000.0,366414000.0,424866000.0,239455000.0,298367000.0,174857000.0,131255000.0,227876000.0,711691000.0,500767000.0,413655000.0,663425000.0,79799000.0
root/LatinAmerica&CaribbeanGrenada,root,0,0,0,0,0,0,0,0,0,500000.0,0,1269000.0,4960000.0,335000.0,306000.0,756000.0,535000.0,659000.0,892000.0,753000.0,171000.0,10952000.0,414000.0,1285000.0,1487000.0,1788000.0,876000.0,630000.0,372000.0,807000.0,27455000.0,3701000.0,3481000.0,4568000.0,3990000.0,359000.0,7275000.0,0,0,0,4365000.0,2910000.0,0,0,0,1069000.0,633239000.0
root/LatinAmerica&CaribbeanGuatemala,root,22557000.0,12814000.0,2084000.0,12536000.0,7763000.0,26658000.0,21243000.0,52880000.0,68715000.0,60580000.0,20091000.0,110281000.0,139354000.0,144550000.0,4922000.0,18510000.0,60013000.0,56326000.0,29115000.0,5219000.0,768000.0,3711000.0,3952000.0,25728000.0,42890000.0,33956000.0,50892000.0,33891000.0,23592000.0,25624000.0,21816000.0,21762000.0,20911000.0,17362000.0,104688000.0,1124586000.0,837011000.0,1124207000.0,99709000.0,631822000.0,91412000.0,259854000.0,708116000.0,1326486000.0,1300416000.0,455636000.0,84131000.0
root/LatinAmerica&CaribbeanGuyana,root,875000.0,15000.0,900000.0,11359000.0,2134000.0,56174000.0,38204000.0,20619000.0,9853000.0,5322000.0,4981000.0,11136000.0,4205000.0,6942000.0,5882000.0,5193000.0,24764000.0,14127000.0,9523000.0,1469000.0,15507000.0,12571000.0,9356000.0,5313000.0,3732000.0,10383000.0,1572000.0,3788000.0,4197000.0,1735000.0,474000.0,942000.0,1045000.0,1145000.0,774000.0,613000.0,226000.0,0,0,308000.0,43000.0,10000.0,0,0,185000000.0,15000000.0,64484000.0
root/LatinAmerica&CaribbeanHaiti,root,1677000.0,447000.0,1037000.0,1882000.0,255000.0,1601000.0,7245000.0,2308000.0,2154000.0,3909000.0,7378000.0,60132000.0,9460000.0,5512000.0,5252000.0,3663000.0,3200000.0,1560000.0,1151000.0,1200000.0,0,0,0,0,0,0,0,0,0,0,0,0,0,0,0,0,0,0,0,0,0,0,0,3000000.0,0,265000.0,3540000.0
root/LatinAmerica&CaribbeanHonduras,root,5467000.0,15690000.0,10631000.0,8044000.0,36603000.0,11727000.0,72368000.0,68771000.0,51936000.0,63312000.0,130980000.0,61271000.0,915000.0,5260000.0,28088000.0,35595000.0,14475000.0,40925000.0,11912000.0,35131000.0,31743000.0,4508000.0,16463000.0,2523000.0,13337000.0,38480000.0,105946000.0,26721000.0,137882000.0,125980000.0,20400000.0,69842000.0,43218000.0,63672000.0,164905000.0,56169000.0,16262000.0,23905000.0,6522000.0,220510000.0,59971000.0,137022000.0,88218000.0,219932000.0,58616000.0,33629000.0,110778000.0
root/LatinAmerica&CaribbeanJamaica,root,340000.0,10278000.0,19679000.0,125087000.0,200126000.0,156134000.0,401425000.0,44021000.0,407349000.0,28812000.0,10269000.0,42083000.0,52219000.0,90744000.0,44853000.0,46675000.0,14231000.0,2085000.0,21685000.0,10186000.0,45988000.0,62821000.0,11457000.0,2430000.0,58578000.0,16274000.0,28092000.0,38264000.0,17227000.0,5007000.0,42513000.0,77430000.0,7834000.0,32484000.0,81634000.0,21540000.0,34207000.0,18997000.0,7740000.0,26516000.0,144507000.0,4924000.0,24419000.0,49491000.0,728738000.0,81614000.0,70110000.0
root/LatinAmerica&CaribbeanMexico,root,232219000.0,355455000.0,454310000.0,1540513000.0,2384005000.0,3222869000.0,3901548000.0,3327605000.0,3655350000.0,3813944000.0,5913305000.0,10223616000.0,5398217000.0,3075152000.0,1244775000.0,341332000.0,357574000.0,3640291000.0,1357187000.0,2137648000.0,4395541000.0,1040632000.0,289843000.0,6376688000.0,2284481000.0,1398440000.0,773367000.0,4506240000.0,9949588000.0,8676362000.0,4001063000.0,6321587000.0,1777943000.0,1321898000.0,2462991000.0,3063426000.0,2762450000.0,3695100000.0,2574197000.0,4736745000.0,643148000.0,8409695000.0,5878737000.0,10860997000.0,1973472000.0,987142000.0,13897301000.0
root/LatinAmerica&CaribbeanNicaragua,root,783000.0,6257000.0,37364000.0,65988000.0,82545000.0,94891000.0,4211000.0,117169000.0,10791000.0,5054000.0,26091000.0,16727000.0,4719000.0,27569000.0,10728000.0,13036000.0,5651000.0,7159000.0,2592000.0,11333000.0,19878000.0,3022000.0,1897000.0,4489000.0,6377000.0,81116000.0,4198000.0,16039000.0,12670000.0,81423000.0,168875000.0,116982000.0,22084000.0,16542000.0,22369000.0,14162000.0,59209000.0,438596000.0,505712000.0,279922000.0,514257000.0,698285000.0,510065000.0,524995000.0,366574000.0,264250000.0,82764000.0
root/LatinAmerica&CaribbeanPanama,root,33736000.0,30967000.0,61329000.0,78766000.0,87716000.0,144245000.0,240199000.0,169320000.0,246293000.0,55396000.0,96312000.0,71238000.0,384397000.0,88252000.0,31539000.0,25489000.0,42054000.0,40989000.0,31472000.0,24225000.0,3739000.0,10511000.0,5508000.0,11758000.0,30057000.0,11961000.0,17184000.0,47900000.0,34406000.0,216743000.0,74567000.0,273683000.0,110384000.0,153046000.0,10576000.0,148222000.0,10774000.0,16911000.0,8603277000.0,2415919000.0,1538950000.0,3658309000.0,1478766000.0,438745000.0,2848982000.0,3330376000.0,2529197000.0
root/LatinAmerica&CaribbeanParaguay,root,3447000.0,467000.0,287000.0,184000.0,20991000.0,29922000.0,14585000.0,25609000.0,63293000.0,99561000.0,88469000.0,49017000.0,152390000.0,71692000.0,26576000.0,5227000.0,28873000.0,34701000.0,33379000.0,34223000.0,9119000.0,53916000.0,167640000.0,50418000.0,22540000.0,16186000.0,53517000.0,83849000.0,70356000.0,421400000.0,99816000.0,88662000.0,466030000.0,380356000.0,379102000.0,995400000.0,1077813000.0,1116593000.0,1195478000.0,1235007000.0,1514856000.0,151387000.0,593860000.0,871210000.0,684026000.0,446585000.0,539421000.0
root/LatinAmerica&CaribbeanPeru,root,24226000.0,30452000.0,50025000.0,290056000.0,913889000.0,909869000.0,812869000.0,15701000.0,145615000.0,248605000.0,93910000.0,65325000.0,1178612000.0,912931000.0,489534000.0,80464000.0,160557000.0,79349000.0,27336000.0,76241000.0,17811000.0,64931000.0,96264000.0,177448000.0,400314000.0,43429000.0,468095000.0,1533713000.0,945838000.0,293628000.0,448400000.0,290833000.0,29657000.0,25187000.0,32080000.0,1175010000.0,332999000.0,1716866000.0,2944912000.0,297372000.0,971446000.0,142679000.0,1124972000.0,2101820000.0,1591199000.0,537619000.0,2913228000.0
root/LatinAmerica&CaribbeanStKittsandNevis,root,0,0,0,0,0,0,0,0,0,0,0,0,0,0,0,0,0,0,0,2976000.0,433000.0,1301000.0,362000.0,246000.0,2264000.0,922000.0,1225000.0,17433000.0,7478000.0,4649000.0,16554000.0,47950000.0,25294000.0,4641000.0,8769000.0,15211000.0,13588000.0,13054000.0,14862000.0,11860000.0,10494000.0,0,0,0,0,0,0
root/LatinAmerica&CaribbeanStLucia,root,0,0,0,0,0,0,0,0,0,0,0,0,0,0,0,13000.0,2805000.0,23000.0,15000.0,359000.0,782000.0,928000.0,771000.0,528000.0,10000.0,10000.0,10000.0,9000.0,273000.0,9708000.0,775000.0,12000.0,44000.0,6047000.0,51000.0,13000.0,14000.0,0,3072000.0,0,0,0,0,0,0,0,0
root/LatinAmerica&CaribbeanStVincentandtheGrenadines,root,0,0,0,0,0,0,0,0,0,0,135000.0,945000.0,142000.0,121000.0,116000.0,109000.0,119000.0,136000.0,53000.0,0,0,0,0,0,4749000.0,51000.0,0,1560000.0,400000.0,57482000.0,400000.0,400000.0,7515000.0,20681000.0,24470000.0,22277000.0,14621000.0,11253000.0,5875000.0,10740000.0,11110000.0,10925000.0,12423000.0,7900000.0,398000.0,6387000.0,3387000.0
root/LatinAmerica&CaribbeanVenezuelaRB,root,211439000.0,314058000.0,314454000.0,8437000.0,256363000.0,380411000.0,932917000.0,1592757000.0,1701196000.0,3795857000.0,1507106000.0,1299627000.0,810262000.0,1404254000.0,81010000.0,516499000.0,1355748000.0,1612107000.0,898661000.0,79975000.0,921960000.0,338181000.0,108241000.0,595534000.0,382353000.0,215949000.0,261661000.0,1559933000.0,1271560000.0,278656000.0,94859000.0,958212000.0,1310621000.0,660542000.0,1069535000.0,716558000.0,397631000.0,2796626000.0,4442436000.0,6821635000.0,8778869000.0,12542906000.0,12510433000.0,12394398000.0,12406087000.0,13561878000.0,6730232000.0
root/MiddleEast&NorthAfricaAlgeria,root,241649000.0,172173000.0,204161000.0,1171127000.0,213521000.0,1131080000.0,1527168000.0,1929278000.0,3487017000.0,2025454000.0,532413000.0,48462000.0,542357000.0,10406000.0,628805000.0,113442000.0,1004935000.0,1045934000.0,1444806000.0,142571000.0,411820000.0,1146050000.0,363866000.0,207901000.0,1012088000.0,787823000.0,1646000.0,540781000.0,1328385000.0,1514572000.0,1246004000.0,966428000.0,330449000.0,54680000.0,417698000.0,640056000.0,1222993000.0,445828000.0,209514000.0,629319000.0,387213000.0,277228000.0,253068000.0,320083000.0,56657000.0,424080000.0,155134000.0
root/MiddleEast&NorthAfricaDjibouti,root,0,0,0,0,0,0,0,0,0,0,4977000.0,0,3532000.0,410000.0,15000.0,125000.0,2038000.0,2279000.0,1680000.0,739000.0,590000.0,0,0,0,0,0,0,0,0,0,0,0,0,0,0,0,16776000.0,1070000.0,3902000.0,5085000.0,2390000.0,2941000.0,3541000.0,3661000.0,1971000.0,2666000.0,674000.0
root/MiddleEast&NorthAfricaEgyptArabRep,root,30035000.0,5069000.0,18904000.0,59777000.0,105662000.0,56103000.0,129424000.0,329430000.0,239112000.0,444499000.0,558859000.0,625694000.0,1335504000.0,1112883000.0,586452000.0,563181000.0,775004000.0,574253000.0,677129000.0,297367000.0,64429000.0,212948000.0,546832000.0,411326000.0,283950000.0,311381000.0,420939000.0,37125000.0,35533000.0,234451000.0,114863000.0,169827000.0,12788000.0,624893000.0,152121000.0,497103000.0,199793000.0,51322000.0,315460000.0,23689000.0,114810000.0,94240000.0,15703000.0,161092000.0,43087000.0,917544000.0,730272000.0
root/MiddleEast&NorthAfricaIranIslamicRep,root,0,0,0,0,0,0,0,0,0,0,185646000.0,357181000.0,202760000.0,386561000.0,303559000.0,186115000.0,131156000.0,115732000.0,90341000.0,18886000.0,29678000.0,349561000.0,1171452000.0,1258875000.0,636514000.0,32573000.0,565923000.0,263242000.0,147242000.0,160521000.0,434375000.0,1105769000.0,689904000.0,1019396000.0,682796000.0,648142000.0,237473000.0,876788000.0,1319723000.0,1464669000.0,1066253000.0,776418000.0,251795000.0,118370000.0,231368000.0,438826000.0,1765980000.0
root/MiddleEast&NorthAfricaJordan,root,4056000.0,7804000.0,2025000.0,1019000.0,13150000.0,19093000.0,899000.0,104632000.0,78566000.0,50476000.0,6165000.0,28670000.0,123817000.0,266916000.0,149694000.0,190154000.0,433777000.0,335081000.0,675163000.0,491295000.0,214300000.0,42867000.0,131409000.0,126440000.0,183519000.0,200983000.0,154382000.0,122742000.0,112986000.0,59155000.0,60350000.0,32133000.0,29816000.0,44341000.0,37462000.0,13804000.0,20747000.0,41187000.0,16343000.0,1874000.0,126179000.0,113293000.0,255270000.0,281996000.0,253436000.0,209424000.0,175144000.0
root/MiddleEast&NorthAfricaLebanon,root,53000.0,53000.0,53000.0,53000.0,1255000.0,53000.0,218000.0,213000.0,174000.0,185000.0,69814000.0,52862000.0,62212000.0,10284000.0,29351000.0,30022000.0,9927000.0,11274000.0,14883000.0,1569000.0,6320000.0,6242000.0,4745000.0,5099000.0,1786000.0,333281000.0,79419000.0,106895000.0,46544000.0,82634000.0,299297000.0,12318000.0,75614000.0,36698000.0,29879000.0,25697000.0,27692000.0,276467000.0,9284000.0,40417000.0,5062000.0,15977000.0,42839000.0,119248000.0,43271000.0,46167000.0,46069000.0
root/MiddleEast&NorthAfricaMorocco,root,28986000.0,40093000.0,6173000.0,6887000.0,101398000.0,868917000.0,522247000.0,1110069000.0,579644000.0,623196000.0,833493000.0,209122000.0,839830000.0,207424000.0,458404000.0,236612000.0,716649000.0,305274000.0,298545000.0,240498000.0,318292000.0,111398000.0,49075000.0,28750000.0,145553000.0,158261000.0,473632000.0,91889000.0,362254000.0,136023000.0,332096000.0,87470000.0,380728000.0,336251000.0,541638000.0,99130000.0,825646000.0,169689000.0,66939000.0,60588000.0,76526000.0,363932000.0,767149000.0,1119036000.0,1619508000.0,2695488000.0,845410000.0
root/MiddleEast&NorthAfricaSyrianArabRepublic,root,0,0,0,0,0,0,0,0,0,0,0,0,0,0,0,0,0,0,0,0,0,0,0,0,0,7377000.0,3030000.0,3868000.0,1249000.0,15867000.0,15524000.0,15288000.0,0,0,0,0,0,0,0,0,0,0,0,0,0,0,0
root/MiddleEast&NorthAfricaTunisia,root,1355000.0,2032000.0,24992000.0,6779000.0,9473000.0,20384000.0,25341000.0,356102000.0,340020000.0,318370000.0,106692000.0,83975000.0,28776000.0,202696000.0,57448000.0,99641000.0,112315000.0,121476000.0,37354000.0,141130000.0,137288000.0,167360000.0,73796000.0,97766000.0,120345000.0,95999000.0,241872000.0,3857000.0,19857000.0,139450000.0,570075000.0,188935000.0,150891000.0,102213000.0,110507000.0,13322000.0,43663000.0,28753000.0,181929000.0,33830000.0,594129000.0,117240000.0,297684000.0,451923000.0,72755000.0,114097000.0,110671000.0
root/MiddleEast&NorthAfricaYemenRep,root,0,226000.0,226000.0,3690000.0,96000.0,35000.0,813000.0,12655000.0,1828000.0,141681000.0,63122000.0,102350000.0,90277000.0,13790000.0,11705000.0,5805000.0,128870000.0,173735000.0,328646000.0,227986000.0,160996000.0,47162000.0,6264000.0,9767000.0,5148000.0,1829000.0,0,1000.0,1762000.0,5052000.0,263000.0,6702000.0,0,0,0,69000.0,375000.0,1003000.0,1077000.0,1020000.0,971000.0,1010000.0,933000.0,908000.0,557000.0,0,0
root/SouthAsiaBangladesh,root,0,0,605000.0,13311000.0,1321000.0,3010000.0,1400000.0,813000.0,12089000.0,9009000.0,10703000.0,15773000.0,21408000.0,45758000.0,27560000.0,5182000.0,54415000.0,1961000.0,22553000.0,29982000.0,55739000.0,34299000.0,18615000.0,9960000.0,25462000.0,19885000.0,29782000.0,22420000.0,21026000.0,19035000.0,45742000.0,48455000.0,6138000.0,17068000.0,13992000.0,15836000.0,23559000.0,99633000.0,256586000.0,351078000.0,279846000.0,366801000.0,326504000.0,399978000.0,916178000.0,235614000.0,254752000.0
root/SouthAsiaBhutan,root,0,0,0,0,0,0,0,0,0,0,0,0,0,0,0,0,0,0,22911000.0,1816000.0,2634000.0,2511000.0,2385000.0,2261000.0,2261000.0,2261000.0,2261000.0,2261000.0,2260000.0,0,0,0,0,0,0,0,0,0,0,4913000.0,16050000.0,18960000.0,6157000.0,7396000.0,4556000.0,58516000.0,55823000.0
root/SouthAsiaIndia,root,48428000.0,19022000.0,38378000.0,97492000.0,7494000.0,78031000.0,14417000.0,87293000.0,9642000.0,13097000.0,789041000.0,828830000.0,1175038000.0,1311301000.0,1727841000.0,1954536000.0,2480228000.0,2716370000.0,5003926000.0,2201691000.0,1457247000.0,89266000.0,1767070000.0,2179890000.0,1455163000.0,956018000.0,35437000.0,790445000.0,938128000.0,380802000.0,1406987000.0,1040930000.0,1201671000.0,7217983000.0,374473000.0,2812812000.0,13561431000.0,20668662000.0,10399396000.0,10650168000.0,8829215000.0,18179921000.0,22757510000.0,41816001000.0,19741466000.0,15439419000.0,22165338000.0
root/SouthAsiaMaldives,root,0,0,0,0,0,0,0,0,0,0,0,2807000.0,447000.0,3001000.0,4950000.0,2604000.0,1631000.0,1152000.0,1956000.0,3480000.0,1139000.0,736000.0,2971000.0,1891000.0,410000.0,1553000.0,2344000.0,6006000.0,10647000.0,4321000.0,21000.0,490000.0,12065000.0,3894000.0,4287000.0,7329000.0,17386000.0,19321000.0,49661000.0,6221000.0,29592000.0,14449000.0,22836000.0,11007000.0,144269000.0,31618000.0,49664000.0
root/SouthAsiaNepal,root,0,0,0,0,0,0,0,620000.0,0,0,0,0,656000.0,642000.0,10550000.0,5181000.0,9119000.0,37385000.0,46619000.0,8682000.0,11642000.0,7310000.0,7006000.0,7162000.0,8182000.0,4909000.0,3688000.0,10980000.0,12576000.0,12672000.0,7406000.0,170000.0,321000.0,384000.0,296000.0,680000.0,457000.0,309000.0,536000.0,507000.0,490000.0,516000.0,497000.0,503000.0,481000.0,393000.0,193000.0
root/SouthAsiaPakistan,root,43550000.0,70489000.0,8085000.0,21951000.0,54144000.0,18225000.0,20121000.0,70588000.0,10303000.0,24134000.0,166525000.0,17402000.0,444874000.0,86386000.0,162927000.0,169105000.0,53819000.0,137267000.0,154155000.0,13488000.0,63333000.0,2493000.0,624776000.0,709010000.0,186901000.0,318127000.0,403234000.0,835283000.0,372814000.0,402522000.0,360850000.0,533807000.0,383590000.0,469833000.0,140795000.0,349730000.0,15578000.0,261252000.0,547329000.0,5935000.0,1702307000.0,1254344000.0,179572000.0,382162000.0,643912000.0,1526967000.0,3712913000.0
root/SouthAsiaSriLanka,root,54000.0,4444000.0,1200000.0,9871000.0,51570000.0,10990000.0,11908000.0,52651000.0,29015000.0,10056000.0,86085000.0,182418000.0,221041000.0,58305000.0,82325000.0,43817000.0,9717000.0,63328000.0,93221000.0,45086000.0,10454000.0,33064000.0,36783000.0,38464000.0,13498000.0,103481000.0,66514000.0,160949000.0,187937000.0,60623000.0,222228000.0,81278000.0,30878000.0,19184000.0,79464000.0,136645000.0,150990000.0,327661000.0,216640000.0,226366000.0,60474000.0,353468000.0,3989727000.0,1394015000.0,878481000.0,328234000.0,727337000.0
root/Sub-SaharanAfricaAngola,root,0,0,0,0,0,0,0,0,0,0,0,0,0,0,0,0,0,0,0,334771000.0,569678000.0,23562000.0,449625000.0,610027000.0,223729000.0,119346000.0,102304000.0,386504000.0,141018000.0,38973000.0,251024000.0,864000.0,83589000.0,485123000.0,862797000.0,1571532000.0,1590663000.0,1270040000.0,2667126000.0,389589000.0,1534431000.0,568703000.0,731749000.0,1869507000.0,2748208000.0,1586993000.0,1571555000.0
root/Sub-SaharanAfricaBenin,root,877000.0,1206000.0,448000.0,552000.0,3610000.0,184000.0,553000.0,1037000.0,3956000.0,106440000.0,75000.0,76038000.0,176871000.0,43033000.0,7603000.0,17632000.0,17728000.0,1454000.0,265000.0,100000.0,117000.0,0,118000.0,29000.0,88000.0,59000.0,29000.0,0,0,0,0,0,0,0,0,3813000.0,0,0,0,0,0,0,0,0,0,0,51347000.0
root/Sub-SaharanAfricaBotswana,root,257000.0,68000.0,64000.0,112000.0,106000.0,135000.0,48000.0,17000.0,700000.0,1700000.0,2819000.0,3196000.0,32234000.0,2238000.0,6375000.0,12173000.0,5988000.0,4427000.0,335000.0,3230000.0,18452000.0,2614000.0,2680000.0,29330000.0,1956000.0,6249000.0,8591000.0,4965000.0,4465000.0,9820000.0,3089000.0,2235000.0,2247000.0,2261000.0,834000.0,2291000.0,2313000.0,2297000.0,5101000.0,500000.0,500000.0,250000.0,750000.0,0,39960000.0,8880000.0,8880000.0
root/Sub-SaharanAfricaBurkinaFaso,root,236000.0,1051000.0,108000.0,236000.0,329000.0,1159000.0,1596000.0,681000.0,412000.0,13402000.0,3901000.0,775000.0,20642000.0,14544000.0,350000.0,9066000.0,7294000.0,3831000.0,1844000.0,2607000.0,450000.0,600000.0,0,0,4000.0,4000.0,4000.0,4000.0,4000.0,4000.0,3000.0,3000.0,3000.0,4000.0,4000.0,4000.0,11615000.0,11068000.0,2762000.0,482000.0,2427000.0,2524000.0,2331000.0,2457000.0,2354000.0,3675000.0,2024000.0
root/Sub-SaharanAfricaBurundi,root,11000.0,59000.0,381000.0,271000.0,77000.0,5515000.0,35000.0,7000.0,2906000.0,1210000.0,2779000.0,2364000.0,686000.0,13152000.0,10981000.0,2901000.0,5736000.0,7774000.0,925000.0,5556000.0,5975000.0,2575000.0,1991000.0,1193000.0,697000.0,876000.0,676000.0,36000.0,491000.0,69000.0,3048000.0,1795000.0,1974000.0,7591000.0,4502000.0,4590000.0,1547000.0,0,0,5000000.0,0,0,625000.0,0,0,0,0
root/Sub-SaharanAfricaCaboVerde,root,0,0,0,0,0,0,0,0,0,0,0,0,0,0,1437000.0,972000.0,591000.0,120000.0,120000.0,120000.0,120000.0,240000.0,120000.0,0,0,4245000.0,5347000.0,260000.0,2160000.0,600000.0,1800000.0,8606000.0,138000.0,832000.0,1916000.0,3972000.0,6409000.0,4205000.0,4343000.0,3642000.0,46179000.0,23313000.0,42576000.0,64413000.0,95515000.0,28567000.0,16396000.0
root/Sub-SaharanAfricaCameroon,root,10118000.0,3866000.0,25663000.0,3263000.0,17450000.0,60146000.0,102576000.0,144374000.0,117438000.0,244789000.0,278822000.0,137290000.0,56160000.0,264607000.0,131786000.0,240675000.0,84760000.0,16984000.0,225794000.0,241388000.0,14033000.0,8227000.0,71327000.0,5858000.0,59431000.0,64717000.0,23286000.0,25172000.0,43974000.0,52464000.0,51911000.0,90947000.0,48651000.0,60710000.0,24790000.0,43709000.0,120632000.0,120458000.0,105383000.0,12433000.0,31987000.0,107273000.0,72986000.0,52033000.0,23007000.0,88020000.0,19584000.0
root/Sub-SaharanAfricaCentralAfricanRepublic,root,1163000.0,136000.0,7492000.0,14247000.0,4293000.0,530000.0,24000.0,9496000.0,5000.0,165000.0,872000.0,1453000.0,161000.0,1836000.0,917000.0,835000.0,284000.0,459000.0,467000.0,1673000.0,560000.0,266000.0,596000.0,0,228000.0,0,0,0,0,445000.0,21000.0,0,0,0,0,0,0,0,0,0,0,76000.0,70000.0,1227000.0,2180000.0,20000000.0,0
root/Sub-SaharanAfricaChad,root,2025000.0,9356000.0,1800000.0,212000.0,8491000.0,297000.0,1585000.0,6546000.0,14397000.0,8837000.0,0,5744000.0,2081000.0,2137000.0,2739000.0,5791000.0,0,2967000.0,766000.0,597000.0,560000.0,447000.0,334000.0,1197000.0,263000.0,32000.0,121000.0,0,0,1182000.0,644000.0,457000.0,767000.0,20000000.0,0,1411000.0,500000.0,619000.0,0,1000000.0,2000000.0,5644000.0,1875000.0,597499000.0,424511000.0,0,0
root/Sub-SaharanAfricaComoros,root,0,0,0,0,0,0,0,0,0,0,381000.0,74000.0,621000.0,139000.0,115000.0,112000.0,145000.0,0,0,0,0,0,0,0,0,0,0,0,0,0,0,0,0,0,0,0,0,0,0,0,0,0,0,0,0,0,0
root/Sub-SaharanAfricaCongoDemRep,root,489000.0,156209000.0,173614000.0,297405000.0,275749000.0,213411000.0,311731000.0,323057000.0,235104000.0,26423000.0,173049000.0,77361000.0,17162000.0,15242000.0,21570000.0,35248000.0,30655000.0,18365000.0,16233000.0,24819000.0,11790000.0,13047000.0,4725000.0,0,0,0,0,0,0,0,0,0,0,28661000.0,4123000.0,1674000.0,6336000.0,4209000.0,6667000.0,20657000.0,15779000.0,4999000.0,12671000.0,9806000.0,7512000.0,1817000.0,9129000.0
root/Sub-SaharanAfricaCongoRep,root,1384000.0,3246000.0,6075000.0,16760000.0,37831000.0,33707000.0,11635000.0,425000.0,79868000.0,30982000.0,399935000.0,143789000.0,401996000.0,158491000.0,166764000.0,94917000.0,11913000.0,49387000.0,168941000.0,47642000.0,90564000.0,187567000.0,29765000.0,462768000.0,156142000.0,52791000.0,29642000.0,13295000.0,1965000.0,0,0,92000.0,98000.0,1322000.0,256000.0,0,0,1358000.0,1617000.0,33897000.0,10516000.0,89446000.0,190474000.0,91703000.0,111714000.0,10718000.0,716000.0
root/Sub-SaharanAfricaCotedIvoire,root,13832000.0,54206000.0,18279000.0,146875000.0,58902000.0,231245000.0,199027000.0,559779000.0,663597000.0,469259000.0,841539000.0,662163000.0,591038000.0,123038000.0,77991000.0,201000.0,181015000.0,213947000.0,44563000.0,129201000.0,9919000.0,3993000.0,10139000.0,51609000.0,39017000.0,14340000.0,108713000.0,242668000.0,237218000.0,237656000.0,113288000.0,110000000.0,114409000.0,115000000.0,133348000.0,109352000.0,118675000.0,166696000.0,79000000.0,155000000.0,195665000.0,207484000.0,1745367000.0,820476000.0,400700000.0,331520000.0,84394000.0
root/Sub-SaharanAfricaEritrea,root,0,0,0,0,0,0,0,0,0,0,0,0,0,0,0,0,0,0,0,0,0,0,0,0,0,0,0,0,0,0,0,0,0,0,34633000.0,0,477000.0,0,808000.0,0,0,0,0,0,0,0,0
root/Sub-SaharanAfricaEthiopia,root,6893000.0,4768000.0,6206000.0,2102000.0,1359000.0,2748000.0,3023000.0,2275000.0,5003000.0,6051000.0,26300000.0,63300000.0,98161000.0,37694000.0,117308000.0,59228000.0,25843000.0,72257000.0,62309000.0,69247000.0,56638000.0,212420000.0,79790000.0,26825000.0,32769000.0,47917000.0,209577000.0,22647000.0,2107000.0,12067000.0,8051000.0,9983000.0,4070000.0,128578000.0,70502000.0,116212000.0,44933000.0,44255000.0,32953000.0,1022678000.0,647445000.0,358023000.0,457582000.0,169082000.0,339673000.0,1690333000.0,94898000.0
root/Sub-SaharanAfricaGabon,root,5819000.0,27867000.0,70803000.0,130831000.0,100871000.0,254322000.0,299939000.0,109346000.0,85845000.0,117355000.0,124122000.0,187197000.0,100631000.0,64466000.0,30753000.0,95505000.0,275468000.0,83344000.0,118241000.0,25962000.0,29004000.0,31645000.0,16708000.0,1730000.0,30900000.0,74815000.0,50930000.0,4697000.0,6813000.0,8891000.0,6538000.0,27325000.0,11939000.0,64797000.0,54419000.0,48091000.0,4291000.0,8953000.0,15843000.0,75602000.0,178299000.0,241900000.0,83276000.0,138183000.0,134906000.0,44068000.0,53621000.0
root/Sub-SaharanAfricaGambiaThe,root,0,0,0,0,0,0,1063000.0,213000.0,213000.0,2354000.0,21327000.0,7469000.0,7092000.0,2183000.0,115000.0,129000.0,43000.0,2110000.0,669000.0,491000.0,7483000.0,4546000.0,4464000.0,4295000.0,4318000.0,366000.0,228000.0,0,0,0,352000.0,300000.0,2000.0,0,282000.0,283000.0,0,0,1520000.0,786000.0,3179000.0,2242000.0,5259000.0,908000.0,824000.0,1801000.0,1799000.0
root/Sub-SaharanAfricaGhana,root,1602000.0,1882000.0,2691000.0,1354000.0,15867000.0,16608000.0,8132000.0,22065000.0,16141000.0,5883000.0,41747000.0,2755000.0,14180000.0,25920000.0,5390000.0,34611000.0,77835000.0,4624000.0,17365000.0,61230000.0,20080000.0,34480000.0,44870000.0,24667000.0,57890000.0,93196000.0,29018000.0,84397000.0,53847000.0,51105000.0,2214000.0,227734000.0,3203000.0,28721000.0,26869000.0,11341000.0,1130000.0,56177000.0,82715000.0,189294000.0,220075000.0,392354000.0,314243000.0,915443000.0,591831000.0,415765000.0,742359000.0
root/Sub-SaharanAfricaGuinea,root,5713000.0,6053000.0,325000.0,22455000.0,1625000.0,3943000.0,11787000.0,13416000.0,31356000.0,30360000.0,46175000.0,21637000.0,22587000.0,21619000.0,6114000.0,17738000.0,1116000.0,3321000.0,19064000.0,13179000.0,18697000.0,10355000.0,8111000.0,3110000.0,9312000.0,14918000.0,16602000.0,20148000.0,10435000.0,224000.0,194000.0,188000.0,198000.0,0,1243000.0,1246000.0,1256000.0,2227000.0,0,0,0,0,0,0,0,0,0
root/Sub-SaharanAfricaGuineaBissau,root,0,0,0,0,0,0,2171000.0,4079000.0,4381000.0,8924000.0,17756000.0,1513000.0,452000.0,403000.0,2947000.0,19868000.0,122000.0,5496000.0,0,78000.0,78000.0,78000.0,29000.0,0,75000.0,254000.0,233000.0,129000.0,129000.0,129000.0,178000.0,0,0,0,0,0,0,0,0,0,0,0,0,0,0,0,0
root/Sub-SaharanAfricaKenya,root,29497000.0,3101000.0,38211000.0,108272000.0,146957000.0,35452000.0,69844000.0,28790000.0,311704000.0,205362000.0,221870000.0,31587000.0,39606000.0,58742000.0,123544000.0,8248000.0,29533000.0,153202000.0,164182000.0,160773000.0,64666000.0,273529000.0,19398000.0,39961000.0,281613000.0,163459000.0,194531000.0,121502000.0,1578000.0,67541000.0,80572000.0,143907000.0,66516000.0,122188000.0,64188000.0,55502000.0,60923000.0,10914000.0,8124000.0,24470000.0,7969000.0,16671000.0,667517000.0,111248000.0,438817000.0,1205615000.0,565742000.0
root/Sub-SaharanAfricaLesotho,root,130000.0,161000.0,387000.0,67000.0,68000.0,41000.0,75000.0,55000.0,31000.0,7591000.0,2325000.0,5466000.0,2459000.0,9715000.0,6895000.0,5779000.0,842000.0,11779000.0,10513000.0,1923000.0,42000.0,1435000.0,5102000.0,2862000.0,3680000.0,11798000.0,29866000.0,21743000.0,24900000.0,8597000.0,4854000.0,4671000.0,7984000.0,6076000.0,8545000.0,33285000.0,8043000.0,5337000.0,3165000.0,692000.0,290000.0,302000.0,278000.0,293000.0,281000.0,4359000.0,163000.0
root/Sub-SaharanAfricaLiberia,root,6551000.0,3125000.0,5038000.0,4415000.0,96000.0,2908000.0,6982000.0,34517000.0,42571000.0,54274000.0,423000.0,1025000.0,6454000.0,7314000.0,209000.0,35000.0,0,0,0,0,0,0,0,0,0,0,0,0,0,0,0,0,0,0,0,0,0,0,0,0,0,0,0,0,58000000.0,13010000.0,6112000.0
root/Sub-SaharanAfricaMadagascar,root,770000.0,1737000.0,5967000.0,170000.0,939000.0,940000.0,1828000.0,21661000.0,18689000.0,166243000.0,139742000.0,63164000.0,48102000.0,74250000.0,3274000.0,4798000.0,46683000.0,15241000.0,14626000.0,16909000.0,15002000.0,10810000.0,8359000.0,8007000.0,4925000.0,4060000.0,4826000.0,1360000.0,753000.0,747000.0,421000.0,1953000.0,44000.0,53000.0,1469000.0,1300000.0,3308000.0,532000.0,2691000.0,152000.0,1199000.0,901000.0,665000.0,2352000.0,869000.0,61810000.0,15385000.0
root/Sub-SaharanAfricaMalawi,root,2584000.0,156000.0,4882000.0,4810000.0,2986000.0,9715000.0,20574000.0,32737000.0,51806000.0,32937000.0,21040000.0,4753000.0,15577000.0,13882000.0,18172000.0,28878000.0,31465000.0,10606000.0,5646000.0,7428000.0,1675000.0,9971000.0,1820000.0,12021000.0,3392000.0,22842000.0,4001000.0,1464000.0,847000.0,387000.0,0,0,0,0,1999000.0,2531000.0,1534000.0,1025000.0,91000.0,0,0,0,0,0,2980000.0,1928000.0,0
root/Sub-SaharanAfricaMali,root,36000.0,193000.0,3067000.0,4956000.0,1634000.0,1999000.0,1061000.0,1475000.0,7457000.0,790000.0,7939000.0,1412000.0,3456000.0,22679000.0,1538000.0,2267000.0,129000.0,6502000.0,2352000.0,1007000.0,1168000.0,652000.0,2578000.0,651000.0,834000.0,0,0,0,0,0,0,0,0,0,1803000.0,3169000.0,1474000.0,1011000.0,1073000.0,1498000.0,1126000.0,1288000.0,470000.0,1048000.0,859000.0,582000.0,334000.0
root/Sub-SaharanAfricaMauritania,root,1607000.0,3082000.0,5158000.0,16158000.0,1605000.0,8036000.0,1621000.0,15396000.0,19597000.0,34051000.0,237000.0,24923000.0,7056000.0,21911000.0,19614000.0,2123000.0,3398000.0,6358000.0,593000.0,5051000.0,1303000.0,2407000.0,2091000.0,83000.0,57000.0,76000.0,24492000.0,1524000.0,1997000.0,2125000.0,2389000.0,828000.0,3691000.0,3388000.0,211000.0,14084000.0,1711000.0,1496000.0,6475000.0,1347000.0,11198000.0,1178000.0,0,0,0,0,0
root/Sub-SaharanAfricaMauritius,root,705000.0,1988000.0,900000.0,4100000.0,200000.0,800000.0,2100000.0,1900000.0,44017000.0,57308000.0,47258000.0,5539000.0,17506000.0,45614000.0,4814000.0,18957000.0,4721000.0,20113000.0,52597000.0,35215000.0,44448000.0,30157000.0,19933000.0,13308000.0,104812000.0,125928000.0,40523000.0,59822000.0,89958000.0,43057000.0,110732000.0,27978000.0,85696000.0,18351000.0,38115000.0,34789000.0,81027000.0,35501000.0,34432000.0,18097000.0,57993000.0,1069905000.0,499597000.0,2755732000.0,1123798000.0,322195000.0,2244417000.0
root/Sub-SaharanAfricaMozambique,root,0,0,0,0,0,0,0,0,0,0,0,0,0,0,200620000.0,55117000.0,47896000.0,43644000.0,5299000.0,20353000.0,17240000.0,12461000.0,3489000.0,2673000.0,1798000.0,9123000.0,1348000.0,949000.0,0,442000.0,674000.0,0,0,0,0,0,0,6206000.0,846000.0,20356000.0,70831000.0,144474000.0,27442000.0,7968000.0,394131000.0,492768000.0,137003000.0
root/Sub-SaharanAfricaNiger,root,564000.0,246000.0,3496000.0,170000.0,7521000.0,678000.0,2346000.0,2489000.0,87386000.0,125328000.0,149480000.0,187952000.0,19898000.0,3146000.0,9278000.0,7117000.0,27884000.0,11953000.0,7638000.0,10420000.0,9724000.0,54652000.0,20000000.0,24000000.0,23500000.0,23800000.0,23764000.0,13800000.0,23800000.0,2036000.0,2000000.0,6358000.0,8016000.0,8016000.0,6516000.0,6516000.0,6516000.0,6515000.0,6516000.0,6515000.0,6516000.0,0,0,0,0,0,0
root/Sub-SaharanAfricaNigeria,root,16126000.0,13440000.0,9459000.0,137497000.0,103527000.0,154384000.0,278445000.0,23069000.0,1592552000.0,1233733000.0,1450386000.0,1725592000.0,2414671000.0,1012679000.0,411211000.0,953167000.0,545269000.0,425446000.0,149999000.0,520605000.0,121012000.0,119397000.0,207092000.0,88999000.0,315771000.0,448401000.0,690223000.0,257873000.0,24800000.0,146070000.0,615560000.0,410010000.0,285467000.0,465301000.0,539796000.0,1925041000.0,174135000.0,2152273000.0,719309000.0,83356000.0,884966000.0,441460000.0,632120000.0,129360000.0,568202000.0,2079744000.0,745026000.0
root/Sub-SaharanAfricaRwanda,root,92000.0,156000.0,210000.0,1855000.0,165000.0,88000.0,294000.0,3963000.0,4330000.0,844000.0,2333000.0,307000.0,3037000.0,500000.0,5824000.0,2599000.0,4822000.0,121000.0,2678000.0,2497000.0,1814000.0,952000.0,1010000.0,0,0,0,0,0,0,0,0,0,0,0,0,0,0,0,0,0,0,0,0,0,0,0,0
root/Sub-SaharanAfricaSaoTomeandPrincipe,root,0,0,0,0,0,0,0,154000.0,88000.0,52000.0,28000.0,357000.0,58000.0,180000.0,5402000.0,174000.0,1097000.0,70000.0,35000.0,411000.0,114000.0,0,0,0,0,0,0,0,0,0,0,0,0,0,0,0,0,0,0,0,0,0,0,0,0,0,0
root/Sub-SaharanAfricaSenegal,root,5043000.0,11054000.0,6000.0,46228000.0,32089000.0,19065000.0,41623000.0,41774000.0,89859000.0,47945000.0,3740000.0,17770000.0,4114000.0,47640000.0,7813000.0,8962000.0,31143000.0,24094000.0,49520000.0,50717000.0,14924000.0,30284000.0,26960000.0,5747000.0,9334000.0,25304000.0,11111000.0,14564000.0,15802000.0,5767000.0,3270000.0,45734000.0,347000.0,426000.0,92889000.0,17723000.0,21974000.0,34058000.0,37024000.0,156547000.0,63477000.0,15048000.0,3464000.0,5325000.0,34522000.0,43287000.0,47266000.0
root/Sub-SaharanAfricaSierraLeone,root,1399000.0,3294000.0,1016000.0,5411000.0,26652000.0,8669000.0,3117000.0,7823000.0,19957000.0,26261000.0,16007000.0,10191000.0,11043000.0,7481000.0,3667000.0,3961000.0,1588000.0,1806000.0,1028000.0,3579000.0,4000000.0,0,0,0,0,28397000.0,0,0,0,0,0,0,0,455000.0,0,0,0,0,0,0,0,0,0,0,0,0,0
root/Sub-SaharanAfricaSomalia,root,498000.0,502000.0,2224000.0,3513000.0,132000.0,801000.0,417000.0,701000.0,232000.0,0,26766000.0,141977000.0,41426000.0,4027000.0,1163000.0,6881000.0,250000.0,434000.0,0,0,0,0,0,0,0,0,0,0,0,0,0,0,0,0,0,0,0,0,0,0,0,0,0,0,0,0,0
root/Sub-SaharanAfricaSouthAfrica,root,0,0,0,0,0,0,0,0,0,0,0,0,0,0,0,0,0,0,0,0,0,0,0,0,20393000.0,747519000.0,844727000.0,1120037000.0,699121000.0,1401862000.0,281954000.0,1511250000.0,2102754000.0,2165827000.0,668167000.0,866907000.0,552551000.0,255118000.0,596838000.0,478752000.0,356726000.0,437778000.0,1089254000.0,252530000.0,3457120000.0,9967637000.0,1903727000.0
root/Sub-SaharanAfricaSudan,root,2469000.0,2573000.0,9395000.0,35716000.0,197491000.0,190360000.0,90952000.0,51923000.0,31087000.0,46573000.0,137635000.0,179566000.0,115440000.0,1562000.0,547000.0,0,5000000.0,0,0,0,0,0,0,0,0,0,0,0,0,0,542787000.0,0,0,0,0,0,0,0,0,0,0,0,0,0,0,0,0
root/Sub-SaharanAfricaSwaziland,root,1015000.0,1792000.0,2472000.0,7395000.0,2548000.0,1187000.0,102000.0,95000.0,27446000.0,1721000.0,2638000.0,5022000.0,3999000.0,3923000.0,5182000.0,9237000.0,2466000.0,12335000.0,1701000.0,1591000.0,1935000.0,1543000.0,1555000.0,1542000.0,1518000.0,306000.0,259000.0,32586000.0,0,0,0,0,2602000.0,2314000.0,680000.0,100000.0,654000.0,625000.0,540000.0,527000.0,602000.0,580000.0,519000.0,437000.0,406000.0,174000.0,0
root/Sub-SaharanAfricaTanzania,root,5600000.0,4441000.0,267000.0,422000.0,1823000.0,2340000.0,22247000.0,30021000.0,55318000.0,65065000.0,84464000.0,76056000.0,27209000.0,33013000.0,32776000.0,46605000.0,68378000.0,37944000.0,27274000.0,25691000.0,4734000.0,8026000.0,44523000.0,18307000.0,2263000.0,18467000.0,17352000.0,17632000.0,13762000.0,12331000.0,11511000.0,17998000.0,17726000.0,19244000.0,5142000.0,19084000.0,10972000.0,2297000.0,9437000.0,84106000.0,136925000.0,560697000.0,135281000.0,922589000.0,253047000.0,342331000.0,408560000.0
root/Sub-SaharanAfricaTogo,root,493000.0,96000.0,733000.0,3233000.0,18611000.0,32706000.0,55248000.0,90286000.0,159586000.0,124439000.0,40929000.0,7054000.0,6098000.0,3875000.0,11827000.0,13518000.0,22533000.0,8000000.0,1850000.0,2287000.0,120000.0,0,0,0,0,0,0,6065000.0,0,0,0,0,0,0,0,0,0,0,0,0,0,0,0,48342000.0,11584000.0,1602000.0,10977000.0
root/Sub-SaharanAfricaUganda,root,6169000.0,5228000.0,1412000.0,4290000.0,11990000.0,2818000.0,4799000.0,34356000.0,83743000.0,41039000.0,44241000.0,12197000.0,27588000.0,8503000.0,5555000.0,5813000.0,30761000.0,119556000.0,719000.0,5099000.0,16299000.0,24982000.0,8362000.0,899000.0,15177000.0,8768000.0,7105000.0,1434000.0,1718000.0,1360000.0,1297000.0,3294000.0,4641000.0,7078000.0,7020000.0,3011000.0,720000.0,786000.0,554000.0,256000.0,199000.0,0,0,3755786000.0,102598000.0,253774000.0,581572000.0
root/Sub-SaharanAfricaZambia,root,323817000.0,18806000.0,38498000.0,55948000.0,4280000.0,264124000.0,34677000.0,40752000.0,128955000.0,4581000.0,119141000.0,18273000.0,55280000.0,32118000.0,37887000.0,4110000.0,113490000.0,38963000.0,32724000.0,10120000.0,9301000.0,7095000.0,13212000.0,39677000.0,24546000.0,36852000.0,26193000.0,7126000.0,31861000.0,42108000.0,8901000.0,84383000.0,59594000.0,94205000.0,301145000.0,27202000.0,220568000.0,154279000.0,69809000.0,35837000.0,21125000.0,85259000.0,32151000.0,32151000.0,434514000.0,146028000.0,67388000.0
root/Sub-SaharanAfricaZimbabwe,root,0,0,0,0,0,0,0,0,10597000.0,4992000.0,12995000.0,253546000.0,361088000.0,172418000.0,25772000.0,39807000.0,78912000.0,78965000.0,52760000.0,95694000.0,127492000.0,121871000.0,86457000.0,92141000.0,99182000.0,139952000.0,5168000.0,24285000.0,292533000.0,14627000.0,37362000.0,73200000.0,44988000.0,31115000.0,6895000.0,16134000.0,2500000.0,48600000.0,28380000.0,200000.0,507176000.0,312945000.0,927426000.0,1332772000.0,1114064000.0,629863000.0,61279000.0
