root/EastAsia&Pacific,root,5100000.0,5170000.0,12720000.0,7840000.0,6570000.0,6990000.0,10770000.0,8370000.0,8710000.0,7530000.0,7530000.0,6980000.0
root/EastAsia&Pacific/Cambodia,root/EastAsia&Pacific,550000.0,510000.0,1070000.0,590000.0,910000.0,660000.0,1310000.0,850000.0,790000.0,720000.0,660000.0,650000.0
root/EastAsia&Pacific/China,root/EastAsia&Pacific,1090000.0,460000.0,1930000.0,1550000.0,850000.0,1350000.0,2170000.0,1480000.0,1380000.0,1210000.0,1320000.0,1150000.0
root/EastAsia&Pacific/Fiji,root/EastAsia&Pacific,160000.0,340000.0,990000.0,480000.0,550000.0,580000.0,730000.0,720000.0,640000.0,600000.0,620000.0,510000.0
root/EastAsia&Pacific/Indonesia,root/EastAsia&Pacific,560000.0,650000.0,690000.0,1170000.0,520000.0,970000.0,1090000.0,730000.0,1230000.0,940000.0,930000.0,760000.0
root/EastAsia&Pacific/KoreaDemPeople’sRep,root/EastAsia&Pacific,0,0,10000.0,0,0,0,0,0,0,0,0,0
root/EastAsia&Pacific/LaoPDR,root/EastAsia&Pacific,280000.0,110000.0,200000.0,710000.0,30000.0,330000.0,470000.0,490000.0,270000.0,0,80000.0,70000.0
root/EastAsia&Pacific/Malaysia,root/EastAsia&Pacific,80000.0,90000.0,240000.0,0,0,60000.0,40000.0,0,10000.0,10000.0,10000.0,0
root/EastAsia&Pacific/Mongolia,root/EastAsia&Pacific,80000.0,30000.0,230000.0,380000.0,0,0,80000.0,20000.0,0,0,10000.0,0
root/EastAsia&Pacific/Myanmar,root/EastAsia&Pacific,780000.0,340000.0,1260000.0,970000.0,580000.0,640000.0,1180000.0,850000.0,1470000.0,960000.0,960000.0,970000.0
root/EastAsia&Pacific/PapuaNewGuinea,root/EastAsia&Pacific,330000.0,360000.0,780000.0,440000.0,770000.0,670000.0,1060000.0,1020000.0,500000.0,1040000.0,1080000.0,1140000.0
root/EastAsia&Pacific/Philippines,root/EastAsia&Pacific,230000.0,190000.0,1080000.0,350000.0,610000.0,320000.0,620000.0,410000.0,420000.0,420000.0,350000.0,330000.0
root/EastAsia&Pacific/Samoa,root/EastAsia&Pacific,80000.0,0,150000.0,0,0,0,70000.0,0,0,0,0,0
root/EastAsia&Pacific/Thailand,root/EastAsia&Pacific,460000.0,1930000.0,3080000.0,660000.0,970000.0,710000.0,1090000.0,890000.0,1000000.0,830000.0,830000.0,720000.0
root/EastAsia&Pacific/TimorLeste,root/EastAsia&Pacific,80000.0,0,130000.0,0,60000.0,0,0,0,0,0,0,0
root/EastAsia&Pacific/Vietnam,root/EastAsia&Pacific,340000.0,160000.0,880000.0,540000.0,720000.0,700000.0,860000.0,910000.0,1000000.0,800000.0,680000.0,680000.0
root/Europe&CentralAsia,root,2440000.0,1890000.0,3270000.0,2810000.0,2900000.0,3220000.0,4070000.0,3900000.0,3380000.0,2210000.0,2530000.0,2090000.0
root/Europe&CentralAsia/Albania,root/Europe&CentralAsia,80000.0,60000.0,100000.0,100000.0,0,80000.0,0,0,0,0,0,0
root/Europe&CentralAsia/Armenia,root/Europe&CentralAsia,330000.0,140000.0,330000.0,260000.0,230000.0,320000.0,240000.0,370000.0,60000.0,0,0,0
root/Europe&CentralAsia/Azerbaijan,root/Europe&CentralAsia,70000.0,10000.0,70000.0,90000.0,90000.0,130000.0,220000.0,230000.0,100000.0,0,0,0
root/Europe&CentralAsia/Belarus,root/Europe&CentralAsia,110000.0,30000.0,130000.0,110000.0,260000.0,170000.0,240000.0,200000.0,140000.0,80000.0,110000.0,10000.0
root/Europe&CentralAsia/BosniaandHerzegovina,root/Europe&CentralAsia,80000.0,10000.0,120000.0,0,80000.0,120000.0,0,0,0,0,0,0
root/Europe&CentralAsia/Croatia,root/Europe&CentralAsia,50000.0,80000.0,180000.0,80000.0,70000.0,70000.0,0,0,0,0,0,0
root/Europe&CentralAsia/Georgia,root/Europe&CentralAsia,70000.0,10000.0,140000.0,0,10000.0,90000.0,160000.0,230000.0,70000.0,0,0,0
root/Europe&CentralAsia/Kazakhstan,root/Europe&CentralAsia,350000.0,220000.0,220000.0,510000.0,450000.0,510000.0,720000.0,690000.0,630000.0,590000.0,720000.0,790000.0
root/Europe&CentralAsia/Kosovo,root/Europe&CentralAsia,0,0,0,0,60000.0,80000.0,0,0,0,0,0,0
root/Europe&CentralAsia/KyrgyzRepublic,root/Europe&CentralAsia,80000.0,100000.0,80000.0,80000.0,30000.0,0,240000.0,120000.0,100000.0,60000.0,80000.0,10000.0
root/Europe&CentralAsia/MacedoniaFYR,root/Europe&CentralAsia,80000.0,90000.0,30000.0,40000.0,40000.0,0,0,0,0,0,0,0
root/Europe&CentralAsia/Moldova,root/Europe&CentralAsia,80000.0,0,260000.0,310000.0,400000.0,190000.0,430000.0,270000.0,150000.0,40000.0,60000.0,60000.0
root/Europe&CentralAsia/Montenegro,root/Europe&CentralAsia,0,0,0,0,50000.0,40000.0,0,0,0,0,0,0
root/Europe&CentralAsia/Serbia,root/Europe&CentralAsia,220000.0,0,120000.0,60000.0,40000.0,40000.0,0,40000.0,0,0,0,0
root/Europe&CentralAsia/Tajikistan,root/Europe&CentralAsia,90000.0,150000.0,120000.0,190000.0,200000.0,160000.0,250000.0,230000.0,160000.0,40000.0,90000.0,60000.0
root/Europe&CentralAsia/Turkey,root/Europe&CentralAsia,80000.0,80000.0,110000.0,60000.0,20000.0,130000.0,0,0,0,0,0,0
root/Europe&CentralAsia/Turkmenistan,root/Europe&CentralAsia,0,80000.0,120000.0,160000.0,120000.0,0,40000.0,0,0,0,0,0
root/Europe&CentralAsia/Ukraine,root/Europe&CentralAsia,530000.0,650000.0,760000.0,500000.0,480000.0,710000.0,1000000.0,1050000.0,1460000.0,930000.0,1100000.0,1000000.0
root/Europe&CentralAsia/Uzbekistan,root/Europe&CentralAsia,140000.0,180000.0,380000.0,260000.0,270000.0,380000.0,530000.0,470000.0,510000.0,470000.0,370000.0,160000.0
root/LatinAmerica&Caribbean,root,5150000.0,5250000.0,13670000.0,6920000.0,6670000.0,8200000.0,9230000.0,8210000.0,8600000.0,6930000.0,7420000.0,6630000.0
root/LatinAmerica&Caribbean/AntiguaandBarbuda,root/LatinAmerica&Caribbean,0,0,40000.0,0,0,0,0,0,0,0,0,0
root/LatinAmerica&Caribbean/Argentina,root/LatinAmerica&Caribbean,450000.0,330000.0,440000.0,890000.0,300000.0,520000.0,730000.0,650000.0,820000.0,780000.0,850000.0,760000.0
root/LatinAmerica&Caribbean/Barbados,root/LatinAmerica&Caribbean,50000.0,100000.0,1100000.0,410000.0,470000.0,450000.0,0,0,0,0,0,0
root/LatinAmerica&Caribbean/Belize,root/LatinAmerica&Caribbean,0,10000.0,100000.0,0,0,10000.0,80000.0,70000.0,70000.0,0,0,0
root/LatinAmerica&Caribbean/Bolivia,root/LatinAmerica&Caribbean,120000.0,190000.0,50000.0,0,50000.0,90000.0,70000.0,0,10000.0,0,40000.0,10000.0
root/LatinAmerica&Caribbean/Brazil,root/LatinAmerica&Caribbean,590000.0,630000.0,690000.0,480000.0,250000.0,630000.0,820000.0,850000.0,730000.0,680000.0,790000.0,600000.0
root/LatinAmerica&Caribbean/Chile,root/LatinAmerica&Caribbean,80000.0,30000.0,70000.0,140000.0,320000.0,350000.0,260000.0,120000.0,120000.0,0,10000.0,0
root/LatinAmerica&Caribbean/Colombia,root/LatinAmerica&Caribbean,210000.0,200000.0,340000.0,200000.0,250000.0,170000.0,360000.0,350000.0,330000.0,180000.0,170000.0,160000.0
root/LatinAmerica&Caribbean/CostaRica,root/LatinAmerica&Caribbean,0,20000.0,120000.0,90000.0,20000.0,60000.0,70000.0,10000.0,10000.0,0,0,0
root/LatinAmerica&Caribbean/Cuba,root/LatinAmerica&Caribbean,0,110000.0,160000.0,0,100000.0,100000.0,0,20000.0,0,0,0,0
root/LatinAmerica&Caribbean/Dominica,root/LatinAmerica&Caribbean,0,150000.0,0,0,0,0,0,0,0,0,0,0
root/LatinAmerica&Caribbean/DominicanRepublic,root/LatinAmerica&Caribbean,270000.0,170000.0,550000.0,330000.0,320000.0,380000.0,670000.0,650000.0,480000.0,390000.0,400000.0,400000.0
root/LatinAmerica&Caribbean/Ecuador,root/LatinAmerica&Caribbean,50000.0,80000.0,80000.0,0,60000.0,140000.0,290000.0,310000.0,230000.0,0,20000.0,0
root/LatinAmerica&Caribbean/ElSalvador,root/LatinAmerica&Caribbean,0,110000.0,320000.0,90000.0,220000.0,200000.0,240000.0,190000.0,180000.0,100000.0,140000.0,120000.0
root/LatinAmerica&Caribbean/Grenada,root/LatinAmerica&Caribbean,0,10000.0,0,0,0,0,0,0,0,0,0,0
root/LatinAmerica&Caribbean/Guatemala,root/LatinAmerica&Caribbean,520000.0,260000.0,530000.0,600000.0,590000.0,630000.0,760000.0,680000.0,1130000.0,1070000.0,1120000.0,1050000.0
root/LatinAmerica&Caribbean/Guyana,root/LatinAmerica&Caribbean,290000.0,0,780000.0,420000.0,570000.0,650000.0,680000.0,600000.0,580000.0,550000.0,540000.0,680000.0
root/LatinAmerica&Caribbean/Haiti,root/LatinAmerica&Caribbean,610000.0,290000.0,1450000.0,850000.0,490000.0,960000.0,1020000.0,1040000.0,900000.0,1060000.0,910000.0,1220000.0
root/LatinAmerica&Caribbean/Honduras,root/LatinAmerica&Caribbean,280000.0,370000.0,480000.0,600000.0,640000.0,660000.0,820000.0,740000.0,710000.0,620000.0,560000.0,470000.0
root/LatinAmerica&Caribbean/Jamaica,root/LatinAmerica&Caribbean,490000.0,290000.0,1040000.0,600000.0,190000.0,430000.0,720000.0,570000.0,830000.0,510000.0,660000.0,500000.0
root/LatinAmerica&Caribbean/Mexico,root/LatinAmerica&Caribbean,0,150000.0,130000.0,0,40000.0,50000.0,100000.0,10000.0,10000.0,0,20000.0,10000.0
root/LatinAmerica&Caribbean/Nicaragua,root/LatinAmerica&Caribbean,0,120000.0,380000.0,0,0,100000.0,30000.0,0,0,0,10000.0,0
root/LatinAmerica&Caribbean/Panama,root/LatinAmerica&Caribbean,370000.0,660000.0,2050000.0,300000.0,340000.0,420000.0,340000.0,400000.0,270000.0,0,20000.0,0
root/LatinAmerica&Caribbean/Paraguay,root/LatinAmerica&Caribbean,80000.0,80000.0,70000.0,0,50000.0,60000.0,20000.0,10000.0,0,0,10000.0,0
root/LatinAmerica&Caribbean/Peru,root/LatinAmerica&Caribbean,340000.0,190000.0,310000.0,440000.0,520000.0,550000.0,690000.0,640000.0,830000.0,750000.0,870000.0,610000.0
root/LatinAmerica&Caribbean/StKittsandNevis,root/LatinAmerica&Caribbean,0,0,10000.0,0,0,0,0,0,0,0,0,0
root/LatinAmerica&Caribbean/Suriname,root/LatinAmerica&Caribbean,50000.0,30000.0,20000.0,0,0,0,0,0,0,0,10000.0,0
root/LatinAmerica&Caribbean/TrinidadandTobago,root/LatinAmerica&Caribbean,100000.0,430000.0,1940000.0,290000.0,390000.0,140000.0,0,0,0,0,0,0
root/LatinAmerica&Caribbean/Uruguay,root/LatinAmerica&Caribbean,80000.0,60000.0,90000.0,0,80000.0,120000.0,50000.0,40000.0,20000.0,10000.0,10000.0,0
root/LatinAmerica&Caribbean/VenezuelaRB,root/LatinAmerica&Caribbean,120000.0,180000.0,330000.0,190000.0,410000.0,330000.0,410000.0,260000.0,340000.0,230000.0,260000.0,40000.0
root/MiddleEast&NorthAfrica,root,910000.0,740000.0,2680000.0,980000.0,1420000.0,1720000.0,2700000.0,1900000.0,1950000.0,1680000.0,1840000.0,1680000.0
root/MiddleEast&NorthAfrica/Algeria,root/MiddleEast&NorthAfrica,90000.0,90000.0,710000.0,130000.0,50000.0,150000.0,380000.0,230000.0,220000.0,160000.0,200000.0,190000.0
root/MiddleEast&NorthAfrica/Djibouti,root/MiddleEast&NorthAfrica,0,0,0,0,90000.0,290000.0,460000.0,350000.0,330000.0,420000.0,430000.0,380000.0
root/MiddleEast&NorthAfrica/EgyptArabRep,root/MiddleEast&NorthAfrica,240000.0,290000.0,560000.0,320000.0,460000.0,450000.0,460000.0,230000.0,120000.0,90000.0,150000.0,110000.0
root/MiddleEast&NorthAfrica/IranIslamicRep,root/MiddleEast&NorthAfrica,130000.0,140000.0,0,190000.0,240000.0,150000.0,500000.0,360000.0,510000.0,320000.0,370000.0,350000.0
root/MiddleEast&NorthAfrica/Iraq,root/MiddleEast&NorthAfrica,0,0,0,0,90000.0,0,0,0,0,0,0,0
root/MiddleEast&NorthAfrica/Jordan,root/MiddleEast&NorthAfrica,0,10000.0,170000.0,0,0,60000.0,0,0,0,0,0,0
root/MiddleEast&NorthAfrica/Lebanon,root/MiddleEast&NorthAfrica,80000.0,0,120000.0,0,10000.0,0,40000.0,0,0,0,0,0
root/MiddleEast&NorthAfrica/Libya,root/MiddleEast&NorthAfrica,0,0,0,0,0,0,50000.0,0,0,0,0,0
root/MiddleEast&NorthAfrica/Morocco,root/MiddleEast&NorthAfrica,220000.0,110000.0,690000.0,210000.0,300000.0,370000.0,540000.0,450000.0,490000.0,490000.0,480000.0,460000.0
root/MiddleEast&NorthAfrica/Oman,root/MiddleEast&NorthAfrica,70000.0,0,0,0,0,0,0,0,0,0,0,0
root/MiddleEast&NorthAfrica/Tunisia,root/MiddleEast&NorthAfrica,0,0,270000.0,0,70000.0,0,270000.0,50000.0,60000.0,60000.0,60000.0,60000.0
root/MiddleEast&NorthAfrica/YemenRep,root/MiddleEast&NorthAfrica,80000.0,100000.0,160000.0,130000.0,110000.0,250000.0,0,230000.0,220000.0,140000.0,150000.0,130000.0
root/SouthAsia,root,2440000.0,2070000.0,5490000.0,2630000.0,3310000.0,3110000.0,4420000.0,3460000.0,3170000.0,3190000.0,3290000.0,2710000.0
root/SouthAsia/Bangladesh,root/SouthAsia,400000.0,140000.0,800000.0,370000.0,360000.0,420000.0,590000.0,390000.0,490000.0,520000.0,500000.0,220000.0
root/SouthAsia/Bhutan,root/SouthAsia,0,50000.0,10000.0,0,0,0,60000.0,10000.0,0,0,0,0
root/SouthAsia/India,root/SouthAsia,1500000.0,1060000.0,2160000.0,950000.0,900000.0,1100000.0,1420000.0,1280000.0,1250000.0,1360000.0,1330000.0,1330000.0
root/SouthAsia/Maldives,root/SouthAsia,0,0,20000.0,0,0,0,10000.0,0,0,0,0,0
root/SouthAsia/Nepal,root/SouthAsia,250000.0,120000.0,760000.0,550000.0,590000.0,570000.0,940000.0,610000.0,740000.0,600000.0,630000.0,430000.0
root/SouthAsia/Pakistan,root/SouthAsia,260000.0,610000.0,1130000.0,500000.0,1010000.0,720000.0,810000.0,910000.0,580000.0,630000.0,730000.0,680000.0
root/SouthAsia/SriLanka,root/SouthAsia,30000.0,90000.0,610000.0,260000.0,450000.0,300000.0,590000.0,260000.0,110000.0,80000.0,100000.0,50000.0
root/Sub-SaharanAfrica,root,15830000.0,19020000.0,36430000.0,20930000.0,26560000.0,27750000.0,35490000.0,31940000.0,39780000.0,33840000.0,34680000.0,31170000.0
root/Sub-SaharanAfrica/Angola,root/Sub-SaharanAfrica,430000.0,450000.0,810000.0,460000.0,600000.0,700000.0,790000.0,510000.0,760000.0,740000.0,1060000.0,1300000.0
root/Sub-SaharanAfrica/Benin,root/Sub-SaharanAfrica,100000.0,240000.0,170000.0,470000.0,490000.0,470000.0,600000.0,390000.0,380000.0,370000.0,480000.0,480000.0
root/Sub-SaharanAfrica/Botswana,root/Sub-SaharanAfrica,530000.0,690000.0,970000.0,470000.0,670000.0,650000.0,730000.0,740000.0,1070000.0,940000.0,900000.0,750000.0
root/Sub-SaharanAfrica/BurkinaFaso,root/Sub-SaharanAfrica,270000.0,280000.0,540000.0,280000.0,340000.0,600000.0,780000.0,670000.0,630000.0,610000.0,650000.0,630000.0
root/Sub-SaharanAfrica/Burundi,root/Sub-SaharanAfrica,380000.0,390000.0,340000.0,380000.0,440000.0,640000.0,1130000.0,440000.0,630000.0,510000.0,550000.0,490000.0
root/Sub-SaharanAfrica/CaboVerde,root/Sub-SaharanAfrica,0,100000.0,30000.0,0,0,0,80000.0,0,0,0,0,0
root/Sub-SaharanAfrica/Cameroon,root/Sub-SaharanAfrica,350000.0,440000.0,430000.0,570000.0,680000.0,540000.0,710000.0,720000.0,1370000.0,1010000.0,960000.0,730000.0
root/Sub-SaharanAfrica/CentralAfricanRepublic,root/Sub-SaharanAfrica,330000.0,240000.0,430000.0,600000.0,570000.0,420000.0,550000.0,480000.0,850000.0,900000.0,900000.0,640000.0
root/Sub-SaharanAfrica/Chad,root/Sub-SaharanAfrica,290000.0,80000.0,580000.0,160000.0,380000.0,630000.0,890000.0,720000.0,710000.0,630000.0,640000.0,560000.0
root/Sub-SaharanAfrica/Comoros,root/Sub-SaharanAfrica,50000.0,20000.0,140000.0,0,0,0,0,0,0,0,0,0
root/Sub-SaharanAfrica/CongoDemRep,root/Sub-SaharanAfrica,810000.0,480000.0,310000.0,700000.0,930000.0,0,1460000.0,910000.0,2110000.0,1880000.0,1640000.0,1740000.0
root/Sub-SaharanAfrica/CongoRep,root/Sub-SaharanAfrica,400000.0,740000.0,460000.0,460000.0,590000.0,1720000.0,720000.0,690000.0,730000.0,680000.0,650000.0,550000.0
root/Sub-SaharanAfrica/CotedIvoire,root/Sub-SaharanAfrica,330000.0,390000.0,620000.0,720000.0,790000.0,720000.0,950000.0,850000.0,810000.0,680000.0,1060000.0,800000.0
root/Sub-SaharanAfrica/EquatorialGuinea,root/Sub-SaharanAfrica,80000.0,30000.0,0,0,0,0,0,0,0,0,80000.0,250000.0
root/Sub-SaharanAfrica/Eritrea,root/Sub-SaharanAfrica,130000.0,180000.0,960000.0,280000.0,210000.0,350000.0,440000.0,330000.0,350000.0,40000.0,90000.0,60000.0
root/Sub-SaharanAfrica/Ethiopia,root/Sub-SaharanAfrica,750000.0,770000.0,2330000.0,1590000.0,1990000.0,1600000.0,1750000.0,1770000.0,1750000.0,1260000.0,880000.0,820000.0
root/Sub-SaharanAfrica/Gabon,root/Sub-SaharanAfrica,370000.0,160000.0,330000.0,490000.0,590000.0,480000.0,510000.0,540000.0,520000.0,480000.0,500000.0,470000.0
root/Sub-SaharanAfrica/GambiaThe,root/Sub-SaharanAfrica,0,90000.0,200000.0,170000.0,80000.0,210000.0,250000.0,140000.0,130000.0,30000.0,140000.0,80000.0
root/Sub-SaharanAfrica/Ghana,root/Sub-SaharanAfrica,550000.0,290000.0,660000.0,430000.0,640000.0,800000.0,940000.0,590000.0,730000.0,580000.0,840000.0,790000.0
root/Sub-SaharanAfrica/Guinea,root/Sub-SaharanAfrica,210000.0,100000.0,470000.0,520000.0,540000.0,560000.0,240000.0,510000.0,530000.0,490000.0,600000.0,390000.0
root/Sub-SaharanAfrica/GuineaBissau,root/Sub-SaharanAfrica,0,80000.0,30000.0,80000.0,100000.0,0,80000.0,30000.0,0,0,20000.0,10000.0
root/Sub-SaharanAfrica/Kenya,root/Sub-SaharanAfrica,310000.0,870000.0,1680000.0,650000.0,1050000.0,820000.0,1050000.0,1020000.0,1870000.0,1670000.0,1310000.0,1360000.0
root/Sub-SaharanAfrica/Lesotho,root/Sub-SaharanAfrica,510000.0,330000.0,710000.0,610000.0,860000.0,720000.0,1060000.0,890000.0,1070000.0,560000.0,570000.0,530000.0
root/Sub-SaharanAfrica/Liberia,root/Sub-SaharanAfrica,0,10000.0,180000.0,0,40000.0,330000.0,380000.0,510000.0,750000.0,710000.0,690000.0,610000.0
root/Sub-SaharanAfrica/Madagascar,root/Sub-SaharanAfrica,350000.0,210000.0,590000.0,530000.0,600000.0,560000.0,570000.0,620000.0,690000.0,560000.0,620000.0,540000.0
root/Sub-SaharanAfrica/Malawi,root/Sub-SaharanAfrica,1010000.0,580000.0,1020000.0,720000.0,840000.0,870000.0,1120000.0,1100000.0,1150000.0,880000.0,1170000.0,1020000.0
root/Sub-SaharanAfrica/Mali,root/Sub-SaharanAfrica,70000.0,280000.0,800000.0,560000.0,410000.0,600000.0,640000.0,410000.0,390000.0,510000.0,470000.0,420000.0
root/Sub-SaharanAfrica/Mauritania,root/Sub-SaharanAfrica,0,60000.0,190000.0,320000.0,210000.0,130000.0,110000.0,160000.0,210000.0,160000.0,150000.0,140000.0
root/Sub-SaharanAfrica/Mauritius,root/Sub-SaharanAfrica,0,20000.0,490000.0,0,0,0,0,0,0,0,0,0
root/Sub-SaharanAfrica/Mozambique,root/Sub-SaharanAfrica,660000.0,870000.0,1540000.0,640000.0,1170000.0,850000.0,750000.0,1140000.0,1270000.0,1120000.0,1280000.0,1200000.0
root/Sub-SaharanAfrica/Namibia,root/Sub-SaharanAfrica,290000.0,220000.0,960000.0,440000.0,770000.0,550000.0,1640000.0,840000.0,1050000.0,720000.0,640000.0,650000.0
root/Sub-SaharanAfrica/Niger,root/Sub-SaharanAfrica,0,330000.0,190000.0,260000.0,320000.0,450000.0,570000.0,430000.0,490000.0,370000.0,370000.0,390000.0
root/Sub-SaharanAfrica/Nigeria,root/Sub-SaharanAfrica,1130000.0,830000.0,1150000.0,1040000.0,830000.0,1830000.0,2130000.0,1780000.0,2590000.0,2220000.0,2640000.0,2390000.0
root/Sub-SaharanAfrica/Rwanda,root/Sub-SaharanAfrica,290000.0,140000.0,940000.0,530000.0,690000.0,820000.0,940000.0,810000.0,810000.0,840000.0,780000.0,690000.0
root/Sub-SaharanAfrica/SaoTomeandPrincipe,root/Sub-SaharanAfrica,70000.0,10000.0,90000.0,0,0,0,0,0,0,0,0,0
root/Sub-SaharanAfrica/Senegal,root/Sub-SaharanAfrica,150000.0,1100000.0,2800000.0,40000.0,200000.0,220000.0,300000.0,130000.0,230000.0,120000.0,140000.0,110000.0
root/Sub-SaharanAfrica/Seychelles,root/Sub-SaharanAfrica,0,20000.0,40000.0,0,0,0,0,0,0,0,0,0
root/Sub-SaharanAfrica/SierraLeone,root/Sub-SaharanAfrica,290000.0,260000.0,350000.0,560000.0,730000.0,700000.0,780000.0,460000.0,720000.0,660000.0,870000.0,640000.0
root/Sub-SaharanAfrica/Somalia,root/Sub-SaharanAfrica,350000.0,470000.0,590000.0,410000.0,460000.0,90000.0,110000.0,230000.0,260000.0,300000.0,370000.0,300000.0
root/Sub-SaharanAfrica/SouthAfrica,root/Sub-SaharanAfrica,770000.0,2670000.0,4090000.0,480000.0,680000.0,1490000.0,2960000.0,3430000.0,2650000.0,2020000.0,1790000.0,1740000.0
root/Sub-SaharanAfrica/SouthSudan,root/Sub-SaharanAfrica,0,0,0,0,0,0,20000.0,460000.0,1510000.0,1380000.0,1300000.0,880000.0
root/Sub-SaharanAfrica/Sudan,root/Sub-SaharanAfrica,420000.0,330000.0,1890000.0,760000.0,890000.0,930000.0,1110000.0,1040000.0,890000.0,610000.0,500000.0,420000.0
root/Sub-SaharanAfrica/Swaziland,root/Sub-SaharanAfrica,320000.0,260000.0,0,500000.0,1000000.0,680000.0,580000.0,550000.0,1180000.0,1110000.0,1020000.0,970000.0
root/Sub-SaharanAfrica/Tanzania,root/Sub-SaharanAfrica,660000.0,430000.0,1130000.0,540000.0,860000.0,720000.0,980000.0,1120000.0,990000.0,1360000.0,1020000.0,1160000.0
root/Sub-SaharanAfrica/Togo,root/Sub-SaharanAfrica,240000.0,200000.0,230000.0,300000.0,320000.0,430000.0,380000.0,350000.0,470000.0,370000.0,500000.0,440000.0
root/Sub-SaharanAfrica/Uganda,root/Sub-SaharanAfrica,520000.0,470000.0,990000.0,650000.0,1020000.0,1020000.0,1000000.0,960000.0,1530000.0,990000.0,1060000.0,750000.0
root/Sub-SaharanAfrica/Zambia,root/Sub-SaharanAfrica,780000.0,1230000.0,2010000.0,790000.0,870000.0,950000.0,1370000.0,1330000.0,1540000.0,1290000.0,1200000.0,1080000.0
root/Sub-SaharanAfrica/Zimbabwe,root/Sub-SaharanAfrica,280000.0,580000.0,970000.0,770000.0,1110000.0,900000.0,1340000.0,1140000.0,1410000.0,1480000.0,1580000.0,1200000.0
