root/EastAsia&PacificCambodia,root,0,0,0,0,0,0,0,0,0,0,0,0,0,0,0,0,0,0,1200000.0,47035000.0,55269000.0,170801000.0,273465000.0,379486000.0,502008000.0,582397000.0,702819000.0,820480000.0,938974000.0,1055578000.0,1167914000.0,1197357000.0,1226364000.0,1255542000.0,1284743000.0,1313735000.0,1340120000.0,0,0,0,0,0,5606000.0,6640000.0,0,0,0
root/EastAsia&PacificChina,root,0,0,0,0,0,0,0,0,0,0,0,0,0,0,0,0,0,0,0,0,0,0,0,0,0,0,0,0,0,0,0,0,0,0,0,0,0,0,0,0,0,0,0,0,347000.0,337000.0,335000.0
root/EastAsia&PacificFiji,root,0,0,0,0,0,0,0,0,0,484000.0,0,0,0,0,0,0,0,0,0,0,0,0,0,0,0,0,0,0,0,0,0,0,1000.0,1000.0,0,0,1999000.0,1525000.0,2171000.0,0,0,0,0,0,0,0,0
root/EastAsia&PacificIndonesia,root,58304000.0,34392000.0,34764000.0,200000.0,0,0,0,0,0,0,0,0,0,0,0,63143000.0,67331000.0,85402000.0,73893000.0,70533000.0,1296000.0,1240000.0,1155000.0,1135000.0,0,0,0,32000.0,2710229000.0,3000066000.0,3000000000.0,3000000000.0,3000000000.0,9403348000.0,10361500000.0,148100000.0,0,0,0,0,0,0,0,0,0,0,0
root/EastAsia&PacificLaoPDR,root,0,0,225000.0,273000.0,98000.0,553000.0,869000.0,1442000.0,2573000.0,3226000.0,4089000.0,3866000.0,3749000.0,3422000.0,3319000.0,4726000.0,6144000.0,8244000.0,490000.0,252000.0,860000.0,902000.0,400000.0,0,0,0,1495000.0,1575000.0,527000.0,742000.0,919000.0,17000.0,0,0,0,0,0,0,0,0,0,0,0,0,0,0,0
root/EastAsia&PacificMalaysia,root,0,0,0,0,0,0,0,0,0,0,0,0,0,0,0,0,4000.0,8000.0,13000.0,17000.0,22000.0,26000.0,28000.0,30000.0,0,0,0,0,0,0,0,0,0,0,0,0,0,0,0,0,0,0,0,0,0,0,0
root/EastAsia&PacificMongolia,root,0,0,0,0,0,0,0,0,0,0,0,0,0,0,0,0,0,0,0,0,0,0,6015000.0,17456000.0,16040000.0,3646000.0,4063000.0,7022000.0,11380000.0,28885000.0,17295000.0,14911000.0,15315000.0,15304000.0,27295000.0,20867000.0,24924000.0,25615000.0,26131000.0,9701000.0,10635000.0,10621000.0,15673000.0,13929000.0,0,0,0
root/EastAsia&PacificMyanmar,root,0,0,0,0,0,0,0,0,0,0,0,0,0,0,0,3710000.0,57683000.0,77518000.0,167316000.0,221762000.0,378749000.0,560484000.0,788743000.0,1044599000.0,1430802000.0,1358932000.0,1290545000.0,1350555000.0,1533395000.0,1805234000.0,1801638000.0,1934022000.0,2418962000.0,2934424000.0,3137571000.0,3130906000.0,3380069000.0,4046835000.0,4119415000.0,4439452000.0,4981112000.0,5093135000.0,4650547000.0,4222313000.0,3679507000.0,3898497000.0,3746259000.0
root/EastAsia&PacificPapuaNewGuinea,root,0,0,0,0,0,0,0,0,0,0,0,0,0,0,0,0,0,0,0,0,0,0,0,0,0,0,0,0,0,0,0,0,0,0,0,0,0,0,0,0,0,0,0,202000.0,724000.0,1812000.0,6344000.0
root/EastAsia&PacificPhilippines,root,0,0,0,0,0,0,117000.0,143000.0,177000.0,548000.0,494000.0,484000.0,711000.0,68784000.0,398038000.0,765479000.0,20977000.0,669557000.0,237412000.0,22610000.0,182112000.0,226555000.0,2494000.0,0,0,0,0,0,1289000.0,1289000.0,1289000.0,1289000.0,1289000.0,1289000.0,0,1392000.0,1839000.0,125000.0,597000.0,0,0,0,0,0,0,0,0
root/EastAsia&PacificSamoa,root,0,0,0,0,150000.0,0,0,0,0,0,0,241000.0,1186000.0,1648000.0,822000.0,1250000.0,0,0,39000.0,90000.0,0,0,0,227000.0,0,0,0,0,0,0,0,19000.0,47000.0,0,0,0,0,0,0,0,0,0,0,0,0,0,0
root/EastAsia&PacificSolomonIslands,root,0,0,0,0,0,0,0,0,0,0,0,0,0,0,0,0,0,0,0,0,188000.0,0,547000.0,0,1183000.0,11382000.0,2389000.0,4981000.0,4134000.0,4309000.0,3293000.0,4810000.0,5995000.0,7447000.0,8835000.0,11366000.0,13688000.0,12957000.0,9355000.0,8938000.0,9096000.0,14858000.0,0,0,0,0,0
root/EastAsia&PacificTonga,root,0,0,0,0,0,0,0,0,0,0,0,0,0,0,0,0,0,0,0,0,0,0,0,0,0,0,0,0,0,149000.0,430000.0,1421000.0,1505000.0,2078000.0,2038000.0,558000.0,1278000.0,800000.0,366000.0,732000.0,13000.0,38000.0,61000.0,2347000.0,818000.0,0,0
root/EastAsia&PacificVanuatu,root,0,0,0,0,0,0,0,0,0,0,0,0,0,0,0,0,0,0,0,0,0,0,0,0,0,0,0,0,0,0,0,0,0,0,406000.0,809000.0,520000.0,581000.0,550000.0,0,0,0,0,0,0,0,0
root/EastAsia&PacificVietnam,root,0,0,0,0,0,0,0,0,0,0,0,0,0,0,0,0,0,0,270900000.0,1798000000.0,2011145000.0,3848735000.0,5316439000.0,5324321000.0,7204598000.0,8915386000.0,10572888000.0,7359286000.0,8042803000.0,8595856000.0,1378227000.0,1377646000.0,1360681000.0,1362692000.0,1346921000.0,1346001000.0,0,0,0,0,0,0,0,0,0,314000.0,306000.0
root/Europe&CentralAsiaAlbania,root,0,0,0,0,0,0,0,0,0,0,0,0,0,0,0,0,0,0,0,0,0,1459000.0,23413000.0,15452000.0,25675000.0,27025000.0,33439000.0,33439000.0,33439000.0,33439000.0,270574000.0,270574000.0,15774000.0,15774000.0,15774000.0,15774000.0,15774000.0,16787000.0,790000.0,0,0,0,0,0,0,0,0
root/Europe&CentralAsiaArmenia,root,0,0,0,0,0,0,0,0,0,0,0,0,0,0,0,0,0,0,0,0,0,0,0,0,31162000.0,75437000.0,64034000.0,53189000.0,0,0,4412000.0,11578000.0,0,0,0,0,0,0,0,0,0,0,0,0,0,0,0
root/Europe&CentralAsiaAzerbaijan,root,0,0,0,0,0,0,0,0,0,0,0,0,0,0,0,0,0,0,0,0,0,0,0,0,20284000.0,35500000.0,35500000.0,0,0,0,0,0,0,0,0,0,0,0,0,0,0,0,0,0,0,0,0
root/Europe&CentralAsiaBelarus,root,0,0,0,0,0,0,0,0,0,0,0,0,0,0,0,0,0,0,0,0,0,0,0,0,134800000.0,139727000.0,11683000.0,1130000.0,9411000.0,23926000.0,28603000.0,9797000.0,995000.0,19109000.0,511000.0,36779000.0,22064000.0,9534000.0,3916000.0,18746000.0,6403000.0,11700000.0,8518000.0,8281000.0,10111000.0,9648000.0,7722000.0
root/Europe&CentralAsiaBosniaandHerzegovina,root,0,0,0,0,0,0,0,0,0,0,0,0,0,0,0,0,0,0,0,0,0,0,0,0,0,0,0,0,0,29662000.0,1742000.0,0,0,0,0,0,0,0,0,0,0,0,0,0,0,0,599000.0
root/Europe&CentralAsiaBulgaria,root,0,0,0,0,0,0,0,0,0,0,0,0,0,0,0,0,0,0,0,3057000.0,355884000.0,1436007000.0,4961749000.0,5881538000.0,276803000.0,226643000.0,95034000.0,329072000.0,88779000.0,164358000.0,5858000.0,14241000.0,11681000.0,0,7947000.0,0,0,0,0,0,0,0,0,127173000.0,252562000.0,266930000.0,431893000.0
root/Europe&CentralAsiaGeorgia,root,0,0,0,0,0,0,0,0,0,0,0,0,0,0,0,0,0,0,0,0,0,0,1123000.0,0,42978000.0,211124000.0,135108000.0,77295000.0,59035000.0,112748000.0,179461000.0,246744000.0,301949000.0,313529000.0,191055000.0,151254000.0,68856000.0,32427000.0,27985000.0,27985000.0,27985000.0,226240000.0,259692000.0,238385000.0,228292000.0,51560000.0,240396000.0
root/Europe&CentralAsiaKazakhstan,root,0,0,0,0,0,0,0,0,0,0,0,0,0,0,0,0,0,0,0,0,0,0,0,0,0,0,0,0,54722000.0,94856000.0,0,0,0,0,0,0,0,0,0,0,0,0,0,0,574421000.0,659000.0,20255000.0
root/Europe&CentralAsiaKyrgyzRepublic,root,0,0,0,0,0,0,0,0,0,0,0,0,0,0,0,0,0,0,0,0,0,0,0,776000.0,11592000.0,10973000.0,3131000.0,1094000.0,0,21398000.0,28012000.0,1973000.0,3886000.0,3001000.0,6575000.0,5672000.0,6020000.0,8680000.0,10948000.0,2115000.0,6730000.0,6491000.0,8358000.0,6466000.0,7421000.0,55000.0,54000.0
root/Europe&CentralAsiaMacedoniaFYR,root,0,0,0,0,0,0,0,0,0,0,0,0,0,0,0,0,0,0,0,0,0,0,0,349169000.0,359853000.0,215653000.0,85326000.0,9436000.0,5810000.0,7744000.0,19008000.0,28236000.0,27016000.0,34879000.0,43472000.0,36208000.0,48649000.0,107814000.0,118052000.0,106605000.0,156087000.0,168357000.0,212998000.0,357560000.0,236417000.0,285645000.0,289738000.0
root/Europe&CentralAsiaMoldova,root,0,0,0,0,0,0,0,0,0,0,0,0,0,0,0,0,0,0,0,0,0,0,0,5000000.0,17858000.0,41639000.0,265000.0,15238000.0,60629000.0,105181000.0,19183000.0,26922000.0,44312000.0,75474000.0,54374000.0,78290000.0,72414000.0,92169000.0,96684000.0,172507000.0,171669000.0,188921000.0,241815000.0,255400000.0,271732000.0,362744000.0,317364000.0
root/Europe&CentralAsiaRomania,root,0,0,0,0,0,0,0,0,0,0,0,0,0,0,0,0,0,0,0,0,0,0,0,0,0,0,0,2002000.0,44160000.0,42160000.0,16001000.0,22229000.0,28223000.0,25682000.0,39435000.0,36603000.0,260004000.0,255549000.0,237332000.0,799000.0,38130000.0,38128000.0,448902000.0,914319000.0,923677000.0,836000000.0,1463179000.0
root/Europe&CentralAsiaRussianFederation,root,0,0,0,0,0,0,0,0,0,0,0,0,0,0,0,0,0,0,0,0,0,0,6582568000.0,6966193000.0,13719255000.0,22434975000.0,25594577000.0,6515647000.0,6741237000.0,7485535000.0,7367706000.0,5455544000.0,4853044000.0,4056944000.0,2051750000.0,2064320000.0,506000000.0,38890000.0,114960000.0,0,0,0,0,0,0,0,0
root/Europe&CentralAsiaSerbia,root,723000.0,0,0,0,0,0,0,0,0,0,0,0,1682000.0,1257000.0,16973000.0,205778000.0,73987000.0,158916000.0,2538000.0,6743000.0,298430000.0,637093000.0,989257000.0,1965186000.0,4029742000.0,4182225000.0,3983144000.0,3960583000.0,4954620000.0,4889063000.0,5275188000.0,6160273000.0,2097457000.0,2340922000.0,804988000.0,805364000.0,731627000.0,1249905000.0,1624761000.0,1831500000.0,1975557000.0,1744664000.0,2082642000.0,1497897000.0,2311893000.0,2645703000.0,1709091000.0
root/Europe&CentralAsiaTajikistan,root,0,0,0,0,0,0,0,0,0,0,0,0,0,0,0,0,0,0,0,0,0,0,0,0,60260000.0,141878000.0,89649000.0,99523000.0,94728000.0,101708000.0,120637000.0,77230000.0,87299000.0,28346000.0,17447000.0,23175000.0,851000.0,0,0,0,363706000.0,299317000.0,2636000.0,197000.0,30000.0,0,0
root/Europe&CentralAsiaTurkey,root,0,0,0,0,0,0,0,209000.0,376000.0,76069000.0,22520000.0,22861000.0,18588000.0,17246000.0,14646000.0,0,0,0,0,0,0,0,0,0,0,0,0,0,0,0,0,0,0,0,0,0,0,0,0,0,0,0,0,0,0,0,0
root/Europe&CentralAsiaTurkmenistan,root,0,0,0,0,0,0,0,0,0,0,0,0,0,0,0,0,0,0,0,0,0,0,0,0,33672000.0,130245000.0,50212000.0,60106000.0,80567000.0,70055000.0,148087000.0,100617000.0,51656000.0,21093000.0,24218000.0,16933000.0,1375000.0,1658000.0,1658000.0,1658000.0,1658000.0,1658000.0,1658000.0,1658000.0,1658000.0,1658000.0,1658000.0
root/Europe&CentralAsiaUkraine,root,0,0,0,0,0,0,0,0,0,0,0,0,0,0,0,0,0,0,0,0,0,0,1990000.0,2100000.0,601865000.0,87620000.0,65776000.0,235387000.0,156379000.0,345142000.0,567377000.0,610828000.0,350670000.0,257107000.0,288187000.0,240060000.0,286339000.0,322052000.0,653298000.0,2650975000.0,4341706000.0,499272000.0,5727680000.0,183364000.0,7703730000.0,9756322000.0,14371381000.0
root/Europe&CentralAsiaUzbekistan,root,0,0,0,0,0,0,0,0,0,0,0,0,0,0,0,0,0,0,0,0,0,0,0,0,0,0,0,0,3647000.0,19451000.0,17074000.0,15630000.0,47237000.0,33857000.0,39460000.0,34664000.0,0,36890000.0,34397000.0,55728000.0,91949000.0,91949000.0,0,0,0,0,0
root/LatinAmerica&CaribbeanArgentina,root,0,0,0,0,0,0,0,0,0,0,0,0,0,1112662000.0,2395254000.0,128387000.0,3495130000.0,2096166000.0,1987677000.0,2363713000.0,4368312000.0,4982470000.0,5781724000.0,0,0,0,0,0,0,0,0,0,8338953000.0,16894745000.0,26744513000.0,12609428000.0,12165191000.0,16227432000.0,17919503000.0,19117720000.0,8499697000.0,12887809000.0,12608252000.0,12744640000.0,6871475000.0,7009893000.0,6590839000.0
root/LatinAmerica&CaribbeanBelize,root,0,0,0,0,0,0,0,0,0,0,0,30000.0,69000.0,2439000.0,4190000.0,225000.0,1798000.0,1695000.0,2533000.0,1965000.0,2005000.0,1172000.0,2224000.0,2788000.0,6052000.0,996000.0,569000.0,0,0,0,0,12000.0,1000000.0,0,0,1869000.0,409000.0,992000.0,658000.0,1251000.0,898000.0,451000.0,62000.0,515000.0,599000.0,218000.0,37000.0
root/LatinAmerica&CaribbeanBolivia,root,2967000.0,4909000.0,3751000.0,6120000.0,5160000.0,4967000.0,4967000.0,4967000.0,6334000.0,20917000.0,21698000.0,75339000.0,135696000.0,178049000.0,414744000.0,582307000.0,609736000.0,824573000.0,134717000.0,81519000.0,30835000.0,21524000.0,18124000.0,39341000.0,102656000.0,30016000.0,55508000.0,27720000.0,28049000.0,17979000.0,18892000.0,0,0,0,0,0,0,0,0,0,0,0,0,0,0,0,0
root/LatinAmerica&CaribbeanBrazil,root,2724000.0,20775000.0,34994000.0,40652000.0,39742000.0,46242000.0,60379000.0,128846000.0,280068000.0,350622000.0,432133000.0,434598000.0,413702000.0,409002000.0,606106000.0,570955000.0,764304000.0,1305673000.0,993850000.0,1519751000.0,3602530000.0,4706113000.0,3935544000.0,5102674000.0,3289759000.0,3928584000.0,2994707000.0,2933244000.0,1900561000.0,2080559000.0,1821354000.0,0,0,0,9000.0,9000.0,40000.0,56000.0,51000.0,4000.0,261000.0,299000.0,207000.0,15705000.0,1249000.0,0,0
root/LatinAmerica&CaribbeanColombia,root,0,0,0,0,0,0,0,0,0,0,178000.0,178000.0,1307000.0,4667000.0,8782000.0,10739000.0,2616000.0,6843000.0,436114000.0,335087000.0,409084000.0,253202000.0,144932000.0,190400000.0,178863000.0,177343000.0,9960000.0,8791000.0,9347000.0,7991000.0,7518000.0,6596000.0,194000.0,219000.0,0,0,0,0,0,0,0,0,0,0,0,0,0
root/LatinAmerica&CaribbeanCostaRica,root,0,2000.0,0,126000.0,0,0,0,588000.0,594000.0,6000.0,1887000.0,343652000.0,460736000.0,36633000.0,74217000.0,48668000.0,90932000.0,535189000.0,746485000.0,885224000.0,188428000.0,164377000.0,114513000.0,120511000.0,151616000.0,136506000.0,94789000.0,81266000.0,76774000.0,70782000.0,69445000.0,67332000.0,64383000.0,63883000.0,44000.0,0,0,99000.0,311000.0,306000.0,337000.0,338000.0,341000.0,345000.0,321000.0,0,0
root/LatinAmerica&CaribbeanDominica,root,0,0,0,0,0,0,0,0,0,0,0,134000.0,168000.0,4000.0,4000.0,0,0,53000.0,26000.0,19000.0,238000.0,107000.0,773000.0,187000.0,208000.0,1957000.0,3349000.0,473000.0,435000.0,370000.0,402000.0,302000.0,808000.0,2209000.0,1706000.0,3484000.0,2285000.0,3398000.0,2971000.0,2797000.0,3243000.0,2911000.0,2911000.0,6615000.0,6615000.0,6615000.0,2500000.0
root/LatinAmerica&CaribbeanDominicanRepublic,root,525000.0,2191000.0,3175000.0,1177000.0,1978000.0,2540000.0,6156000.0,12108000.0,13233000.0,4101000.0,12686000.0,17142000.0,28446000.0,33047000.0,175689000.0,298828000.0,87240000.0,192300000.0,275940000.0,360714000.0,613640000.0,408035000.0,478472000.0,592933000.0,301667000.0,320126000.0,291659000.0,273235000.0,285964000.0,316209000.0,56246000.0,48107000.0,81848000.0,118421000.0,77035000.0,143798000.0,32257000.0,13056000.0,14753000.0,14000.0,11000.0,0,0,0,1873000.0,1873000.0,1935000.0
root/LatinAmerica&CaribbeanEcuador,root,0,0,144000.0,0,0,0,0,0,0,0,490000.0,490000.0,490000.0,3607000.0,78252000.0,54333000.0,10121000.0,276479000.0,319960000.0,545745000.0,1096469000.0,1808922000.0,2207361000.0,2875037000.0,3428122000.0,9575000.0,178066000.0,250834000.0,279641000.0,569625000.0,6170000.0,6170000.0,6170000.0,4748000.0,5034000.0,4971000.0,359000.0,457000.0,591000.0,820000.0,520000.0,15769000.0,16287000.0,15889000.0,49000.0,44000.0,42000.0
root/LatinAmerica&CaribbeanElSalvador,root,0,0,0,0,0,0,0,0,0,72000.0,0,0,0,0,43638000.0,338000.0,3781000.0,7092000.0,11420000.0,32820000.0,6845000.0,11917000.0,20567000.0,5532000.0,3814000.0,5949000.0,7562000.0,13750000.0,4761000.0,212000.0,26000.0,0,0,0,0,0,0,0,0,0,0,0,0,0,0,0,0
root/LatinAmerica&CaribbeanGrenada,root,0,0,0,0,0,0,0,0,0,0,0,415000.0,415000.0,926000.0,1710000.0,3475000.0,4140000.0,6351000.0,8416000.0,12085000.0,17883000.0,19482000.0,20222000.0,20620000.0,21569000.0,21748000.0,22927000.0,8691000.0,8899000.0,10956000.0,11400000.0,9005000.0,7834000.0,6039000.0,7374000.0,9562000.0,10451000.0,13423000.0,21155000.0,26431000.0,27074000.0,29395000.0,41780000.0,42907000.0,44892000.0,44331000.0,36855000.0
root/LatinAmerica&CaribbeanGuatemala,root,0,0,0,0,0,0,0,0,0,0,0,0,0,250000.0,7148000.0,35837000.0,107927000.0,244311000.0,223586000.0,231870000.0,267968000.0,275968000.0,254421000.0,225996000.0,236797000.0,257690000.0,266436000.0,260417000.0,232297000.0,225293000.0,224063000.0,148801000.0,134499000.0,134269000.0,130990000.0,130990000.0,0,0,0,0,0,0,0,389000.0,0,0,0
root/LatinAmerica&CaribbeanGuyana,root,0,0,0,442000.0,1122000.0,1829000.0,15820000.0,21613000.0,33598000.0,57268000.0,60671000.0,69624000.0,108621000.0,134189000.0,151768000.0,184837000.0,225288000.0,326573000.0,357645000.0,324215000.0,183900000.0,157107000.0,90965000.0,93993000.0,100728000.0,114452000.0,112308000.0,107476000.0,96199000.0,65536000.0,65306000.0,59840000.0,63449000.0,63134000.0,70091000.0,65942000.0,75608000.0,75098000.0,74923000.0,77791000.0,81929000.0,82049000.0,81919000.0,81477000.0,49973000.0,49589000.0,49377000.0
root/LatinAmerica&CaribbeanHaiti,root,4320000.0,4320000.0,4326000.0,4052000.0,54000.0,2000000.0,0,0,0,0,0,0,1630000.0,4956000.0,8873000.0,18451000.0,28301000.0,30063000.0,37164000.0,31245000.0,42760000.0,44420000.0,60362000.0,106564000.0,125856000.0,2148000.0,2406000.0,2664000.0,1986000.0,2244000.0,2414000.0,8382000.0,16615000.0,38738000.0,55307000.0,21825000.0,27380000.0,0,0,0,403000.0,0,0,0,2961000.0,13463000.0,1159000.0
root/LatinAmerica&CaribbeanHonduras,root,0,0,0,0,0,0,0,250000.0,1001000.0,1636000.0,2471000.0,3105000.0,53220000.0,102097000.0,177914000.0,241434000.0,296983000.0,326833000.0,342032000.0,354792000.0,191320000.0,138585000.0,108644000.0,206528000.0,185382000.0,197480000.0,184716000.0,186290000.0,144402000.0,97514000.0,71295000.0,20880000.0,72765000.0,158601000.0,222583000.0,46512000.0,24234000.0,22103000.0,32463000.0,30067000.0,37017000.0,7936000.0,20335000.0,12614000.0,12662000.0,16281000.0,5974000.0
root/LatinAmerica&CaribbeanJamaica,root,8000.0,0,0,565000.0,0,357000.0,357000.0,0,0,54000.0,27307000.0,41098000.0,56979000.0,81213000.0,137097000.0,89256000.0,175211000.0,139220000.0,130545000.0,188034000.0,156965000.0,218039000.0,214342000.0,256569000.0,199342000.0,202931000.0,200238000.0,157784000.0,162786000.0,157779000.0,130769000.0,72698000.0,88195000.0,115430000.0,123005000.0,143190000.0,178620000.0,151143000.0,135846000.0,162831000.0,137434000.0,135538000.0,86406000.0,38077000.0,35654000.0,20647000.0,20590000.0
root/LatinAmerica&CaribbeanMexico,root,0,0,0,0,0,0,5000.0,0,451000.0,1756000.0,0,11327000.0,496029000.0,79945000.0,0,0,0,0,877000.0,4428000.0,0,0,0,0,0,0,0,0,0,0,0,0,0,0,0,0,0,0,0,0,0,0,0,0,0,0,0
root/LatinAmerica&CaribbeanNicaragua,root,0,0,0,87000.0,0,1031000.0,3856000.0,9939000.0,45688000.0,129473000.0,32260000.0,15174000.0,38278000.0,137190000.0,179851000.0,276170000.0,601694000.0,941534000.0,1363901000.0,1889425000.0,2472188000.0,2652227000.0,3207997000.0,3554622000.0,4372052000.0,3243026000.0,1005144000.0,774925000.0,1242628000.0,878211000.0,899562000.0,829054000.0,666288000.0,671849000.0,549517000.0,549742000.0,558182000.0,481757000.0,456508000.0,457546000.0,456220000.0,456661000.0,456677000.0,456956000.0,456494000.0,455971000.0,455390000.0
root/LatinAmerica&CaribbeanPanama,root,0,0,0,0,0,0,0,0,0,0,0,0,1544000.0,1032000.0,574000.0,4137000.0,11063000.0,463309000.0,1260636000.0,1722809000.0,2115773000.0,2275071000.0,1972326000.0,2163345000.0,2035136000.0,2128145000.0,191483000.0,167260000.0,108271000.0,895000.0,895000.0,789000.0,0,0,0,0,0,0,0,0,0,0,0,0,0,0,0
root/LatinAmerica&CaribbeanParaguay,root,1532000.0,1604000.0,1898000.0,1722000.0,1659000.0,1614000.0,1643000.0,2017000.0,4045000.0,2812000.0,1695000.0,1173000.0,4156000.0,7968000.0,13010000.0,36031000.0,75463000.0,126342000.0,135066000.0,226735000.0,320982000.0,332055000.0,101310000.0,95083000.0,76901000.0,59703000.0,53062000.0,61566000.0,68009000.0,56250000.0,55449000.0,39321000.0,48298000.0,60622000.0,8866000.0,7590000.0,7838000.0,7838000.0,7131000.0,7140000.0,7213000.0,7139000.0,7143000.0,7111000.0,0,0,0
root/LatinAmerica&CaribbeanPeru,root,0,0,0,0,0,0,0,0,0,0,0,2401000.0,61257000.0,181657000.0,812048000.0,1473973000.0,2799673000.0,4361526000.0,6026958000.0,6965371000.0,8374225000.0,5621969000.0,4722497000.0,4071040000.0,4131404000.0,4149571000.0,845749000.0,75407000.0,56744000.0,45091000.0,28837000.0,40652000.0,43509000.0,8666000.0,31071000.0,1903000.0,33379000.0,7857000.0,9713000.0,611000.0,611000.0,0,0,0,0,0,0
root/LatinAmerica&CaribbeanStLucia,root,0,0,0,0,0,0,0,0,0,0,0,0,0,0,0,0,0,13000.0,92000.0,59000.0,149000.0,162000.0,350000.0,516000.0,165000.0,0,0,0,0,0,0,0,0,0,1000.0,0,0,412000.0,0,2065000.0,3482000.0,1581000.0,768000.0,789000.0,789000.0,793000.0,1019000.0
root/LatinAmerica&CaribbeanStVincentandtheGrenadines,root,0,0,0,0,0,0,0,0,0,0,0,0,0,89000.0,184000.0,108000.0,126000.0,159000.0,18000.0,89000.0,119000.0,95000.0,38000.0,32000.0,72000.0,554000.0,921000.0,149000.0,156000.0,340000.0,897000.0,123000.0,693000.0,2456000.0,2980000.0,3048000.0,299000.0,287000.0,280000.0,810000.0,166000.0,161000.0,161000.0,19000.0,18000.0,17000.0,509000.0
root/LatinAmerica&CaribbeanVenezuelaRB,root,0,0,0,0,0,0,0,0,51036000.0,154302000.0,36775000.0,0,0,0,1355210000.0,2729785000.0,21819000.0,42385000.0,26504000.0,43801000.0,0,0,471979000.0,833868000.0,1247370000.0,1022498000.0,563521000.0,368268000.0,256171000.0,121129000.0,78918000.0,5374000.0,3734000.0,6793000.0,3092000.0,7806000.0,0,0,0,0,0,0,0,0,0,969000.0,969000.0
root/MiddleEast&NorthAfricaAlgeria,root,0,0,0,0,0,0,0,0,0,3486000.0,1699000.0,1699000.0,1699000.0,1699000.0,0,0,0,16000.0,16000.0,0,683000.0,340000.0,6229000.0,8803000.0,1337000.0,751000.0,0,0,0,0,0,0,1000.0,0,0,10000.0,0,0,0,0,0,0,0,0,0,0,0
root/MiddleEast&NorthAfricaDjibouti,root,0,0,0,0,0,0,0,0,0,0,0,0,0,0,428000.0,0,0,0,49000.0,320000.0,1235000.0,2579000.0,5455000.0,9264000.0,10666000.0,13068000.0,14639000.0,12564000.0,20488000.0,23521000.0,22659000.0,24716000.0,7459000.0,16778000.0,20315000.0,22213000.0,26771000.0,40393000.0,2235000.0,6877000.0,2181000.0,1846000.0,6967000.0,12731000.0,18386000.0,16518000.0,17830000.0
root/MiddleEast&NorthAfricaEgyptArabRep,root,82119000.0,57463000.0,77596000.0,23752000.0,15781000.0,16940000.0,36648000.0,44313000.0,17036000.0,29540000.0,73607000.0,175802000.0,350800000.0,661511000.0,1717971000.0,3347811000.0,6373262000.0,3849889000.0,5873509000.0,5119622000.0,3510309000.0,19276000.0,18558000.0,17573000.0,19261000.0,148378000.0,153694000.0,33914000.0,27660000.0,17164000.0,13511000.0,1274000.0,1256000.0,2523000.0,5821000.0,8378000.0,2064000.0,2304000.0,1724000.0,2254000.0,3000.0,0,0,3000.0,1000.0,1000.0,0
root/MiddleEast&NorthAfricaIranIslamicRep,root,0,0,0,0,0,0,0,0,0,0,887000.0,127879000.0,349688000.0,638899000.0,906538000.0,1179600000.0,1385524000.0,1495336000.0,1507231000.0,1512758000.0,1518900000.0,1494375000.0,37359000.0,36293000.0,47807000.0,49012000.0,33913000.0,38100000.0,33759000.0,32404000.0,0,0,0,0,0,0,0,0,0,0,0,39367000.0,26114000.0,0,0,0,93505000.0
root/MiddleEast&NorthAfricaJordan,root,280000.0,2295000.0,4270000.0,6925000.0,9219000.0,11134000.0,13522000.0,15299000.0,17964000.0,20710000.0,21643000.0,22951000.0,24113000.0,24142000.0,8077000.0,8836000.0,9728000.0,21029000.0,50960000.0,277591000.0,528897000.0,929362000.0,814773000.0,104710000.0,140338000.0,176804000.0,251409000.0,257756000.0,241052000.0,268021000.0,280656000.0,143958000.0,139369000.0,20046000.0,22538000.0,17121000.0,36274000.0,33930000.0,33930000.0,17137000.0,16877000.0,19370000.0,27427000.0,27427000.0,27427000.0,16877000.0,16877000.0
root/MiddleEast&NorthAfricaLebanon,root,0,0,0,0,0,0,0,0,0,0,0,0,7804000.0,15608000.0,23412000.0,31216000.0,39020000.0,52855000.0,75784000.0,101337000.0,131971000.0,140995000.0,55805000.0,54272000.0,48589000.0,40721000.0,0,0,0,0,0,0,0,0,0,0,0,0,0,0,0,0,0,0,0,0,0
root/MiddleEast&NorthAfricaMorocco,root,0,0,0,0,239000.0,236000.0,989000.0,225000.0,529000.0,263000.0,2911000.0,36402000.0,249000.0,25439000.0,46784000.0,451212000.0,791905000.0,1194107000.0,121510000.0,810405000.0,737909000.0,552122000.0,148290000.0,147185000.0,137020000.0,138312000.0,181671000.0,203479000.0,223234000.0,431656000.0,534805000.0,535210000.0,532929000.0,8376000.0,11812000.0,3363000.0,3620000.0,1816000.0,805000.0,0,0,5000.0,0,0,0,0,0
root/MiddleEast&NorthAfricaSyrianArabRepublic,root,0,0,0,0,0,0,0,0,0,0,0,0,0,0,0,0,0,0,0,0,0,0,0,0,0,5762381000.0,6665718000.0,7406938000.0,8157079000.0,8428617000.0,8844567000.0,9563812000.0,0,0,0,0,0,0,226367000.0,232726000.0,238435000.0,249736000.0,739316000.0,1259858000.0,1628263000.0,1904466000.0,2177729000.0
root/MiddleEast&NorthAfricaTunisia,root,2830000.0,4525000.0,4753000.0,5326000.0,5713000.0,5768000.0,5214000.0,5646000.0,6719000.0,6699000.0,6104000.0,4595000.0,4061000.0,6580000.0,3111000.0,15527000.0,19394000.0,5255000.0,0,741000.0,15060000.0,58864000.0,9880000.0,3115000.0,15493000.0,727000.0,0,0,0,0,0,0,0,0,0,0,0,0,0,0,0,0,0,5498000.0,2420000.0,270000.0,0
root/MiddleEast&NorthAfricaYemenRep,root,0,0,0,14919000.0,22586000.0,32785000.0,46063000.0,66010000.0,48637000.0,49300000.0,7201000.0,20463000.0,37549000.0,73739000.0,117778000.0,171370000.0,242274000.0,351526000.0,457168000.0,565469000.0,845418000.0,1075757000.0,1565269000.0,1922569000.0,2177082000.0,2408379000.0,2585308000.0,632111000.0,256599000.0,273967000.0,297145000.0,258694000.0,290910000.0,350928000.0,268733000.0,193325000.0,143494000.0,150736000.0,160206000.0,165380000.0,173280000.0,180374000.0,195065000.0,208693000.0,219406000.0,238071000.0,418495000.0
root/SouthAsiaAfghanistan,root,0,0,0,0,0,0,0,0,0,0,0,0,0,0,0,0,0,0,0,0,0,0,0,0,0,0,0,0,0,0,0,0,0,0,0,0,87047000.0,88515000.0,56477000.0,54185000.0,54075000.0,54173000.0,54049000.0,54007000.0,1029000.0,0,3794000.0
root/SouthAsiaBangladesh,root,0,0,0,0,987000.0,2000.0,13000.0,0,57000.0,125000.0,200000.0,214000.0,226000.0,244000.0,227000.0,1146000.0,2506000.0,8056000.0,8802000.0,9400000.0,11235000.0,10324000.0,11583000.0,10463000.0,18003000.0,13080000.0,3369000.0,3214000.0,3532000.0,4401000.0,4401000.0,57510000.0,74986000.0,4401000.0,0,817000.0,3346000.0,52826000.0,10570000.0,6979000.0,21856000.0,22417000.0,22586000.0,22999000.0,22961000.0,13604000.0,12728000.0
root/SouthAsiaBhutan,root,0,0,0,0,0,0,0,0,0,0,0,0,0,0,0,0,0,0,0,0,1457000.0,3049000.0,2897000.0,2135000.0,1330000.0,238000.0,0,0,0,0,0,0,0,0,0,4142000.0,0,0,0,0,0,0,0,0,0,0,0
root/SouthAsiaIndia,root,0,0,0,0,0,0,0,0,0,0,0,0,0,0,0,0,0,0,0,0,0,0,2950000.0,1100000.0,0,0,0,0,0,0,0,0,0,0,0,0,0,0,0,0,0,0,0,0,0,0,0
root/SouthAsiaMaldives,root,0,0,0,0,0,0,0,0,0,0,0,0,0,0,0,0,0,0,0,0,0,0,0,0,0,0,0,0,0,0,0,0,0,0,96000.0,0,0,0,8590000.0,8757000.0,2203000.0,5173000.0,3634000.0,10133000.0,6113000.0,1244000.0,903000.0
root/SouthAsiaNepal,root,0,0,0,0,0,0,0,0,0,0,0,0,0,0,0,0,934000.0,2303000.0,3064000.0,4280000.0,6076000.0,6176000.0,8392000.0,7061000.0,5945000.0,8092000.0,9930000.0,8594000.0,8629000.0,843000.0,120000.0,78000.0,0,0,0,0,0,0,0,0,0,0,0,0,0,0,0
root/SouthAsiaPakistan,root,0,0,0,0,0,0,0,0,0,0,0,0,0,0,0,0,0,3000.0,3000.0,18562000.0,15337000.0,9328000.0,0,0,0,0,0,0,576664000.0,0,0,0,0,0,0,0,0,0,0,0,0,0,0,0,0,0,0
root/SouthAsiaSriLanka,root,0,1849000.0,330000.0,196000.0,197000.0,18000.0,517000.0,309000.0,0,0,0,0,0,0,0,0,0,0,0,0,0,322000.0,3525000.0,7766000.0,10808000.0,42376000.0,162960000.0,178712000.0,221027000.0,254827000.0,216238000.0,186896000.0,202257000.0,0,0,0,0,0,0,2000.0,0,1000.0,0,9003000.0,52968000.0,66164000.0,160839000.0
root/Sub-SaharanAfricaAngola,root,0,0,0,0,0,0,0,0,0,0,0,0,0,0,0,0,0,0,0,274779000.0,494625000.0,1156552000.0,1952664000.0,3162896000.0,3765744000.0,4192108000.0,1625353000.0,1720375000.0,2392036000.0,2688299000.0,2852831000.0,3352988000.0,3413412000.0,3527427000.0,2178107000.0,1876695000.0,699885000.0,326533000.0,254108000.0,306231000.0,274281000.0,260738000.0,251984000.0,263571000.0,258096000.0,233421000.0,243453000.0
root/Sub-SaharanAfricaBenin,root,3460000.0,4774000.0,7301000.0,9703000.0,10686000.0,11439000.0,10459000.0,11393000.0,12937000.0,14197000.0,13497000.0,11036000.0,3703000.0,31611000.0,61014000.0,119916000.0,203608000.0,308336000.0,348185000.0,100352000.0,69189000.0,67804000.0,68407000.0,70406000.0,72287000.0,70900000.0,71750000.0,71430000.0,72910000.0,72938000.0,1673000.0,2230000.0,2788000.0,13346000.0,3903000.0,5958000.0,7635000.0,9211000.0,12521000.0,36291000.0,40853000.0,42671000.0,56751000.0,59451000.0,32130000.0,61033000.0,63500000.0
root/Sub-SaharanAfricaBotswana,root,0,0,0,0,0,0,0,0,0,151000.0,0,0,0,0,0,0,0,750000.0,427000.0,307000.0,2708000.0,3707000.0,7722000.0,7432000.0,12588000.0,8954000.0,91000.0,75000.0,1156000.0,1128000.0,1048000.0,0,0,0,16000.0,0,0,0,18000.0,0,0,0,0,0,0,0,0
root/Sub-SaharanAfricaBurkinaFaso,root,0,0,0,0,0,0,0,0,0,53000.0,246000.0,235000.0,1136000.0,506000.0,3246000.0,10549000.0,25350000.0,41646000.0,45192000.0,51949000.0,64174000.0,25147000.0,28119000.0,35168000.0,35911000.0,37428000.0,38231000.0,33217000.0,39197000.0,38525000.0,41681000.0,37926000.0,36769000.0,34179000.0,33182000.0,36431000.0,38865000.0,36672000.0,33866000.0,33898000.0,32904000.0,34231000.0,34338000.0,35175000.0,35097000.0,37058000.0,82003000.0
root/Sub-SaharanAfricaBurundi,root,0,51407.7,156152.5,307066.0,0,0,0,0,0,0,0,0,2600500.0,5048200.0,5365350.0,6733340.8,8765214.6,10654205.9,874864.8,748854.2,125701.0,64285.7,5709646.6,12192034.1,11684164.0,2956262.9,14890218.0,26918621.3,43777002.3,63013952.1,82140197.6,79203791.3,95625405.8,113903417.5,68382214.9,75167315.8,76279441.7,58386695.3,58527856.1,13927677.4,9513412.4,4137759.7,4127000.0,5377000.0,4375000.0,4375000.0,4375000.0
root/Sub-SaharanAfricaCaboVerde,root,0,0,0,0,0,0,0,0,0,0,0,0,7000.0,15000.0,93000.0,360000.0,1461000.0,3014000.0,4977000.0,7652000.0,11104000.0,10383000.0,10539000.0,14237000.0,15925000.0,19642000.0,21056000.0,17788000.0,13497000.0,22377000.0,32168000.0,24502000.0,19410000.0,7730000.0,2562000.0,3156000.0,2436000.0,2436000.0,2436000.0,2436000.0,2436000.0,2436000.0,2436000.0,2436000.0,2436000.0,2436000.0,2436000.0
root/Sub-SaharanAfricaCameroon,root,0,0,0,0,1769000.0,958000.0,0,905000.0,727000.0,2451000.0,6885000.0,14373000.0,19677000.0,14732000.0,25146000.0,26777000.0,146042000.0,212858000.0,291469000.0,90786000.0,309204000.0,528544000.0,361971000.0,535704000.0,410126000.0,473794000.0,635303000.0,369602000.0,227876000.0,212440000.0,321643000.0,129194000.0,157211000.0,58574000.0,80041000.0,51088000.0,89795000.0,877000.0,18573000.0,61444000.0,69230000.0,0,38981000.0,118718000.0,26199000.0,2697000.0,170000.0
root/Sub-SaharanAfricaCentralAfricanRepublic,root,304579.1,1164804.1,2321535.6,4151387.1,6444031.4,11263085.9,17678967.3,23155259.8,23505391.5,28022780.6,43547902.0,21057189.1,26278890.4,18907175.8,6275448.4,2491563.6,2525798.3,7555837.3,8336873.6,13752199.9,23188487.5,35668888.0,50741146.9,70938280.6,58115868.4,74222223.0,84957938.4,94886974.4,96001867.0,85770678.8,97670777.7,97336466.8,136128986.8,176592797.5,203095875.7,227122651.9,218703066.1,183496323.0,171144382.0,168602349.7,150422765.7,111658520.5,100380972.5,108773552.6,111421791.7,124822356.9,139944175.3
root/Sub-SaharanAfricaChad,root,1613000.0,1752000.0,2621000.0,4538000.0,6082000.0,7638000.0,9300000.0,13157000.0,19087000.0,27078000.0,31242000.0,28268000.0,25660000.0,26364000.0,24980000.0,42418000.0,50895000.0,65542000.0,59700000.0,19442000.0,16334000.0,21207000.0,26820000.0,28045000.0,33718000.0,36024000.0,37973000.0,32413000.0,41566000.0,46269000.0,52448000.0,44703000.0,51353000.0,47935000.0,26749000.0,25674000.0,24388000.0,21607000.0,29815000.0,30234000.0,40313000.0,39149000.0,44632000.0,44563000.0,38442000.0,39082000.0,38373000.0
root/Sub-SaharanAfricaComoros,root,0,0,0,0,0,0,5000.0,263000.0,1121000.0,1900000.0,0,0,179000.0,240000.0,626000.0,1723000.0,4415000.0,9407000.0,14322000.0,19456000.0,25478000.0,17298000.0,19396000.0,18783000.0,18457000.0,26667000.0,32494000.0,36355000.0,40240000.0,44088000.0,59388000.0,62237000.0,65757000.0,65940000.0,76458000.0,72335000.0,76440000.0,35544000.0,22586000.0,21163000.0,16559000.0,16724000.0,14310000.0,4056000.0,4099000.0,4933000.0,5981000.0
root/Sub-SaharanAfricaCongoDemRep,root,0,0,0,150000.0,2860000.0,65831000.0,94964000.0,284024000.0,501735000.0,390016000.0,36452000.0,127079000.0,429023000.0,195860000.0,182964000.0,218029000.0,346494000.0,471133000.0,873479000.0,726295000.0,1050069000.0,1763813000.0,2090187000.0,2451355000.0,3082410000.0,4568970000.0,4686072000.0,4662017000.0,5145310000.0,4893583000.0,4949208000.0,5279476000.0,720944000.0,895477000.0,919980000.0,1176753000.0,1244536000.0,1511290000.0,1661805000.0,2227467000.0,679859000.0,122797000.0,147332000.0,151663000.0,121985000.0,118472000.0,145137000.0
root/Sub-SaharanAfricaCongoRep,root,1234000.0,3282000.0,6081000.0,9471000.0,10842000.0,13095000.0,20119000.0,29419000.0,38176000.0,20704000.0,10388000.0,10525000.0,32294000.0,47494000.0,61730000.0,152354000.0,144306000.0,256233000.0,446809000.0,672304000.0,569057000.0,742812000.0,1007417000.0,1223301000.0,745735000.0,963329000.0,941935000.0,1157706000.0,1424824000.0,1580150000.0,1772287000.0,1943573000.0,2246236000.0,2632228000.0,2736180000.0,2579042000.0,2640664000.0,798274000.0,888680000.0,342828000.0,204400000.0,167113000.0,169813000.0,178782000.0,169303000.0,162092000.0,224301000.0
root/Sub-SaharanAfricaCotedIvoire,root,0,0,0,0,123000.0,178000.0,161000.0,0,33000.0,0,188000.0,7598000.0,3208000.0,107729000.0,176794000.0,55697000.0,138129000.0,283571000.0,760630000.0,1458381000.0,1726624000.0,2057619000.0,2351449000.0,2631509000.0,2505377000.0,2684136000.0,2550607000.0,146746000.0,48918000.0,44517000.0,168900000.0,465973000.0,270411000.0,374500000.0,1318868000.0,1647473000.0,2280525000.0,2805031000.0,2526458000.0,181332000.0,5963000.0,4780000.0,2226000.0,10651000.0,15362000.0,19256000.0,0
root/Sub-SaharanAfricaEritrea,root,0,0,0,0,0,0,0,0,0,0,0,0,0,0,0,0,0,0,0,0,0,0,0,0,0,0,0,0,0,0,4865000.0,3222000.0,7014000.0,13849000.0,28043000.0,13908000.0,21363000.0,18409000.0,8482000.0,12904000.0,20582000.0,25609000.0,36926000.0,46456000.0,54393000.0,62031000.0,70120000.0
root/Sub-SaharanAfricaEthiopia,root,103000.0,0,26000.0,40000.0,109000.0,214000.0,671000.0,862000.0,532000.0,1041000.0,610000.0,657000.0,485000.0,481000.0,560000.0,1075000.0,848000.0,50549000.0,14085000.0,52764000.0,236219000.0,921669000.0,1521392000.0,2105401000.0,2811205000.0,3630073000.0,4302468000.0,4759023000.0,5195528000.0,639146000.0,652265000.0,597364000.0,587974000.0,567200000.0,511048000.0,508437000.0,373350000.0,373091000.0,372673000.0,372725000.0,363647000.0,363448000.0,348555000.0,355172000.0,355115000.0,354916000.0,354890000.0
root/Sub-SaharanAfricaGabon,root,0,0,0,0,0,183000.0,49000.0,0,0,0,0,1415000.0,5077000.0,300000.0,0,285000.0,53128000.0,990000.0,1523000.0,28493000.0,81644000.0,260834000.0,423411000.0,649805000.0,109707000.0,26146000.0,0,0,84646000.0,112431000.0,118411000.0,21865000.0,48321000.0,398496000.0,217706000.0,341335000.0,767036000.0,645689000.0,27721000.0,9436000.0,8182000.0,9201000.0,9674000.0,0,0,9692000.0,78630000.0
root/Sub-SaharanAfricaGambiaThe,root,0,0,0,0,0,0,0,0,0,0,0,106000.0,801000.0,2973000.0,6764000.0,11077000.0,10007000.0,9266000.0,7193000.0,6941000.0,850000.0,1648000.0,1624000.0,3904000.0,5739000.0,2178000.0,1860000.0,920000.0,684000.0,1381000.0,2105000.0,4097000.0,8032000.0,14908000.0,18610000.0,19303000.0,21799000.0,14998000.0,13878000.0,18537000.0,22234000.0,18804000.0,26753000.0,23406000.0,14228000.0,6888000.0,5551000.0
root/Sub-SaharanAfricaGhana,root,25184000.0,29402000.0,59845000.0,87040000.0,69293000.0,49155000.0,31041000.0,31081000.0,17833000.0,20876000.0,4505000.0,8106000.0,10212000.0,10072000.0,18027000.0,28777000.0,36483000.0,54257000.0,54896000.0,73639000.0,77224000.0,76185000.0,80558000.0,104802000.0,92740000.0,89442000.0,27276000.0,13734000.0,63405000.0,87589000.0,84413000.0,44211000.0,62320000.0,89546000.0,47180000.0,18367000.0,40070000.0,19091000.0,15360000.0,27349000.0,54280000.0,99462000.0,166351000.0,237397000.0,176783000.0,404583000.0,440498000.0
root/Sub-SaharanAfricaGuinea,root,16735000.0,33117000.0,50592000.0,78412000.0,109216000.0,134925000.0,145609000.0,170558000.0,207523000.0,215256000.0,105209000.0,129936000.0,156000000.0,166764000.0,159465000.0,205388000.0,153176000.0,172421000.0,225741000.0,193857000.0,190099000.0,226619000.0,222066000.0,343289000.0,462409000.0,371174000.0,431099000.0,461348000.0,455632000.0,282484000.0,318566000.0,292891000.0,296339000.0,299847000.0,304024000.0,307215000.0,312564000.0,272278000.0,136536000.0,139272000.0,208265000.0,170105000.0,130661000.0,130311000.0,129772000.0,120713000.0,120009000.0
root/Sub-SaharanAfricaGuineaBissau,root,0,0,0,0,0,0,0,0,194000.0,1647000.0,4474000.0,13843000.0,25192000.0,29179000.0,23412000.0,31273000.0,37763000.0,39812000.0,32967000.0,73677000.0,113182000.0,132138000.0,168075000.0,195697000.0,230103000.0,250839000.0,158589000.0,162270000.0,180197000.0,202147000.0,218978000.0,206464000.0,237639000.0,270124000.0,275562000.0,256258000.0,251667000.0,245483000.0,269962000.0,317931000.0,255117000.0,101073000.0,100826000.0,101104000.0,100115000.0,99280000.0,99066000.0
root/Sub-SaharanAfricaKenya,root,262000.0,0,0,0,0,48000.0,624000.0,1142000.0,1713000.0,2284000.0,3283000.0,3797000.0,4000000.0,4000000.0,4000000.0,4053000.0,6215000.0,12557000.0,25572000.0,49416000.0,71813000.0,155003000.0,263240000.0,409800000.0,9268000.0,6082000.0,14791000.0,56674000.0,105728000.0,177821000.0,141872000.0,136978000.0,135710000.0,26681000.0,40459000.0,141385000.0,333929000.0,307978000.0,271095000.0,275748000.0,242278000.0,264178000.0,187562000.0,190548000.0,174304000.0,165113000.0,204305000.0
root/Sub-SaharanAfricaLesotho,root,0,0,0,0,0,0,0,0,0,0,0,0,0,0,0,170000.0,44000.0,38000.0,41000.0,33000.0,3639000.0,3419000.0,4816000.0,6180000.0,2103000.0,0,0,0,0,0,0,0,0,0,0,0,0,0,0,0,0,0,0,63000.0,0,67000.0,250000.0
root/Sub-SaharanAfricaLiberia,root,0,0,0,46000.0,45000.0,0,0,0,922000.0,1501000.0,2967000.0,13417000.0,16367000.0,54350000.0,77298000.0,126497000.0,269373000.0,532370000.0,500390000.0,594989000.0,722082000.0,781111000.0,797817000.0,823209000.0,923458000.0,961297000.0,956071000.0,940728000.0,991326000.0,999654000.0,1126667000.0,1251097000.0,1210869000.0,1310426000.0,1370404000.0,1306954000.0,1385049000.0,1289001000.0,424839000.0,252441000.0,80515000.0,80548000.0,80446000.0,80658000.0,78596000.0,78596000.0,78596000.0
root/Sub-SaharanAfricaMadagascar,root,0,0,68000.0,68000.0,402000.0,462000.0,402000.0,567000.0,762000.0,1796000.0,10883000.0,47986000.0,116693000.0,180946000.0,44836000.0,55084000.0,129198000.0,145929000.0,201723000.0,189471000.0,265607000.0,384224000.0,586887000.0,742856000.0,975904000.0,1197401000.0,1263327000.0,599834000.0,603860000.0,613519000.0,666232000.0,617911000.0,596524000.0,604596000.0,228104000.0,218089000.0,222967000.0,195278000.0,196456000.0,195571000.0,195005000.0,194948000.0,262934000.0,217116000.0,174078000.0,145727000.0,122695000.0
root/Sub-SaharanAfricaMalawi,root,0,0,0,0,0,0,0,0,0,0,1384000.0,378000.0,12045000.0,0,0,872000.0,1052000.0,22596000.0,12384000.0,18059000.0,19193000.0,3716000.0,3234000.0,6503000.0,13614000.0,7208000.0,15295000.0,16609000.0,37569000.0,47661000.0,72436000.0,31391000.0,37172000.0,41163000.0,1728000.0,13268000.0,0,0,0,0,0,0,0,4840000.0,703000.0,333000.0,619000.0
root/Sub-SaharanAfricaMali,root,9755000.0,14095000.0,18938000.0,26128000.0,33642000.0,38319000.0,58638000.0,84522000.0,115197000.0,140586000.0,75140000.0,5962000.0,9337000.0,14296000.0,81682000.0,90662000.0,44422000.0,62167000.0,12780000.0,4428000.0,62950000.0,168211000.0,266121000.0,209267000.0,273007000.0,341962000.0,414970000.0,632243000.0,549586000.0,545318000.0,540912000.0,508079000.0,72695000.0,76500000.0,90589000.0,80228000.0,90804000.0,27070000.0,35896000.0,3565000.0,760000.0,46149000.0,77797000.0,81823000.0,91427000.0,117904000.0,103378000.0
root/Sub-SaharanAfricaMauritania,root,0,10000.0,190000.0,513000.0,154000.0,540000.0,319000.0,2351000.0,24845000.0,17254000.0,44239000.0,21809000.0,22713000.0,34802000.0,60424000.0,39654000.0,73966000.0,78254000.0,98000000.0,106486000.0,141503000.0,223175000.0,288069000.0,198763000.0,192302000.0,174168000.0,175700000.0,194373000.0,361591000.0,405245000.0,337172000.0,285625000.0,311256000.0,253509000.0,212923000.0,212948000.0,207451000.0,214113000.0,251092000.0,211954000.0,134123000.0,134459000.0,134082000.0,132440000.0,130946000.0,129563000.0,129258000.0
root/Sub-SaharanAfricaMauritius,root,0,30000.0,73000.0,0,0,0,0,293000.0,313000.0,674000.0,2132000.0,2993000.0,0,0,140000.0,0,0,0,8000.0,48000.0,5303000.0,6727000.0,8039000.0,10537000.0,977000.0,7000.0,0,0,0,0,0,0,0,0,0,0,0,0,0,0,0,16000.0,2878000.0,3996000.0,5683000.0,6446000.0,4241000.0
root/Sub-SaharanAfricaMozambique,root,0,0,0,0,0,0,0,0,0,0,0,0,0,0,27311000.0,206871000.0,392107000.0,428552000.0,594430000.0,741919000.0,676817000.0,697717000.0,631467000.0,731869000.0,836355000.0,1038577000.0,1069524000.0,1129049000.0,1211542000.0,416141000.0,703891000.0,447790000.0,448306000.0,441700000.0,551862000.0,464243000.0,470771000.0,418143000.0,429641000.0,440392000.0,331832000.0,140934000.0,140379000.0,272735000.0,185878000.0,219056000.0,257717000.0
root/Sub-SaharanAfricaNiger,root,0,101000.0,175000.0,181000.0,171000.0,427000.0,226000.0,152000.0,352000.0,994000.0,1315000.0,1781000.0,541000.0,3953000.0,1511000.0,7586000.0,5045000.0,8853000.0,16828000.0,43514000.0,79724000.0,40694000.0,87149000.0,102673000.0,39572000.0,74274000.0,56470000.0,58627000.0,62253000.0,87762000.0,96725000.0,77852000.0,70586000.0,46389000.0,13256000.0,51784000.0,45447000.0,49152000.0,60146000.0,54867000.0,79725000.0,71183000.0,91697000.0,90750000.0,92962000.0,67901000.0,127426000.0
root/Sub-SaharanAfricaNigeria,root,1554000.0,0,7780000.0,6333000.0,5267000.0,3284000.0,2080000.0,166000.0,0,30000.0,232000.0,1312000.0,6424000.0,8304000.0,25420000.0,162035000.0,515683000.0,55608000.0,2956242000.0,312785000.0,1091242000.0,531110000.0,1840495000.0,3866230000.0,5814339000.0,8102433000.0,9297856000.0,10151354000.0,12103195000.0,12902527000.0,117398000.0,116007000.0,956591000.0,1360187000.0,1899314000.0,2799000.0,0,0,0,0,0,0,0,0,0,0,0
root/Sub-SaharanAfricaRwanda,root,0,0,0,0,0,0,40000.0,0,0,0,0,0,0,0,462000.0,0,538000.0,3021000.0,6515000.0,5926000.0,8250000.0,10342000.0,15652000.0,24394000.0,40677000.0,45906000.0,55759000.0,67771000.0,61004000.0,66929000.0,73076000.0,71798000.0,75858000.0,78394000.0,78616000.0,73273000.0,69264000.0,62971000.0,4257000.0,2676000.0,2094000.0,322000.0,323000.0,322000.0,304000.0,290000.0,282000.0
root/Sub-SaharanAfricaSaoTomeandPrincipe,root,0,0,0,0,0,0,0,0,0,0,0,0,0,0,297000.0,2214000.0,5138000.0,6922000.0,9873000.0,14937000.0,21405000.0,26849000.0,28784000.0,34081000.0,39089000.0,27222000.0,22543000.0,20447000.0,29161000.0,65931000.0,47681000.0,47325000.0,45419000.0,49079000.0,53358000.0,55780000.0,69573000.0,71616000.0,66032000.0,63878000.0,67729000.0,69726000.0,66257000.0,67135000.0,69663000.0,69365000.0,72419000.0
root/Sub-SaharanAfricaSenegal,root,0,25000.0,4000.0,162000.0,98000.0,25000.0,0,0,0,0,0,152000.0,163000.0,266000.0,16404000.0,6480000.0,4608000.0,3691000.0,2190000.0,6910000.0,0,29434000.0,91759000.0,201331000.0,220485000.0,51488000.0,1535000.0,966000.0,600000.0,1502000.0,17355000.0,13814000.0,12620000.0,9830000.0,12547000.0,9706000.0,18155000.0,15398000.0,4733000.0,4557000.0,4227000.0,0,0,0,0,1172000.0,70000.0
root/Sub-SaharanAfricaSierraLeone,root,26000.0,84000.0,85000.0,93000.0,614000.0,3615000.0,15053000.0,11029000.0,4965000.0,18461000.0,17322000.0,17103000.0,30335000.0,38419000.0,36486000.0,54839000.0,59153000.0,90080000.0,174884000.0,512198000.0,546884000.0,571601000.0,436334000.0,423249000.0,336619000.0,105684000.0,109584000.0,110177000.0,123196000.0,137163000.0,67849000.0,33143000.0,28419000.0,43366000.0,27919000.0,248655000.0,253191000.0,220049000.0,219718000.0,219515000.0,219515000.0,216415000.0,218015000.0,203855000.0,203855000.0,201855000.0,201855000.0
root/Sub-SaharanAfricaSomalia,root,0,0,0,0,500000.0,1227000.0,2519000.0,5257000.0,7730000.0,12602000.0,13464000.0,42298000.0,78807000.0,142609000.0,201492000.0,149906000.0,246143000.0,312442000.0,428432000.0,515269000.0,674315000.0,784644000.0,843059000.0,930144000.0,1032453000.0,1134764000.0,1166710000.0,1179719000.0,1226579000.0,1231517000.0,1240971000.0,1295324000.0,1370054000.0,1451195000.0,1483334000.0,1460290000.0,1522858000.0,1597350000.0,1627849000.0,1665087000.0,1700290000.0,1732741000.0,1757405000.0,1780252000.0,1739124000.0,1720437000.0,1710742000.0
root/Sub-SaharanAfricaSudan,root,0,0,0,0,0,174000.0,12477000.0,137652000.0,157413000.0,122542000.0,551197000.0,602829000.0,1015483000.0,745778000.0,941813000.0,1450460000.0,1801640000.0,2611040000.0,3284119000.0,4762723000.0,5703452000.0,6298014000.0,6416745000.0,6598835000.0,7154990000.0,7636908000.0,7466826000.0,7320610000.0,7607914000.0,7414429000.0,7290184000.0,6810919000.0,7342483000.0,7816602000.0,8140598000.0,7752943000.0,8116570000.0,8376608000.0,8246921000.0,8371373000.0,8501580000.0,9722931000.0,10661290000.0,11389011000.0,11200182000.0,10655225000.0,10628362000.0
root/Sub-SaharanAfricaSwaziland,root,0,0,0,0,0,0,0,0,3000.0,0,0,0,0,0,0,0,70000.0,12000.0,129000.0,45000.0,201000.0,1861000.0,3833000.0,3713000.0,3779000.0,4021000.0,1236000.0,1126000.0,1189000.0,341000.0,221000.0,247000.0,1910000.0,5202000.0,639000.0,7244000.0,8565000.0,5378000.0,10519000.0,19287000.0,25033000.0,30212000.0,25762000.0,30144000.0,31470000.0,38889000.0,45113000.0
root/Sub-SaharanAfricaTanzania,root,0,2261000.0,4160000.0,6998000.0,10079000.0,14369000.0,91940000.0,206241000.0,366731000.0,404173000.0,593182000.0,665312000.0,740424000.0,879935000.0,979292000.0,1466520000.0,393239000.0,514977000.0,582919000.0,711417000.0,825651000.0,960863000.0,1009691000.0,1112066000.0,1264500000.0,1494080000.0,1598805000.0,1098939000.0,1081265000.0,1221438000.0,695425000.0,560988000.0,621745000.0,677619000.0,711246000.0,654910000.0,405395000.0,430234000.0,497238000.0,522718000.0,492130000.0,524855000.0,523832000.0,501529000.0,494002000.0,552843000.0,547708000.0
root/Sub-SaharanAfricaTogo,root,108000.0,1845000.0,1881000.0,2228000.0,503000.0,494000.0,4628000.0,7887000.0,32344000.0,19326000.0,33512000.0,55138000.0,104605000.0,47860000.0,0,271000.0,8626000.0,92971000.0,4365000.0,1554000.0,3333000.0,5188000.0,20349000.0,54018000.0,112278000.0,63683000.0,58923000.0,1647000.0,13495000.0,34955000.0,64141000.0,92100000.0,152430000.0,218010000.0,311682000.0,309614000.0,366019000.0,430697000.0,46701000.0,42920000.0,29432000.0,10555000.0,14848000.0,7220000.0,6738000.0,7287000.0,4491000.0
root/Sub-SaharanAfricaUganda,root,38000.0,43000.0,254000.0,370000.0,669000.0,3077000.0,10405000.0,12019000.0,31516000.0,52897000.0,81805000.0,28677000.0,30756000.0,29470000.0,33931000.0,42016000.0,62565000.0,66938000.0,101869000.0,140636000.0,224748000.0,311926000.0,280850000.0,210136000.0,221515000.0,225938000.0,220672000.0,228367000.0,227654000.0,109471000.0,123873000.0,186903000.0,206767000.0,197822000.0,203572000.0,75316000.0,63752000.0,53181000.0,50847000.0,50803000.0,50741000.0,50730000.0,50734000.0,47282000.0,44158000.0,44158000.0,44158000.0
root/Sub-SaharanAfricaZambia,root,0,0,0,0,0,1584000.0,1687000.0,1632000.0,10493000.0,27771000.0,32996000.0,45726000.0,122927000.0,190283000.0,151259000.0,432429000.0,301573000.0,791642000.0,1165535000.0,1456989000.0,1492818000.0,1435542000.0,1423747000.0,1400559000.0,1141345000.0,772066000.0,718150000.0,745876000.0,755372000.0,150457000.0,136897000.0,342013000.0,488275000.0,538007000.0,741789000.0,339760000.0,313794000.0,315714000.0,318848000.0,319796000.0,323374000.0,328403000.0,328706000.0,330995000.0,331690000.0,334175000.0,337842000.0
root/Sub-SaharanAfricaZimbabwe,root,66619000.0,5979000.0,6255000.0,0,0,0,0,0,50993000.0,0,0,0,0,0,0,113000.0,288000.0,9650000.0,0,832000.0,0,0,3157000.0,4346000.0,16157000.0,20754000.0,1076000.0,4559000.0,10524000.0,10174000.0,168596000.0,499952000.0,927211000.0,1342574000.0,1608548000.0,1514411000.0,1782504000.0,2089607000.0,2199974000.0,2424076000.0,2495378000.0,2616272000.0,2700680000.0,2851332000.0,2639782000.0,2552178000.0,2500144000.0
