root/EastAsia&Pacific,root,424693000.0,338801000.0,550934000.0,558380000.0,543148000.0,508503000.0,724148000.0,904667000.0,932081000.0,1106134000.0,1099719000.0,2079941000.0,1788267000.0,2160348000.0,2757684000.0,1337623000.0,1393178000.0,2280150000.0,3051954000.0,4039423000.0,3386272000.0,3896570000.0,5070128000.0,5474413000.0,3513401000.0,8105995000.0,3998590000.0,7925176000.0,2481711000.0,6599486000.0,3693076000.0,4620459000.0,3387662000.0,5810024000.0,4990516000.0,3159616000.0,3199775000.0,6525321000.0,5689425000.0,4756186000.0,6507859000.0,6327481000.0,7594949000.0,8617281000.0,6046610000.0,8634024000.0,5997880000.0
root/EastAsia&Pacific/Cambodia,root/EastAsia&Pacific,0,0,0,0,0,0,0,0,0,0,0,0,0,0,0,0,0,0,0,0,0,0,0,0,7779000.0,2076000.0,1720000.0,990000.0,7951000.0,4900000.0,1123000.0,5688000.0,22037000.0,27707000.0,46980000.0,22578000.0,53864000.0,32992000.0,197975000.0,114555000.0,262254000.0,331137000.0,780326000.0,437395000.0,518533000.0,475323000.0,300880000.0
root/EastAsia&Pacific/China,root/EastAsia&Pacific,0,0,0,0,0,0,0,0,0,0,0,506324000.0,656430000.0,544817000.0,623068000.0,517937000.0,547132000.0,7750000.0,272475000.0,1170569000.0,788951000.0,729565000.0,1035299000.0,2634458000.0,917134000.0,5484321000.0,2017858000.0,1930018000.0,32369000.0,1687001000.0,383829000.0,762717000.0,712345000.0,951806000.0,172553000.0,60235000.0,81238000.0,573751000.0,266198000.0,339899000.0,3684530000.0,675983000.0,1022537000.0,3764814000.0,185110000.0,3790112000.0,1020024000.0
root/EastAsia&Pacific/Fiji,root/EastAsia&Pacific,1560000.0,1688000.0,649000.0,2539000.0,4619000.0,4196000.0,5621000.0,5175000.0,2611000.0,2255000.0,16985000.0,46402000.0,22507000.0,1570000.0,1952000.0,3424000.0,208000.0,3540000.0,7643000.0,1888000.0,2352000.0,24259000.0,6887000.0,5153000.0,11230000.0,2658000.0,2620000.0,2329000.0,3274000.0,69950000.0,1236000.0,1310000.0,6494000.0,5404000.0,1524000.0,2027000.0,1814000.0,1286000.0,1804000.0,6316000.0,14433000.0,41584000.0,56337000.0,38019000.0,50084000.0,17276000.0,44756000.0
root/EastAsia&Pacific/Indonesia,root/EastAsia&Pacific,350229000.0,221430000.0,317928000.0,398351000.0,328844000.0,330585000.0,548734000.0,486122000.0,521087000.0,303444000.0,412494000.0,555359000.0,448746000.0,571594000.0,497968000.0,188224000.0,240137000.0,1181618000.0,1160731000.0,1525866000.0,1297156000.0,1933466000.0,2329560000.0,1490359000.0,1665435000.0,638976000.0,541550000.0,616005000.0,1375568000.0,1950680000.0,1194169000.0,529105000.0,25653000.0,59091000.0,1944383000.0,669815000.0,1468298000.0,3188247000.0,2048666000.0,1102284000.0,5553000.0,1579891000.0,2296089000.0,967528000.0,1876358000.0,1861885000.0,1902051000.0
root/EastAsia&Pacific/LaoPDR,root/EastAsia&Pacific,4515000.0,5752000.0,2402000.0,4280000.0,3717000.0,2129000.0,9900000.0,51960000.0,55954000.0,39367000.0,47365000.0,46165000.0,46084000.0,50419000.0,93612000.0,28365000.0,151021000.0,153352000.0,170165000.0,105550000.0,71443000.0,60095000.0,2440000.0,20266000.0,11548000.0,13757000.0,16061000.0,1315000.0,4493000.0,8351000.0,9559000.0,50003000.0,4279000.0,43318000.0,124584000.0,76645000.0,60759000.0,158329000.0,141281000.0,213747000.0,192653000.0,404990000.0,375696000.0,587042000.0,510031000.0,668342000.0,471897000.0
root/EastAsia&Pacific/Malaysia,root/EastAsia&Pacific,6490000.0,14669000.0,32215000.0,12832000.0,57507000.0,70028000.0,41669000.0,77751000.0,14378000.0,89663000.0,47902000.0,183078000.0,35007000.0,185445000.0,727498000.0,47956000.0,31783000.0,105372000.0,492061000.0,198584000.0,315003000.0,120043000.0,6451000.0,77486000.0,229864000.0,507172000.0,679297000.0,115094000.0,15292000.0,680165000.0,684442000.0,2120593000.0,101423000.0,25192000.0,755452000.0,119277000.0,278327000.0,1151638000.0,634855000.0,912078000.0,599434000.0,583342000.0,63824000.0,219138000.0,244738000.0,219996000.0,249560000.0
root/EastAsia&Pacific/Mongolia,root/EastAsia&Pacific,0,0,0,0,0,0,0,0,0,0,0,0,0,0,0,0,0,0,0,0,0,0,41713000.0,53840000.0,28141000.0,23764000.0,16703000.0,2835000.0,37973000.0,37577000.0,8855000.0,1114000.0,9278000.0,224906000.0,26805000.0,31848000.0,10530000.0,17682000.0,10153000.0,57103000.0,1305000.0,16781000.0,40514000.0,355064000.0,97828000.0,61660000.0,58314000.0
root/EastAsia&Pacific/Myanmar,root/EastAsia&Pacific,642000.0,9905000.0,31731000.0,65436000.0,40612000.0,10441000.0,4115000.0,55947000.0,137437000.0,220373000.0,135100000.0,182495000.0,185563000.0,157292000.0,109528000.0,189400000.0,197989000.0,163563000.0,155128000.0,94768000.0,32997000.0,6847000.0,51094000.0,17032000.0,15533000.0,107603000.0,9718000.0,11558000.0,53077000.0,16712000.0,34096000.0,10526000.0,2552000.0,1295000.0,541000.0,263000.0,697000.0,2628000.0,3051000.0,3196000.0,844000.0,0,0,0,0,0,18277000.0
root/EastAsia&Pacific/PapuaNewGuinea,root/EastAsia&Pacific,3920000.0,14199000.0,12104000.0,5139000.0,1220000.0,2488000.0,2616000.0,3114000.0,405000.0,3210000.0,870000.0,3476000.0,16230000.0,4023000.0,51431000.0,13968000.0,34417000.0,13055000.0,10884000.0,63621000.0,41430000.0,29508000.0,42458000.0,36995000.0,17150000.0,31613000.0,57134000.0,29989000.0,6701000.0,7546000.0,95604000.0,4162000.0,29222000.0,50197000.0,60617000.0,41538000.0,28126000.0,29554000.0,96531000.0,19512000.0,21060000.0,27027000.0,17489000.0,450000.0,74021000.0,72845000.0,142144000.0
root/EastAsia&Pacific/Philippines,root/EastAsia&Pacific,47605000.0,65370000.0,151175000.0,56850000.0,88108000.0,60048000.0,79026000.0,145243000.0,98460000.0,160972000.0,90959000.0,256551000.0,166213000.0,301880000.0,374501000.0,110969000.0,65291000.0,599141000.0,625686000.0,552415000.0,467673000.0,547194000.0,1050045000.0,469199000.0,89324000.0,760690000.0,174890000.0,42833000.0,70177000.0,190081000.0,132471000.0,220249000.0,109276000.0,116645000.0,241337000.0,380564000.0,200928000.0,196012000.0,757722000.0,424567000.0,267287000.0,926561000.0,756807000.0,686783000.0,402522000.0,335765000.0,351214000.0
root/EastAsia&Pacific/Samoa,root/EastAsia&Pacific,0,0,0,123000.0,28000.0,1522000.0,2450000.0,1238000.0,1634000.0,7508000.0,149000.0,10000.0,830000.0,80000.0,1107000.0,578000.0,1130000.0,1647000.0,245000.0,62000.0,676000.0,455000.0,807000.0,7373000.0,287000.0,136000.0,285000.0,330000.0,351000.0,602000.0,902000.0,308000.0,329000.0,328000.0,331000.0,339000.0,197000.0,8518000.0,19542000.0,16641000.0,31059000.0,34370000.0,40032000.0,16451000.0,27792000.0,7903000.0,2994000.0
root/EastAsia&Pacific/SolomonIslands,root/EastAsia&Pacific,0,0,0,0,0,0,0,0,12000.0,14000.0,16000.0,12000.0,12000.0,1809000.0,2040000.0,3546000.0,3468000.0,9652000.0,2863000.0,2830000.0,3354000.0,3786000.0,1519000.0,2868000.0,2028000.0,723000.0,375000.0,1358000.0,650000.0,2045000.0,348000.0,15652000.0,9583000.0,360000.0,635000.0,1203000.0,635000.0,5299000.0,2836000.0,1642000.0,1643000.0,1662000.0,1651000.0,1640000.0,1580000.0,1136000.0,1136000.0
root/EastAsia&Pacific/Thailand,root/EastAsia&Pacific,9732000.0,5788000.0,2730000.0,12830000.0,18493000.0,27066000.0,30017000.0,78117000.0,100103000.0,279328000.0,347879000.0,299804000.0,209074000.0,341124000.0,274902000.0,232665000.0,120162000.0,40743000.0,152610000.0,274080000.0,274476000.0,382573000.0,253045000.0,557201000.0,493729000.0,493870000.0,413983000.0,5131025000.0,216309000.0,1456890000.0,492784000.0,334500000.0,2135756000.0,3665393000.0,936708000.0,1402031000.0,659324000.0,555336000.0,716009000.0,335767000.0,352452000.0,307372000.0,178046000.0,190656000.0,141531000.0,139826000.0,8763000.0
root/EastAsia&Pacific/Tonga,root/EastAsia&Pacific,0,0,0,0,0,0,0,0,0,0,0,0,0,0,0,219000.0,174000.0,47000.0,228000.0,393000.0,531000.0,636000.0,636000.0,655000.0,1364000.0,1657000.0,1285000.0,1118000.0,485000.0,1091000.0,1067000.0,1720000.0,1206000.0,1090000.0,1769000.0,1080000.0,1201000.0,1430000.0,6386000.0,14117000.0,39055000.0,36283000.0,9227000.0,636000.0,2973000.0,9761000.0,9336000.0
root/EastAsia&Pacific/Vanuatu,root/EastAsia&Pacific,0,0,0,0,0,0,0,0,0,0,0,265000.0,1571000.0,295000.0,77000.0,372000.0,266000.0,670000.0,1235000.0,384000.0,2966000.0,2522000.0,793000.0,1860000.0,177000.0,1583000.0,212000.0,165000.0,154000.0,147000.0,384000.0,331000.0,321000.0,357000.0,390000.0,391000.0,391000.0,3552000.0,9697000.0,11340000.0,2974000.0,3718000.0,4328000.0,15610000.0,6342000.0,337000.0,12154000.0
root/EastAsia&Pacific/Vietnam,root/EastAsia&Pacific,0,0,0,0,0,0,0,0,0,0,0,0,0,0,0,0,0,0,0,48413000.0,87264000.0,55621000.0,247381000.0,99668000.0,22678000.0,35396000.0,64899000.0,38214000.0,656887000.0,485748000.0,652207000.0,562481000.0,217908000.0,636935000.0,675907000.0,349782000.0,353446000.0,599067000.0,776719000.0,1183422000.0,1031323000.0,1356780000.0,1952046000.0,1336055000.0,1907167000.0,971857000.0,1404380000.0
root/Europe&CentralAsia,root,178364000.0,238911000.0,331073000.0,425283000.0,217026000.0,207630000.0,349344000.0,208964000.0,546984000.0,670155000.0,1352599000.0,898580000.0,339845000.0,236096000.0,584352000.0,411672000.0,543599000.0,1225967000.0,978732000.0,1275732000.0,269866000.0,508027000.0,2555911000.0,1728942000.0,1703645000.0,1554264000.0,4116172000.0,1595041000.0,1537015000.0,1904940000.0,2922653000.0,2242271000.0,2848750000.0,3602591000.0,4499990000.0,19290955000.0,26425530000.0,3589997000.0,3431550000.0,3671752000.0,3634244000.0,3271619000.0,2898971000.0,2521254000.0,4179502000.0,2578402000.0,2593903000.0
root/Europe&CentralAsia/Albania,root/Europe&CentralAsia,0,0,0,0,0,0,0,0,0,0,0,0,0,0,0,0,0,0,0,0,0,19659000.0,47336000.0,30391000.0,35533000.0,24219000.0,39313000.0,25197000.0,11376000.0,17891000.0,12324000.0,36796000.0,27442000.0,17176000.0,15806000.0,12798000.0,23067000.0,7226000.0,16438000.0,26804000.0,8701000.0,2081000.0,19196000.0,12960000.0,29550000.0,37496000.0,46331000.0
root/Europe&CentralAsia/Armenia,root/Europe&CentralAsia,0,0,0,0,0,0,0,0,0,0,0,0,0,0,0,0,0,0,0,0,0,0,0,23392000.0,23222000.0,2817000.0,1448000.0,24518000.0,47362000.0,3215000.0,1037000.0,3967000.0,13396000.0,21344000.0,22090000.0,11965000.0,9095000.0,94784000.0,69702000.0,610910000.0,64935000.0,31773000.0,30393000.0,483416000.0,20012000.0,30463000.0,120263000.0
root/Europe&CentralAsia/Azerbaijan,root/Europe&CentralAsia,0,0,0,0,0,0,0,0,0,0,0,0,0,0,0,0,0,0,0,0,0,0,0,0,59263000.0,12537000.0,3017000.0,2623000.0,25588000.0,84779000.0,153177000.0,69520000.0,111944000.0,56573000.0,5581000.0,7696000.0,27071000.0,12613000.0,29103000.0,17464000.0,34158000.0,179036000.0,245713000.0,104128000.0,73128000.0,13391000.0,16548000.0
root/Europe&CentralAsia/Belarus,root/Europe&CentralAsia,0,0,0,0,0,0,0,0,0,0,0,0,0,0,0,0,0,0,0,0,0,0,0,96059000.0,100242000.0,39372000.0,9357000.0,13061000.0,77325000.0,17153000.0,3646000.0,8794000.0,65432000.0,3371000.0,121259000.0,128700000.0,19268000.0,1512294000.0,1468965000.0,943304000.0,1436551000.0,308822000.0,1064928000.0,158522000.0,2261084000.0,1047531000.0,102076000.0
root/Europe&CentralAsia/BosniaandHerzegovina,root/Europe&CentralAsia,0,0,0,0,0,0,0,0,0,0,0,0,0,0,0,0,0,0,0,0,0,0,0,0,0,0,0,0,0,8917000.0,4014000.0,9260000.0,481000.0,10117000.0,3471000.0,13893000.0,26740000.0,10930000.0,24023000.0,25569000.0,41175000.0,66484000.0,8512000.0,37736000.0,36781000.0,37111000.0,6884000.0
root/Europe&CentralAsia/Bulgaria,root/Europe&CentralAsia,0,0,0,0,0,0,0,0,0,0,0,0,0,0,10368000.0,30368000.0,246473000.0,608522000.0,350953000.0,31354000.0,35673000.0,9603000.0,11848000.0,103446000.0,3437000.0,24787000.0,77208000.0,62035000.0,104367000.0,97358000.0,14267000.0,188606000.0,128364000.0,73052000.0,66105000.0,13925000.0,20023000.0,21095000.0,78683000.0,5173000.0,53309000.0,71053000.0,79170000.0,68900000.0,62723000.0,54165000.0,58481000.0
root/Europe&CentralAsia/Georgia,root/Europe&CentralAsia,0,0,0,0,0,0,0,0,0,0,0,0,0,0,0,0,0,0,0,0,0,0,0,23693000.0,59487000.0,1823000.0,12764000.0,17216000.0,28686000.0,16427000.0,22551000.0,5170000.0,6835000.0,23483000.0,83753000.0,54115000.0,86887000.0,52590000.0,1752000.0,23736000.0,36052000.0,40147000.0,109560000.0,44930000.0,16238000.0,7230000.0,8161000.0
root/Europe&CentralAsia/Kazakhstan,root/Europe&CentralAsia,0,0,0,0,0,0,0,0,0,0,0,0,0,0,0,0,0,0,0,0,0,0,10227000.0,143295000.0,257673000.0,223347000.0,107795000.0,160004000.0,25353000.0,6551000.0,28972000.0,55665000.0,40779000.0,120511000.0,118832000.0,20391000.0,30552000.0,4510000.0,11010000.0,13348000.0,191830000.0,48282000.0,30106000.0,16911000.0,48085000.0,43857000.0,212586000.0
root/Europe&CentralAsia/Kosovo,root/Europe&CentralAsia,0,0,0,0,0,0,0,0,0,0,0,0,0,0,0,0,0,0,0,0,0,0,0,0,0,0,0,0,0,0,0,0,0,0,0,0,0,0,0,0,0,0,178000.0,2492000.0,9605000.0,6971000.0,18699000.0
root/Europe&CentralAsia/KyrgyzRepublic,root/Europe&CentralAsia,0,0,0,0,0,0,0,0,0,0,0,0,0,0,0,0,0,0,0,0,0,0,3794000.0,21730000.0,82356000.0,24964000.0,26124000.0,7654000.0,24587000.0,61074000.0,36244000.0,7407000.0,13403000.0,11964000.0,9653000.0,5798000.0,14521000.0,5462000.0,5212000.0,331991000.0,101314000.0,114170000.0,262491000.0,303702000.0,383230000.0,192177000.0,222322000.0
root/Europe&CentralAsia/MacedoniaFYR,root/Europe&CentralAsia,0,0,0,0,0,0,0,0,0,0,0,0,0,0,0,0,0,0,0,0,0,0,0,0,0,0,14909000.0,1205000.0,26259000.0,8959000.0,13956000.0,31501000.0,4325000.0,8617000.0,11305000.0,24946000.0,30564000.0,84139000.0,30529000.0,6356000.0,3000.0,9483000.0,5755000.0,30561000.0,139013000.0,55185000.0,109013000.0
root/Europe&CentralAsia/Moldova,root/Europe&CentralAsia,0,0,0,0,0,0,0,0,0,0,0,0,0,0,0,0,0,0,0,0,0,0,5618000.0,29546000.0,30059000.0,53816000.0,13006000.0,133122000.0,2529000.0,10031000.0,3791000.0,7300000.0,8129000.0,2094000.0,35458000.0,960000.0,19433000.0,11937000.0,12913000.0,21657000.0,6794000.0,37712000.0,23850000.0,27013000.0,6296000.0,21704000.0,57823000.0
root/Europe&CentralAsia/Montenegro,root/Europe&CentralAsia,0,0,0,0,0,0,0,0,0,0,0,0,0,0,0,0,0,0,0,0,0,0,0,0,0,0,0,0,0,0,0,0,0,0,0,0,38871000.0,21380000.0,13458000.0,12070000.0,7037000.0,73639000.0,35524000.0,19493000.0,14210000.0,175652000.0,1863000.0
root/Europe&CentralAsia/Romania,root/Europe&CentralAsia,0,0,17715000.0,17023000.0,12587000.0,11379000.0,9397000.0,9724000.0,0,16012000.0,395800000.0,17600000.0,37878000.0,57915000.0,126603000.0,35810000.0,204624000.0,214737000.0,436236000.0,461027000.0,18999000.0,0,179120000.0,18137000.0,279786000.0,393248000.0,393427000.0,115634000.0,172984000.0,386029000.0,17132000.0,21427000.0,79731000.0,132732000.0,46512000.0,87933000.0,17859000.0,17727000.0,17785000.0,14507000.0,84395000.0,6238000.0,13759000.0,12841000.0,29066000.0,27994000.0,27962000.0
root/Europe&CentralAsia/RussianFederation,root/Europe&CentralAsia,0,0,0,0,0,0,0,0,0,0,0,0,0,0,0,0,0,0,0,0,0,0,1714287000.0,82710000.0,398122000.0,245909000.0,2674249000.0,34682000.0,239930000.0,217815000.0,692171000.0,1098624000.0,1644279000.0,1926009000.0,2809875000.0,17839543000.0,25206398000.0,850005000.0,549814000.0,311029000.0,883411000.0,1686693000.0,417737000.0,357568000.0,279234000.0,189422000.0,197209000.0
root/Europe&CentralAsia/Serbia,root/Europe&CentralAsia,17967000.0,48965000.0,127650000.0,213642000.0,154919000.0,184253000.0,314236000.0,139557000.0,82380000.0,18530000.0,128480000.0,295929000.0,144112000.0,22438000.0,67278000.0,196629000.0,61142000.0,227384000.0,115878000.0,166579000.0,176523000.0,411621000.0,130846000.0,0,0,0,0,0,0,0,187000000.0,148658000.0,217225000.0,16108000.0,225215000.0,8524000.0,400000.0,59263000.0,48837000.0,483065000.0,142460000.0,71129000.0,90713000.0,455122000.0,84015000.0,147682000.0,209683000.0
root/Europe&CentralAsia/Tajikistan,root/Europe&CentralAsia,0,0,0,0,0,0,0,0,0,0,0,0,0,0,0,0,0,0,0,0,0,0,9731000.0,10156000.0,177104000.0,28377000.0,6078000.0,8523000.0,37928000.0,13747000.0,15384000.0,3585000.0,16567000.0,1315000.0,24297000.0,9627000.0,49797000.0,180921000.0,245153000.0,88037000.0,83443000.0,135910000.0,29071000.0,21793000.0,7235000.0,47629000.0,49012000.0
root/Europe&CentralAsia/Turkey,root/Europe&CentralAsia,160397000.0,189946000.0,185708000.0,194618000.0,49520000.0,11998000.0,25711000.0,59683000.0,464604000.0,635613000.0,828319000.0,585051000.0,157855000.0,155743000.0,380103000.0,148865000.0,31360000.0,175324000.0,75665000.0,616772000.0,38671000.0,67144000.0,346090000.0,348981000.0,100977000.0,420327000.0,218878000.0,382104000.0,307867000.0,261857000.0,201024000.0,224986000.0,238790000.0,918136000.0,602936000.0,639638000.0,302660000.0,277319000.0,502870000.0,402794000.0,160564000.0,39915000.0,200912000.0,99710000.0,411831000.0,78120000.0,300132000.0
root/Europe&CentralAsia/Turkmenistan,root/Europe&CentralAsia,0,0,0,0,0,0,0,0,0,0,0,0,0,0,0,0,0,0,0,0,0,0,0,122681000.0,26161000.0,11795000.0,21717000.0,83922000.0,81774000.0,260857000.0,224040000.0,52838000.0,58839000.0,6650000.0,61396000.0,83586000.0,120503000.0,78286000.0,75960000.0,87220000.0,75849000.0,83427000.0,23625000.0,24287000.0,25253000.0,25041000.0,9055000.0
root/Europe&CentralAsia/Ukraine,root/Europe&CentralAsia,0,0,0,0,0,0,0,0,0,0,0,0,0,0,0,0,0,0,0,0,0,0,36119000.0,219183000.0,24712000.0,12848000.0,313514000.0,445555000.0,174579000.0,130071000.0,1123208000.0,93764000.0,108414000.0,165661000.0,201334000.0,274172000.0,279794000.0,248574000.0,222436000.0,154601000.0,148318000.0,78168000.0,178482000.0,184554000.0,5970000.0,49999000.0,246269000.0
root/Europe&CentralAsia/Uzbekistan,root/Europe&CentralAsia,0,0,0,0,0,0,0,0,0,0,0,0,0,0,0,0,0,0,0,0,0,0,60895000.0,455542000.0,45511000.0,34078000.0,183368000.0,77986000.0,148521000.0,302209000.0,168715000.0,174403000.0,64375000.0,87678000.0,35112000.0,52745000.0,102027000.0,38942000.0,6907000.0,92117000.0,73945000.0,187457000.0,29296000.0,54615000.0,236943000.0,289582000.0,573531000.0
root/LatinAmerica&Caribbean,root,373673000.0,305325000.0,405364000.0,488372000.0,1084764000.0,1708467000.0,1063523000.0,1181189000.0,1395493000.0,879222000.0,2142870000.0,2945069000.0,2422128000.0,2413132000.0,2328686000.0,2132995000.0,2181803000.0,1731731000.0,1422616000.0,1949124000.0,2976459000.0,3001812000.0,1821339000.0,1810949000.0,3905067000.0,11753430000.0,11778271000.0,9713255000.0,4910036000.0,5231838000.0,5116324000.0,4300257000.0,2757109000.0,2938510000.0,2909095000.0,3974510000.0,4345156000.0,4209193000.0,2956589000.0,5966932000.0,7099392000.0,4295268000.0,7458401000.0,5575028000.0,5495654000.0,4579429000.0,8181706000.0
root/LatinAmerica&Caribbean/Argentina,root/LatinAmerica&Caribbean,4627000.0,7669000.0,8057000.0,46569000.0,93566000.0,7211000.0,19463000.0,13794000.0,179350000.0,130605000.0,28599000.0,94152000.0,24943000.0,78182000.0,130155000.0,7152000.0,68077000.0,12933000.0,90447000.0,7151000.0,124470000.0,487927000.0,331518000.0,698189000.0,634162000.0,57313000.0,988102000.0,1173786000.0,1107041000.0,1264064000.0,993353000.0,720064000.0,743897000.0,34505000.0,12232000.0,24446000.0,7548000.0,100389000.0,91864000.0,282535000.0,252531000.0,292552000.0,342276000.0,76934000.0,3049347000.0,324898000.0,1398842000.0
root/LatinAmerica&Caribbean/Belize,root/LatinAmerica&Caribbean,4301000.0,5000.0,30000.0,199000.0,192000.0,64000.0,1871000.0,143000.0,3680000.0,4975000.0,3144000.0,1380000.0,1073000.0,9579000.0,1831000.0,13966000.0,6033000.0,4927000.0,1423000.0,2971000.0,3591000.0,7293000.0,18579000.0,2905000.0,2357000.0,2820000.0,23648000.0,5090000.0,5408000.0,2384000.0,5848000.0,4880000.0,16270000.0,20015000.0,9790000.0,23671000.0,60937000.0,43851000.0,4161000.0,2973000.0,16849000.0,6269000.0,6003000.0,70140000.0,43779000.0,36643000.0,13385000.0
root/LatinAmerica&Caribbean/Bolivia,root/LatinAmerica&Caribbean,33262000.0,7043000.0,54291000.0,14487000.0,29969000.0,17226000.0,74594000.0,55935000.0,54272000.0,33374000.0,54557000.0,88538000.0,51020000.0,1258000.0,54259000.0,1905000.0,57446000.0,57563000.0,19936000.0,77884000.0,40602000.0,48939000.0,109484000.0,62863000.0,23942000.0,21715000.0,59201000.0,3597000.0,43830000.0,9844000.0,6741000.0,22514000.0,19602000.0,2158000.0,76492000.0,72564000.0,59811000.0,70275000.0,54809000.0,77630000.0,32480000.0,202776000.0,97845000.0,170899000.0,28293000.0,142732000.0,63143000.0
root/LatinAmerica&Caribbean/Brazil,root/LatinAmerica&Caribbean,107784000.0,85777000.0,114093000.0,158765000.0,402659000.0,741160000.0,179412000.0,168447000.0,354763000.0,38556000.0,455149000.0,829103000.0,260534000.0,491665000.0,311501000.0,349761000.0,43516000.0,77785000.0,41307000.0,258179000.0,117296000.0,605825000.0,251789000.0,246034000.0,1569082000.0,1287890000.0,1497460000.0,2569034000.0,872792000.0,1645965000.0,1970073000.0,1204026000.0,274365000.0,1005727000.0,1172759000.0,525092000.0,2637911000.0,506115000.0,748868000.0,2993586000.0,3603629000.0,257143000.0,47234000.0,25635000.0,339294000.0,781399000.0,1439204000.0
root/LatinAmerica&Caribbean/Colombia,root/LatinAmerica&Caribbean,99852000.0,60543000.0,60141000.0,86457000.0,36832000.0,26398000.0,1337000.0,6352000.0,32856000.0,18018000.0,56350000.0,18690000.0,125963000.0,218724000.0,162032000.0,303912000.0,207016000.0,16798000.0,44479000.0,95241000.0,70656000.0,138967000.0,300554000.0,24168000.0,228271000.0,171585000.0,74220000.0,109325000.0,193708000.0,27483000.0,35863000.0,155216000.0,72717000.0,150838000.0,175525000.0,152402000.0,153241000.0,111682000.0,105852000.0,109398000.0,59775000.0,372671000.0,2790254000.0,701483000.0,408257000.0,280471000.0,366784000.0
root/LatinAmerica&Caribbean/CostaRica,root/LatinAmerica&Caribbean,2996000.0,4269000.0,8972000.0,5137000.0,8398000.0,29588000.0,20169000.0,24081000.0,46567000.0,52420000.0,95228000.0,89201000.0,73571000.0,161933000.0,67683000.0,15775000.0,59934000.0,36365000.0,39129000.0,17037000.0,64509000.0,126725000.0,76689000.0,122981000.0,44468000.0,129013000.0,140239000.0,145122000.0,35178000.0,106136000.0,61852000.0,180872000.0,76280000.0,52185000.0,38682000.0,25508000.0,3512000.0,14431000.0,20176000.0,74933000.0,10090000.0,36772000.0,40424000.0,18608000.0,5560000.0,54522000.0,110216000.0
root/LatinAmerica&Caribbean/Dominica,root/LatinAmerica&Caribbean,0,0,0,0,0,0,0,0,0,0,0,46000.0,760000.0,124000.0,6132000.0,228000.0,633000.0,1616000.0,1647000.0,2259000.0,2546000.0,2852000.0,4887000.0,781000.0,728000.0,4324000.0,2707000.0,3069000.0,1626000.0,2782000.0,3435000.0,2364000.0,5126000.0,2068000.0,1165000.0,1096000.0,2111000.0,3450000.0,3577000.0,2825000.0,18672000.0,3805000.0,22950000.0,10124000.0,11857000.0,3388000.0,7455000.0
root/LatinAmerica&Caribbean/DominicanRepublic,root/LatinAmerica&Caribbean,19182000.0,6649000.0,13283000.0,6611000.0,7611000.0,34233000.0,48170000.0,34797000.0,14886000.0,33063000.0,202066000.0,121971000.0,217099000.0,27241000.0,161223000.0,54218000.0,58815000.0,38773000.0,36392000.0,81811000.0,14058000.0,2656000.0,12826000.0,26354000.0,63180000.0,55625000.0,57697000.0,87942000.0,54870000.0,61998000.0,108175000.0,164970000.0,81421000.0,26350000.0,85298000.0,99524000.0,187827000.0,119811000.0,715004000.0,325726000.0,395157000.0,467466000.0,862071000.0,578056000.0,249125000.0,1813350000.0,501935000.0
root/LatinAmerica&Caribbean/Ecuador,root/LatinAmerica&Caribbean,5673000.0,5933000.0,3979000.0,4563000.0,8242000.0,20117000.0,37131000.0,27805000.0,45788000.0,103598000.0,148509000.0,298809000.0,254929000.0,22383000.0,111082000.0,70516000.0,3301000.0,81582000.0,83511000.0,116355000.0,10881000.0,19032000.0,8633000.0,4610000.0,32561000.0,111115000.0,25354000.0,61289000.0,77887000.0,31729000.0,12107000.0,31884000.0,17546000.0,137259000.0,224290000.0,390749000.0,286982000.0,267279000.0,175080000.0,174587000.0,890227000.0,1322694000.0,225224000.0,1791543000.0,274063000.0,187717000.0,2325048000.0
root/LatinAmerica&Caribbean/ElSalvador,root/LatinAmerica&Caribbean,1357000.0,1745000.0,5131000.0,4272000.0,2156000.0,23541000.0,25382000.0,18236000.0,19521000.0,29093000.0,41777000.0,136825000.0,136107000.0,177935000.0,128016000.0,56415000.0,68050000.0,52007000.0,24439000.0,53164000.0,3643000.0,46898000.0,20822000.0,169421000.0,50367000.0,9879000.0,52427000.0,19895000.0,3258000.0,6189000.0,7850000.0,35720000.0,8838000.0,263000.0,32169000.0,15518000.0,17208000.0,14048000.0,2974000.0,39941000.0,44448000.0,39974000.0,38975000.0,10074000.0,27321000.0,5786000.0,5169000.0
root/LatinAmerica&Caribbean/Grenada,root/LatinAmerica&Caribbean,262000.0,213000.0,185000.0,195000.0,503000.0,500000.0,250000.0,1201000.0,2794000.0,270000.0,288000.0,3739000.0,6332000.0,9961000.0,1191000.0,2459000.0,784000.0,1545000.0,4856000.0,3032000.0,11360000.0,2165000.0,482000.0,4225000.0,4487000.0,363000.0,2469000.0,8142000.0,1467000.0,2781000.0,4929000.0,11446000.0,4366000.0,4321000.0,2017000.0,14244000.0,3597000.0,1757000.0,1023000.0,3662000.0,3336000.0,2995000.0,409000.0,3636000.0,85000.0,701000.0,5441000.0
root/LatinAmerica&Caribbean/Guatemala,root/LatinAmerica&Caribbean,170000.0,143000.0,4904000.0,4842000.0,6640000.0,13749000.0,6994000.0,14939000.0,21053000.0,39018000.0,47108000.0,86863000.0,64287000.0,60046000.0,36143000.0,20786000.0,68273000.0,22504000.0,49797000.0,18401000.0,26984000.0,79269000.0,14239000.0,11932000.0,19507000.0,17814000.0,47490000.0,4611000.0,16246000.0,51380000.0,5284000.0,60000000.0,52885000.0,45391000.0,81259000.0,40748000.0,62092000.0,40203000.0,24456000.0,10794000.0,14593000.0,17826000.0,11219000.0,23843000.0,119417000.0,39484000.0,53098000.0
root/LatinAmerica&Caribbean/Guyana,root/LatinAmerica&Caribbean,11940000.0,12162000.0,7471000.0,2935000.0,21931000.0,51641000.0,23637000.0,16314000.0,24448000.0,9150000.0,32954000.0,58824000.0,22458000.0,7980000.0,621000.0,26357000.0,6068000.0,5374000.0,4369000.0,12691000.0,26770000.0,9936000.0,2417000.0,9968000.0,12105000.0,11859000.0,16956000.0,6718000.0,7816000.0,7341000.0,4135000.0,2161000.0,8209000.0,9669000.0,9133000.0,28849000.0,30532000.0,26358000.0,75435000.0,32899000.0,50847000.0,116438000.0,106777000.0,125025000.0,119658000.0,19141000.0,22866000.0
root/LatinAmerica&Caribbean/Haiti,root/LatinAmerica&Caribbean,708000.0,825000.0,2076000.0,420000.0,65214000.0,2041000.0,6935000.0,6900000.0,12133000.0,11781000.0,582000.0,7725000.0,19641000.0,1378000.0,7139000.0,23332000.0,7055000.0,23361000.0,4727000.0,4356000.0,7237000.0,8717000.0,2389000.0,2378000.0,2367000.0,4060000.0,2488000.0,4291000.0,2842000.0,4855000.0,3759000.0,3611000.0,3951000.0,881000.0,3687000.0,4961000.0,2868000.0,5320000.0,222129000.0,109074000.0,122819000.0,347114000.0,353132000.0,389979000.0,384574000.0,138399000.0,26968000.0
root/LatinAmerica&Caribbean/Honduras,root/LatinAmerica&Caribbean,6424000.0,487000.0,2831000.0,1464000.0,12810000.0,33238000.0,27156000.0,23172000.0,35119000.0,33392000.0,35430000.0,90102000.0,95420000.0,60031000.0,77774000.0,104402000.0,61961000.0,112561000.0,83763000.0,39982000.0,167705000.0,63677000.0,50127000.0,66588000.0,39232000.0,35819000.0,47530000.0,15336000.0,36394000.0,51567000.0,35426000.0,34108000.0,22189000.0,34170000.0,67820000.0,29355000.0,13269000.0,13519000.0,216233000.0,13798000.0,4027000.0,41497000.0,16953000.0,33319000.0,19650000.0,136668000.0,96025000.0
root/LatinAmerica&Caribbean/Jamaica,root/LatinAmerica&Caribbean,5579000.0,16665000.0,5126000.0,31169000.0,26936000.0,29954000.0,160370000.0,13627000.0,54231000.0,74908000.0,197797000.0,261880000.0,255875000.0,225578000.0,230510000.0,155160000.0,48876000.0,37397000.0,67666000.0,56836000.0,43601000.0,205396000.0,17028000.0,63186000.0,78021000.0,60304000.0,138951000.0,188088000.0,98783000.0,140437000.0,95407000.0,135984000.0,65992000.0,61292000.0,83601000.0,89822000.0,47174000.0,97955000.0,56020000.0,84849000.0,28782000.0,42171000.0,40765000.0,23806000.0,1615000.0,10801000.0,38647000.0
root/LatinAmerica&Caribbean/Mexico,root/LatinAmerica&Caribbean,12111000.0,29482000.0,20282000.0,16934000.0,100612000.0,162715000.0,111019000.0,71929000.0,54418000.0,91172000.0,294446000.0,396900000.0,448914000.0,236846000.0,150927000.0,66639000.0,542489000.0,503920000.0,249347000.0,209294000.0,1557973000.0,434532000.0,124289000.0,206474000.0,441007000.0,9405242000.0,7968758000.0,4455022000.0,1104763000.0,1284965000.0,1239885000.0,385513000.0,265265000.0,487147000.0,252852000.0,182217000.0,270204000.0,212217000.0,192046000.0,466244000.0,465207000.0,347256000.0,255678000.0,408848000.0,134679000.0,429411000.0,280101000.0
root/LatinAmerica&Caribbean/Nicaragua,root/LatinAmerica&Caribbean,19145000.0,9935000.0,2700000.0,15594000.0,22615000.0,13142000.0,25086000.0,19745000.0,45618000.0,28569000.0,181115000.0,224157000.0,203801000.0,206688000.0,307904000.0,664737000.0,735516000.0,461639000.0,406274000.0,568556000.0,545847000.0,5047000.0,112447000.0,9515000.0,65008000.0,38851000.0,6438000.0,30033000.0,2797000.0,51146000.0,21746000.0,23417000.0,34432000.0,29985000.0,3587000.0,30537000.0,9285000.0,11011000.0,24333000.0,8362000.0,3129000.0,28192000.0,17001000.0,7765000.0,56116000.0,5427000.0,15798000.0
root/LatinAmerica&Caribbean/Panama,root/LatinAmerica&Caribbean,6242000.0,8010000.0,3345000.0,10702000.0,13953000.0,36071000.0,35603000.0,22347000.0,54953000.0,20386000.0,18316000.0,68503000.0,80680000.0,48526000.0,35308000.0,436000.0,5197000.0,16053000.0,22501000.0,1562000.0,3868000.0,3072000.0,22217000.0,20949000.0,15840000.0,29946000.0,237342000.0,12083000.0,39083000.0,36293000.0,42035000.0,41179000.0,8117000.0,7945000.0,2826000.0,9610000.0,11202000.0,3148000.0,4193000.0,15204000.0,86832000.0,48594000.0,216000.0,12331000.0,21742000.0,19391000.0,20972000.0
root/LatinAmerica&Caribbean/Paraguay,root/LatinAmerica&Caribbean,374000.0,5812000.0,3276000.0,6410000.0,7860000.0,3919000.0,26221000.0,69833000.0,34218000.0,248000.0,1877000.0,2589000.0,22229000.0,106550000.0,52485000.0,98692000.0,38557000.0,729000.0,2358000.0,116246000.0,7022000.0,61249000.0,71470000.0,33075000.0,33768000.0,28097000.0,4115000.0,37965000.0,465000.0,22186000.0,17703000.0,21543000.0,2085000.0,34321000.0,34368000.0,2082000.0,20784000.0,40221000.0,20118000.0,12953000.0,62914000.0,61511000.0,61016000.0,37982000.0,18522000.0,44093000.0,60133000.0
root/LatinAmerica&Caribbean/Peru,root/LatinAmerica&Caribbean,27996000.0,36627000.0,47801000.0,64035000.0,208353000.0,317981000.0,187588000.0,537310000.0,295610000.0,122249000.0,197681000.0,34445000.0,36707000.0,248945000.0,216547000.0,36702000.0,52410000.0,138078000.0,77465000.0,111726000.0,91806000.0,338853000.0,46804000.0,17622000.0,144003000.0,114091000.0,308545000.0,491261000.0,269206000.0,158614000.0,305829000.0,68212000.0,193086000.0,273059000.0,397491000.0,2177821000.0,301585000.0,2405829000.0,122741000.0,961558000.0,841858000.0,38934000.0,167890000.0,177783000.0,143555000.0,75872000.0,113895000.0
root/LatinAmerica&Caribbean/StKittsandNevis,root/LatinAmerica&Caribbean,0,0,0,0,0,0,0,0,0,0,0,0,0,0,563000.0,799000.0,1445000.0,859000.0,4924000.0,5596000.0,4559000.0,1976000.0,390000.0,1207000.0,1070000.0,533000.0,5230000.0,25697000.0,4564000.0,3488000.0,2115000.0,4459000.0,1940000.0,21945000.0,8098000.0,8575000.0,2441000.0,5133000.0,7188000.0,7091000.0,6568000.0,0,0,0,0,0,0
root/LatinAmerica&Caribbean/StLucia,root/LatinAmerica&Caribbean,0,0,0,0,0,0,0,0,0,0,0,144000.0,22000.0,446000.0,1031000.0,496000.0,38000.0,8046000.0,7029000.0,6263000.0,1111000.0,683000.0,8875000.0,1493000.0,132000.0,1254000.0,2722000.0,1344000.0,1424000.0,4570000.0,3952000.0,1058000.0,54000.0,1159000.0,213000.0,1853000.0,725000.0,751000.0,3466000.0,3384000.0,2276000.0,253000.0,2228000.0,968000.0,13275000.0,7177000.0,2961000.0
root/LatinAmerica&Caribbean/StVincentandtheGrenadines,root/LatinAmerica&Caribbean,0,0,0,2075000.0,261000.0,363000.0,182000.0,283000.0,121000.0,83000.0,71000.0,69000.0,0,256000.0,113000.0,96000.0,2641000.0,2029000.0,1892000.0,700000.0,396000.0,763000.0,3402000.0,3930000.0,2929000.0,412000.0,5416000.0,516000.0,6650000.0,698000.0,781000.0,1478000.0,2420000.0,153000.0,2166000.0,1999000.0,2300000.0,2715000.0,3259000.0,3198000.0,3677000.0,594000.0,4095000.0,10299000.0,11916000.0,8327000.0,23233000.0
root/LatinAmerica&Caribbean/VenezuelaRB,root/LatinAmerica&Caribbean,3688000.0,5331000.0,37390000.0,4537000.0,7451000.0,143615000.0,44953000.0,33999000.0,9094000.0,4294000.0,49826000.0,30414000.0,19763000.0,10877000.0,76516000.0,58054000.0,37672000.0,17287000.0,52938000.0,81831000.0,27968000.0,299363000.0,208982000.0,101000.0,396473000.0,153506000.0,62766000.0,253999000.0,921938000.0,252943000.0,128041000.0,983578000.0,776056000.0,495704000.0,131575000.0,21267000.0,150010000.0,91725000.0,61584000.0,149728000.0,78669000.0,199771000.0,1947766000.0,865948000.0,13954000.0,13631000.0,1190387000.0
root/MiddleEast&NorthAfrica,root,211334000.0,354632000.0,334117000.0,415364000.0,332538000.0,2514236000.0,1095469000.0,2005615000.0,1924530000.0,2158904000.0,3392087000.0,3066793000.0,3425647000.0,2419714000.0,2466920000.0,2082533000.0,1424124000.0,1289732000.0,1594594000.0,1080227000.0,1333946000.0,1658551000.0,726491000.0,694527000.0,3310511000.0,4832944000.0,4917950000.0,5288235000.0,2246993000.0,3250160000.0,2513644000.0,2083155000.0,1717290000.0,2937771000.0,2527735000.0,3104660000.0,9548342000.0,1728791000.0,4606920000.0,2341052000.0,2332845000.0,2560355000.0,2966854000.0,7948094000.0,2688639000.0,5724625000.0,6722717000.0
root/MiddleEast&NorthAfrica/Algeria,root/MiddleEast&NorthAfrica,34709000.0,87427000.0,81985000.0,154298000.0,137020000.0,74015000.0,66260000.0,445695000.0,550280000.0,647649000.0,309157000.0,182647000.0,253704000.0,280918000.0,54909000.0,152515000.0,331006000.0,456634000.0,428476000.0,39451000.0,361703000.0,93967000.0,29497000.0,124257000.0,612921000.0,446988000.0,504015000.0,72574000.0,440557000.0,370608000.0,253821000.0,623930000.0,458195000.0,836155000.0,1023133000.0,1735430000.0,8408061000.0,57379000.0,50925000.0,52837000.0,125067000.0,220678000.0,458936000.0,118594000.0,130773000.0,110435000.0,93910000.0
root/MiddleEast&NorthAfrica/Djibouti,root/MiddleEast&NorthAfrica,1300000.0,119000.0,2723000.0,468000.0,1441000.0,4290000.0,6471000.0,971000.0,567000.0,1282000.0,628000.0,1612000.0,1203000.0,8551000.0,28788000.0,15904000.0,8189000.0,8629000.0,5399000.0,1428000.0,13248000.0,38279000.0,22195000.0,8544000.0,8897000.0,3651000.0,8626000.0,587000.0,1214000.0,3286000.0,4358000.0,5239000.0,606000.0,4856000.0,6793000.0,4290000.0,4019000.0,4101000.0,16948000.0,14884000.0,7585000.0,9210000.0,2161000.0,14161000.0,168174000.0,348522000.0,398788000.0
root/MiddleEast&NorthAfrica/EgyptArabRep,root/MiddleEast&NorthAfrica,18859000.0,142102000.0,69316000.0,109366000.0,34297000.0,2100664000.0,761809000.0,553559000.0,814715000.0,942161000.0,1528944000.0,1291213000.0,1953787000.0,1152718000.0,1462588000.0,1434443000.0,705691000.0,502771000.0,833720000.0,276433000.0,326090000.0,705864000.0,321252000.0,359030000.0,249065000.0,22702000.0,53613000.0,279289000.0,257051000.0,359226000.0,514730000.0,588907000.0,631799000.0,745576000.0,719735000.0,730660000.0,832925000.0,1014927000.0,986388000.0,808195000.0,882887000.0,1062444000.0,629705000.0,7243223000.0,1302838000.0,4496777000.0,5366403000.0
root/MiddleEast&NorthAfrica/IranIslamicRep,root/MiddleEast&NorthAfrica,0,0,0,0,0,0,0,0,0,0,19010000.0,23434000.0,21042000.0,20511000.0,20439000.0,18597000.0,82014000.0,9976000.0,3300000.0,45500000.0,18056000.0,49065000.0,14033000.0,19252000.0,1648260000.0,3185287000.0,3778305000.0,4084225000.0,793446000.0,2102928000.0,1318814000.0,57720000.0,128240000.0,323414000.0,105987000.0,268826000.0,62692000.0,109202000.0,120195000.0,257956000.0,295317000.0,329711000.0,126894000.0,140653000.0,141277000.0,224002000.0,88482000.0
root/MiddleEast&NorthAfrica/Jordan,root/MiddleEast&NorthAfrica,7345000.0,13342000.0,27695000.0,26417000.0,30826000.0,58782000.0,76744000.0,112822000.0,97609000.0,129317000.0,220280000.0,254416000.0,250108000.0,171469000.0,65618000.0,138654000.0,101235000.0,57953000.0,82605000.0,290757000.0,186459000.0,432534000.0,136189000.0,13488000.0,110423000.0,339708000.0,157226000.0,102134000.0,837000.0,13580000.0,18071000.0,193028000.0,41384000.0,167988000.0,97221000.0,45280000.0,90675000.0,163081000.0,2089277000.0,67450000.0,10596000.0,87527000.0,115017000.0,50942000.0,2422000.0,191691000.0,195707000.0
root/MiddleEast&NorthAfrica/Lebanon,root/MiddleEast&NorthAfrica,11181000.0,2789000.0,5244000.0,6853000.0,7515000.0,7043000.0,4090000.0,1890000.0,4225000.0,9208000.0,28459000.0,12462000.0,2960000.0,27457000.0,20051000.0,6324000.0,24128000.0,28727000.0,18190000.0,19238000.0,15841000.0,6439000.0,16043000.0,17255000.0,55157000.0,50133000.0,90058000.0,72470000.0,37664000.0,13761000.0,7623000.0,7086000.0,8596000.0,564053000.0,11585000.0,14957000.0,48768000.0,98677000.0,117432000.0,96471000.0,71804000.0,41009000.0,6916000.0,153768000.0,48719000.0,54421000.0,45522000.0
root/MiddleEast&NorthAfrica/Morocco,root/MiddleEast&NorthAfrica,109403000.0,60809000.0,29494000.0,5647000.0,7652000.0,159761000.0,31976000.0,586282000.0,226855000.0,201606000.0,681743000.0,891546000.0,538603000.0,234307000.0,425328000.0,82439000.0,42384000.0,145458000.0,176915000.0,273208000.0,282972000.0,202814000.0,96143000.0,105459000.0,560581000.0,500492000.0,158868000.0,520510000.0,560924000.0,371993000.0,211238000.0,360529000.0,422084000.0,225932000.0,442338000.0,186639000.0,28173000.0,220322000.0,816533000.0,611808000.0,546183000.0,286095000.0,495900000.0,59504000.0,439753000.0,195314000.0,411071000.0
root/MiddleEast&NorthAfrica/SyrianArabRepublic,root/MiddleEast&NorthAfrica,0,0,0,0,0,0,0,0,0,0,0,0,0,0,0,0,0,0,0,0,0,0,0,0,0,148245000.0,94089000.0,86122000.0,55308000.0,7786000.0,151959000.0,194871000.0,0,0,0,0,0,0,360429000.0,324868000.0,309263000.0,244033000.0,0,0,0,0,0
root/MiddleEast&NorthAfrica/Tunisia,root/MiddleEast&NorthAfrica,28537000.0,38920000.0,74534000.0,68338000.0,54446000.0,65776000.0,78249000.0,259147000.0,137204000.0,134485000.0,187217000.0,166232000.0,199195000.0,148976000.0,266451000.0,122402000.0,42499000.0,17918000.0,40170000.0,56720000.0,79595000.0,93964000.0,74685000.0,26534000.0,60209000.0,131268000.0,70027000.0,63427000.0,75711000.0,1195000.0,26807000.0,43096000.0,19677000.0,47803000.0,94904000.0,105805000.0,21228000.0,59580000.0,37929000.0,41334000.0,68976000.0,239940000.0,168031000.0,124281000.0,405503000.0,47434000.0,121312000.0
root/MiddleEast&NorthAfrica/YemenRep,root/MiddleEast&NorthAfrica,0,9124000.0,43126000.0,43977000.0,59341000.0,43905000.0,69870000.0,45249000.0,93075000.0,93196000.0,416649000.0,243231000.0,205045000.0,374807000.0,122748000.0,111255000.0,86978000.0,61666000.0,5819000.0,77492000.0,49982000.0,35625000.0,16454000.0,20708000.0,4998000.0,4470000.0,3123000.0,6897000.0,24281000.0,5797000.0,6223000.0,8749000.0,6709000.0,21994000.0,26039000.0,12773000.0,51801000.0,1522000.0,10864000.0,65249000.0,15167000.0,39708000.0,963294000.0,42968000.0,49180000.0,56029000.0,1522000.0
root/SouthAsia,root,1615397000.0,1199154000.0,608994000.0,772710000.0,1522658000.0,1728754000.0,1328657000.0,881869000.0,788538000.0,793588000.0,969222000.0,783094000.0,938736000.0,549773000.0,713580000.0,663088000.0,970725000.0,1164050000.0,1177430000.0,1439341000.0,1121428000.0,1134335000.0,1154441000.0,911600000.0,659149000.0,2088499000.0,1293732000.0,1784373000.0,897284000.0,873630000.0,1290909000.0,953781000.0,729093000.0,1806362000.0,1395682000.0,1502936000.0,916089000.0,904649000.0,886922000.0,2050309000.0,1885130000.0,2017371000.0,3194166000.0,5889851000.0,3762211000.0,1470222000.0,2944840000.0
root/SouthAsia/Afghanistan,root/SouthAsia,0,0,0,0,0,0,0,0,0,0,0,0,0,0,0,0,0,0,0,0,0,0,0,0,0,0,0,0,0,0,0,0,0,0,0,0,39732000.0,6865000.0,604000.0,2259000.0,0,0,0,0,8138000.0,15770000.0,938000.0
root/SouthAsia/Bangladesh,root/SouthAsia,0,0,62136000.0,232523000.0,431895000.0,319654000.0,141658000.0,153538000.0,179327000.0,260540000.0,275477000.0,209876000.0,465914000.0,161839000.0,137762000.0,115715000.0,299279000.0,270307000.0,256060000.0,342613000.0,58378000.0,17526000.0,48324000.0,85066000.0,10419000.0,125692000.0,30646000.0,140902000.0,117246000.0,181146000.0,152815000.0,1035000.0,95174000.0,34697000.0,50122000.0,202491000.0,188833000.0,259120000.0,101347000.0,142597000.0,103678000.0,251579000.0,554899000.0,2692127000.0,1384844000.0,258444000.0,796887000.0
root/SouthAsia/Bhutan,root/SouthAsia,0,0,0,0,0,0,0,0,0,0,0,0,0,0,337000.0,2921000.0,8229000.0,7112000.0,7000.0,694000.0,927000.0,69000.0,4935000.0,5610000.0,3740000.0,288000.0,9087000.0,5790000.0,50881000.0,1605000.0,19644000.0,62584000.0,71531000.0,76127000.0,71212000.0,57431000.0,26648000.0,10743000.0,22825000.0,26314000.0,71508000.0,152538000.0,281145000.0,223681000.0,328064000.0,196216000.0,326448000.0
root/SouthAsia/India,root/SouthAsia,1265949000.0,544460000.0,328919000.0,316569000.0,452786000.0,792783000.0,501018000.0,291569000.0,149339000.0,3590000.0,139181000.0,41988000.0,6583000.0,118672000.0,362307000.0,218211000.0,306135000.0,708907000.0,425899000.0,857994000.0,716612000.0,836278000.0,960081000.0,646592000.0,172188000.0,1472003000.0,827946000.0,1204358000.0,204073000.0,360866000.0,839441000.0,669995000.0,458099000.0,1437924000.0,898654000.0,740459000.0,459875000.0,312273000.0,515176000.0,347789000.0,639656000.0,145514000.0,327894000.0,802204000.0,673655000.0,584941000.0,958895000.0
root/SouthAsia/Maldives,root/SouthAsia,0,0,0,0,0,0,0,0,2102000.0,2507000.0,15288000.0,4566000.0,2180000.0,2930000.0,2309000.0,705000.0,275000.0,2113000.0,525000.0,1481000.0,3692000.0,2879000.0,155000.0,12399000.0,796000.0,11145000.0,2832000.0,7167000.0,4769000.0,3999000.0,4135000.0,3224000.0,1826000.0,16128000.0,22085000.0,4685000.0,1231000.0,6631000.0,12282000.0,83547000.0,50947000.0,38821000.0,51253000.0,37054000.0,1919000.0,19862000.0,285581000.0
root/SouthAsia/Nepal,root/SouthAsia,2141000.0,3942000.0,2327000.0,2935000.0,1181000.0,1688000.0,512000.0,5840000.0,14345000.0,6112000.0,13232000.0,14602000.0,5189000.0,5976000.0,5550000.0,8868000.0,25478000.0,14446000.0,8994000.0,27914000.0,15690000.0,24834000.0,1786000.0,34289000.0,28547000.0,3039000.0,2765000.0,65977000.0,5798000.0,24104000.0,10976000.0,14903000.0,19851000.0,25877000.0,9874000.0,85715000.0,30308000.0,25071000.0,31005000.0,10773000.0,3120000.0,3302000.0,9507000.0,15654000.0,14314000.0,4212000.0,6446000.0
root/SouthAsia/Pakistan,root/SouthAsia,309360000.0,603761000.0,183843000.0,197601000.0,610117000.0,575786000.0,611641000.0,353890000.0,321824000.0,437293000.0,418915000.0,405239000.0,364733000.0,123326000.0,64820000.0,130144000.0,109924000.0,43921000.0,318228000.0,37327000.0,232626000.0,8773000.0,135380000.0,92344000.0,317435000.0,326505000.0,332128000.0,191750000.0,332076000.0,259040000.0,205990000.0,72701000.0,17112000.0,65013000.0,206730000.0,129547000.0,30496000.0,131914000.0,161119000.0,1094185000.0,12489000.0,681291000.0,715754000.0,917138000.0,367734000.0,115037000.0,444550000.0
root/SouthAsia/SriLanka,root/SouthAsia,37947000.0,46991000.0,31769000.0,23082000.0,26679000.0,38843000.0,73828000.0,77032000.0,121601000.0,83546000.0,107129000.0,106823000.0,94137000.0,137030000.0,140495000.0,186524000.0,221405000.0,117244000.0,167717000.0,171318000.0,93503000.0,243976000.0,3780000.0,35300000.0,126024000.0,149827000.0,88328000.0,168429000.0,182441000.0,42870000.0,57908000.0,129339000.0,65500000.0,150596000.0,137005000.0,282608000.0,138966000.0,152032000.0,42564000.0,342845000.0,1003732000.0,744326000.0,1253714000.0,1201993000.0,983543000.0,275740000.0,125095000.0
root/Sub-SaharanAfrica,root,381063720.8,1247356374.0,454922090.3,680208097.3,1220478490.5,1367862636.6,1146888378.3,1333489675.3,1364378731.8,2291431626.5,2114359091.6,3283791374.3,3741259933.0,3239976301.7,2833057378.5,2171210440.2,2144471304.3,2389550929.0,1916495556.1,2445468221.0,2335401120.1,1482648094.5,1627918127.1,1750406963.5,831977719.4,1000957909.2,812789019.3,794162436.3,1308733228.2,1253425311.2,1553921925.8,3012160402.1,985329113.4,1429106195.6,1492310876.4,4535283626.5,5882103000.0,2462236706.1,4574848330.8,3483800351.0,7069167861.2,6521026550.5,5255104635.4,7782019571.9,9062317843.1,8546022697.0,16414543161.6
root/Sub-SaharanAfrica/Angola,root/Sub-SaharanAfrica,0,0,0,0,0,0,0,0,0,0,0,0,0,0,0,0,0,0,0,119592000.0,108709000.0,35451000.0,32142000.0,1518000.0,6801000.0,66925000.0,16382000.0,40014000.0,389775000.0,403538000.0,230676000.0,1028466000.0,44229000.0,60903000.0,21578000.0,210205000.0,707655000.0,595260000.0,816926000.0,786230000.0,3372511000.0,1522582000.0,98228000.0,2184927000.0,1345775000.0,763724000.0,8690174000.0
root/Sub-SaharanAfrica/Benin,root/Sub-SaharanAfrica,1849000.0,4012000.0,1255000.0,32110000.0,2737000.0,2838000.0,13440000.0,19541000.0,14578000.0,30823000.0,33419000.0,7315000.0,52547000.0,14193000.0,1263000.0,4109000.0,16920000.0,18706000.0,10830000.0,71202000.0,29144000.0,14756000.0,6592000.0,7180000.0,2325000.0,2887000.0,11629000.0,3276000.0,4961000.0,13832000.0,16647000.0,1124000.0,2841000.0,2718000.0,2562000.0,3679000.0,62237000.0,19325000.0,2311000.0,14710000.0,12447000.0,12594000.0,13857000.0,7365000.0,97060000.0,71414000.0,14429000.0
root/Sub-SaharanAfrica/Botswana,root/Sub-SaharanAfrica,1057000.0,14642000.0,31670000.0,25636000.0,10486000.0,18002000.0,16499000.0,9474000.0,1192000.0,2540000.0,8630000.0,5030000.0,6177000.0,7773000.0,25075000.0,9265000.0,367000.0,28862000.0,8767000.0,6260000.0,4897000.0,3047000.0,4800000.0,4392000.0,3324000.0,34676000.0,13103000.0,20761000.0,2547000.0,4406000.0,4338000.0,6252000.0,10478000.0,2691000.0,7062000.0,689000.0,9605000.0,36057000.0,17296000.0,4201000.0,13204000.0,31820000.0,10143000.0,13125000.0,17020000.0,16407000.0,15839000.0
root/Sub-SaharanAfrica/BurkinaFaso,root/Sub-SaharanAfrica,129000.0,188000.0,1380000.0,3985000.0,7237000.0,7696000.0,14295000.0,16118000.0,8371000.0,18431000.0,27574000.0,23294000.0,22231000.0,35834000.0,20457000.0,16681000.0,17720000.0,54118000.0,33598000.0,41705000.0,29359000.0,45368000.0,31861000.0,18882000.0,4938000.0,1255000.0,7638000.0,313000.0,2675000.0,7595000.0,9823000.0,19429000.0,3388000.0,5028000.0,37877000.0,4920000.0,29085000.0,38832000.0,41201000.0,6698000.0,18260000.0,7741000.0,898000.0,10966000.0,12862000.0,40976000.0,5378000.0
root/Sub-SaharanAfrica/Burundi,root/Sub-SaharanAfrica,2877.7,0,0,627962.8,903247.9,908575.3,1238310.9,9874869.8,5492663.3,15121160.7,17247150.8,12400669.4,22628175.8,39235295.3,15750123.5,23086505.9,16864392.4,36525590.4,13379920.7,35250241.4,21908844.1,8025704.8,16664712.5,616117.9,1352435.2,862909.2,599019.3,3167628.5,393228.2,385539.7,0,995202.1,3717113.4,304072.3,149384.0,233626.5,0,975706.1,773791.4,11000.0,0,2407611.3,21338754.3,607164.7,15121031.4,12375203.1,1533879.7
root/Sub-SaharanAfrica/CaboVerde,root/Sub-SaharanAfrica,0,0,0,0,0,0,0,0,0,0,0,15484000.0,14024000.0,10720000.0,4823000.0,4090000.0,1388000.0,1058000.0,1057000.0,2091000.0,4924000.0,287000.0,1086000.0,1006000.0,282000.0,1457000.0,2566000.0,1449000.0,17774000.0,12012000.0,2110000.0,13429000.0,3256000.0,4393000.0,7437000.0,5137000.0,8873000.0,7630000.0,29270000.0,35098000.0,65697000.0,125703000.0,129701000.0,116192000.0,34328000.0,30700000.0,5555000.0
root/Sub-SaharanAfrica/Cameroon,root/Sub-SaharanAfrica,13683000.0,9302000.0,20800000.0,13928000.0,11785000.0,11962000.0,34490000.0,163256000.0,71541000.0,190304000.0,158726000.0,162736000.0,57783000.0,88218000.0,50049000.0,54864000.0,73824000.0,51783000.0,110252000.0,244832000.0,318653000.0,92914000.0,375462000.0,410105000.0,149403000.0,63630000.0,21338000.0,34661000.0,21267000.0,33411000.0,66917000.0,37020000.0,23887000.0,50371000.0,179800000.0,241228000.0,64063000.0,47036000.0,26908000.0,46996000.0,32818000.0,34433000.0,343980000.0,697594000.0,566318000.0,331003000.0,804128000.0
root/Sub-SaharanAfrica/CentralAfricanRepublic,root/Sub-SaharanAfrica,210843.1,414374.0,4063090.3,237134.5,466242.6,6867061.3,8736067.4,8718805.5,1509068.5,1226465.8,11423940.8,17260704.9,8284757.2,4900006.4,5110255.0,18556934.3,28755911.9,37315338.6,34593635.4,8299979.6,13790276.0,52649389.7,13049414.6,18145845.6,1001284.2,0,0,10807.8,52000.0,587771.5,516925.8,2018200.0,0,124123.3,4517492.4,0,0,0,1774539.4,12525351.0,13114861.2,8706939.2,9293881.1,17926407.2,58471811.7,493493.9,2474281.9
root/Sub-SaharanAfrica/Chad,root/Sub-SaharanAfrica,1054000.0,1872000.0,25000.0,9225000.0,12257000.0,58451000.0,219000.0,13694000.0,8345000.0,3086000.0,613000.0,558000.0,0,1268000.0,6598000.0,3055000.0,12334000.0,20314000.0,18113000.0,18732000.0,22228000.0,22645000.0,13748000.0,1788000.0,4871000.0,689000.0,492000.0,6607000.0,1412000.0,9201000.0,6992000.0,2229000.0,2597000.0,6653000.0,914000.0,3394000.0,24945000.0,6079000.0,54058000.0,4728000.0,295907000.0,186036000.0,28648000.0,2632000.0,24807000.0,9632000.0,5146000.0
root/Sub-SaharanAfrica/Comoros,root/Sub-SaharanAfrica,48000.0,8000.0,248000.0,54000.0,2314000.0,489000.0,3694000.0,4130000.0,2610000.0,6612000.0,6484000.0,7381000.0,9111000.0,9452000.0,9218000.0,8056000.0,5798000.0,6252000.0,5913000.0,2319000.0,3237000.0,309000.0,67000.0,0,1687000.0,0,0,240000.0,820000.0,979000.0,0,0,389000.0,996000.0,0,0,0,0,0,0,0,0,0,0,0,4926000.0,35056000.0
root/Sub-SaharanAfrica/CongoDemRep,root/Sub-SaharanAfrica,7267000.0,11557000.0,13977000.0,7589000.0,123594000.0,189820000.0,195717000.0,102899000.0,97644000.0,23461000.0,41906000.0,198527000.0,60643000.0,49830000.0,30856000.0,8990000.0,39371000.0,52132000.0,103726000.0,104913000.0,84699000.0,20377000.0,947000.0,0,0,0,3432000.0,0,0,7500000.0,0,0,5299000.0,36782000.0,43375000.0,98302000.0,76592000.0,100594000.0,95009000.0,126433000.0,27406000.0,83565000.0,120953000.0,268749000.0,18130000.0,96827000.0,74634000.0
root/Sub-SaharanAfrica/CongoRep,root/Sub-SaharanAfrica,14634000.0,15022000.0,10951000.0,9302000.0,14836000.0,76961000.0,12496000.0,33074000.0,46659000.0,104806000.0,72728000.0,67060000.0,72360000.0,18254000.0,30828000.0,80539000.0,64308000.0,93620000.0,61938000.0,31778000.0,75785000.0,26226000.0,14388000.0,8955000.0,45910000.0,2325000.0,90787000.0,10871000.0,1473000.0,3129000.0,1068000.0,2268000.0,2461000.0,3149000.0,46000.0,116782000.0,114381000.0,35088000.0,59367000.0,62466000.0,433473000.0,172963000.0,147120000.0,473896000.0,479206000.0,3090000.0,2348000.0
root/Sub-SaharanAfrica/CotedIvoire,root/Sub-SaharanAfrica,22179000.0,20302000.0,14549000.0,34792000.0,9936000.0,30794000.0,48169000.0,102603000.0,79512000.0,173652000.0,56580000.0,31740000.0,86910000.0,134156000.0,106053000.0,68049000.0,52321000.0,143223000.0,51025000.0,196879000.0,282231000.0,223434000.0,263647000.0,470563000.0,272389000.0,135679000.0,62208000.0,61542000.0,8823000.0,166650000.0,139957000.0,86184000.0,92621000.0,111477000.0,12368000.0,9283000.0,16005000.0,16430000.0,10327000.0,6345000.0,237456000.0,334467000.0,128815000.0,366198000.0,144321000.0,1344356000.0,111854000.0
root/Sub-SaharanAfrica/Eritrea,root/Sub-SaharanAfrica,0,0,0,0,0,0,0,0,0,0,0,0,0,0,0,0,0,0,0,0,0,0,0,0,10584000.0,1843000.0,2438000.0,19111000.0,35972000.0,65136000.0,11528000.0,13679000.0,15550000.0,14121000.0,5108000.0,4635000.0,2371000.0,13402000.0,71028000.0,41570000.0,4765000.0,5125000.0,49420000.0,47498000.0,15447000.0,14829000.0,13794000.0
root/Sub-SaharanAfrica/Ethiopia,root/Sub-SaharanAfrica,14178000.0,22542000.0,14236000.0,14463000.0,15031000.0,29101000.0,27775000.0,5986000.0,12382000.0,47658000.0,34884000.0,852149000.0,1307878000.0,729000000.0,463392000.0,455102000.0,341106000.0,311087000.0,231190000.0,280875000.0,155771000.0,36102000.0,20073000.0,717000.0,3234000.0,19208000.0,18916000.0,886000.0,6497000.0,13162000.0,3097000.0,20370000.0,29689000.0,11698000.0,4897000.0,66488000.0,69417000.0,94903000.0,86322000.0,335093000.0,510678000.0,461259000.0,828359000.0,569926000.0,1737241000.0,1389230000.0,1166940000.0
root/Sub-SaharanAfrica/Gabon,root/Sub-SaharanAfrica,7268000.0,5149000.0,12418000.0,7164000.0,8684000.0,73433000.0,33248000.0,23836000.0,21993000.0,31007000.0,16512000.0,10355000.0,8285000.0,1964000.0,8233000.0,22131000.0,40925000.0,96352000.0,107285000.0,37042000.0,69516000.0,71660000.0,3090000.0,8256000.0,27573000.0,24271000.0,8476000.0,10256000.0,58545000.0,179349000.0,113968000.0,175983000.0,159406000.0,73058000.0,20940000.0,6037000.0,24058000.0,488691000.0,2086775000.0,90187000.0,19392000.0,27527000.0,17772000.0,235947000.0,130221000.0,135543000.0,224302000.0
root/Sub-SaharanAfrica/GambiaThe,root/Sub-SaharanAfrica,711000.0,80000.0,948000.0,581000.0,1723000.0,1111000.0,1475000.0,4974000.0,9905000.0,13090000.0,11291000.0,19147000.0,5749000.0,206000.0,3047000.0,3263000.0,5633000.0,3062000.0,6769000.0,2219000.0,2120000.0,6519000.0,6082000.0,8632000.0,8719000.0,4472000.0,27500000.0,5996000.0,4360000.0,1696000.0,821000.0,1199000.0,18821000.0,1764000.0,2204000.0,1545000.0,4502000.0,3110000.0,537000.0,1002000.0,8162000.0,3066000.0,3100000.0,6420000.0,10803000.0,10873000.0,2009000.0
root/Sub-SaharanAfrica/Ghana,root/Sub-SaharanAfrica,26759000.0,21959000.0,29671000.0,20907000.0,4391000.0,3769000.0,2674000.0,29289000.0,1381000.0,62166000.0,138171000.0,35183000.0,23589000.0,32294000.0,12540000.0,4466000.0,23906000.0,21481000.0,67760000.0,120067000.0,69356000.0,127806000.0,104685000.0,88238000.0,71438000.0,101362000.0,172267000.0,93139000.0,58093000.0,16580000.0,25058000.0,79040000.0,51017000.0,3808000.0,6516000.0,5334000.0,22011000.0,122359000.0,149396000.0,268145000.0,491812000.0,401683000.0,761686000.0,741698000.0,670855000.0,287021000.0,84221000.0
root/Sub-SaharanAfrica/Guinea,root/Sub-SaharanAfrica,63648000.0,56048000.0,47190000.0,37281000.0,88589000.0,52343000.0,28307000.0,22266000.0,15038000.0,15778000.0,19214000.0,24553000.0,3952000.0,15194000.0,33714000.0,29832000.0,88344000.0,24442000.0,104877000.0,113750000.0,50139000.0,24408000.0,26162000.0,19403000.0,6142000.0,61761000.0,9858000.0,58000.0,6538000.0,6995000.0,35008000.0,25339000.0,25845000.0,29763000.0,37199000.0,162137000.0,8761000.0,14789000.0,14410000.0,1708000.0,15673000.0,1418000.0,12893000.0,12562000.0,11789000.0,11502000.0,8728000.0
root/Sub-SaharanAfrica/GuineaBissau,root/Sub-SaharanAfrica,0,0,0,0,0,8359000.0,6778000.0,3582000.0,15722000.0,6000000.0,24460000.0,5121000.0,9950000.0,3642000.0,11221000.0,17475000.0,8798000.0,2305000.0,11584000.0,7811000.0,5409000.0,14861000.0,14483000.0,5869000.0,12710000.0,1522000.0,1368000.0,824000.0,0,0,0,182000.0,0,0,0,0,0,0,0,0,0,0,1134000.0,0,74000.0,74000.0,70000.0
root/Sub-SaharanAfrica/Kenya,root/Sub-SaharanAfrica,20955000.0,26452000.0,21818000.0,44512000.0,43139000.0,35720000.0,52999000.0,58861000.0,75706000.0,115081000.0,61684000.0,120355000.0,100633000.0,69436000.0,159104000.0,48147000.0,136492000.0,151515000.0,135210000.0,117788000.0,52931000.0,171847000.0,155517000.0,52200000.0,4165000.0,205432000.0,2836000.0,82978000.0,103547000.0,90029000.0,76836000.0,35202000.0,65610000.0,120628000.0,5120000.0,46928000.0,10777000.0,15308000.0,80298000.0,71810000.0,40530000.0,448780000.0,214958000.0,269242000.0,1273652000.0,910060000.0,1954232000.0
root/Sub-SaharanAfrica/Lesotho,root/Sub-SaharanAfrica,54000.0,165000.0,39000.0,107000.0,32000.0,73000.0,34000.0,942000.0,711000.0,2191000.0,1269000.0,717000.0,19759000.0,6907000.0,4828000.0,2771000.0,1810000.0,6995000.0,6780000.0,7591000.0,16521000.0,27844000.0,35193000.0,17775000.0,4466000.0,9668000.0,1761000.0,699000.0,1408000.0,16986000.0,33934000.0,19201000.0,8547000.0,8258000.0,11424000.0,8401000.0,7753000.0,3134000.0,12768000.0,12802000.0,2112000.0,3774000.0,14589000.0,6442000.0,20673000.0,9803000.0,12068000.0
root/Sub-SaharanAfrica/Liberia,root/Sub-SaharanAfrica,425000.0,1881000.0,90000.0,5593000.0,4331000.0,1919000.0,12163000.0,4336000.0,12107000.0,32778000.0,30186000.0,43005000.0,35185000.0,25689000.0,51407000.0,13507000.0,12605000.0,8809000.0,8747000.0,395000.0,202000.0,100000.0,27000.0,25000.0,0,0,0,0,0,0,0,0,0,0,0,0,0,0,0,0,0,6040000.0,1504000.0,1753000.0,1443000.0,103000.0,10405000.0
root/Sub-SaharanAfrica/Madagascar,root/Sub-SaharanAfrica,6522000.0,3060000.0,13282000.0,21128000.0,230100000.0,86686000.0,10076000.0,91106000.0,8799000.0,117744000.0,151845000.0,139008000.0,148497000.0,161640000.0,106274000.0,61614000.0,11867000.0,108977000.0,35855000.0,35090000.0,42215000.0,14824000.0,21962000.0,24136000.0,3708000.0,10249000.0,26138000.0,73397000.0,16370000.0,18644000.0,29649000.0,9635000.0,11730000.0,12934000.0,152070000.0,13712000.0,9689000.0,9460000.0,33660000.0,41945000.0,54159000.0,40648000.0,18362000.0,8080000.0,27300000.0,31423000.0,30939000.0
root/Sub-SaharanAfrica/Malawi,root/Sub-SaharanAfrica,38717000.0,16538000.0,15936000.0,18061000.0,16360000.0,31566000.0,17535000.0,25531000.0,29807000.0,27876000.0,51953000.0,22950000.0,5396000.0,10898000.0,69000.0,7504000.0,24059000.0,986000.0,3657000.0,6775000.0,30674000.0,6209000.0,6794000.0,2035000.0,1235000.0,103473000.0,10500000.0,9230000.0,6234000.0,2649000.0,2629000.0,10704000.0,3677000.0,3628000.0,5074000.0,4738000.0,6358000.0,6684000.0,6272000.0,38598000.0,22153000.0,144188000.0,22536000.0,87185000.0,34539000.0,20592000.0,5811000.0
root/Sub-SaharanAfrica/Mali,root/Sub-SaharanAfrica,21413000.0,2159000.0,8854000.0,4521000.0,20479000.0,11647000.0,15079000.0,27738000.0,16463000.0,29291000.0,46127000.0,50369000.0,66582000.0,68589000.0,68164000.0,48896000.0,80302000.0,44869000.0,27988000.0,76869000.0,41512000.0,32789000.0,63432000.0,11748000.0,24225000.0,15089000.0,15167000.0,1745000.0,9344000.0,22763000.0,9643000.0,14161000.0,1601000.0,12302000.0,8882000.0,47751000.0,15282000.0,45477000.0,5346000.0,94033000.0,42908000.0,22576000.0,125477000.0,48530000.0,78847000.0,152876000.0,86358000.0
root/Sub-SaharanAfrica/Mauritania,root/Sub-SaharanAfrica,774000.0,2368000.0,939000.0,24608000.0,42500000.0,21553000.0,92562000.0,21041000.0,58494000.0,62504000.0,82770000.0,109840000.0,96664000.0,66474000.0,50150000.0,53775000.0,86996000.0,47985000.0,20523000.0,1268000.0,9430000.0,7777000.0,14734000.0,53515000.0,5182000.0,10689000.0,16438000.0,14351000.0,16476000.0,10841000.0,246000.0,13359000.0,969000.0,8605000.0,2435000.0,4898000.0,3582000.0,45178000.0,128621000.0,177750000.0,75843000.0,91430000.0,208071000.0,103229000.0,40593000.0,128314000.0,27782000.0
root/Sub-SaharanAfrica/Mauritius,root/Sub-SaharanAfrica,1756000.0,1876000.0,1238000.0,2267000.0,4062000.0,2860000.0,1971000.0,12169000.0,9395000.0,8132000.0,15167000.0,28273000.0,11644000.0,12249000.0,12820000.0,12275000.0,12558000.0,42861000.0,41423000.0,17192000.0,56565000.0,53764000.0,1533000.0,9960000.0,2236000.0,5686000.0,10439000.0,16468000.0,5874000.0,1899000.0,4510000.0,17446000.0,1882000.0,38483000.0,36803000.0,24919000.0,48498000.0,6594000.0,16884000.0,43248000.0,111973000.0,134730000.0,146325000.0,120752000.0,56678000.0,26970000.0,40790000.0
root/Sub-SaharanAfrica/Mozambique,root/Sub-SaharanAfrica,0,0,0,0,0,0,0,0,0,0,0,0,0,0,617371000.0,306722000.0,296351000.0,231482000.0,100725000.0,98004000.0,77193000.0,15664000.0,21918000.0,21241000.0,28976000.0,34136000.0,29238000.0,12901000.0,11861000.0,5567000.0,12057000.0,2311000.0,20928000.0,5728000.0,1053000.0,4154000.0,429000.0,8584000.0,50302000.0,130218000.0,14329000.0,261851000.0,385989000.0,588860000.0,746315000.0,330732000.0,397562000.0
root/Sub-SaharanAfrica/Niger,root/Sub-SaharanAfrica,9207000.0,6496000.0,4704000.0,5792000.0,13744000.0,20864000.0,18434000.0,15584000.0,19284000.0,24884000.0,27845000.0,86643000.0,43867000.0,61253000.0,28021000.0,34372000.0,19352000.0,56805000.0,36881000.0,30422000.0,18922000.0,5231000.0,57720000.0,36757000.0,6187000.0,169000.0,5990000.0,8169000.0,14071000.0,7451000.0,1605000.0,3070000.0,2075000.0,2105000.0,3805000.0,220000.0,7923000.0,473000.0,17179000.0,145260000.0,208297000.0,557429000.0,35404000.0,77274000.0,8921000.0,18575000.0,87065000.0
root/Sub-SaharanAfrica/Nigeria,root/Sub-SaharanAfrica,19862000.0,43333000.0,34539000.0,22112000.0,28644000.0,33894000.0,7132000.0,6832000.0,5475000.0,26346000.0,28864000.0,31920000.0,52142000.0,540498000.0,82603000.0,352197000.0,157525000.0,105482000.0,14677000.0,67557000.0,427667000.0,166397000.0,16592000.0,145800000.0,0,0,0,114986000.0,329260000.0,9371000.0,509997000.0,1206429000.0,201914000.0,591962000.0,615096000.0,3258259000.0,4160922000.0,115329000.0,35459000.0,101614000.0,58124000.0,256346000.0,185484000.0,246636000.0,353024000.0,453438000.0,498889000.0
root/Sub-SaharanAfrica/Rwanda,root/Sub-SaharanAfrica,89000.0,135000.0,220000.0,0,260000.0,4269000.0,13703000.0,12280000.0,5132000.0,14836000.0,6565000.0,8466000.0,6997000.0,5472000.0,6202000.0,27949000.0,20566000.0,31801000.0,18457000.0,6417000.0,23162000.0,12291000.0,14361000.0,10416000.0,1852000.0,168000.0,1481000.0,3008000.0,1706000.0,1996000.0,2324000.0,4003000.0,5172000.0,7851000.0,8767000.0,4951000.0,5142000.0,6130000.0,12683000.0,13972000.0,18515000.0,29604000.0,17241000.0,47511000.0,38199000.0,49284000.0,22358000.0
root/Sub-SaharanAfrica/SaoTomeandPrincipe,root/Sub-SaharanAfrica,0,0,0,0,0,0,0,1433000.0,5776000.0,2351000.0,2526000.0,4228000.0,4313000.0,3974000.0,6973000.0,7274000.0,8479000.0,3599000.0,425000.0,1351000.0,2161000.0,1577000.0,1249000.0,2756000.0,742000.0,0,330000.0,341000.0,312000.0,260000.0,669000.0,174000.0,434000.0,301000.0,4103000.0,2371000.0,753000.0,0,0,14707000.0,17429000.0,41741000.0,7744000.0,10792000.0,14089000.0,43207000.0,214000.0
root/Sub-SaharanAfrica/Senegal,root/Sub-SaharanAfrica,1106000.0,10979000.0,1066000.0,16966000.0,10326000.0,13103000.0,8463000.0,29942000.0,37034000.0,47342000.0,77289000.0,122399000.0,217328000.0,198436000.0,126483000.0,96529000.0,127036000.0,85307000.0,89068000.0,252829000.0,19453000.0,7908000.0,39176000.0,5513000.0,5441000.0,3326000.0,48162000.0,59799000.0,57538000.0,35611000.0,44882000.0,44341000.0,48731000.0,45927000.0,102551000.0,30820000.0,6574000.0,47358000.0,235807000.0,128449000.0,67327000.0,17675000.0,285937000.0,26482000.0,94937000.0,304616000.0,576844000.0
root/Sub-SaharanAfrica/SierraLeone,root/Sub-SaharanAfrica,487000.0,48138000.0,3543000.0,3074000.0,930000.0,4991000.0,4999000.0,2127000.0,5157000.0,2269000.0,30003000.0,12037000.0,36018000.0,5079000.0,883000.0,3095000.0,5543000.0,4658000.0,8652000.0,4265000.0,13328000.0,9575000.0,5362000.0,30205000.0,7552000.0,17073000.0,40371000.0,3676000.0,1220000.0,2223000.0,538000.0,4037000.0,390000.0,193000.0,2875000.0,1798000.0,1416000.0,1354000.0,12200000.0,9856000.0,6123000.0,38325000.0,24456000.0,9870000.0,1323000.0,14427000.0,805000.0
root/Sub-SaharanAfrica/Somalia,root/Sub-SaharanAfrica,4227000.0,4401000.0,11877000.0,8673000.0,29516000.0,45040000.0,44152000.0,64902000.0,64991000.0,59818000.0,48461000.0,139199000.0,90517000.0,119207000.0,100409000.0,42040000.0,44623000.0,17134000.0,27725000.0,299000.0,0,0,0,0,0,0,0,0,0,0,0,0,0,0,0,0,0,0,0,0,0,0,0,0,0,0,0
root/Sub-SaharanAfrica/Sudan,root/Sub-SaharanAfrica,18720000.0,12157000.0,21815000.0,43028000.0,184549000.0,179625000.0,230729000.0,217050000.0,338503000.0,473500000.0,345499000.0,271661000.0,624613000.0,325284000.0,152893000.0,51493000.0,4589000.0,82595000.0,146625000.0,69176000.0,0,0,0,0,0,0,0,0,0,0,35704000.0,65733000.0,18330000.0,7694000.0,78101000.0,15783000.0,204534000.0,324416000.0,299458000.0,554023000.0,471901000.0,228126000.0,25203000.0,93422000.0,55607000.0,147535000.0,131080000.0
root/Sub-SaharanAfrica/Swaziland,root/Sub-SaharanAfrica,2771000.0,295000.0,1618000.0,10846000.0,1340000.0,2195000.0,1066000.0,2841000.0,36402000.0,20237000.0,6944000.0,689000.0,11980000.0,798000.0,9093000.0,5978000.0,5155000.0,456000.0,1159000.0,7776000.0,26000.0,8617000.0,4947000.0,4194000.0,4409000.0,4084000.0,6523000.0,4903000.0,10390000.0,15516000.0,4256000.0,13556000.0,411000.0,2918000.0,8979000.0,13660000.0,3246000.0,7956000.0,8427000.0,8453000.0,623000.0,5255000.0,18692000.0,8387000.0,723000.0,13441000.0,44286000.0
root/Sub-SaharanAfrica/Tanzania,root/Sub-SaharanAfrica,30993000.0,853801000.0,72401000.0,143338000.0,153371000.0,181696000.0,84971000.0,108110000.0,82300000.0,61966000.0,104348000.0,383944000.0,96931000.0,204846000.0,248234000.0,8406000.0,67521000.0,77718000.0,12558000.0,2541000.0,47444000.0,8543000.0,59988000.0,3265000.0,15519000.0,11603000.0,32932000.0,6291000.0,14284000.0,28438000.0,28114000.0,2978000.0,16996000.0,14633000.0,10616000.0,2075000.0,59633000.0,12961000.0,0,4619000.0,177515000.0,128422000.0,88603000.0,100327000.0,411754000.0,275223000.0,208406000.0
root/Sub-SaharanAfrica/Togo,root/Sub-SaharanAfrica,2298000.0,2935000.0,831000.0,12737000.0,29352000.0,18333000.0,5227000.0,24017000.0,74327000.0,48415000.0,2633000.0,23563000.0,12744000.0,9377000.0,469000.0,15237000.0,20952000.0,6966000.0,38303000.0,4250000.0,34234000.0,9060000.0,8588000.0,3604000.0,1257000.0,716000.0,25061000.0,13484000.0,1862000.0,797000.0,1978000.0,7097000.0,1532000.0,477000.0,2233000.0,6846000.0,9396000.0,1750000.0,732000.0,22217000.0,36954000.0,3787000.0,98301000.0,18715000.0,96546000.0,100576000.0,90606000.0
root/Sub-SaharanAfrica/Uganda,root/Sub-SaharanAfrica,10626000.0,4508000.0,4127000.0,1268000.0,1845000.0,8759000.0,15183000.0,5936000.0,72000.0,77323000.0,1267000.0,30039000.0,7276000.0,988000.0,6512000.0,8369000.0,41428000.0,118718000.0,4586000.0,114063000.0,10665000.0,444000.0,18062000.0,149872000.0,1052000.0,10452000.0,26530000.0,17741000.0,14150000.0,26411000.0,15376000.0,1115000.0,4651000.0,5248000.0,5739000.0,64112000.0,32526000.0,557000.0,14362000.0,10313000.0,25505000.0,5976000.0,182823000.0,62159000.0,94817000.0,437911000.0,401874000.0
root/Sub-SaharanAfrica/Zambia,root/Sub-SaharanAfrica,14636000.0,21882000.0,31995000.0,68750000.0,85697000.0,89193000.0,60298000.0,26587000.0,63230000.0,289114000.0,236183000.0,129776000.0,143090000.0,78676000.0,81360000.0,78616000.0,65835000.0,30027000.0,99944000.0,43322000.0,5254000.0,34841000.0,10345000.0,2129000.0,7606000.0,16660000.0,17802000.0,19984000.0,23010000.0,8474000.0,26312000.0,799000.0,51000000.0,103907000.0,29173000.0,33502000.0,30181000.0,36001000.0,15698000.0,2881000.0,40855000.0,463724000.0,386906000.0,21164000.0,201640000.0,453566000.0,500200000.0
root/Sub-SaharanAfrica/Zimbabwe,root/Sub-SaharanAfrica,748000.0,700000.0,609000.0,4945000.0,4932000.0,972000.0,862000.0,809000.0,1339000.0,1672000.0,75068000.0,29416000.0,136982000.0,68073000.0,74508000.0,52834000.0,54144000.0,121168000.0,53870000.0,34611000.0,53966000.0,60501000.0,121389000.0,88995000.0,71484000.0,17460000.0,24093000.0,16829000.0,47839000.0,1355000.0,44138000.0,21603000.0,23258000.0,15523000.0,2862000.0,5357000.0,12928000.0,126972000.0,25003000.0,12886000.0,3217000.0,167503000.0,33160000.0,50979000.0,20848000.0,48355000.0,17356000.0
