root/EastAsia&Pacific,root,29556000.0,33593000.0,49442000.0,60970000.0,70818000.0,95866000.0,116994000.0,129091000.0,165299000.0,213517000.0,208042000.0,219695000.0,263566000.0,294875000.0,325280000.0,401542000.0,544322000.0,629941000.0,771299000.0,843627000.0,966241000.0,1208199000.0,1324783000.0,1677012000.0,1844163000.0,2062144000.0,1781689000.0,1729074000.0,2282997000.0,2480609000.0,2211677000.0,2152019000.0,1550033000.0,2064869000.0,2806377000.0,1639797000.0,1824900000.0,2186022000.0,2073555000.0,2047178000.0,2147538000.0,2196302000.0,2821915000.0,2354865000.0,2140163000.0,2216417000.0,2328379000.0
root/EastAsia&Pacific/Cambodia,root/EastAsia&Pacific,0,0,0,0,0,0,0,0,0,0,0,0,0,0,0,0,0,0,0,0,0,0,0,0,0,0,175000.0,543000.0,865000.0,888000.0,859000.0,804000.0,1007000.0,1296000.0,1659000.0,1880000.0,2048000.0,2340000.0,5299000.0,6725000.0,10916000.0,13208000.0,25283000.0,33586000.0,38004000.0,39610000.0,53973000.0
root/EastAsia&Pacific/China,root/EastAsia&Pacific,0,0,0,0,0,0,0,0,0,0,0,1055000.0,11543000.0,22323000.0,29357000.0,43160000.0,70306000.0,102163000.0,119107000.0,137063000.0,193017000.0,272606000.0,281255000.0,304632000.0,330203000.0,323519000.0,293045000.0,342220000.0,965733000.0,778997000.0,635470000.0,546442000.0,418340000.0,616589000.0,790373000.0,534856000.0,422211000.0,458012000.0,314481000.0,279082000.0,349312000.0,368568000.0,1126850000.0,896457000.0,526290000.0,998149000.0,454730000.0
root/EastAsia&Pacific/Fiji,root/EastAsia&Pacific,58000.0,68000.0,98000.0,144000.0,196000.0,320000.0,490000.0,785000.0,967000.0,1013000.0,822000.0,1153000.0,750000.0,625000.0,517000.0,488000.0,522000.0,563000.0,543000.0,456000.0,336000.0,541000.0,513000.0,398000.0,376000.0,343000.0,280000.0,219000.0,374000.0,333000.0,2459000.0,2372000.0,2659000.0,2442000.0,2353000.0,2297000.0,1871000.0,1635000.0,1649000.0,1549000.0,1827000.0,2214000.0,2958000.0,4237000.0,6093000.0,6379000.0,6368000.0
root/EastAsia&Pacific/Indonesia,root/EastAsia&Pacific,18350000.0,23174000.0,32817000.0,38837000.0,49380000.0,65112000.0,77845000.0,86919000.0,107110000.0,141439000.0,130204000.0,135420000.0,156826000.0,160148000.0,168294000.0,231533000.0,252658000.0,284666000.0,368406000.0,394789000.0,451213000.0,540612000.0,617548000.0,708954000.0,776877000.0,875455000.0,808517000.0,745742000.0,707210000.0,829747000.0,810600000.0,809749000.0,332593000.0,626621000.0,1158938000.0,225930000.0,649601000.0,975661000.0,1021713000.0,1013572000.0,1017689000.0,993859000.0,870726000.0,696271000.0,882649000.0,515309000.0,548223000.0
root/EastAsia&Pacific/LaoPDR,root/EastAsia&Pacific,129000.0,286000.0,407000.0,641000.0,815000.0,861000.0,979000.0,1132000.0,1720000.0,1750000.0,1153000.0,1012000.0,918000.0,767000.0,804000.0,582000.0,868000.0,1025000.0,977000.0,991000.0,641000.0,535000.0,526000.0,551000.0,539000.0,567000.0,432000.0,347000.0,276000.0,281000.0,242000.0,452000.0,440000.0,596000.0,938000.0,1163000.0,6102000.0,3112000.0,6774000.0,10078000.0,9593000.0,26429000.0,32007000.0,50365000.0,65297000.0,73494000.0,88123000.0
root/EastAsia&Pacific/Malaysia,root/EastAsia&Pacific,3213000.0,2264000.0,3867000.0,4902000.0,5194000.0,7174000.0,11353000.0,11302000.0,15627000.0,17369000.0,19320000.0,21683000.0,20459000.0,22613000.0,27800000.0,37344000.0,54697000.0,64802000.0,80545000.0,75951000.0,75416000.0,90659000.0,96247000.0,113127000.0,123319000.0,146383000.0,133056000.0,81203000.0,69773000.0,92244000.0,94273000.0,101955000.0,118897000.0,112139000.0,136443000.0,214453000.0,138789000.0,129262000.0,77364000.0,89624000.0,80097000.0,73121000.0,66734000.0,57892000.0,61899000.0,53512000.0,47971000.0
root/EastAsia&Pacific/Mongolia,root/EastAsia&Pacific,0,0,0,0,0,0,0,0,0,0,0,0,0,0,0,0,0,0,0,0,0,0,332000.0,1600000.0,1844000.0,2079000.0,2083000.0,5659000.0,2429000.0,5167000.0,4902000.0,5624000.0,7053000.0,6445000.0,6976000.0,7861000.0,7120000.0,7099000.0,8519000.0,10125000.0,8938000.0,9476000.0,10113000.0,10998000.0,10856000.0,7079000.0,84899000.0
root/EastAsia&Pacific/Myanmar,root/EastAsia&Pacific,2546000.0,2527000.0,2943000.0,5819000.0,5173000.0,7532000.0,5927000.0,7853000.0,9677000.0,13586000.0,16919000.0,21902000.0,22626000.0,27622000.0,28244000.0,34543000.0,49896000.0,42982000.0,20932000.0,35163000.0,487000.0,39222000.0,13389000.0,77231000.0,106909000.0,50176000.0,656000.0,819000.0,1643000.0,17296000.0,0,0,0,0,0,0,2000.0,1047000.0,1079000.0,1057000.0,683000.0,704000.0,714000.0,736000.0,732000.0,712000.0,2121000.0
root/EastAsia&Pacific/PapuaNewGuinea,root/EastAsia&Pacific,0,0,0,0,95000.0,86000.0,81000.0,55000.0,54000.0,41000.0,159000.0,213000.0,290000.0,414000.0,800000.0,2492000.0,4139000.0,6359000.0,11972000.0,4600000.0,5204000.0,5332000.0,7543000.0,9106000.0,11228000.0,11910000.0,10864000.0,11536000.0,10869000.0,11577000.0,15635000.0,11777000.0,11869000.0,12372000.0,12638000.0,11674000.0,10413000.0,9620000.0,10889000.0,7107000.0,7011000.0,9929000.0,9043000.0,7809000.0,8263000.0,9465000.0,507098000.0
root/EastAsia&Pacific/Philippines,root/EastAsia&Pacific,2127000.0,1790000.0,5180000.0,5589000.0,5097000.0,8132000.0,12642000.0,12558000.0,18692000.0,24275000.0,20767000.0,13528000.0,22627000.0,26978000.0,30607000.0,7267000.0,44382000.0,45723000.0,69826000.0,91764000.0,125216000.0,123984000.0,148515000.0,275596000.0,273016000.0,406464000.0,301662000.0,290256000.0,278454000.0,330925000.0,346529000.0,303754000.0,298658000.0,301046000.0,325810000.0,296623000.0,280858000.0,266440000.0,290807000.0,284685000.0,294355000.0,300366000.0,264595000.0,194581000.0,170036000.0,135624000.0,138057000.0
root/EastAsia&Pacific/Samoa,root/EastAsia&Pacific,0,0,0,0,0,0,30000.0,29000.0,31000.0,64000.0,61000.0,55000.0,47000.0,36000.0,31000.0,26000.0,26000.0,47000.0,88000.0,96000.0,105000.0,105000.0,106000.0,93000.0,98000.0,89000.0,81000.0,74000.0,65000.0,47000.0,46000.0,33000.0,26000.0,23000.0,18000.0,12000.0,4000.0,3000.0,306000.0,782000.0,1594000.0,1892000.0,2549000.0,2903000.0,3281000.0,3491000.0,3451000.0
root/EastAsia&Pacific/SolomonIslands,root/EastAsia&Pacific,0,0,0,0,0,0,0,0,0,0,0,0,0,0,41000.0,40000.0,199000.0,212000.0,206000.0,175000.0,21000.0,213000.0,62000.0,169000.0,77000.0,44000.0,97000.0,102000.0,49000.0,33000.0,101000.0,176000.0,330000.0,908000.0,1367000.0,878000.0,430000.0,2328000.0,1542000.0,787000.0,738000.0,682000.0,623000.0,564000.0,498000.0,454000.0,414000.0
root/EastAsia&Pacific/Thailand,root/EastAsia&Pacific,3133000.0,3484000.0,4130000.0,5038000.0,4868000.0,6649000.0,7647000.0,8458000.0,11421000.0,13980000.0,18637000.0,23538000.0,27358000.0,33170000.0,38680000.0,43880000.0,66350000.0,81001000.0,98289000.0,101671000.0,109939000.0,129562000.0,153750000.0,177537000.0,206444000.0,224036000.0,209515000.0,196996000.0,191537000.0,374903000.0,252180000.0,221909000.0,209060000.0,228134000.0,192537000.0,167747000.0,150555000.0,122730000.0,110912000.0,105561000.0,110009000.0,111013000.0,105461000.0,75591000.0,65282000.0,60206000.0,59177000.0
root/EastAsia&Pacific/Tonga,root/EastAsia&Pacific,0,0,0,0,0,0,0,0,0,0,0,0,0,0,0,88000.0,115000.0,150000.0,156000.0,137000.0,169000.0,164000.0,172000.0,159000.0,158000.0,175000.0,77000.0,119000.0,128000.0,137000.0,130000.0,110000.0,186000.0,187000.0,120000.0,289000.0,91000.0,329000.0,846000.0,756000.0,1615000.0,1849000.0,2265000.0,2445000.0,2360000.0,2297000.0,2094000.0
root/EastAsia&Pacific/Vanuatu,root/EastAsia&Pacific,0,0,0,0,0,0,0,0,0,0,0,136000.0,122000.0,179000.0,105000.0,99000.0,164000.0,248000.0,252000.0,251000.0,319000.0,11000.0,140000.0,129000.0,129000.0,139000.0,129000.0,109000.0,102000.0,94000.0,102000.0,91000.0,90000.0,101000.0,109000.0,100000.0,94000.0,201000.0,375000.0,571000.0,702000.0,775000.0,584000.0,908000.0,1043000.0,1058000.0,1265000.0
root/EastAsia&Pacific/Vietnam,root/EastAsia&Pacific,0,0,0,0,0,0,0,0,0,0,0,0,0,0,0,0,0,0,0,520000.0,4158000.0,4653000.0,4685000.0,7730000.0,12946000.0,20765000.0,21020000.0,53130000.0,53490000.0,37940000.0,48149000.0,146771000.0,148825000.0,155970000.0,176098000.0,174034000.0,154711000.0,206203000.0,221000000.0,235117000.0,252459000.0,282217000.0,301410000.0,319522000.0,297580000.0,309578000.0,330415000.0
root/Europe&CentralAsia,root,36718000.0,39796000.0,42558000.0,64868000.0,65893000.0,68672000.0,90602000.0,81270000.0,58267000.0,57784000.0,71918000.0,79058000.0,94928000.0,128962000.0,143263000.0,157993000.0,153517000.0,169685000.0,203839000.0,286208000.0,189186000.0,211851000.0,236533000.0,249699000.0,230369000.0,266189000.0,258910000.0,320945000.0,288203000.0,275486000.0,277253000.0,270999000.0,300892000.0,320279000.0,368502000.0,356559000.0,477326000.0,566721000.0,553515000.0,549318000.0,519059000.0,599300000.0,594096000.0,636260000.0,560567000.0,653690000.0,754055000.0
root/Europe&CentralAsia/Albania,root/Europe&CentralAsia,0,0,0,0,0,0,0,0,0,0,0,0,0,0,0,0,0,0,0,0,0,7000.0,132000.0,260000.0,2946000.0,1647000.0,1959000.0,2021000.0,2643000.0,1957000.0,2581000.0,2679000.0,9381000.0,6165000.0,6597000.0,7935000.0,8753000.0,10518000.0,9427000.0,10661000.0,9067000.0,8772000.0,9246000.0,9464000.0,10700000.0,10051000.0,13571000.0
root/Europe&CentralAsia/Armenia,root/Europe&CentralAsia,0,0,0,0,0,0,0,0,0,0,0,0,0,0,0,0,0,0,0,0,0,0,0,0,0,71000.0,300000.0,387000.0,487000.0,762000.0,857000.0,864000.0,971000.0,1246000.0,1463000.0,1465000.0,1548000.0,1706000.0,2307000.0,13871000.0,23002000.0,23738000.0,25480000.0,21294000.0,6725000.0,7849000.0,9444000.0
root/Europe&CentralAsia/Azerbaijan,root/Europe&CentralAsia,0,0,0,0,0,0,0,0,0,0,0,0,0,0,0,0,0,0,0,0,0,0,0,0,0,0,0,9000.0,18000.0,717000.0,23543000.0,2277000.0,2969000.0,4200000.0,4886000.0,5289000.0,3998000.0,4966000.0,4198000.0,6907000.0,7977000.0,9469000.0,11659000.0,21382000.0,13674000.0,15317000.0,14715000.0
root/Europe&CentralAsia/Belarus,root/Europe&CentralAsia,0,0,0,0,0,0,0,0,0,0,0,0,0,0,0,0,0,0,0,0,0,0,0,0,1037000.0,1119000.0,1512000.0,1760000.0,1760000.0,1760000.0,1567000.0,1979000.0,2182000.0,2625000.0,4246000.0,4321000.0,4964000.0,4796000.0,65060000.0,85546000.0,71811000.0,74203000.0,86382000.0,95829000.0,110640000.0,239037000.0,302802000.0
root/Europe&CentralAsia/BosniaandHerzegovina,root/Europe&CentralAsia,0,0,0,0,0,0,0,0,0,0,0,0,0,0,0,0,0,0,0,0,0,0,0,0,0,0,0,0,0,1518000.0,8453000.0,7388000.0,9613000.0,8973000.0,6824000.0,6831000.0,7794000.0,8837000.0,9946000.0,9091000.0,10472000.0,10423000.0,9545000.0,10508000.0,27935000.0,12240000.0,11062000.0
root/Europe&CentralAsia/Bulgaria,root/Europe&CentralAsia,0,0,0,0,0,0,0,0,0,0,0,0,0,0,0,0,0,0,0,0,0,0,0,391000.0,1478000.0,15166000.0,19916000.0,19179000.0,18528000.0,17142000.0,15722000.0,18296000.0,12809000.0,14925000.0,16310000.0,16802000.0,17318000.0,18892000.0,22453000.0,20713000.0,21789000.0,22137000.0,19004000.0,14109000.0,11505000.0,8624000.0,11636000.0
root/Europe&CentralAsia/Georgia,root/Europe&CentralAsia,0,0,0,0,0,0,0,0,0,0,0,0,0,0,0,0,0,0,0,0,0,0,0,0,0,0,0,13469000.0,15437000.0,16002000.0,16901000.0,16800000.0,15870000.0,16664000.0,10845000.0,6759000.0,8908000.0,15013000.0,14842000.0,15098000.0,14316000.0,15576000.0,15090000.0,14761000.0,15199000.0,13194000.0,13451000.0
root/Europe&CentralAsia/Kazakhstan,root/Europe&CentralAsia,0,0,0,0,0,0,0,0,0,0,0,0,0,0,0,0,0,0,0,0,0,0,0,0,4000.0,2352000.0,6613000.0,4961000.0,5803000.0,9264000.0,9897000.0,11206000.0,10720000.0,18516000.0,16884000.0,21885000.0,21727000.0,24676000.0,27313000.0,27522000.0,25703000.0,24627000.0,22833000.0,18509000.0,16457000.0,13698000.0,21368000.0
root/Europe&CentralAsia/Kosovo,root/Europe&CentralAsia,0,0,0,0,0,0,0,0,0,0,0,0,0,0,0,0,0,0,0,0,0,0,0,0,0,0,0,0,0,0,0,0,0,0,0,0,0,0,0,0,0,43000.0,315000.0,334000.0,92000.0,226000.0,580000.0
root/Europe&CentralAsia/KyrgyzRepublic,root/Europe&CentralAsia,0,0,0,0,0,0,0,0,0,0,0,0,0,0,0,0,0,0,0,0,0,0,0,0,1692000.0,11035000.0,2297000.0,3243000.0,3278000.0,4520000.0,5940000.0,4423000.0,968000.0,1242000.0,1940000.0,441000.0,2290000.0,4137000.0,4297000.0,6878000.0,11195000.0,27098000.0,20115000.0,21159000.0,27435000.0,30586000.0,32498000.0
root/Europe&CentralAsia/MacedoniaFYR,root/Europe&CentralAsia,0,0,0,0,0,0,0,0,0,0,0,0,0,0,0,0,0,0,0,0,0,0,0,0,0,0,21000.0,583000.0,1135000.0,366000.0,383000.0,1091000.0,670000.0,724000.0,1208000.0,1439000.0,1627000.0,2134000.0,2699000.0,2258000.0,2207000.0,2825000.0,2757000.0,2977000.0,4236000.0,5949000.0,6959000.0
root/Europe&CentralAsia/Moldova,root/Europe&CentralAsia,0,0,0,0,0,0,0,0,0,0,0,0,0,0,0,0,0,0,0,0,0,0,0,0,0,2309000.0,1811000.0,3299000.0,2585000.0,2791000.0,2862000.0,2505000.0,2712000.0,1864000.0,2968000.0,3348000.0,1467000.0,965000.0,1229000.0,4387000.0,3853000.0,3627000.0,3274000.0,3771000.0,3423000.0,2256000.0,1873000.0
root/Europe&CentralAsia/Montenegro,root/Europe&CentralAsia,0,0,0,0,0,0,0,0,0,0,0,0,0,0,0,0,0,0,0,0,0,0,0,0,0,0,0,0,0,0,0,0,0,0,0,0,6247000.0,6030000.0,4667000.0,7075000.0,6191000.0,7032000.0,6856000.0,7602000.0,8180000.0,10275000.0,12777000.0
root/Europe&CentralAsia/Romania,root/Europe&CentralAsia,0,0,0,0,0,0,0,0,0,0,0,0,0,0,0,0,0,0,0,0,0,285000.0,2350000.0,3293000.0,4183000.0,7757000.0,16758000.0,16008000.0,14860000.0,15209000.0,14082000.0,11664000.0,9551000.0,10486000.0,9723000.0,8524000.0,14119000.0,14447000.0,15820000.0,16745000.0,16627000.0,19331000.0,17400000.0,13332000.0,11594000.0,7928000.0,9277000.0
root/Europe&CentralAsia/RussianFederation,root/Europe&CentralAsia,0,0,0,0,0,0,0,0,0,0,0,0,0,0,0,0,0,0,0,0,0,0,9000000.0,4835000.0,13620000.0,19245000.0,18989000.0,35511000.0,28199000.0,13435000.0,650000.0,24242000.0,27826000.0,23607000.0,69468000.0,61313000.0,136786000.0,91109000.0,62009000.0,30431000.0,14032000.0,60861000.0,54584000.0,48570000.0,40930000.0,36860000.0,31219000.0
root/Europe&CentralAsia/Serbia,root/Europe&CentralAsia,11961000.0,8652000.0,5416000.0,18633000.0,16793000.0,19545000.0,22227000.0,28609000.0,31839000.0,36672000.0,39106000.0,36367000.0,32114000.0,33998000.0,29078000.0,30171000.0,24638000.0,29152000.0,9087000.0,19034000.0,16783000.0,21432000.0,9433000.0,0,0,0,0,0,0,0,0,0,13746000.0,39083000.0,33881000.0,55813000.0,74524000.0,192884000.0,140145000.0,123185000.0,120651000.0,121159000.0,115765000.0,180366000.0,99936000.0,91481000.0,98975000.0
root/Europe&CentralAsia/Tajikistan,root/Europe&CentralAsia,0,0,0,0,0,0,0,0,0,0,0,0,0,0,0,0,0,0,0,0,0,0,0,0,400000.0,0,277000.0,4700000.0,13662000.0,1505000.0,2589000.0,1421000.0,2636000.0,4383000.0,14641000.0,2518000.0,6733000.0,6699000.0,12440000.0,15157000.0,15103000.0,18256000.0,20394000.0,20881000.0,21042000.0,20165000.0,19992000.0
root/Europe&CentralAsia/Turkey,root/Europe&CentralAsia,24757000.0,31144000.0,37142000.0,46235000.0,49100000.0,49127000.0,68375000.0,52661000.0,26428000.0,21112000.0,32812000.0,42691000.0,62814000.0,94964000.0,114185000.0,127822000.0,128879000.0,140533000.0,194752000.0,267174000.0,172403000.0,190127000.0,215618000.0,240920000.0,204262000.0,203595000.0,172271000.0,152738000.0,135747000.0,135650000.0,128435000.0,112720000.0,98276000.0,104921000.0,105599000.0,92790000.0,80526000.0,80443000.0,87276000.0,99180000.0,95614000.0,100635000.0,99913000.0,82313000.0,84728000.0,81692000.0,86986000.0
root/Europe&CentralAsia/Turkmenistan,root/Europe&CentralAsia,0,0,0,0,0,0,0,0,0,0,0,0,0,0,0,0,0,0,0,0,0,0,0,0,157000.0,498000.0,498000.0,650000.0,1787000.0,4320000.0,9393000.0,12300000.0,17952000.0,14501000.0,16677000.0,15695000.0,14770000.0,16126000.0,17430000.0,13293000.0,9185000.0,8439000.0,6789000.0,5813000.0,5486000.0,4142000.0,3404000.0
root/Europe&CentralAsia/Ukraine,root/Europe&CentralAsia,0,0,0,0,0,0,0,0,0,0,0,0,0,0,0,0,0,0,0,0,0,0,0,0,590000.0,1185000.0,2153000.0,7038000.0,7721000.0,8547000.0,2664000.0,9226000.0,30041000.0,16416000.0,14675000.0,16425000.0,17582000.0,17212000.0,12502000.0,7787000.0,4523000.0,2604000.0,5238000.0,3771000.0,3545000.0,4601000.0,6291000.0
root/Europe&CentralAsia/Uzbekistan,root/Europe&CentralAsia,0,0,0,0,0,0,0,0,0,0,0,0,0,0,0,0,0,0,0,0,0,0,0,0,0,210000.0,13535000.0,55389000.0,34553000.0,40021000.0,30734000.0,29918000.0,31999000.0,29738000.0,29667000.0,26966000.0,45645000.0,45131000.0,37455000.0,33533000.0,35741000.0,38445000.0,41457000.0,39515000.0,37105000.0,37519000.0,45175000.0
root/LatinAmerica&Caribbean,root,67860000.0,69067000.0,74055000.0,82448000.0,92851000.0,116710000.0,124028000.0,132309000.0,142221000.0,168023000.0,177276000.0,168578000.0,148437000.0,137182000.0,119871000.0,137299000.0,164076000.0,162942000.0,158970000.0,142936000.0,122015000.0,195647000.0,303165000.0,454277000.0,547237000.0,850841000.0,788884000.0,610479000.0,805577000.0,728359000.0,650110000.0,591215000.0,546056000.0,528752000.0,551693000.0,536834000.0,510232000.0,508986000.0,494781000.0,495342000.0,644541000.0,704637000.0,776320000.0,894126000.0,1300733000.0,983331000.0,958732000.0
root/LatinAmerica&Caribbean/Argentina,root/LatinAmerica&Caribbean,3900000.0,3592000.0,4400000.0,4361000.0,7924000.0,9900000.0,9752000.0,8939000.0,8279000.0,15942000.0,14597000.0,12929000.0,11165000.0,11333000.0,193000.0,543000.0,2128000.0,239000.0,99000.0,33000.0,71000.0,66000.0,5000.0,43114000.0,73689000.0,113507000.0,113710000.0,102813000.0,100384000.0,89468000.0,93215000.0,68483000.0,24430000.0,1999000.0,2941000.0,3599000.0,4167000.0,4445000.0,13571000.0,5130000.0,5712000.0,5692000.0,4559000.0,5718000.0,420995000.0,99530000.0,88128000.0
root/LatinAmerica&Caribbean/Belize,root/LatinAmerica&Caribbean,0,0,0,0,0,0,0,0,0,0,0,0,0,46000.0,157000.0,163000.0,243000.0,420000.0,462000.0,455000.0,557000.0,501000.0,532000.0,571000.0,553000.0,812000.0,1513000.0,1176000.0,2461000.0,2637000.0,3166000.0,3399000.0,3734000.0,4505000.0,6132000.0,5793000.0,7316000.0,7884000.0,7465000.0,6914000.0,5525000.0,4893000.0,4530000.0,4010000.0,3361000.0,3444000.0,6433000.0
root/LatinAmerica&Caribbean/Bolivia,root/LatinAmerica&Caribbean,5342000.0,2599000.0,3691000.0,3821000.0,4017000.0,4904000.0,5480000.0,6660000.0,7163000.0,7016000.0,10661000.0,6296000.0,3992000.0,16955000.0,11617000.0,11369000.0,695000.0,1632000.0,11632000.0,2626000.0,5613000.0,7263000.0,8789000.0,12995000.0,21456000.0,23869000.0,33242000.0,41428000.0,36965000.0,19701000.0,23222000.0,21785000.0,5000000.0,2791000.0,2458000.0,5374000.0,9633000.0,11446000.0,10192000.0,9501000.0,7179000.0,10546000.0,13997000.0,15718000.0,17579000.0,18239000.0,17185000.0
root/LatinAmerica&Caribbean/Brazil,root/LatinAmerica&Caribbean,27892000.0,30591000.0,31084000.0,34176000.0,36939000.0,48117000.0,48578000.0,48933000.0,48168000.0,49682000.0,47499000.0,42332000.0,40091000.0,16519000.0,17956000.0,30141000.0,39748000.0,55299000.0,33700000.0,14224000.0,13328000.0,17521000.0,15729000.0,14780000.0,66229000.0,246562000.0,237356000.0,41856000.0,186339000.0,187886000.0,73751000.0,54039000.0,88043000.0,92635000.0,105624000.0,111440000.0,121516000.0,116905000.0,113677000.0,116233000.0,299115000.0,323589000.0,340446000.0,358853000.0,307938000.0,300183000.0,307954000.0
root/LatinAmerica&Caribbean/Colombia,root/LatinAmerica&Caribbean,8422000.0,9997000.0,11203000.0,13740000.0,14153000.0,15481000.0,19619000.0,19975000.0,18900000.0,23049000.0,21529000.0,21599000.0,21434000.0,23402000.0,19997000.0,18760000.0,25945000.0,20257000.0,20753000.0,20376000.0,18385000.0,29454000.0,13856000.0,21586000.0,17905000.0,24870000.0,26250000.0,23686000.0,23542000.0,15965000.0,26486000.0,26470000.0,23143000.0,21379000.0,19391000.0,17788000.0,15595000.0,17325000.0,14971000.0,11703000.0,9690000.0,15490000.0,56719000.0,103340000.0,89354000.0,112130000.0,145442000.0
root/LatinAmerica&Caribbean/CostaRica,root/LatinAmerica&Caribbean,1195000.0,1102000.0,1250000.0,1342000.0,1528000.0,1523000.0,1424000.0,1335000.0,2289000.0,3577000.0,3303000.0,2171000.0,2383000.0,697000.0,2654000.0,4257000.0,9341000.0,43000.0,1493000.0,12243000.0,9192000.0,9549000.0,27029000.0,17591000.0,22568000.0,29722000.0,22858000.0,20078000.0,17110000.0,7944000.0,13962000.0,12277000.0,11007000.0,10034000.0,6078000.0,5262000.0,2667000.0,3100000.0,8493000.0,8333000.0,8456000.0,9288000.0,8603000.0,7561000.0,6364000.0,11944000.0,7877000.0
root/LatinAmerica&Caribbean/Dominica,root/LatinAmerica&Caribbean,0,0,0,0,0,0,0,0,0,0,0,87000.0,258000.0,60000.0,165000.0,244000.0,234000.0,276000.0,372000.0,304000.0,340000.0,409000.0,488000.0,519000.0,569000.0,418000.0,653000.0,1317000.0,1076000.0,761000.0,952000.0,1042000.0,786000.0,1242000.0,1111000.0,986000.0,1634000.0,1189000.0,1188000.0,1121000.0,1187000.0,1372000.0,1576000.0,1873000.0,2136000.0,1810000.0,2233000.0
root/LatinAmerica&Caribbean/DominicanRepublic,root/LatinAmerica&Caribbean,1611000.0,1953000.0,2346000.0,2630000.0,2625000.0,4492000.0,4736000.0,4815000.0,5530000.0,7515000.0,5981000.0,6356000.0,3680000.0,9648000.0,4909000.0,5925000.0,5640000.0,3776000.0,11166000.0,10678000.0,6981000.0,10948000.0,40922000.0,50026000.0,35430000.0,53037000.0,47752000.0,52473000.0,41531000.0,40148000.0,54394000.0,45764000.0,29130000.0,32179000.0,9132000.0,21908000.0,44909000.0,45064000.0,40053000.0,44713000.0,38013000.0,45052000.0,53180000.0,61213000.0,63611000.0,71878000.0,133138000.0
root/LatinAmerica&Caribbean/Ecuador,root/LatinAmerica&Caribbean,1731000.0,1817000.0,2282000.0,1874000.0,2326000.0,2496000.0,2772000.0,3702000.0,4192000.0,4430000.0,5253000.0,5355000.0,4842000.0,2954000.0,728000.0,4653000.0,5452000.0,1647000.0,3546000.0,11976000.0,7474000.0,9271000.0,20074000.0,18961000.0,27707000.0,46398000.0,31843000.0,36626000.0,42162000.0,44049000.0,24300000.0,42337000.0,48715000.0,44298000.0,62709000.0,71322000.0,66704000.0,62188000.0,45638000.0,39160000.0,31276000.0,28465000.0,56097000.0,90826000.0,23423000.0,25438000.0,46680000.0
root/LatinAmerica&Caribbean/ElSalvador,root/LatinAmerica&Caribbean,359000.0,439000.0,513000.0,567000.0,735000.0,845000.0,940000.0,910000.0,1701000.0,1994000.0,2278000.0,3095000.0,4642000.0,7742000.0,9176000.0,6780000.0,8947000.0,16116000.0,10189000.0,12816000.0,9093000.0,5964000.0,14252000.0,46189000.0,10263000.0,12729000.0,11479000.0,10157000.0,10079000.0,10579000.0,13479000.0,13866000.0,13904000.0,14527000.0,15862000.0,14444000.0,14651000.0,13718000.0,15004000.0,15056000.0,14916000.0,14995000.0,13672000.0,11969000.0,10718000.0,9644000.0,10430000.0
root/LatinAmerica&Caribbean/Grenada,root/LatinAmerica&Caribbean,0,89000.0,81000.0,76000.0,35000.0,60000.0,18000.0,35000.0,33000.0,36000.0,40000.0,34000.0,7000.0,172000.0,172000.0,173000.0,2000.0,0,17000.0,15000.0,4000.0,163000.0,489000.0,224000.0,228000.0,164000.0,700000.0,515000.0,507000.0,419000.0,781000.0,613000.0,2356000.0,1425000.0,2198000.0,679000.0,730000.0,1616000.0,1288000.0,1186000.0,1488000.0,1659000.0,500000.0,1038000.0,962000.0,1025000.0,1373000.0
root/LatinAmerica&Caribbean/Guatemala,root/LatinAmerica&Caribbean,1037000.0,1116000.0,842000.0,770000.0,904000.0,1241000.0,1489000.0,1367000.0,1378000.0,1848000.0,3219000.0,4387000.0,4795000.0,2697000.0,5929000.0,4755000.0,8483000.0,3346000.0,4742000.0,5611000.0,3617000.0,8970000.0,9370000.0,11692000.0,9850000.0,16248000.0,18086000.0,15533000.0,17351000.0,20018000.0,21715000.0,23800000.0,19331000.0,17592000.0,15953000.0,14331000.0,12335000.0,10363000.0,9571000.0,9188000.0,8027000.0,7713000.0,6948000.0,4995000.0,8862000.0,12168000.0,12896000.0
root/LatinAmerica&Caribbean/Guyana,root/LatinAmerica&Caribbean,1211000.0,1172000.0,1277000.0,1276000.0,1218000.0,1357000.0,1643000.0,1619000.0,2188000.0,3647000.0,3759000.0,3233000.0,1024000.0,1030000.0,655000.0,562000.0,1974000.0,868000.0,93000.0,0,2500000.0,7854000.0,14305000.0,12417000.0,8060000.0,8378000.0,8529000.0,10985000.0,17248000.0,10371000.0,14568000.0,6057000.0,16763000.0,8665000.0,2753000.0,283000.0,2652000.0,2667000.0,2751000.0,2720000.0,3364000.0,4174000.0,4374000.0,4162000.0,4583000.0,4582000.0,4166000.0
root/LatinAmerica&Caribbean/Haiti,root/LatinAmerica&Caribbean,429000.0,263000.0,266000.0,454000.0,549000.0,1325000.0,1497000.0,3220000.0,3449000.0,2475000.0,2927000.0,2816000.0,2675000.0,2078000.0,2459000.0,2166000.0,2784000.0,3972000.0,3504000.0,3993000.0,931000.0,1011000.0,370000.0,321000.0,272000.0,767000.0,2789000.0,5368000.0,5381000.0,5373000.0,5175000.0,4894000.0,4860000.0,1072000.0,2063000.0,1945000.0,1511000.0,2690000.0,3790000.0,2999000.0,1425000.0,2543000.0,2903000.0,4007000.0,4242000.0,6947000.0,18579000.0
root/LatinAmerica&Caribbean/Honduras,root/LatinAmerica&Caribbean,476000.0,750000.0,608000.0,937000.0,798000.0,728000.0,954000.0,1260000.0,1614000.0,1739000.0,1943000.0,2582000.0,3207000.0,4268000.0,5446000.0,3402000.0,7652000.0,8144000.0,11521000.0,9375000.0,1070000.0,2493000.0,6581000.0,22289000.0,29352000.0,34692000.0,29068000.0,30970000.0,28452000.0,12954000.0,5058000.0,2917000.0,14682000.0,13822000.0,29394000.0,10028000.0,11799000.0,11978000.0,12387000.0,9133000.0,9003000.0,11592000.0,12532000.0,11246000.0,11179000.0,13808000.0,15198000.0
root/LatinAmerica&Caribbean/Jamaica,root/LatinAmerica&Caribbean,653000.0,674000.0,675000.0,913000.0,1412000.0,2100000.0,2292000.0,2433000.0,3747000.0,7211000.0,9815000.0,10623000.0,11897000.0,8696000.0,6191000.0,12786000.0,14235000.0,10749000.0,12300000.0,9941000.0,16657000.0,22368000.0,14816000.0,29819000.0,25235000.0,38239000.0,34168000.0,26318000.0,27000000.0,26523000.0,25672000.0,29143000.0,23228000.0,23566000.0,22792000.0,15776000.0,17475000.0,16875000.0,16053000.0,35118000.0,48033000.0,47096000.0,15265000.0,18726000.0,20929000.0,19735000.0,19233000.0
root/LatinAmerica&Caribbean/Mexico,root/LatinAmerica&Caribbean,4395000.0,3605000.0,4408000.0,3586000.0,3901000.0,6032000.0,5202000.0,6229000.0,5083000.0,4179000.0,4609000.0,5346000.0,4595000.0,12521000.0,7854000.0,12903000.0,7646000.0,4376000.0,9857000.0,4203000.0,8351000.0,38538000.0,46765000.0,47288000.0,51940000.0,69268000.0,56096000.0,51002000.0,44167000.0,46426000.0,44075000.0,39296000.0,36181000.0,34681000.0,36631000.0,43777000.0,49034000.0,45386000.0,29595000.0,33135000.0,28826000.0,44526000.0,62781000.0,54436000.0,49791000.0,53180000.0,49530000.0
root/LatinAmerica&Caribbean/Nicaragua,root/LatinAmerica&Caribbean,845000.0,993000.0,1004000.0,1185000.0,1708000.0,1978000.0,1855000.0,2821000.0,2467000.0,2464000.0,3073000.0,2823000.0,705000.0,2457000.0,1085000.0,2116000.0,353000.0,299000.0,1445000.0,993000.0,0,126000.0,4427000.0,11484000.0,18093000.0,19112000.0,10463000.0,26807000.0,8842000.0,6363000.0,7195000.0,14345000.0,16326000.0,20576000.0,10425000.0,15086000.0,15396000.0,16670000.0,14674000.0,12985000.0,9270000.0,9971000.0,6567000.0,6315000.0,8324000.0,7370000.0,7868000.0
root/LatinAmerica&Caribbean/Panama,root/LatinAmerica&Caribbean,1200000.0,1218000.0,1345000.0,1369000.0,1316000.0,1801000.0,2066000.0,2377000.0,2687000.0,2800000.0,3657000.0,3532000.0,3686000.0,3934000.0,4097000.0,4433000.0,4684000.0,2252000.0,90000.0,0,0,0,15269000.0,17203000.0,10280000.0,10507000.0,10385000.0,13251000.0,9285000.0,8822000.0,7725000.0,6511000.0,5323000.0,6052000.0,5300000.0,4902000.0,4570000.0,4321000.0,4294000.0,4249000.0,4145000.0,5324000.0,5944000.0,4943000.0,4451000.0,3253000.0,4125000.0
root/LatinAmerica&Caribbean/Paraguay,root/LatinAmerica&Caribbean,1064000.0,978000.0,1410000.0,1211000.0,1664000.0,1913000.0,2043000.0,2601000.0,3733000.0,4140000.0,5351000.0,3870000.0,3552000.0,3806000.0,3126000.0,4130000.0,4644000.0,6221000.0,6421000.0,6589000.0,9913000.0,9268000.0,17124000.0,15270000.0,18325000.0,21793000.0,15493000.0,16617000.0,17205000.0,14095000.0,17210000.0,15591000.0,8677000.0,12813000.0,36335000.0,14364000.0,13016000.0,14081000.0,13731000.0,29743000.0,13795000.0,14045000.0,12313000.0,8910000.0,7556000.0,6022000.0,5855000.0
root/LatinAmerica&Caribbean/Peru,root/LatinAmerica&Caribbean,3421000.0,3599000.0,3826000.0,4310000.0,6039000.0,7303000.0,9303000.0,11755000.0,18597000.0,23812000.0,27095000.0,28660000.0,19528000.0,5985000.0,15211000.0,6958000.0,13138000.0,22898000.0,15464000.0,16276000.0,7770000.0,13687000.0,29911000.0,57627000.0,95979000.0,75748000.0,72370000.0,75841000.0,162859000.0,140550000.0,155688000.0,143941000.0,139487000.0,142299000.0,144428000.0,143227000.0,74782000.0,80867000.0,72579000.0,74240000.0,71812000.0,54004000.0,48587000.0,40392000.0,36375000.0,29971000.0,28556000.0
root/LatinAmerica&Caribbean/StLucia,root/LatinAmerica&Caribbean,0,0,0,0,0,0,0,0,0,0,0,146000.0,152000.0,151000.0,94000.0,80000.0,72000.0,36000.0,32000.0,9000.0,3000.0,29000.0,643000.0,970000.0,772000.0,928000.0,933000.0,861000.0,888000.0,984000.0,869000.0,303000.0,686000.0,780000.0,793000.0,866000.0,900000.0,1197000.0,1099000.0,877000.0,868000.0,643000.0,807000.0,872000.0,810000.0,1423000.0,1407000.0
root/LatinAmerica&Caribbean/StVincentandtheGrenadines,root/LatinAmerica&Caribbean,0,0,0,0,0,0,0,0,0,0,0,0,0,0,0,0,36000.0,76000.0,72000.0,200000.0,165000.0,194000.0,241000.0,384000.0,526000.0,557000.0,683000.0,786000.0,1003000.0,1135000.0,1174000.0,1263000.0,1177000.0,1007000.0,1019000.0,1026000.0,959000.0,772000.0,1660000.0,746000.0,618000.0,565000.0,496000.0,556000.0,531000.0,1109000.0,925000.0
root/LatinAmerica&Caribbean/VenezuelaRB,root/LatinAmerica&Caribbean,2677000.0,2520000.0,1544000.0,3850000.0,3060000.0,3114000.0,2365000.0,1323000.0,1023000.0,467000.0,687000.0,306000.0,127000.0,31000.0,0,0,0,0,0,0,0,0,1178000.0,957000.0,1956000.0,2516000.0,2465000.0,4015000.0,3740000.0,15188000.0,16278000.0,13079000.0,9087000.0,18813000.0,10171000.0,12628000.0,16281000.0,16239000.0,41057000.0,21159000.0,22798000.0,41400000.0,42924000.0,72447000.0,196659000.0,168498000.0,23521000.0
root/MiddleEast&NorthAfrica,root,41090000.0,46354000.0,57649000.0,65874000.0,75860000.0,94610000.0,98779000.0,207323000.0,214117000.0,269234000.0,312667000.0,341230000.0,310301000.0,296639000.0,278360000.0,282739000.0,299912000.0,221619000.0,320980000.0,419371000.0,412379000.0,290656000.0,569056000.0,674368000.0,767782000.0,962562000.0,1102703000.0,917509000.0,1007696000.0,837407000.0,761693000.0,820747000.0,1083349000.0,1360646000.0,764225000.0,681432000.0,686741000.0,734528000.0,802379000.0,779409000.0,1007163000.0,813536000.0,780539000.0,668985000.0,639206000.0,592919000.0,644125000.0
root/MiddleEast&NorthAfrica/Algeria,root/MiddleEast&NorthAfrica,2889000.0,2757000.0,10158000.0,10373000.0,14617000.0,15647000.0,23860000.0,24422000.0,25615000.0,35495000.0,34638000.0,35726000.0,41746000.0,36851000.0,34933000.0,20166000.0,19953000.0,16134000.0,17047000.0,13813000.0,16822000.0,17245000.0,19894000.0,20970000.0,49400000.0,81928000.0,129499000.0,101372000.0,106500000.0,109233000.0,109509000.0,96931000.0,89402000.0,94341000.0,92003000.0,72545000.0,64332000.0,48028000.0,34364000.0,31249000.0,32768000.0,30154000.0,65582000.0,19431000.0,16147000.0,12430000.0,11145000.0
root/MiddleEast&NorthAfrica/Djibouti,root/MiddleEast&NorthAfrica,48000.0,82000.0,80000.0,198000.0,206000.0,393000.0,656000.0,634000.0,551000.0,646000.0,671000.0,452000.0,361000.0,403000.0,543000.0,900000.0,1404000.0,1473000.0,1966000.0,820000.0,723000.0,1029000.0,1046000.0,752000.0,850000.0,1081000.0,1134000.0,534000.0,375000.0,675000.0,780000.0,540000.0,687000.0,975000.0,1579000.0,1015000.0,1068000.0,1923000.0,2018000.0,2587000.0,2434000.0,2370000.0,3187000.0,3420000.0,2688000.0,8735000.0,17705000.0
root/MiddleEast&NorthAfrica/EgyptArabRep,root/MiddleEast&NorthAfrica,17585000.0,14038000.0,14485000.0,16293000.0,21438000.0,36215000.0,29860000.0,117380000.0,91207000.0,90213000.0,146417000.0,158542000.0,130128000.0,136953000.0,140984000.0,137700000.0,115772000.0,37543000.0,117165000.0,191788000.0,196352000.0,67548000.0,376918000.0,405230000.0,448877000.0,546691000.0,526678000.0,387218000.0,347163000.0,345173000.0,337710000.0,325026000.0,297606000.0,297976000.0,307902000.0,275423000.0,275108000.0,306032000.0,304893000.0,294279000.0,282111000.0,277131000.0,286797000.0,265672000.0,255858000.0,256631000.0,320355000.0
root/MiddleEast&NorthAfrica/IranIslamicRep,root/MiddleEast&NorthAfrica,0,0,0,0,0,0,0,0,0,0,14074000.0,12742000.0,10587000.0,9002000.0,7730000.0,6418000.0,6784000.0,1474000.0,530000.0,30143000.0,3545000.0,12299000.0,3306000.0,5661000.0,6275000.0,27405000.0,33285000.0,39361000.0,31693000.0,30673000.0,21749000.0,27261000.0,16144000.0,20719000.0,54953000.0,29746000.0,38032000.0,43555000.0,35362000.0,33068000.0,28315000.0,25227000.0,4220000.0,5994000.0,17517000.0,7127000.0,4028000.0
root/MiddleEast&NorthAfrica/Jordan,root/MiddleEast&NorthAfrica,1266000.0,1207000.0,1250000.0,1765000.0,1529000.0,2685000.0,3162000.0,5877000.0,8105000.0,10727000.0,12604000.0,14731000.0,16802000.0,18094000.0,21577000.0,33917000.0,37171000.0,49024000.0,51694000.0,29896000.0,56605000.0,54501000.0,23205000.0,37491000.0,27912000.0,39794000.0,158911000.0,145750000.0,226285000.0,43682000.0,47539000.0,43939000.0,38679000.0,47574000.0,51147000.0,61635000.0,64262000.0,74626000.0,64581000.0,52513000.0,53180000.0,57720000.0,53149000.0,47963000.0,48639000.0,44371000.0,49455000.0
root/MiddleEast&NorthAfrica/Lebanon,root/MiddleEast&NorthAfrica,161000.0,767000.0,859000.0,1172000.0,1390000.0,973000.0,1010000.0,867000.0,876000.0,1223000.0,1519000.0,1633000.0,1908000.0,2008000.0,1854000.0,1736000.0,1777000.0,1519000.0,678000.0,325000.0,292000.0,3295000.0,4982000.0,1793000.0,2145000.0,2698000.0,7759000.0,8796000.0,9419000.0,10010000.0,9963000.0,7221000.0,8649000.0,22694000.0,41545000.0,39977000.0,37222000.0,40151000.0,46737000.0,42732000.0,37098000.0,34862000.0,31028000.0,30692000.0,22873000.0,18398000.0,16317000.0
root/MiddleEast&NorthAfrica/Morocco,root/MiddleEast&NorthAfrica,12608000.0,19076000.0,21316000.0,23975000.0,23376000.0,24940000.0,25106000.0,40018000.0,58808000.0,91764000.0,68847000.0,78911000.0,67897000.0,44861000.0,15928000.0,24489000.0,32724000.0,21592000.0,31817000.0,56590000.0,56786000.0,59531000.0,66236000.0,130265000.0,136199000.0,142208000.0,142153000.0,137290000.0,167762000.0,172038000.0,118448000.0,196432000.0,556302000.0,789281000.0,113321000.0,107405000.0,108907000.0,126224000.0,154712000.0,169524000.0,422860000.0,236794000.0,233126000.0,186864000.0,170342000.0,150731000.0,147198000.0
root/MiddleEast&NorthAfrica/SyrianArabRepublic,root/MiddleEast&NorthAfrica,0,0,0,0,0,0,0,0,0,0,0,0,0,0,0,0,0,0,0,0,0,0,0,0,0,37440000.0,31443000.0,33656000.0,31819000.0,35416000.0,40299000.0,45169000.0,0,0,0,0,0,0,61583000.0,56819000.0,50466000.0,48599000.0,0,0,0,0,0
root/MiddleEast&NorthAfrica/Tunisia,root/MiddleEast&NorthAfrica,6533000.0,8355000.0,9463000.0,11535000.0,12648000.0,13120000.0,14254000.0,16733000.0,25974000.0,36058000.0,29563000.0,31192000.0,34457000.0,40432000.0,44308000.0,47177000.0,56026000.0,63179000.0,70492000.0,73945000.0,72570000.0,67124000.0,68372000.0,66860000.0,92786000.0,76119000.0,69086000.0,63532000.0,60109000.0,56514000.0,53542000.0,52766000.0,51530000.0,59879000.0,68320000.0,67058000.0,61886000.0,63891000.0,67325000.0,65228000.0,64974000.0,69479000.0,73386000.0,77036000.0,74491000.0,66974000.0,72729000.0
root/MiddleEast&NorthAfrica/YemenRep,root/MiddleEast&NorthAfrica,0,72000.0,38000.0,563000.0,656000.0,637000.0,871000.0,1392000.0,2981000.0,3108000.0,4334000.0,7301000.0,6415000.0,8035000.0,10503000.0,10236000.0,28301000.0,29681000.0,29591000.0,22051000.0,8684000.0,8084000.0,5097000.0,5346000.0,3338000.0,7198000.0,2755000.0,0,26571000.0,33993000.0,22154000.0,25462000.0,24350000.0,27207000.0,33455000.0,26628000.0,35924000.0,30098000.0,30804000.0,31410000.0,32957000.0,31200000.0,30064000.0,31913000.0,30651000.0,27522000.0,5193000.0
root/SouthAsia,root,257413000.0,146050000.0,171632000.0,185657000.0,198502000.0,225473000.0,256163000.0,293524000.0,353526000.0,396082000.0,413580000.0,353691000.0,357070000.0,384876000.0,386690000.0,436628000.0,463309000.0,542542000.0,607205000.0,930935000.0,937853000.0,932291000.0,937386000.0,958462000.0,1035242000.0,1112276000.0,1027447000.0,903478000.0,737819000.0,721371000.0,690903000.0,623968000.0,732873000.0,1058900000.0,937044000.0,925798000.0,832159000.0,839204000.0,861336000.0,928982000.0,1042829000.0,1077286000.0,1057267000.0,1017871000.0,909152000.0,928362000.0,949679000.0
root/SouthAsia/Afghanistan,root/SouthAsia,0,0,0,0,0,0,0,0,0,0,0,0,0,0,0,0,0,0,0,0,0,0,0,0,0,0,0,0,0,0,0,0,0,0,0,0,0,0,0,0,0,0,0,0,0,0,56000.0
root/SouthAsia/Bangladesh,root/SouthAsia,0,0,0,2586000.0,4139000.0,7812000.0,10935000.0,15105000.0,20084000.0,22025000.0,28409000.0,32536000.0,34554000.0,37577000.0,41182000.0,44425000.0,52218000.0,68036000.0,74882000.0,80084000.0,78987000.0,72653000.0,61471000.0,65846000.0,78223000.0,74050000.0,95642000.0,74675000.0,65490000.0,67904000.0,63230000.0,57885000.0,54750000.0,43483000.0,40600000.0,63781000.0,28877000.0,33798000.0,38847000.0,38649000.0,38442000.0,79042000.0,70403000.0,68762000.0,77773000.0,47234000.0,48306000.0
root/SouthAsia/Bhutan,root/SouthAsia,0,0,0,0,0,0,0,0,0,0,0,0,0,0,0,13000.0,99000.0,286000.0,366000.0,368000.0,92000.0,198000.0,177000.0,836000.0,1103000.0,1387000.0,1489000.0,1324000.0,1348000.0,1147000.0,936000.0,834000.0,885000.0,1148000.0,1383000.0,370000.0,1635000.0,194000.0,1302000.0,1233000.0,1153000.0,366000.0,320000.0,319000.0,291000.0,252000.0,244000.0
root/SouthAsia/India,root/SouthAsia,223183000.0,126291000.0,144447000.0,153828000.0,159873000.0,165329000.0,176361000.0,195205000.0,233387000.0,243929000.0,237139000.0,224537000.0,199370000.0,190499000.0,182222000.0,230832000.0,225291000.0,255346000.0,294128000.0,619404000.0,628313000.0,602775000.0,619606000.0,628107000.0,675829000.0,691114000.0,625401000.0,543830000.0,514559000.0,519894000.0,476733000.0,449340000.0,409439000.0,636677000.0,511140000.0,542037000.0,371399000.0,339639000.0,349429000.0,403178000.0,403880000.0,452963000.0,433534000.0,370918000.0,356057000.0,336654000.0,344491000.0
root/SouthAsia/Maldives,root/SouthAsia,0,0,0,0,0,0,0,0,41000.0,73000.0,275000.0,401000.0,574000.0,624000.0,607000.0,521000.0,486000.0,484000.0,452000.0,429000.0,303000.0,414000.0,382000.0,394000.0,384000.0,445000.0,596000.0,654000.0,640000.0,560000.0,522000.0,484000.0,449000.0,414000.0,760000.0,990000.0,1102000.0,1096000.0,1209000.0,1744000.0,1831000.0,2729000.0,3854000.0,4549000.0,6608000.0,4950000.0,6939000.0
root/SouthAsia/Nepal,root/SouthAsia,111000.0,91000.0,85000.0,131000.0,116000.0,132000.0,167000.0,169000.0,150000.0,201000.0,564000.0,909000.0,1196000.0,1344000.0,1396000.0,1436000.0,1877000.0,2222000.0,2352000.0,3753000.0,3760000.0,5083000.0,4899000.0,5409000.0,6996000.0,7533000.0,8245000.0,5159000.0,4815000.0,5074000.0,5450000.0,4628000.0,4569000.0,7129000.0,5064000.0,4090000.0,4500000.0,4271000.0,4352000.0,4116000.0,4138000.0,4684000.0,4304000.0,6157000.0,3606000.0,4492000.0,4467000.0
root/SouthAsia/Pakistan,root/SouthAsia,30850000.0,15802000.0,22265000.0,22292000.0,27752000.0,44468000.0,57974000.0,71208000.0,84009000.0,112047000.0,127713000.0,76785000.0,102341000.0,132071000.0,136587000.0,132513000.0,147759000.0,172675000.0,186397000.0,173793000.0,171097000.0,188842000.0,183357000.0,186946000.0,196002000.0,257153000.0,213158000.0,203433000.0,77539000.0,45354000.0,58041000.0,29323000.0,180177000.0,280852000.0,280325000.0,297391000.0,335853000.0,362685000.0,359970000.0,352935000.0,385230000.0,355633000.0,346012000.0,337617000.0,260321000.0,321857000.0,326712000.0
root/SouthAsia/SriLanka,root/SouthAsia,3269000.0,3866000.0,4835000.0,6820000.0,6622000.0,7732000.0,10726000.0,11837000.0,15855000.0,17807000.0,19480000.0,18523000.0,19035000.0,22761000.0,24696000.0,26888000.0,35579000.0,43493000.0,48628000.0,53104000.0,55301000.0,62326000.0,67494000.0,70924000.0,76705000.0,80594000.0,82916000.0,74403000.0,73428000.0,81438000.0,85991000.0,81474000.0,82604000.0,89197000.0,97772000.0,17139000.0,88793000.0,97521000.0,106227000.0,127127000.0,208155000.0,181869000.0,198840000.0,229549000.0,204496000.0,212923000.0,218464000.0
root/Sub-SaharanAfrica,root,61539455.8,61060585.5,63082744.2,76766494.2,88428965.3,107160395.1,89737439.5,132299057.5,125041631.5,146145873.9,207907182.5,159182524.3,149970748.0,151090314.5,146870776.7,164204838.0,233333142.7,231591679.8,250994997.8,246876333.2,556459409.2,320957930.3,595142410.7,544027022.4,356647373.4,357124438.3,491888462.4,434203602.6,619916305.6,448321889.7,303050888.2,277749132.4,252085777.2,339133363.9,338284526.3,3164069992.0,359914631.1,509053860.4,540298885.7,525889542.1,341647455.9,389291688.4,638878742.1,813250096.9,889447492.5,969296014.1,1618933626.0
root/Sub-SaharanAfrica/Angola,root/Sub-SaharanAfrica,0,0,0,0,0,0,0,0,0,0,0,0,0,0,0,0,0,0,0,1265000.0,841000.0,3290000.0,2542000.0,2953000.0,6600000.0,7020000.0,2230000.0,5161000.0,2614000.0,696000.0,2438000.0,904000.0,810000.0,0,1623000.0,29925000.0,104175000.0,82624000.0,82668000.0,112737000.0,38232000.0,35521000.0,133560000.0,133053000.0,149638000.0,149465000.0,574194000.0
root/Sub-SaharanAfrica/Benin,root/Sub-SaharanAfrica,310000.0,505000.0,421000.0,255000.0,418000.0,264000.0,440000.0,419000.0,576000.0,429000.0,414000.0,670000.0,1121000.0,1319000.0,766000.0,1472000.0,2050000.0,2316000.0,2375000.0,894000.0,1170000.0,2698000.0,2112000.0,2525000.0,2706000.0,3253000.0,1546000.0,2197000.0,3853000.0,3972000.0,2938000.0,3247000.0,5100000.0,419000.0,472000.0,533000.0,524000.0,761000.0,17198000.0,1759000.0,1837000.0,2007000.0,3270000.0,3796000.0,3811000.0,4340000.0,4612000.0
root/Sub-SaharanAfrica/Botswana,root/Sub-SaharanAfrica,180000.0,153000.0,179000.0,243000.0,366000.0,366000.0,318000.0,163000.0,502000.0,497000.0,507000.0,501000.0,589000.0,772000.0,844000.0,1244000.0,1360000.0,1844000.0,1348000.0,1946000.0,1843000.0,2290000.0,2428000.0,2992000.0,1484000.0,982000.0,4299000.0,3018000.0,2469000.0,2446000.0,2406000.0,2720000.0,3561000.0,2770000.0,2904000.0,3700000.0,3025000.0,3560000.0,2965000.0,3584000.0,3475000.0,2838000.0,2456000.0,2445000.0,3183000.0,2628000.0,2240000.0
root/Sub-SaharanAfrica/BurkinaFaso,root/Sub-SaharanAfrica,236000.0,444000.0,372000.0,469000.0,625000.0,859000.0,829000.0,722000.0,1066000.0,1028000.0,635000.0,522000.0,679000.0,861000.0,171000.0,1695000.0,2040000.0,3099000.0,2510000.0,4043000.0,2575000.0,956000.0,1073000.0,861000.0,733000.0,1454000.0,1542000.0,3529000.0,3522000.0,4002000.0,2233000.0,2957000.0,2013000.0,3265000.0,2672000.0,2186000.0,2475000.0,2765000.0,3351000.0,3495000.0,4785000.0,5492000.0,5191000.0,4968000.0,4414000.0,4714000.0,5029000.0
root/Sub-SaharanAfrica/Burundi,root/Sub-SaharanAfrica,16219.9,0,0,0,30158.9,61117.1,56836.7,66605.9,54703.1,148506.1,212494.9,343650.9,930253.1,1387239.5,2085369.5,2457670.6,3976591.1,5398412.6,6333207.5,4461511.3,2086774.1,2481830.2,3370107.2,3128072.7,3127852.9,2409438.3,121462.4,34602.6,869305.6,54102.3,0,57781.1,29777.2,49363.9,1020509.3,222187.5,587631.1,60860.4,1207205.4,354454.0,111666.6,95770.5,553436.1,928208.2,1359854.3,1085226.1,1021054.6
root/Sub-SaharanAfrica/CaboVerde,root/Sub-SaharanAfrica,0,0,0,0,0,0,0,0,0,0,0,0,6000.0,7000.0,92000.0,78000.0,231000.0,82000.0,325000.0,277000.0,30000.0,31000.0,166000.0,164000.0,144000.0,82000.0,226000.0,383000.0,458000.0,280000.0,715000.0,940000.0,1572000.0,1305000.0,1326000.0,1287000.0,1413000.0,1734000.0,1618000.0,1859000.0,2205000.0,2883000.0,4315000.0,6303000.0,7397000.0,6901000.0,6794000.0
root/Sub-SaharanAfrica/Cameroon,root/Sub-SaharanAfrica,2394000.0,2610000.0,2383000.0,3275000.0,2808000.0,4576000.0,4333000.0,4342000.0,6383000.0,7801000.0,12971000.0,14533000.0,17598000.0,18467000.0,18623000.0,21276000.0,27466000.0,29106000.0,14520000.0,7860000.0,25256000.0,21720000.0,13310000.0,20733000.0,14670000.0,47837000.0,31890000.0,50637000.0,55773000.0,47950000.0,58462000.0,28047000.0,36427000.0,49033000.0,101722000.0,142118000.0,45289000.0,32694000.0,33072000.0,15078000.0,18741000.0,43004000.0,22041000.0,16715000.0,116491000.0,76511000.0,77542000.0
root/Sub-SaharanAfrica/CentralAfricanRepublic,root/Sub-SaharanAfrica,171235.9,155585.5,142744.2,223494.2,317806.4,293278.0,127602.8,267451.6,75928.4,47367.8,5687.6,153873.4,289494.9,428075.0,375407.2,928167.4,1826551.6,3484267.2,3523790.3,1078821.9,1861635.1,297100.1,2739303.5,4949.7,107520.5,0,0,0,180000.0,932787.4,802888.2,820351.3,0,0,1993017.0,804.5,0,0,1706680.3,669088.1,1054789.3,128917.9,1506306.0,185888.7,2365638.2,2076788.0,920571.4
root/Sub-SaharanAfrica/Chad,root/Sub-SaharanAfrica,246000.0,512000.0,226000.0,301000.0,169000.0,276000.0,209000.0,58000.0,261000.0,3000.0,0,0,0,0,1000.0,57000.0,217000.0,1594000.0,1806000.0,0,563000.0,785000.0,712000.0,1030000.0,968000.0,0,240000.0,299000.0,368000.0,391000.0,1063000.0,1300000.0,1640000.0,1565000.0,1028000.0,2010000.0,2615000.0,2808000.0,3033000.0,3269000.0,4226000.0,4421000.0,4310000.0,4182000.0,5391000.0,2905000.0,4264000.0
root/Sub-SaharanAfrica/Comoros,root/Sub-SaharanAfrica,15000.0,13000.0,18000.0,21000.0,28000.0,94000.0,102000.0,112000.0,94000.0,169000.0,262000.0,334000.0,327000.0,569000.0,670000.0,350000.0,448000.0,583000.0,93000.0,482000.0,275000.0,418000.0,413000.0,8000.0,0,0,0,0,0,0,0,0,67000.0,0,0,0,0,194000.0,283000.0,264000.0,0,373000.0,385000.0,0,0,50000.0,50000.0
root/Sub-SaharanAfrica/CongoDemRep,root/Sub-SaharanAfrica,4898000.0,1908000.0,2714000.0,3164000.0,3978000.0,5977000.0,7698000.0,6683000.0,4909000.0,5964000.0,45252000.0,4728000.0,8572000.0,2211000.0,5034000.0,2212000.0,2783000.0,11428000.0,5538000.0,7797000.0,8034000.0,4464000.0,0,0,0,0,0,0,0,0,0,0,0,1822000.0,8282000.0,20597000.0,50070000.0,133920000.0,131507000.0,101654000.0,3631000.0,4955000.0,54149000.0,59101000.0,62307000.0,66173000.0,16229000.0
root/Sub-SaharanAfrica/CongoRep,root/Sub-SaharanAfrica,618000.0,623000.0,449000.0,395000.0,686000.0,1342000.0,651000.0,1062000.0,1666000.0,3491000.0,11092000.0,8187000.0,7492000.0,8565000.0,8383000.0,10176000.0,358000.0,2188000.0,10172000.0,4888000.0,28262000.0,8137000.0,5062000.0,3205000.0,88941000.0,7701000.0,32792000.0,96000.0,151000.0,187000.0,261000.0,253000.0,158000.0,1602000.0,1908000.0,8376000.0,17165000.0,11343000.0,44273000.0,38308000.0,2501000.0,1868000.0,3987000.0,10326000.0,9796000.0,10527000.0,10707000.0
root/Sub-SaharanAfrica/CotedIvoire,root/Sub-SaharanAfrica,3122000.0,4116000.0,4914000.0,6085000.0,6879000.0,7455000.0,10331000.0,10546000.0,11586000.0,13243000.0,12638000.0,11495000.0,13554000.0,15962000.0,13874000.0,12852000.0,25356000.0,8613000.0,3655000.0,6284000.0,1975000.0,47968000.0,21914000.0,24911000.0,28858000.0,40070000.0,69564000.0,64768000.0,134168000.0,105981000.0,46545000.0,37846000.0,36336000.0,42827000.0,348000.0,340000.0,363000.0,529000.0,656000.0,2873000.0,3013000.0,4030000.0,35320000.0,2948000.0,7919000.0,12186000.0,24662000.0
root/Sub-SaharanAfrica/Eritrea,root/Sub-SaharanAfrica,0,0,0,0,0,0,0,0,0,0,0,0,0,0,0,0,0,0,0,0,0,0,0,0,0,0,0,237000.0,2977000.0,1506000.0,1156000.0,2548000.0,2570000.0,1692000.0,3199000.0,2536000.0,914000.0,133000.0,1540000.0,1677000.0,1915000.0,1929000.0,3870000.0,3643000.0,3297000.0,2821000.0,2436000.0
root/Sub-SaharanAfrica/Ethiopia,root/Sub-SaharanAfrica,1831000.0,2552000.0,2865000.0,3028000.0,3200000.0,3671000.0,3892000.0,4134000.0,4259000.0,4462000.0,4882000.0,5047000.0,4824000.0,6649000.0,8358000.0,7797000.0,12991000.0,18995000.0,32235000.0,22588000.0,9056000.0,3650000.0,635000.0,1163000.0,2705000.0,5915000.0,3743000.0,4172000.0,7812000.0,11113000.0,10781000.0,30065000.0,6945000.0,8597000.0,1888000.0,2877000.0,1491000.0,4212000.0,4269000.0,10181000.0,9061000.0,21749000.0,23817000.0,55442000.0,81354000.0,104792000.0,158723000.0
root/Sub-SaharanAfrica/Gabon,root/Sub-SaharanAfrica,929000.0,904000.0,798000.0,1407000.0,1709000.0,1852000.0,1577000.0,1705000.0,2618000.0,2146000.0,2450000.0,2544000.0,2105000.0,2198000.0,3090000.0,2801000.0,1900000.0,1036000.0,1457000.0,2519000.0,1709000.0,8586000.0,19409000.0,4431000.0,14083000.0,39625000.0,38279000.0,35207000.0,23431000.0,26256000.0,8796000.0,42893000.0,22576000.0,13910000.0,11379000.0,6268000.0,9570000.0,72762000.0,30512000.0,11866000.0,11561000.0,11597000.0,12512000.0,19938000.0,23903000.0,22813000.0,25184000.0
root/Sub-SaharanAfrica/GambiaThe,root/Sub-SaharanAfrica,0,0,0,0,0,0,0,0,55000.0,65000.0,0,627000.0,638000.0,367000.0,654000.0,63000.0,443000.0,214000.0,1605000.0,1931000.0,2552000.0,1556000.0,1470000.0,1392000.0,1331000.0,1220000.0,1026000.0,2279000.0,2106000.0,1968000.0,1778000.0,621000.0,1887000.0,4083000.0,2233000.0,4154000.0,2909000.0,3498000.0,2817000.0,2656000.0,3108000.0,3147000.0,2251000.0,2044000.0,1547000.0,1890000.0,2105000.0
root/Sub-SaharanAfrica/Ghana,root/Sub-SaharanAfrica,3464000.0,3862000.0,3365000.0,8351000.0,8153000.0,10275000.0,10469000.0,8235000.0,13094000.0,12794000.0,10152000.0,10814000.0,13483000.0,15735000.0,9204000.0,9308000.0,10991000.0,12828000.0,16276000.0,12174000.0,12765000.0,12997000.0,17215000.0,23122000.0,22547000.0,10171000.0,29685000.0,21961000.0,40972000.0,33069000.0,25038000.0,6394000.0,6718000.0,16135000.0,2224000.0,5384000.0,5278000.0,8021000.0,10827000.0,22592000.0,47367000.0,30760000.0,51380000.0,118138000.0,50149000.0,50531000.0,67984000.0
root/Sub-SaharanAfrica/Guinea,root/Sub-SaharanAfrica,2326000.0,1416000.0,1724000.0,2176000.0,3341000.0,6070000.0,4832000.0,10213000.0,8582000.0,14370000.0,11708000.0,13992000.0,11352000.0,9153000.0,9546000.0,8780000.0,3816000.0,11442000.0,8656000.0,9147000.0,23273000.0,21636000.0,10530000.0,14740000.0,16840000.0,20051000.0,11309000.0,12462000.0,12633000.0,10442000.0,9076000.0,7445000.0,5673000.0,6034000.0,11610000.0,21848000.0,22308000.0,23711000.0,16228000.0,15741000.0,15851000.0,4982000.0,4861000.0,4701000.0,4195000.0,3520000.0,3266000.0
root/Sub-SaharanAfrica/GuineaBissau,root/Sub-SaharanAfrica,0,0,0,0,0,0,20000.0,34000.0,11000.0,197000.0,223000.0,250000.0,127000.0,113000.0,138000.0,308000.0,107000.0,1440000.0,636000.0,803000.0,277000.0,68000.0,78000.0,207000.0,666000.0,267000.0,1105000.0,0,2506000.0,2135000.0,0,7000.0,0,0,0,0,0,0,0,0,0,0,48000.0,0,34000.0,32000.0,29000.0
root/Sub-SaharanAfrica/Kenya,root/Sub-SaharanAfrica,3748000.0,3761000.0,4067000.0,4533000.0,4751000.0,5281000.0,5252000.0,5702000.0,5917000.0,6829000.0,7371000.0,7881000.0,10287000.0,11391000.0,13282000.0,13367000.0,14848000.0,18328000.0,23715000.0,14664000.0,14413000.0,42964000.0,16813000.0,25618000.0,31058000.0,42318000.0,38768000.0,28063000.0,30562000.0,27801000.0,10488000.0,16789000.0,29709000.0,46278000.0,14270000.0,15066000.0,24382000.0,37219000.0,47922000.0,46701000.0,51240000.0,48178000.0,97954000.0,137902000.0,110303000.0,149810000.0,262632000.0
root/Sub-SaharanAfrica/Lesotho,root/Sub-SaharanAfrica,110000.0,56000.0,56000.0,55000.0,70000.0,78000.0,94000.0,73000.0,114000.0,48000.0,42000.0,39000.0,39000.0,22000.0,95000.0,190000.0,212000.0,218000.0,306000.0,384000.0,611000.0,1552000.0,2475000.0,2133000.0,1363000.0,1649000.0,1698000.0,1605000.0,1291000.0,921000.0,5122000.0,3326000.0,720000.0,737000.0,645000.0,714000.0,791000.0,850000.0,854000.0,1144000.0,1135000.0,1243000.0,1559000.0,1698000.0,2163000.0,2689000.0,2782000.0
root/Sub-SaharanAfrica/Liberia,root/Sub-SaharanAfrica,2401000.0,2393000.0,2087000.0,1902000.0,1782000.0,1757000.0,1813000.0,1906000.0,1972000.0,2694000.0,1584000.0,233000.0,236000.0,410000.0,134000.0,351000.0,579000.0,1930000.0,2618000.0,275000.0,2000.0,0,0,0,0,0,0,0,0,0,0,0,0,0,0,0,0,0,0,0,0,25000.0,233000.0,418000.0,418000.0,572000.0,418000.0
root/Sub-SaharanAfrica/Madagascar,root/Sub-SaharanAfrica,15132000.0,15100000.0,14721000.0,14725000.0,18959000.0,22930000.0,1577000.0,22268000.0,1971000.0,3057000.0,3170000.0,1354000.0,886000.0,1556000.0,2151000.0,1907000.0,3307000.0,5890000.0,7825000.0,7001000.0,11441000.0,10001000.0,10142000.0,3685000.0,3218000.0,2576000.0,1010000.0,25759000.0,22025000.0,21166000.0,3845000.0,3857000.0,5427000.0,5978000.0,2048000.0,1828000.0,1566000.0,814000.0,467000.0,2296000.0,2804000.0,2617000.0,3148000.0,3057000.0,3195000.0,3446000.0,3220000.0
root/Sub-SaharanAfrica/Malawi,root/Sub-SaharanAfrica,615000.0,1104000.0,1117000.0,2750000.0,3853000.0,4481000.0,3891000.0,1735000.0,2272000.0,2836000.0,2634000.0,2686000.0,1855000.0,1771000.0,1991000.0,2427000.0,3307000.0,2108000.0,1175000.0,2026000.0,2956000.0,5432000.0,3423000.0,3662000.0,2784000.0,7442000.0,4931000.0,6218000.0,3248000.0,753000.0,643000.0,2335000.0,2187000.0,2040000.0,2615000.0,1450000.0,1195000.0,7487000.0,10698000.0,10309000.0,2003000.0,1975000.0,4032000.0,7096000.0,7994000.0,7592000.0,8032000.0
root/Sub-SaharanAfrica/Mali,root/Sub-SaharanAfrica,340000.0,395000.0,410000.0,406000.0,647000.0,606000.0,485000.0,1500000.0,1341000.0,1087000.0,724000.0,785000.0,1869000.0,2787000.0,3134000.0,5002000.0,5927000.0,6617000.0,5451000.0,5004000.0,5846000.0,3601000.0,5388000.0,29959000.0,8832000.0,8244000.0,44344000.0,5349000.0,4201000.0,5476000.0,4311000.0,3543000.0,5513000.0,3371000.0,4979000.0,5374000.0,6564000.0,6899000.0,10342000.0,6378000.0,6389000.0,8375000.0,5621000.0,9836000.0,7949000.0,14319000.0,13826000.0
root/Sub-SaharanAfrica/Mauritania,root/Sub-SaharanAfrica,131000.0,153000.0,355000.0,517000.0,1180000.0,1476000.0,2535000.0,2456000.0,3097000.0,5902000.0,6019000.0,10074000.0,12708000.0,8702000.0,7201000.0,9008000.0,9253000.0,7054000.0,5203000.0,5732000.0,5903000.0,6147000.0,3990000.0,9949000.0,9901000.0,9766000.0,7694000.0,8657000.0,7677000.0,4095000.0,3186000.0,4425000.0,2674000.0,1767000.0,3502000.0,3642000.0,3114000.0,3287000.0,4916000.0,6750000.0,10996000.0,12210000.0,13083000.0,14239000.0,16573000.0,17364000.0,18297000.0
root/Sub-SaharanAfrica/Mauritius,root/Sub-SaharanAfrica,168000.0,176000.0,144000.0,174000.0,224000.0,222000.0,198000.0,250000.0,475000.0,608000.0,851000.0,1258000.0,1758000.0,2407000.0,2899000.0,2839000.0,4078000.0,5990000.0,8095000.0,6981000.0,9234000.0,10762000.0,15335000.0,14881000.0,15361000.0,17222000.0,16126000.0,13993000.0,13722000.0,12791000.0,10714000.0,10248000.0,10334000.0,11046000.0,10251000.0,9421000.0,7990000.0,7717000.0,7414000.0,8659000.0,8973000.0,13287000.0,16071000.0,16380000.0,18418000.0,17512000.0,17631000.0
root/Sub-SaharanAfrica/Mozambique,root/Sub-SaharanAfrica,0,0,0,0,0,0,0,0,0,0,0,0,0,0,1092000.0,12156000.0,26335000.0,6270000.0,7894000.0,9260000.0,6085000.0,11173000.0,17202000.0,25591000.0,9620000.0,11869000.0,14919000.0,16115000.0,9783000.0,20499000.0,9525000.0,1676000.0,6494000.0,8915000.0,3254000.0,3234000.0,3271000.0,4012000.0,3620000.0,4169000.0,10666000.0,10253000.0,11304000.0,25104000.0,28692000.0,44802000.0,52221000.0
root/Sub-SaharanAfrica/Niger,root/Sub-SaharanAfrica,703000.0,400000.0,450000.0,413000.0,340000.0,1216000.0,1260000.0,1324000.0,1112000.0,775000.0,832000.0,1023000.0,2051000.0,1942000.0,1680000.0,2034000.0,2654000.0,5685000.0,4914000.0,2635000.0,1122000.0,662000.0,230000.0,429000.0,364000.0,355000.0,391000.0,1025000.0,1425000.0,1682000.0,8000.0,342000.0,423000.0,714000.0,244000.0,282000.0,503000.0,961000.0,1192000.0,1040000.0,1149000.0,1580000.0,1247000.0,2678000.0,4636000.0,2542000.0,2727000.0
root/Sub-SaharanAfrica/Nigeria,root/Sub-SaharanAfrica,3060000.0,3362000.0,3892000.0,4916000.0,5567000.0,6305000.0,5638000.0,7106000.0,8010000.0,9540000.0,8307000.0,9645000.0,6683000.0,9766000.0,7166000.0,8327000.0,6597000.0,12000.0,115000.0,4477000.0,311863000.0,32549000.0,360354000.0,255647000.0,0,0,0,64850000.0,131550000.0,0,0,14800000.0,2804000.0,14818000.0,90817000.0,2838779000.0,4854000.0,6566000.0,21361000.0,20129000.0,12063000.0,13984000.0,18258000.0,23181000.0,29023000.0,39504000.0,51028000.0
root/Sub-SaharanAfrica/Rwanda,root/Sub-SaharanAfrica,50000.0,43000.0,35000.0,13000.0,19000.0,20000.0,106000.0,218000.0,383000.0,310000.0,355000.0,791000.0,856000.0,940000.0,1203000.0,1379000.0,1799000.0,2783000.0,3748000.0,2095000.0,1364000.0,1617000.0,901000.0,11000.0,5000.0,30000.0,229000.0,204000.0,171000.0,870000.0,982000.0,1641000.0,1892000.0,2064000.0,2436000.0,884000.0,1013000.0,1111000.0,1118000.0,1492000.0,1334000.0,1778000.0,2013000.0,3544000.0,3598000.0,4271000.0,4768000.0
root/Sub-SaharanAfrica/SaoTomeandPrincipe,root/Sub-SaharanAfrica,0,0,0,0,0,0,0,0,0,0,8000.0,44000.0,68000.0,62000.0,210000.0,81000.0,197000.0,0,358000.0,58000.0,70000.0,105000.0,126000.0,130000.0,140000.0,146000.0,143000.0,577000.0,145000.0,180000.0,0,163000.0,237000.0,232000.0,259000.0,98000.0,318000.0,0,0,0,0,0,180000.0,189000.0,829000.0,745000.0,753000.0
root/Sub-SaharanAfrica/Senegal,root/Sub-SaharanAfrica,1452000.0,1203000.0,1753000.0,1511000.0,1585000.0,1903000.0,1865000.0,2427000.0,3205000.0,4189000.0,5911000.0,2253000.0,1105000.0,2066000.0,3025000.0,964000.0,13123000.0,16641000.0,22196000.0,63139000.0,20077000.0,19154000.0,11665000.0,710000.0,6807000.0,7596000.0,62628000.0,15622000.0,19854000.0,16985000.0,23633000.0,20012000.0,24118000.0,26061000.0,24201000.0,12746000.0,9825000.0,8687000.0,11867000.0,13222000.0,13040000.0,17517000.0,18165000.0,30135000.0,30568000.0,31127000.0,44972000.0
root/Sub-SaharanAfrica/SierraLeone,root/Sub-SaharanAfrica,821000.0,889000.0,855000.0,966000.0,861000.0,1009000.0,796000.0,413000.0,305000.0,537000.0,179000.0,124000.0,59000.0,201000.0,21000.0,36000.0,1000.0,104000.0,165000.0,244000.0,1118000.0,0,2261000.0,1049000.0,2020000.0,2688000.0,1210000.0,2532000.0,272000.0,203000.0,462000.0,284000.0,783000.0,1830000.0,2352000.0,2223000.0,2939000.0,695000.0,662000.0,1097000.0,1138000.0,1934000.0,1485000.0,2208000.0,2449000.0,2534000.0,3592000.0
root/Sub-SaharanAfrica/Somalia,root/Sub-SaharanAfrica,232000.0,143000.0,252000.0,336000.0,303000.0,384000.0,325000.0,496000.0,550000.0,471000.0,1340000.0,1454000.0,1328000.0,1323000.0,632000.0,1094000.0,1104000.0,326000.0,70000.0,550000.0,0,0,0,0,0,0,0,0,0,0,0,0,0,0,0,0,0,0,0,0,0,0,0,0,0,0,0
root/Sub-SaharanAfrica/Sudan,root/Sub-SaharanAfrica,3424000.0,3655000.0,3753000.0,3981000.0,3989000.0,3745000.0,3442000.0,16593000.0,18577000.0,21005000.0,25839000.0,18098000.0,4039000.0,1569000.0,1794000.0,3732000.0,20685000.0,6797000.0,5165000.0,1403000.0,0,0,0,0,0,0,0,0,0,0,2546000.0,1094000.0,1478000.0,3301000.0,4893000.0,7982000.0,13266000.0,27480000.0,21956000.0,43909000.0,36599000.0,59363000.0,34870000.0,38182000.0,30136000.0,42899000.0,49084000.0
root/Sub-SaharanAfrica/Swaziland,root/Sub-SaharanAfrica,207000.0,190000.0,190000.0,209000.0,190000.0,191000.0,159000.0,144000.0,151000.0,182000.0,165000.0,150000.0,167000.0,190000.0,253000.0,241000.0,202000.0,730000.0,721000.0,587000.0,717000.0,1151000.0,1085000.0,766000.0,793000.0,729000.0,617000.0,600000.0,499000.0,408000.0,871000.0,357000.0,401000.0,458000.0,1177000.0,1037000.0,856000.0,3402000.0,1609000.0,1874000.0,1025000.0,1817000.0,1511000.0,1693000.0,1716000.0,1385000.0,3818000.0
root/Sub-SaharanAfrica/Tanzania,root/Sub-SaharanAfrica,1754000.0,2143000.0,2741000.0,3069000.0,4717000.0,7310000.0,9486000.0,11935000.0,15739000.0,14153000.0,13699000.0,13155000.0,11857000.0,12259000.0,10873000.0,5916000.0,8030000.0,7457000.0,11256000.0,9099000.0,10762000.0,11123000.0,9235000.0,33710000.0,10992000.0,10828000.0,22131000.0,2010000.0,45022000.0,32794000.0,17170000.0,11118000.0,4339000.0,5124000.0,5733000.0,537000.0,2180000.0,2696000.0,1000.0,164000.0,1501000.0,1154000.0,1049000.0,1676000.0,1506000.0,773000.0,8404000.0
root/Sub-SaharanAfrica/Togo,root/Sub-SaharanAfrica,568000.0,586000.0,689000.0,780000.0,852000.0,1010000.0,987000.0,670000.0,1197000.0,205000.0,328000.0,86000.0,124000.0,367000.0,600000.0,931000.0,2060000.0,2162000.0,4936000.0,2391000.0,3737000.0,3567000.0,2177000.0,915000.0,0,912000.0,5639000.0,2408000.0,2921000.0,1030000.0,120000.0,886000.0,799000.0,864000.0,503000.0,41000.0,1440000.0,565000.0,284000.0,592000.0,1152000.0,1984000.0,2718000.0,5572000.0,5700000.0,7611000.0,9439000.0
root/Sub-SaharanAfrica/Uganda,root/Sub-SaharanAfrica,1783000.0,1540000.0,1376000.0,1538000.0,1516000.0,920000.0,422000.0,1361000.0,411000.0,363000.0,688000.0,388000.0,489000.0,431000.0,582000.0,546000.0,537000.0,497000.0,628000.0,939000.0,808000.0,506000.0,937000.0,2406000.0,4795000.0,6564000.0,7410000.0,8256000.0,3232000.0,4996000.0,7246000.0,534000.0,1883000.0,1430000.0,1503000.0,1335000.0,1040000.0,1047000.0,1700000.0,2208000.0,2037000.0,3751000.0,4133000.0,8624000.0,13074000.0,9958000.0,22104000.0
root/Sub-SaharanAfrica/Zambia,root/Sub-SaharanAfrica,1907000.0,1828000.0,1767000.0,1726000.0,1758000.0,2517000.0,3173000.0,4667000.0,2214000.0,4365000.0,13417000.0,11870000.0,5875000.0,2124000.0,100000.0,1808000.0,496000.0,8020000.0,7250000.0,4340000.0,8553000.0,0,7963000.0,7463000.0,21791000.0,15890000.0,12032000.0,5419000.0,8842000.0,24696000.0,21644000.0,8154000.0,15007000.0,46997000.0,3687000.0,2949000.0,2537000.0,1550000.0,2585000.0,3140000.0,3158000.0,4038000.0,30343000.0,28711000.0,23490000.0,36320000.0,46960000.0
root/Sub-SaharanAfrica/Zimbabwe,root/Sub-SaharanAfrica,2177000.0,2167000.0,1802000.0,2853000.0,2558000.0,368000.0,348000.0,293000.0,236000.0,135000.0,1040000.0,1050000.0,1945000.0,4041000.0,4844000.0,6014000.0,9642000.0,10282000.0,14127000.0,13154000.0,15373000.0,14863000.0,18262000.0,17743000.0,20292000.0,22243000.0,20371000.0,18501000.0,16612000.0,17595000.0,6046000.0,3100000.0,781000.0,0,1084000.0,86000.0,99000.0,679000.0,0,0,570000.0,448000.0,119000.0,2270000.0,8466000.0,5560000.0,4234000.0
