root/EastAsia&PacificCambodia,root,0,0,0,0,0,0,0,0,0,0,0,90.90899999999999,89.5522,88.2352,86.9565,85.7142,4.9285,4.284,4.4526,45.7992,44.799,96.1277,97.0816,98.5744,96.7203,93.0292,93.7142,94.2987,94.62200000000001,93.8669,94.7363,94.6513,94.3094,94.5363,95.1187,95.9185,98.8286,98.2667,95.3335,81.8547,77.7614,77.36,65.1241,64.7462,63.7968,58.3958,55.1645
root/EastAsia&PacificChina,root,0,0,0,0,0,0,0,0,0,0,0,1.1307,5.8546,9.6192,11.6329,14.7157,15.5714,15.0181,14.8577,17.4643,17.5734,17.8642,15.7841,15.6518,15.8869,15.2187,14.5334,12.3392,20.6203,22.0985,20.7765,16.041,16.1728,15.8812,15.7258,11.7613,10.604000000000001,10.0887,10.7963,9.6716,5.4192,3.7629,3.2097,1.9639,1.5615,1.2043,1.4437
root/EastAsia&PacificFiji,root,14.5722,9.4517,10.6167,10.3561,13.6952,18.4617,21.4924,17.6447,22.3903,16.8312,11.9586,8.2746,6.7505,5.7772,5.1926,5.9303,6.5509,8.4361,7.5584,8.4411,9.4225,10.5851,9.7309,9.4644,10.9864,11.39,11.1402,11.0773,17.506,45.6916,47.1572,49.763999999999996,46.9055,41.2392,41.3517,32.723,27.7145,26.765,27.4932,21.4156,22.2934,20.0126,30.2302,33.3093,36.1403,36.3707,29.4845
root/EastAsia&PacificIndonesia,root,57.8727,63.4944,58.6995,54.8563,50.3429,42.6436,38.47,37.5503,39.5838,37.6175,36.4014,34.2472,31.6869,26.7961,24.8249,25.3383,25.491,27.4799,27.6945,26.4839,26.4392,26.2582,24.9389,27.1837,25.8521,22.4973,20.32,17.7156,18.4608,21.3134,21.1516,21.250999999999998,25.8962,27.928,28.4526,26.0526,27.1655,25.9003,27.4046,24.2835,23.1016,20.7971,16.0752,13.2534,10.3025,9.0388,8.237
root/EastAsia&PacificLaoPDR,root,90.2097,95.3559,94.0485,81.6029,83.0262,82.9693,93.9732,96.3421,94.4337,93.5959,93.3641,94.6958,95.4909,96.0466,97.0022,97.43299999999999,98.2504,98.7366,99.3711,99.0682,99.1957,98.5999,98.2992,97.9881,97.5485,96.8208,96.8404,97.0132,97.337,97.3465,97.6928,97.9806,85.8074,82.2436,79.6682,70.816,66.601,58.0173,55.9568,53.2531,55.9222,54.7493,53.5462,49.2555,44.9705,43.1588,42.0899
root/EastAsia&PacificMalaysia,root,18.816,17.1227,14.072000000000001,14.9092,15.1789,10.9806,9.845,10.1654,10.1257,8.9724,8.5825,6.5279,4.2939,3.7948,4.671,5.7396,6.6247,8.4834,10.3571,10.7489,14.5757,14.8796,13.0037,10.7558,10.9626,10.6352,6.4227,4.3042,5.5016,6.516,7.0063,7.0322,6.6842,6.9192,7.1805,6.8384,6.9945,3.8587,3.9936,3.0998,2.6126,2.0939,1.4324,1.2125,0.9789,0.8938,0.743
root/EastAsia&PacificMongolia,root,0,0,0,0,0,0,0,0,0,0,0,0,0,0,0,0,0,0,0,0,0,0,45.7426,53.7656,59.1224,68.3316,76.25,81.6479,87.0122,83.4513,85.1907,85.5853,84.8592,72.758,81.1479,89.7594,90.2061,85.3823,71.9277,58.0462,29.9432,18.8456,11.2738,10.7687,9.5738,9.234,8.6989
root/EastAsia&PacificMyanmar,root,54.1864,55.0827,73.3861,67.6032,69.5732,72.4325,79.0335,70.5581,67.5193,68.2078,73.3655,71.85300000000001,72.9185,74.9975,78.1535,82.7258,86.4006,87.536,88.2151,88.8985,88.1465,87.4046,86.7143,85.6338,86.9291,85.2984,83.7804,74.7145,79.3745,79.6244,71.3604,70.4767,70.3002,70.7123,69.9692,69.1056,68.7076,69.0192,69.3187,66.7552,71.7309,71.7556,73.5323,72.7483,72.5928,72.137,72.7028
root/EastAsia&PacificPapuaNewGuinea,root,0.4694,1.208,2.6332,3.9154,4.8434,5.8736,6.5497,6.5922,9.2559,10.242,11.915999999999999,9.5595,8.0952,11.4479,13.5174,15.6503,19.5349,22.9837,18.575,18.628,21.6286,23.2689,17.1965,22.4669,28.6931,32.1255,32.9823,29.9196,31.8341,35.4727,37.9587,37.9049,44.4311,47.9185,50.7218,41.6167,43.6457,50.4402,50.8396,40.466,11.9613,6.0452,5.5124,4.138,4.78,5.2419,6.228
root/EastAsia&PacificPhilippines,root,3.114,3.6337,6.4544,9.9895,10.7039,10.0491,8.1735,7.7378,7.1387,5.9319,5.4755,5.5627,5.1374,5.8485,6.1692,7.5141,9.4041,13.4059,16.6673,17.3367,19.9673,21.9134,24.2865,26.3521,26.8911,28.4275,23.6967,19.835,21.4333,22.9972,21.44,18.9869,20.5895,22.3521,23.4604,21.3903,21.6315,22.3065,25.7555,25.7968,23.9569,23.1805,19.178,16.1099,11.6339,10.7158,10.8004
root/EastAsia&PacificSamoa,root,89.4854,91.954,54.7945,28.6802,21.5336,41.0303,42.7176,45.4117,48.2396,45.5452,57.1918,60.8456,65.7945,68.9792,68.4841,68.8172,72.3929,76.1169,83.3971,87.0257,90.6924,92.1838,93.8487,94.765,95.5449,95.7243,96.1145,96.6035,96.9746,96.7709,97.1531,97.5093,97.6344,97.9022,98.0475,98.3411,98.3601,98.6376,98.9747,89.4039,91.9319,92.9206,93.8444,92.1866,92.6974,93.1791,93.44
root/EastAsia&PacificSolomonIslands,root,0,0,0,0,0,0,0,0,82.5768,92.7336,89.6901,83.3447,79.6631,76.0052,68.3242,61.3368,63.5342,63.1218,63.4157,68.6113,64.0793,59.8187,77.9238,50.3713,53.5638,54.2871,60.1003,60.934,66.2315,69.5146,73.939,76.673,80.1675,80.4512,83.3654,85.2067,85.2179,81.6468,80.7841,75.848,54.0728,45.7652,48.2951,49.5803,47.8429,39.1515,36.0672
root/EastAsia&PacificThailand,root,9.3036,10.0477,9.5277,11.4777,10.644,10.6888,10.7558,10.1109,9.5551,8.8198,9.991,8.9181,9.0886,9.5646,9.6153,11.1881,13.8243,16.7098,16.5746,15.3198,15.2175,12.7669,12.0128,11.1479,10.2647,7.1311,6.1471,6.002000000000001,7.2152,9.7751,11.5154,12.9744,15.6292,16.4475,15.4143,12.2116,10.2758,9.7706,10.2187,7.8413,6.3291,6.0726,4.3542,3.3838,3.0919,3.1156,3.4339
root/EastAsia&PacificTonga,root,0,0,0,0,0,0,0,0,0,0,0,0,0,0,0,87.5432,88.7064,85.2611,83.41799999999999,83.3541,72.2436,85.8698,86.3095,86.1085,80.3932,82.3335,83.3241,83.6224,85.0986,77.5666,80.4488,81.0062,82.0923,83.2981,83.8763,86.7258,87.0613,88.0063,89.3339,89.9018,92.4946,94.3451,94.6071,94.7706,94.4782,94.4896,94.1315
root/EastAsia&PacificVanuatu,root,0,0,0,0,0,0,0,0,0,0,0,77.9661,87.6104,25.2047,20.0108,26.5558,30.9278,40.383,38.8117,49.6684,60.5447,82.9791,87.5893,85.5212,83.9713,86.1436,87.0175,80.0861,85.098,72.8406,60.6139,53.3983,44.1949,46.8854,50.1692,66.2115,60.4933,57.1013,57.3975,62.3564,56.7102,58.9807,28.8997,57.7818,56.2405,55.7617,64.4679
root/EastAsia&PacificVietnam,root,0,0,0,0,0,0,0,0,0,0,0,100.0,100.0,100.0,100.0,100.0,37.6742,34.0488,76.3965,85.6591,85.2129,84.49,82.1961,83.3519,81.8879,78.5717,76.1867,15.5172,20.2624,24.1183,61.9914,66.9461,73.2135,77.2474,74.1618,71.3901,72.3487,67.558,70.533,68.6271,55.4858,52.0263,48.8259,47.0256,43.6219,42.2722,40.2616
root/Europe&CentralAsiaAlbania,root,0,0,0,0,0,0,0,0,0,0,0,0,0,0,0,0,0,0,0,0,0,1.6035,7.8528,14.5342,20.9463,56.1903,66.3296,66.1376,70.368,65.3289,48.9265,51.5945,72.21600000000001,68.0648,74.9087,56.0999,54.1291,50.9806,36.3185,37.3308,32.73,28.7831,27.5834,23.7964,23.726999999999997,24.6009,23.7668
root/Europe&CentralAsiaArmenia,root,0,0,0,0,0,0,0,0,0,0,0,0,0,0,0,0,0,0,0,0,0,0,0,12.4145,9.6486,28.5646,38.759,40.5191,43.1929,41.1306,45.4341,36.4965,37.3633,39.8345,43.9668,45.7254,47.8883,41.4332,39.8846,47.0398,38.7006,34.6335,35.1514,25.5389,25.0728,25.3653,24.7934
root/Europe&CentralAsiaAzerbaijan,root,0,0,0,0,0,0,0,0,0,0,0,0,0,0,0,0,0,0,0,0,0,0,0,0,0,9.4066,14.6674,23.2372,22.9673,23.9788,25.6352,30.8717,41.4887,48.3875,51.7467,47.9584,41.4091,32.8133,32.6224,33.1035,24.7784,29.1787,24.1456,22.9538,18.2709,15.5323,14.4708
root/Europe&CentralAsiaBelarus,root,0,0,0,0,0,0,0,0,0,0,0,0,0,0,0,0,0,0,0,0,0,0,0,48.174,35.567,28.1447,4.379,4.1195,3.5916,3.1347,3.1853,2.8991,3.4653,3.3687,2.7672,2.7508,2.2186,13.1361,17.4861,14.448,11.2134,13.9244,16.5253,17.0994,20.6054,23.3296,26.1358
root/Europe&CentralAsiaBosniaandHerzegovina,root,0,0,0,0,0,0,0,0,0,0,0,0,0,0,0,0,0,0,0,0,0,0,0,0,0,0,0,0,0,37.6797,33.2316,36.0655,36.8383,30.0669,29.8294,22.581,20.1517,16.4549,14.6311,13.1886,14.8474,15.1802,14.8665,14.6272,14.8659,15.2987,17.9522
root/Europe&CentralAsiaBulgaria,root,0,0,0,0,0,0,0,0,0,0,0,0,0,0,0,0.2037,0.4722,0.7373,0.7487,0.6783,0.7105,0.2678,0.2936,1.1625,3.4889,3.622,3.5539,3.1796,3.1471,3.37,4.4956,4.6507,4.2407,4.6222,4.3096,3.6414,2.7666,1.9353,1.8037,1.6949,1.8459,1.8515,1.4472,1.1158,0.8902,0.8742,0.8551
root/Europe&CentralAsiaGeorgia,root,0,0,0,0,0,0,0,0,0,0,0,0,0,0,0,0,0,0,0,0,0,0,0,0,0.0662,6.9366,30.3114,43.5105,53.8032,49.7731,49.1108,49.2634,53.8735,58.9326,60.8391,64.4246,56.3385,52.3163,22.603,23.3581,21.4188,18.8845,18.7693,18.3596,17.6258,16.7409,15.6933
root/Europe&CentralAsiaKazakhstan,root,0,0,0,0,0,0,0,0,0,0,0,0,0,0,0,0,0,0,0,0,0,0,0,0,0.0539,2.6543,4.3648,4.0781,4.3689,5.9932,3.2298,2.5664,2.6769,3.2469,2.9626,2.1076,1.2989,1.0045,1.0942,1.0497,0.9649,0.9752,0.8298,0.6423,0.5184,0.4941,0.5952
root/Europe&CentralAsiaKosovo,root,0,0,0,0,0,0,0,0,0,0,0,0,0,0,0,0,0,0,0,0,0,0,0,0,0,0,0,0,0,0,0,0,0,0,0,0,0,0,0,0,0,0.3854,0.5628,0.826,1.3697,2.0063,3.1498
root/Europe&CentralAsiaKyrgyzRepublic,root,0,0,0,0,0,0,0,0,0,0,0,0,0,0,0,0,0,0,0,0,0,0,8.9922,47.8869,51.6041,60.1831,32.3418,34.6269,41.9431,43.2362,45.4046,53.2735,59.0468,64.1325,61.1021,72.405,69.6052,65.3437,53.776,56.2275,59.2167,47.4471,46.5955,42.6924,43.8984,44.633,44.701
root/Europe&CentralAsiaMacedoniaFYR,root,0,0,0,0,0,0,0,0,0,0,0,0,0,0,0,0,0,0,0,0,0,0,0,0.8534,4.6152,8.1934,8.603,16.384,17.2852,21.4264,23.4242,23.6037,24.9758,28.6579,21.3888,18.8557,18.7063,16.1042,15.4411,13.0944,13.2792,10.8382,10.3403,10.4642,10.6076,11.4815,11.6516
root/Europe&CentralAsiaMoldova,root,0,0,0,0,0,0,0,0,0,0,0,0,0,0,0,0,0,0,0,0,0,0,25.5921,6.917000000000001,9.3995,14.5611,12.9072,12.9753,14.1182,15.8436,11.1728,11.535,13.4005,14.4789,16.5276,15.8046,14.9711,13.5684,13.1999,13.842,11.8409,11.5298,11.7041,10.7815,10.8108,11.6303,12.4494
root/Europe&CentralAsiaMontenegro,root,0,0,0,0,0,0,0,0,0,0,0,0,0,0,0,0,0,0,0,0,0,0,0,0,0,0,0,0,0,0,0,0,0,0,0,0,37.8024,28.9151,26.0574,17.7306,25.1634,18.6487,17.0224,15.7182,16.9895,22.2268,21.3379
root/Europe&CentralAsiaRomania,root,0,0,100.0,47.386,58.0926,42.3776,20.0401,18.4895,18.0625,5.4312,1.7861,1.6366,1.5412,1.5455,1.5334,2.113,2.7122,3.6566,6.9064,18.2949,19.1566,9.5542,7.3731,2.0385,2.8704,6.4877,5.6553,4.8666,5.9744,4.3456,3.1777,2.4637,1.7002,1.6935,1.7763,2.229,2.0908,1.6059,1.6237,3.5936,6.1173,7.3674,7.3344,7.3371,7.1053,5.6552,5.428999999999999
root/Europe&CentralAsiaRussianFederation,root,0,0,0,0,0,0,0,0,0,0,0,0,0,0,0,0,0,0,0,0,0,0,1.2027,26.6047,23.5568,14.7492,13.4075,12.7527,9.8606,8.5239,10.4365,8.7013,3.6063,2.3591,2.19,1.5979,1.2674,0.8718,0.7764,0.7435,0.9682,0.4455,0.3568,0.2728,0.307,0.3435,0.2713
root/Europe&CentralAsiaSerbia,root,18.7939,15.1576,12.1107,12.3326,13.1903,12.3869,11.5783,11.072000000000001,10.3035,8.696,7.2292,6.1545,5.8897,5.1191,4.607,4.4002,4.7049,4.5599,4.2982,4.7576,5.4368,4.2454,3.9923,2.4849,3.0968,3.3902,3.6421,2.8903,2.9692,2.6248,2.352,2.2189,22.7054,21.6995,24.5878,20.5272,15.4871,12.5499,10.5789,11.4045,11.9856,12.9715,12.2703,12.5116,13.0686,13.3732,14.5429
root/Europe&CentralAsiaTajikistan,root,0,0,0,0,0,0,0,0,0,0,0,0,0,0,0,0,0,0,0,0,0,0,100.0,5.1629,3.4271,3.2967,79.6279,52.3639,49.8319,47.9521,59.1668,64.3155,62.6292,67.6635,66.0095,71.3664,76.8855,78.0167,54.576,59.5377,50.2133,49.6859,42.9169,40.9531,37.5187,37.1038,36.2804
root/Europe&CentralAsiaTurkey,root,52.3671,50.0017,55.6621,52.8319,50.1825,44.4757,38.0731,21.2199,17.7138,19.9361,20.4016,21.6047,21.8738,20.8105,18.9666,17.6284,16.1044,15.4833,15.7049,15.2106,15.0731,15.2479,12.8165,10.3476,11.5918,10.2438,8.152999999999999,6.6302,5.8618,5.1581,4.0302,3.4999,3.4125,3.4312,3.1219,2.4406,2.0359,2.3039,2.5108,3.1446,3.2792,3.6032,3.3699,3.0439,2.8769,2.9046,2.8647
root/Europe&CentralAsiaTurkmenistan,root,0,0,0,0,0,0,0,0,0,0,0,0,0,0,0,0,0,0,0,0,0,0,0,3.2492,4.5888,4.9173,2.6158,1.5542,3.1015,12.1925,20.2343,23.7416,26.1916,33.9497,35.7226,46.7482,49.2081,55.9257,62.9459,58.1503,61.5299,55.5727,44.7408,39.562,40.8823,33.433,23.4597
root/Europe&CentralAsiaUkraine,root,0,0,0,0,0,0,0,0,0,0,0,0,0,0,0,0,0,0,0,0,0,0,0,0.5081,0.7006,0.7625,2.2769999999999997,1.9029,2.0152,21.3437,16.2273,10.6348,9.9125,8.6556,6.6099,5.4912,3.2656,2.0066,1.4745,1.3019,1.026,0.9122,0.8111,0.6009,1.9429,2.1814,2.3963
root/Europe&CentralAsiaUzbekistan,root,0,0,0,0,0,0,0,0,0,0,0,0,0,0,0,0,0,0,0,0,0,0,0,13.8606,11.4658,10.4364,25.7309,26.8328,28.5577,24.6286,28.4297,28.1832,30.6867,31.6982,33.2715,34.1704,34.0379,34.0745,35.5134,28.3765,28.7042,31.295,29.7344,27.9932,29.2025,29.7597,31.9372
root/LatinAmerica&CaribbeanArgentina,root,3.9013,3.9551,3.8708,4.1054,4.3764,4.4848,3.9099,3.2569,3.8146,2.699,1.8635,1.2955,1.0439,0.604,0.5849,0.5863,0.6701,0.6027,0.6009,1.1511,1.212,1.1931,1.9747,3.2459,3.303,3.0338,2.4716,1.9662,1.7335,1.5322,1.2933,1.0362,0.9381,0.9246,0.9485,1.1222,1.4322,1.4963,1.6751,1.8913,2.15,2.251,2.415,2.5205,2.0458,1.9372,1.8341
root/LatinAmerica&CaribbeanBelize,root,0,0,21.3412,21.6742,30.7546,37.7874,73.8162,53.3188,55.843,38.2784,48.8063,59.1618,52.1947,39.4366,39.7016,43.9158,48.538999999999994,50.2802,55.3043,59.4506,56.6531,51.5941,47.9285,42.9836,42.1622,36.6572,41.8882,25.1421,32.7256,27.0448,20.4355,18.8374,19.0127,14.7027,18.5387,19.7403,20.5314,21.4974,19.0397,20.125,20.1871,20.7376,22.0876,28.42,31.8446,35.0104,36.855
root/LatinAmerica&CaribbeanBolivia,root,54.8403,46.4861,45.8656,46.1941,46.2584,42.588,37.693000000000005,31.5086,28.6864,26.6238,26.7249,24.4888,25.8187,22.9007,22.7631,22.7444,23.3348,24.7983,32.4945,40.8837,45.2416,43.2799,45.7717,50.8214,50.6489,52.4844,57.2091,57.3571,57.8754,57.711999999999996,54.1853,48.2926,52.9831,55.2281,58.2724,53.387,38.5664,27.2615,27.7397,29.8637,35.1305,40.6598,42.2858,40.5895,40.7349,39.4805,39.4857
root/LatinAmerica&CaribbeanBrazil,root,25.815,21.0026,15.0132,12.4042,9.0422,8.3447,6.7611,5.3072,4.2053,3.6617,3.0198,2.609,2.3292,2.0411,1.8587,1.9763,1.9761,2.1142,2.9335,2.9647,2.9071,2.8451,5.0075,4.3821,4.2423,3.9769,3.1018,2.4787,1.9798,2.046,1.0703,1.3481,1.5653,1.6344,1.8419999999999999,1.974,1.5356,1.2148,1.5181,2.4993,3.2880000000000003,2.8726,2.6819,2.4736,2.2449,2.1523,1.8782
root/LatinAmerica&CaribbeanColombia,root,31.0479,30.596,29.7139,29.624000000000002,29.515,27.1313,26.531,21.0278,21.7641,19.1534,16.4124,13.334000000000001,11.2853,10.2654,9.7085,8.4261,7.9241,7.0920000000000005,6.8648,6.7213,6.6579,6.3345,6.1610000000000005,4.7904,4.9813,4.4816,3.7703,3.2797,3.1493,3.2346,3.2579,2.8342,3.1926,3.2625,3.0762,2.8111,2.9039,2.3632,2.2769,2.0666,2.151,2.5031,5.982,5.9966,5.5635,5.4234,5.6892
root/LatinAmerica&CaribbeanCostaRica,root,24.0777,24.2594,24.1551,23.092,21.0826,18.5006,16.3571,12.9551,11.7567,11.5366,10.8978,9.965,10.4513,13.1968,15.9927,16.2209,16.4662,16.8792,18.4223,17.8499,23.9543,23.5993,24.7371,24.788,24.6227,24.2064,23.7014,21.0764,17.5134,15.6555,12.3267,10.7449,9.796,8.8477,7.6309,5.8536,5.81,5.4027,6.249,8.0766,8.7373,6.6398,4.6092,3.5629,3.9173,4.1406,4.5289
root/LatinAmerica&CaribbeanDominica,root,0,0,0,0,0,0,0,0,0,0,0,98.8984,98.7621,69.8064,79.1818,82.3149,83.3365,83.5526,84.28,87.5612,87.6962,86.6252,86.324,88.4011,83.0755,86.9533,80.8879,83.5323,79.7745,65.5837,55.098,55.54,49.471000000000004,43.4642,44.7093,50.9713,54.225,55.6099,54.888000000000005,52.3033,60.3858,62.5122,68.4785,71.1341,73.7256,71.3164,70.5168
root/LatinAmerica&CaribbeanDominicanRepublic,root,50.2659,48.0564,47.5472,47.3271,41.4954,39.2271,34.1555,26.4268,24.6661,23.4397,23.1165,22.9582,27.3059,25.9234,28.3427,28.3112,28.2404,28.7546,29.3092,30.5501,29.3534,41.6157,41.8561,42.1979,40.3971,38.7459,38.5348,37.7376,35.8805,33.0932,31.9245,26.6307,20.5971,19.5372,20.9539,21.7068,21.8967,20.3489,25.2593,24.8984,24.5605,25.533,21.8753,22.6428,21.7087,6.995,6.2702
root/LatinAmerica&CaribbeanEcuador,root,30.8407,32.1543,27.8118,29.2399,27.7539,24.3092,24.0505,13.2987,8.6558,8.4022,6.5456,5.1913,5.1092,5.3206,5.5273,6.164,6.667999999999999,7.2241,7.9699,7.9625,8.0013,8.7315,11.0616,10.6939,9.3488,10.7361,10.5181,9.5336,10.059,10.1383,11.5868,10.5578,10.514000000000001,11.35,12.9647,11.6518,10.9711,11.8168,11.6101,15.5997,16.1589,15.9008,14.8981,13.7598,11.898,12.2947,11.595999999999998
root/LatinAmerica&CaribbeanElSalvador,root,27.035,26.6728,27.9839,34.2764,29.1684,30.2215,30.0524,24.0776,23.0014,27.1534,29.676,37.4297,36.4442,37.1231,41.3353,45.2663,49.1317,49.4906,51.5751,55.3793,56.4546,58.5887,58.2333,47.9214,46.6874,40.8584,38.5709,34.6334,33.626999999999995,29.1535,25.8136,21.2681,20.1448,14.8332,13.7197,11.6682,11.0292,11.3576,10.8331,10.5507,9.5102,8.2991,6.8853,6.0402,4.9201,4.5451,4.2206
root/LatinAmerica&CaribbeanGrenada,root,29.6049,26.6498,23.1243,20.6969,20.3212,32.1554,37.5645,45.284,59.9372,57.2156,60.3222,52.3031,54.4121,46.5497,53.0279,56.0329,59.836999999999996,63.2771,63.7046,66.4328,68.8039,62.338,66.8212,54.3501,67.7747,67.8751,63.802,71.9779,48.0706,62.7222,47.2986,42.7974,28.8541,29.1231,26.6031,35.3822,36.1286,38.1344,39.3869,41.2104,40.9364,42.4719,39.2165,41.2174,41.3851,44.4981,23.737
root/LatinAmerica&CaribbeanGuatemala,root,34.4148,35.4061,39.0656,39.4657,39.6552,37.8397,36.3955,25.7606,25.7136,23.9139,25.712,28.2726,25.7808,24.1747,19.7456,18.0236,18.3154,19.3041,23.4455,25.1181,26.0568,30.2833,31.8352,32.1793,32.9184,31.429000000000002,29.7412,29.7518,28.8507,26.8284,25.8921,23.0327,21.726,18.8636,11.1508,8.4735,6.8071,5.6559,5.1344,4.9778,4.9706,4.7444,4.9147,4.6041,4.5813,5.4458,5.9088
root/LatinAmerica&CaribbeanGuyana,root,48.3845,30.76,32.6242,31.1718,28.2644,28.3758,26.1687,23.4491,24.8808,27.2016,27.2956,34.881,34.4934,28.7981,27.2365,26.4822,25.4033,25.5616,24.1788,40.9865,56.8202,55.9937,58.4456,60.3961,61.2365,60.568000000000005,53.2314,54.7,53.9581,68.3844,72.2721,72.8651,73.0835,74.97399999999999,78.028,79.8266,75.2457,63.4006,62.3425,50.3678,57.6676,48.2996,56.63399999999999,43.3207,41.3991,54.7434,55.6701
root/LatinAmerica&CaribbeanHaiti,root,73.9437,77.1069,76.3334,79.4199,88.3383,84.6193,85.3407,85.0797,86.1145,81.8512,76.8405,64.8777,59.806999999999995,62.2903,61.7289,64.5375,71.688,73.4721,76.9623,80.1751,79.7494,76.7321,76.2411,73.3204,79.7704,93.2033,93.2304,85.8588,93.5615,86.5728,87.6759,81.1196,84.1178,85.8914,89.2456,92.006,85.6057,92.9814,91.8639,79.9253,85.8914,80.7765,85.3691,88.3741,90.6779,91.1576,89.6604
root/LatinAmerica&CaribbeanHonduras,root,63.2121,59.0847,58.8371,54.9879,46.7746,40.0955,46.8637,28.9979,30.1152,27.759,25.3416,25.8811,29.1568,30.5947,33.8027,32.6529,32.8443,33.3133,35.6397,36.0927,37.9303,33.22,42.4936,43.8159,45.3537,46.388000000000005,49.7596,49.3379,48.7744,51.8777,51.8319,57.2757,58.6954,64.0595,64.8016,66.7348,60.422,49.3899,52.7307,51.7657,55.1757,56.3431,54.3318,43.6169,41.7599,43.766000000000005,45.4749
root/LatinAmerica&CaribbeanJamaica,root,1.9558,2.615,3.2257,3.9903,4.9004,5.4183,6.9756,7.5073,13.7858,17.3432,21.1563,20.991999999999997,22.5361,21.9407,23.9273,24.6257,25.4698,25.7692,27.8541,28.5829,30.4919,30.4217,33.7875,33.4905,33.8093,35.3816,31.2376,29.3666,28.1097,27.204,22.826999999999998,17.9161,17.5747,17.9496,15.0129,13.2682,12.0303,10.8848,10.8697,10.1716,8.5608,7.2397,7.6924,9.0392,8.3118,7.9995,7.5489
root/LatinAmerica&CaribbeanMexico,root,3.6243,3.6163,3.6793,3.3054,2.9492,2.4075,1.9671,1.5915,1.369,1.129,0.8238,0.6284,0.5786,0.5781,0.5419,0.5202,0.5136,0.49700000000000005,0.5346,0.5228,0.9744,1.01,1.1243,1.1375,1.2509,0.9767,1.0227,0.9654,0.9133,0.8512,0.8021,0.6555,0.8077,0.8311,0.8708,0.8642,0.861,0.5414,0.4902,0.674,1.0087,1.0918,0.9333,0.7656,0.6873,0.6283,0.594
root/LatinAmerica&CaribbeanNicaragua,root,40.0591,37.8437,33.6906,28.631999999999998,27.5645,25.1614,26.0113,20.9927,21.2585,22.3583,23.4334,26.8224,26.0183,29.4238,29.0342,31.5747,30.4301,29.4659,28.8437,29.5672,30.2865,32.7712,33.0885,32.5067,32.7292,37.3338,38.7226,43.2369,46.3525,48.5206,47.8433,53.9668,57.0726,59.9742,66.5549,67.8973,64.1828,42.1018,38.9111,35.0147,31.3885,28.9777,43.7865,26.1146,26.2072,27.3457,27.6176
root/LatinAmerica&CaribbeanPanama,root,34.2323,34.2961,26.8464,23.279,21.0891,17.2934,13.3285,12.0569,9.3519,9.1972,8.9801,8.5456,7.9345,7.4865,7.9226,7.7338,7.9882,6.987,6.4823,6.2415,5.928,6.067,6.9739,6.3144,6.1555,6.7866,6.9529,6.835,6.291,5.9137,5.4487,4.1213,4.263,4.1037,3.6252,3.0659,2.5273,2.271,0.4712,0.4857,0.6598,0.9338,1.1822,1.3619999999999999,1.3556,1.2078,1.2683
root/LatinAmerica&CaribbeanParaguay,root,66.3572,68.3291,69.156,71.0411,66.20100000000001,62.4858,62.398,58.7179,52.173,42.2722,37.0959,32.0285,31.2012,30.1077,29.4535,26.482,25.18,22.9993,25.5015,24.6542,28.6073,33.0556,42.8563,45.747,37.6562,33.0461,32.6797,34.9739,33.0682,28.3611,28.7723,28.1599,24.5028,12.3606,11.9115,9.51,8.1628,7.2521,7.0482,6.2465,5.7401,5.8494,5.095,4.7435,4.709,5.0163,5.0745
root/LatinAmerica&CaribbeanPeru,root,6.0172,6.4064,6.8991,7.9437,7.6107,8.4157,7.8255,11.2316,13.5328,14.3329,15.7042,17.7818,14.1811,12.4535,10.3717,10.0485,10.0885,10.1062,9.3717,9.5176,9.8816,18.2148,20.2203,19.8761,19.9958,18.4432,19.0439,17.8065,12.292,13.3678,14.0761,13.7133,14.4898,15.6403,15.345999999999998,11.2259,10.7902,9.5783,10.8098,10.3419,8.4394,8.9278,7.0285,6.0918,4.9922,4.4796,4.2199
root/LatinAmerica&CaribbeanStLucia,root,0,0,0,0,0,0,0,0,0,0,0,91.6403,90.4163,86.1819,79.3101,81.824,65.2768,50.7511,46.9205,45.346000000000004,41.5827,44.1888,53.1337,58.3006,56.7738,57.6492,57.8262,54.9042,46.8326,43.0033,34.836,28.636,29.7796,28.7685,28.9158,24.9938,32.7493,29.0998,23.1651,46.7768,38.4187,50.7927,52.2587,47.5543,43.8174,46.1891,43.3072
root/LatinAmerica&CaribbeanStVincentandtheGrenadines,root,0,0.4059,2.3225,2.8345,15.5437,31.0234,41.9208,48.8406,55.4852,58.6316,56.9385,62.7212,70.9735,67.2331,72.721,73.8061,76.0952,76.5985,80.169,84.4547,82.4807,78.8863,82.0003,65.53399999999999,64.5935,62.0511,62.9222,68.7376,67.571,46.7141,46.9535,46.915,53.5089,48.1404,43.4005,37.7306,38.7357,48.5149,41.0671,43.1897,58.217,62.7217,67.8066,75.3337,78.0135,80.3292,82.74799999999999
root/LatinAmerica&CaribbeanVenezuelaRB,root,9.7142,6.9986,6.1418,5.5951,5.6343,6.9669,2.8497,1.2618,0.6563,0.4102,0.2886,0.2247,0.1913,0.1354,0.1203,0.1076,0.0963,0.0815,0.0668,0.2092,0.2606,0.2412,0.2007,0.1911,0.3788,0.6459999999999999,0.8408,0.7304,0.6757,0.6946,0.7408,0.7474,0.8322,0.946,0.9751,0.8190000000000001,0.8933,0.7134,0.6643,1.1929,1.5872,2.4357,3.9739,4.3299,4.08,4.3584,4.4086
root/MiddleEast&NorthAfricaAlgeria,root,49.9653,42.8807,37.0993,24.9242,27.8093,20.4655,15.3148,9.9936,7.2875,7.1785,6.544,6.3435,5.7078,5.2183,3.6821,2.8555,2.4891,2.698,2.3988,2.2616,3.0464,3.3443,3.9056,5.063,6.8492,9.4357,9.9204,10.2832,10.8964,12.4642,12.5941,12.3627,13.2837,14.1447,15.9532,17.316,31.7184,34.0335,32.4781,27.5633,25.5518,26.8247,21.6222,21.2624,15.9859,14.9821,10.8164
root/MiddleEast&NorthAfricaDjibouti,root,100.0,100.0,94.3378,95.2593,89.8125,88.8834,87.1979,81.4056,82.2808,82.8834,56.3361,55.6059,45.799,65.042,84.1285,87.9188,90.781,93.4623,95.5037,97.1352,97.7879,98.4334,98.5676,98.4438,98.1634,98.0424,96.6199,95.9803,94.2922,91.9979,79.1326,77.5958,79.7273,86.7725,80.7206,74.5555,71.8472,75.4466,76.0173,77.8838,75.8006,79.1185,75.457,78.2382,84.3039,94.5831,93.544
root/MiddleEast&NorthAfricaEgyptArabRep,root,47.9342,39.6127,41.6749,46.2999,47.0231,55.5723,51.292,42.1634,50.1667,48.2326,42.4209,40.0085,34.7509,32.5458,32.0196,30.8705,30.1854,30.6417,31.3379,32.1674,37.8493,50.9564,55.1124,58.9156,60.3689,60.913000000000004,76.4336,75.1781,72.454,72.3048,72.0917,70.4153,72.4183,75.2316,76.1864,70.8919,71.0665,65.5568,64.9057,61.3048,56.8573,56.7304,48.7787,57.3763,58.071000000000005,50.5903,39.143
root/MiddleEast&NorthAfricaIranIslamicRep,root,0,0,0,0,0,0,0,0,0,0,5.8519,6.0911,2.5463,2.7059,3.1439999999999997,2.7183,2.9130000000000003,3.139,3.2163,1.9386,1.2556,0.607,0.3422,0.3404,1.3645,2.5547,3.7891,6.5788,5.9929,6.5758,6.6161,5.6506,6.2896,6.9788,5.3183,5.7777,6.2342,5.9628,7.8592,5.7512,4.6286,3.9798,7.5979,6.6723,5.9548,2.4768,1.5714
root/MiddleEast&NorthAfricaJordan,root,91.4587,79.0327,82.3938,85.5289,80.3312,78.143,78.2495,55.7548,47.5524,44.1108,38.2789,35.8217,35.784,34.478,34.0607,35.3504,33.5846,30.7653,32.9254,29.4928,29.8174,29.9389,33.3544,37.6665,38.7937,41.3815,43.1275,42.7671,46.20399999999999,46.9312,31.9642,27.6758,26.3696,30.7196,30.6843,29.596999999999998,28.7725,27.9204,26.0477,24.6229,22.6628,21.7088,20.5152,15.6519,13.9039,14.0785,14.0964
root/MiddleEast&NorthAfricaLebanon,root,47.442,55.8851,58.4909,62.2779,63.9078,60.6823,60.9256,49.5656,20.7354,20.0817,14.4774,14.3961,11.8547,9.6551,9.8942,10.515999999999998,11.112,10.6493,10.2311,10.4224,6.6648,7.1936,5.3091,7.718,6.6899,9.4134,10.6497,9.6814,8.8962,7.9894,7.0520000000000005,5.3762,4.3516,7.5549,6.6109,6.1298,6.0268,5.74,6.4071,6.1267,5.6983,5.494,4.6851,3.8362,3.3653,2.8483,2.5337
root/MiddleEast&NorthAfricaMorocco,root,63.1874,62.9799,62.3181,62.4963,56.4227,37.736,30.2925,28.5919,27.3154,26.0104,27.949,32.4144,31.4646,31.081,30.3037,30.0069,30.8893,29.2914,30.3529,31.2744,31.901999999999997,23.9777,24.2139,25.3353,26.8086,27.7703,28.8801,28.7886,29.2459,28.4089,29.2746,30.3967,32.0952,29.5946,31.5997,29.706,28.9602,29.1993,34.3267,32.5921,32.0659,31.5594,29.6584,25.8518,21.9472,20.6882,19.457
root/MiddleEast&NorthAfricaSyrianArabRepublic,root,0,0,0,0,0,0,0,0,0,0,0,0,0,0,0,0,0,0,0,0,0,0,0,0,0,69.2525,68.7248,70.0236,66.0326,67.0099,69.0091,71.34,0,0,0,0,0,0,75.8894,65.7381,66.5337,66.227,68.1191,66.1509,65.2764,66.38,66.503
root/MiddleEast&NorthAfricaTunisia,root,56.0116,58.1086,59.8919,62.1745,61.6181,60.9293,59.0761,42.9186,39.7172,38.2847,39.2997,40.5418,42.0838,39.2328,38.4465,37.5753,35.7041,36.0494,35.4191,35.8165,35.4914,34.042,33.164,32.8141,31.4192,27.4897,24.3937,22.1536,22.5147,21.3808,22.6827,20.0989,19.2518,19.3753,19.1115,19.7138,20.3974,20.2415,19.9771,20.2099,21.2816,21.9764,20.3091,21.3425,21.0753,20.1093,19.5162
root/MiddleEast&NorthAfricaYemenRep,root,0,64.8516,61.6458,74.5046,74.9502,73.2383,76.8215,72.25399999999999,77.2451,64.9728,72.0706,72.3862,71.3291,74.7451,71.9351,72.3325,66.4202,62.3156,52.9924,52.271,50.721000000000004,50.8025,50.1762,57.1525,56.8828,56.9612,55.6314,79.7915,85.8395,80.4108,77.1448,81.8556,83.9767,85.758,85.2486,87.4121,88.7978,89.3481,91.1055,86.1367,91.1503,91.3693,88.147,89.0572,85.6174,87.5966,88.2757
root/SouthAsiaAfghanistan,root,0,0,0,0,0,0,0,0,0,0,0,0,0,0,0,0,0,0,0,0,0,0,0,0,0,0,0,0,0,0,0,0,0,0,0,0,93.9306,90.7782,87.8653,80.4039,76.5153,73.074,72.085,77.0884,73.1908,74.275,75.3339
root/SouthAsiaBangladesh,root,0,0,36.6065,71.7531,73.58,77.0058,77.5319,81.148,81.7034,80.2902,79.8064,80.0667,80.8382,82.2569,85.1088,86.2763,86.7576,86.5964,88.0006,89.8229,90.6081,89.8732,90.3897,91.9524,92.6848,93.2592,94.2161,94.9954,95.4023,95.1454,94.7691,94.5757,94.2966,94.5281,93.3162,92.2799,89.3166,88.0947,84.6693,78.7847,74.7631,77.0058,76.8272,73.3431,71.2104,65.4175,64.339
root/SouthAsiaBhutan,root,0,0,0,0,0,0,0,0,0,0,0,100.0,100.0,100.0,100.0,100.0,100.0,100.0,65.8467,68.7215,73.9969,79.7984,83.7935,86.5307,90.6736,93.0433,95.9085,96.4387,69.5008,68.1384,63.117,50.2647,48.3439,42.7605,39.7921,37.1995,38.2,38.5345,45.4963,45.0641,42.4434,40.6987,33.2795,30.8236,27.3307,24.4411,20.0276
root/SouthAsiaIndia,root,79.7757,81.4714,83.3805,84.4999,81.2674,81.5088,84.9822,87.744,87.9998,82.9265,75.7233,69.8961,60.9467,54.8747,52.4151,50.0966,47.6933,46.9798,42.7318,48.474,47.9586,46.1959,46.1888,45.8482,45.8314,46.5316,44.5026,41.5871,41.6881,45.4312,38.0698,37.1789,37.7183,36.4596,35.7934,33.5828,26.6573,21.834,20.8058,18.8643,17.4609,15.687000000000001,13.019,11.5182,10.1534,9.4807,10.0664
root/SouthAsiaMaldives,root,0,0,0,0,0,0,0,0,43.6015,53.0591,96.1184,78.8381,51.3209,48.4317,42.6396,45.6709,72.7906,73.9404,74.9569,77.952,71.0018,87.4967,86.1494,75.5378,79.6112,81.6198,81.0264,79.143,73.798,68.6027,70.1037,59.966,60.7541,61.9471,65.4102,59.431000000000004,41.7212,32.0921,22.2972,25.1599,48.1807,56.6595,64.9578,69.0985,57.4314,58.8591,62.5727
root/SouthAsiaNepal,root,77.5848,90.0414,92.4677,94.404,90.818,90.1663,83.4375,67.6594,68.6818,74.0604,75.6685,78.2361,79.8952,76.2539,88.4068,88.4737,88.2559,85.161,82.46700000000001,85.9324,89.2373,90.9067,92.5155,92.8114,92.1542,94.5354,94.9565,95.792,96.7512,97.2074,98.0202,97.2056,97.9973,97.3759,97.7203,97.3807,95.8649,95.8075,95.9307,93.8997,92.5295,92.15299999999999,82.7546,89.0372,82.5233,85.5021,85.2253
root/SouthAsiaPakistan,root,68.8906,67.4298,68.0404,66.4397,68.2718,70.4284,73.3101,74.683,75.9604,75.3364,71.589,69.4948,66.0148,65.4553,64.6402,64.5371,64.4203,64.3717,65.1322,60.1906,58.5285,54.2561,51.1041,54.647,55.7007,53.8778,53.4944,50.0035,52.1552,54.218999999999994,54.6579,61.6929,64.2445,66.7397,70.8355,71.4882,70.0499,67.9899,61.7878,57.3447,53.7686,54.9786,56.7159,58.8732,54.6504,51.653,48.071999999999996
root/SouthAsiaSriLanka,root,43.5372,48.7771,51.5866,53.0698,49.355,52.748999999999995,56.3025,56.8829,62.1345,57.5425,56.1868,51.3359,48.8867,51.2162,55.0217,59.2919,65.1801,68.3278,65.8,69.567,71.8883,73.8027,76.2078,77.3922,75.6076,75.7638,75.2859,74.5821,75.4294,73.0278,73.4122,72.2447,71.9997,77.2474,76.6207,74.1169,75.3323,68.8113,65.0878,56.9892,57.2476,51.8498,39.563,37.1772,35.2531,34.1238,32.7396
root/Sub-SaharanAfricaAngola,root,0,0,0,0,0,0,0,0,0,0,0,0,0,0,0,0,0,0,0,12.1508,13.9363,14.225999999999999,12.9439,12.4392,12.4433,12.9561,20.4108,22.238000000000003,22.1204,18.7785,18.3429,8.8943,9.4191,10.3913,16.843,14.3885,20.0449,22.1537,22.7554,25.6808,25.6997,22.5411,21.4469,17.6998,16.2329,16.5383,45.1305
root/Sub-SaharanAfricaBenin,root,71.5647,75.8555,71.0297,81.9833,78.6693,79.9164,82.7245,75.1691,62.9932,41.0665,45.748000000000005,41.7107,37.7856,40.1653,42.5139,40.9161,43.0414,44.1023,48.5535,68.01100000000001,72.8044,73.061,75.764,76.0815,75.4856,72.6011,76.7722,73.0096,76.4725,75.9202,80.2249,81.8082,83.0905,88.954,90.9179,92.2367,89.0876,83.8552,86.3053,73.498,69.1753,63.6065,62.1131,75.6431,82.2346,82.2575,82.0408
root/Sub-SaharanAfricaBotswana,root,64.3297,81.8825,75.8705,72.4264,72.3199,74.9224,75.1044,72.9976,57.7514,41.8004,43.8029,39.0584,34.1422,35.6455,34.8366,30.5229,26.1022,22.4167,25.2502,29.8732,32.8661,36.9665,38.214,40.9662,43.5821,49.1218,53.4503,52.573,58.4385,58.3801,64.0122,66.7936,62.919,62.5694,64.3645,65.5111,73.0626,75.0446,77.1596,21.534000000000002,17.7837,11.8,10.3576,10.0296,10.6912,10.5966,9.6954
root/Sub-SaharanAfricaBurkinaFaso,root,84.3123,79.0432,67.4908,70.5249,78.0893,83.5942,85.2624,72.9214,61.3134,67.3098,66.9544,64.3416,61.4338,62.8694,65.8235,67.0378,68.9501,69.2437,70.8214,71.3768,71.6226,74.8662,78.851,81.8975,80.3352,79.101,83.8753,83.0602,83.5901,81.8006,81.6019,83.4019,87.0668,88.9678,90.9992,92.5239,85.931,83.5367,93.3393,88.12700000000001,88.6793,88.7551,87.1082,87.3128,88.1985,87.8706,87.9096
root/Sub-SaharanAfricaBurundi,root,16.3066,22.7518,54.7415,65.3322,73.0847,50.4409,55.2003,56.5731,58.2565,54.8675,62.6008,70.609,73.7897,77.5694,77.0357,74.8866,78.7355,81.4377,84.2472,85.1419,85.8994,86.804,87.1546,89.1762,90.1099,90.4558,92.3568,92.8258,93.6874,88.9946,89.5238,87.5012,86.9121,89.5099,91.1135,89.5756,88.1214,88.9962,87.6943,62.3611,59.2516,59.091,60.9896,57.5993,57.8378,64.4973,67.1042
root/Sub-SaharanAfricaCaboVerde,root,0,0,0,0,0,0,0,0,0,0,0,56.7717,50.6718,47.9929,56.7258,62.5059,61.3807,61.9771,69.0765,73.6641,70.2242,72.7648,73.4608,72.653,75.5955,68.6568,76.4105,78.3199,78.4239,78.2083,84.1093,87.8891,88.9826,88.5688,89.1667,89.9953,91.9239,93.0576,94.5809,89.5668,83.0112,82.2248,80.5624,76.3597,71.5562,70.3841,68.7221
root/Sub-SaharanAfricaCameroon,root,74.2605,70.7413,55.1547,58.5611,54.6415,47.9699,41.5145,40.0191,37.5344,35.6498,33.3446,33.6614,33.0841,33.4708,31.5261,33.8575,29.9866,29.2501,27.5353,29.1253,27.0836,26.8068,31.9327,34.5446,43.5344,44.2778,44.1519,45.5237,47.6861,47.1358,48.1501,51.6461,54.7641,57.3429,62.2001,65.6971,62.9551,64.7124,69.4742,63.5508,64.6045,65.5327,71.1797,74.7479,81.403,67.46300000000001,66.9066
root/Sub-SaharanAfricaCentralAfricanRepublic,root,62.3488,66.7507,44.3893,36.9528,34.946,32.0761,32.0645,29.3387,19.1765,25.6711,30.0773,36.4928,37.8463,41.8568,49.0253,54.1751,56.7925,62.4871,66.1278,71.2202,73.1357,76.67399999999999,77.219,77.0416,81.3722,80.8663,82.3388,82.0105,81.1177,80.1891,82.2083,81.2075,68.6723,77.1325,77.7196,77.7804,76.3474,77.5944,76.8863,42.9361,48.4622,40.9408,44.9878,46.8479,54.8523,53.3526,53.6565
root/Sub-SaharanAfricaChad,root,68.5004,51.745,41.8514,40.7904,33.8603,66.8258,66.0662,63.6048,58.3014,57.31399999999999,60.2073,60.7438,61.8505,65.1805,65.7077,61.527,62.56399999999999,63.0944,69.9134,75.8583,76.6254,78.5216,82.5126,84.454,85.2672,81.8034,80.4879,81.5202,82.8081,83.0382,82.8909,82.9591,83.9343,83.0897,84.7439,86.5971,87.3948,87.9334,91.3621,88.3217,90.88799999999999,87.7707,88.4334,70.1377,81.9756,71.1134,68.3956
root/Sub-SaharanAfricaComoros,root,100.0,96.9305,84.5388,82.2799,90.5172,87.8864,97.4616,91.5467,88.1503,90.3091,96.7915,95.7304,94.05,92.5874,91.7349,90.7268,87.4882,85.0251,87.2896,85.3979,85.8507,87.5709,89.2924,88.0949,89.65299999999999,90.0682,90.3487,88.9259,89.5396,86.2435,83.3426,86.3074,85.4943,86.8691,85.2727,84.9461,84.2418,95.5885,95.7356,90.2238,89.359,88.3302,87.429,77.1774,77.5769,77.0405,82.4291
root/Sub-SaharanAfricaCongoDemRep,root,63.6056,26.1044,18.1931,13.7497,15.2728,15.6667,16.6329,16.2369,16.7218,17.6936,18.0771,19.8262,21.6492,21.9145,22.9386,22.726999999999997,23.3435,24.535,24.2463,29.0541,30.964000000000002,30.6379,29.5979,28.9637,28.0259,26.9115,26.5939,25.7372,26.2906,27.2148,26.5703,25.9304,61.522,62.2719,60.5361,61.6379,61.6338,58.93899999999999,59.68899999999999,56.7867,48.3456,46.4798,49.3149,49.5988,55.1677,58.1068,60.7322
root/Sub-SaharanAfricaCongoRep,root,62.8059,65.5841,63.5905,56.8161,50.7318,47.7353,45.2216,37.37,35.9523,38.2953,26.623,30.7216,27.8065,26.7972,25.2104,20.6694,21.331,22.0709,23.9159,23.6092,34.6145,37.1879,36.4655,32.6294,34.2251,32.4928,37.8731,36.4748,36.6702,34.2792,35.1548,34.2628,36.3585,37.235,41.2966,43.4575,46.0639,56.4043,61.7679,62.4374,48.3493,51.504,50.8363,56.5537,57.3903,56.0972,60.2546
root/Sub-SaharanAfricaCotedIvoire,root,32.4817,29.7243,29.5245,22.0436,21.0682,16.7599,15.0355,13.1578,10.5869,9.4052,5.872000000000001,5.0323,5.4977,5.8521,6.2467,7.0134,15.8624,16.5089,14.6828,14.5873,17.9741,18.7251,18.9213,19.4047,22.3282,24.1508,24.6197,28.8526,33.2852,33.4173,34.2137,33.3907,38.6676,42.718,47.156000000000006,46.3406,44.714,45.9493,47.7576,39.4069,48.1516,47.7883,16.718,20.0553,20.0165,29.8687,29.9625
root/Sub-SaharanAfricaEritrea,root,0,0,0,0,0,0,0,0,0,0,0,0,0,0,0,0,0,0,0,0,0,0,0,0,100.0,100.0,95.56299999999999,96.0559,95.4713,86.3375,85.3461,87.5865,87.4405,89.6282,85.3829,89.1162,88.6548,89.0696,87.6038,84.54,84.675,84.9258,87.939,90.5773,87.5434,85.9649,90.2144
root/Sub-SaharanAfricaEthiopia,root,54.6747,59.4621,62.6253,66.5224,69.6012,73.7749,78.9885,73.5531,73.8609,68.2841,68.2582,78.1166,83.8403,86.301,85.0871,85.8324,86.322,86.6065,86.2075,86.5949,87.3114,84.2154,84.1422,84.3715,84.3031,84.5586,86.2768,85.6733,85.1568,86.3201,87.42,88.1805,89.1384,87.6581,85.7911,83.0744,66.65899999999999,71.9234,76.2742,59.3672,58.3963,62.163000000000004,66.0089,69.0465,68.0533,65.0143,68.5783
root/Sub-SaharanAfricaGabon,root,34.9358,30.9495,20.9286,14.6059,13.2356,7.8356,5.7105,4.8818,5.9854,6.2621,7.4522,8.1329,8.8375,8.9906,9.2246,10.3702,9.1081,10.2175,9.8154,8.9667,10.5823,11.555,11.6272,10.5671,13.8896,16.2555,17.3577,21.0284,21.599,20.7357,35.0515,37.5571,37.8846,26.4252,21.8859,20.5613,19.195,12.7563,20.2055,18.4146,19.0478,18.3214,19.0643,17.9524,21.2321,19.959,24.0104
root/Sub-SaharanAfricaGambiaThe,root,95.98100000000001,96.0394,97.3516,97.8781,98.4785,98.8669,92.3261,65.3146,47.6653,50.9927,49.9089,51.2196,48.3552,50.3291,47.0624,50.041000000000004,58.9188,63.0736,65.3117,66.7169,67.7502,70.3181,73.9018,72.8598,79.4083,84.8148,87.1416,91.3411,90.7697,88.5558,85.8775,85.3698,84.5409,86.1936,89.3195,90.9522,92.6079,93.3726,89.82600000000001,76.7249,76.5661,83.2541,76.8844,78.6079,79.1726,79.8538,79.6756
root/Sub-SaharanAfricaGhana,root,43.1712,45.7065,53.4157,59.2849,70.7515,68.1767,71.1284,52.0741,45.8216,50.6029,55.2103,51.476000000000006,55.3001,49.4848,41.7882,41.104,44.4559,49.0335,51.9345,53.7084,54.6356,54.3938,57.0994,59.2373,61.1197,63.0275,62.1814,64.2364,66.296,67.8807,70.4164,67.5775,66.875,70.1385,72.1844,71.6947,41.2346,39.5024,44.7311,42.2954,44.4516,44.4199,47.6153,43.8241,43.6485,42.0552,40.7698
root/Sub-SaharanAfricaGuinea,root,75.7124,74.0144,72.5492,70.9751,71.1959,71.2347,71.8182,66.3776,64.7122,58.8591,59.9429,68.2085,67.4728,66.8482,65.846,62.7908,64.2515,64.9173,65.78699999999999,64.2997,67.3941,68.7899,74.6773,75.6947,74.8907,75.7568,74.8465,70.4213,74.6699,72.4404,72.5733,75.0717,74.0317,80.1148,77.0505,77.6581,79.3414,79.9667,81.4469,81.5184,80.35600000000001,82.165,60.388000000000005,60.1829,60.1165,57.2101,57.4027
root/Sub-SaharanAfricaGuineaBissau,root,0,0,0,0,0,32.9959,48.3212,51.1857,56.8843,55.2697,61.5217,63.5212,61.4481,58.8201,49.7948,48.4246,48.5575,51.3575,51.0019,54.7072,56.8603,55.7628,57.6625,60.3972,62.5309,62.7515,72.0617,72.245,72.3546,71.5534,69.5851,70.4447,70.2862,71.1812,77.9984,77.5561,83.9463,82.6206,82.7632,80.9825,85.9491,70.961,70.1767,70.2677,68.5122,65.6102,68.6969
root/Sub-SaharanAfricaKenya,root,35.6115,36.0884,34.4712,31.375999999999998,27.7401,25.4776,25.034000000000002,25.0681,19.9081,20.1187,20.1953,23.5569,27.3892,26.4144,30.566,30.2744,33.5945,32.413000000000004,35.041,33.6731,33.707,36.3397,40.3438,43.391000000000005,47.5819,52.7366,57.72,58.0255,60.0606,63.445,66.557,74.4171,76.0553,75.4935,77.5172,75.9493,77.4129,74.8717,76.3929,71.6889,72.9139,70.9549,65.462,62.123999999999995,58.82899999999999,56.2181,57.0661
root/Sub-SaharanAfricaLesotho,root,86.9752,85.595,84.0324,81.8137,86.1124,92.0406,94.37100000000001,93.7052,84.2681,72.1634,61.6335,65.1786,59.9521,69.3077,75.1387,73.4764,73.0194,67.6632,66.0655,67.688,68.5342,70.2371,71.1056,67.1807,66.4943,64.5338,62.9501,61.04600000000001,61.5565,62.9982,55.7966,60.3433,65.7589,72.7307,73.116,79.4837,82.1262,84.4469,87.6523,83.5177,84.6027,82.8088,77.6106,73.7978,73.8345,72.4999,73.2397
root/Sub-SaharanAfricaLiberia,root,67.7431,67.2125,68.0158,67.9237,67.5834,63.8051,58.6557,46.9383,34.0433,31.6729,30.8257,32.2453,32.3548,33.3378,36.8974,36.5614,33.5604,31.9806,31.3292,30.3371,28.9381,26.8772,26.4248,26.8803,26.3974,25.1833,24.7852,23.9233,23.0145,22.1379,22.261,20.4784,19.604,18.6817,17.9687,16.825,16.2976,19.2181,16.1426,26.6382,42.5033,39.5583,40.9409,39.6922,37.2594,45.0039,48.3768
root/Sub-SaharanAfricaMadagascar,root,93.09100000000001,92.7524,92.0339,91.9407,94.4072,91.9303,69.6502,82.7848,53.1458,40.5506,37.4079,33.7725,34.33,31.2616,31.089000000000002,32.9742,35.0537,37.1857,40.6256,43.5067,46.5503,49.7357,50.0695,51.31100000000001,51.6936,51.8682,51.3716,65.1959,66.2663,60.9867,60.8025,66.8717,68.667,71.7691,83.4111,82.845,65.3321,52.0976,60.3598,58.3526,64.2716,65.6302,65.5473,70.7576,72.9761,75.3078,75.444
root/Sub-SaharanAfricaMalawi,root,57.9505,61.3575,66.3501,69.4093,71.3986,72.7352,71.0606,49.9326,46.1027,31.4986,31.1398,34.3344,36.1081,39.1993,47.4349,47.8575,55.0352,59.015,63.6687,65.2284,67.4685,73.6706,76.6869,82.2393,82.9715,84.5864,84.0187,88.5185,89.32700000000001,89.4639,89.8821,92.3249,89.2759,91.2767,91.9678,92.5952,78.6375,82.8788,74.2392,70.8792,68.3696,73.6682,74.1888,77.33800000000001,80.9772,82.8993,80.8235
root/Sub-SaharanAfricaMali,root,93.5914,93.6624,92.1936,91.3552,91.2589,91.045,90.84,87.9674,85.669,83.5114,84.3744,81.343,85.7299,83.8737,82.1558,83.4712,85.1317,88.0641,89.8971,91.2249,91.0976,91.5919,92.7845,92.7541,91.4677,89.9327,89.4014,83.6285,82.8247,82.1842,84.1081,84.4304,86.9752,91.4996,92.2187,93.7186,93.4048,95.2243,94.5586,87.6949,89.2833,83.1881,87.8233,87.0519,88.2527,88.8842,88.1977
root/Sub-SaharanAfricaMauritania,root,52.0217,58.3474,59.7256,52.9125,65.515,77.3264,53.5936,51.3935,54.0773,61.0684,62.6185,67.859,66.3438,65.1633,65.8925,66.12,63.9624,62.6194,62.6342,62.8761,60.7545,60.3673,63.2412,70.141,70.8878,70.6481,70.9623,68.3643,71.9766,70.2758,71.4133,74.2291,76.9937,81.7031,82.4561,81.8143,69.366,72.2345,72.5304,77.1911,76.065,76.5162,69.1958,68.8215,71.4376,73.9282,75.5943
root/Sub-SaharanAfricaMauritius,root,17.4239,23.1298,26.0206,29.353,38.7146,48.6172,43.6,36.2317,24.7373,16.2227,15.3532,16.7238,17.6933,20.7678,21.3125,23.9116,26.1675,29.5156,29.6951,32.1703,37.4858,39.6904,40.6859,42.5442,37.9071,31.0998,28.7788,25.7006,27.5477,24.2994,30.3826,30.9887,31.203000000000003,30.9698,32.806999999999995,37.1278,43.0152,44.3159,44.5453,15.2942,16.5041,6.0995,7.2206,6.477,5.621,5.6924,4.2235
root/Sub-SaharanAfricaMozambique,root,0,0,0,0,0,0,0,0,0,0,0,0,0,0,57.9173,48.6596,49.8811,50.8577,53.074,51.8609,45.4595,51.4595,52.023,55.6775,58.1576,52.0623,56.4814,56.0476,61.6607,65.7195,64.0439,68.3172,72.9352,75.1839,70.4187,72.6372,67.5474,73.6905,75.3327,73.5327,72.0099,78.8922,77.5829,68.9439,71.3188,66.6468,69.4762
root/Sub-SaharanAfricaNiger,root,91.5895,93.9365,88.536,89.2347,82.2597,82.6967,84.06700000000001,56.0624,20.9845,18.632,18.1805,20.6682,25.5662,31.3249,34.0966,34.243,37.0821,42.7099,48.0274,48.2764,49.2651,57.2108,59.3682,61.7538,65.0397,64.965,68.0021,67.6689,70.6791,72.6033,72.9918,77.2741,80.0208,78.657,89.0065,88.4449,85.3194,68.5775,81.2377,76.4936,78.3787,86.01299999999999,88.5491,87.045,87.6954,85.3754,85.7608
root/Sub-SaharanAfricaNigeria,root,15.6441,19.2952,20.9168,14.0685,15.4341,18.9654,24.6832,11.2256,7.5167,6.5313,4.9096,3.3845,2.8882,2.15,1.8791,1.9311,1.7823,1.5471,1.4814,1.4674,1.5577,2.8674,3.3495,3.5625,3.8976,4.0439,4.3343,4.6891,5.2828,6.0096,4.5691,4.3252,4.7036,42.2603,44.0127,41.9332,20.9554,21.0372,22.6757,21.9516,28.0393,29.482,33.0608,33.2174,31.9019,30.6678,31.3336
root/Sub-SaharanAfricaRwanda,root,30.9899,84.6346,71.9858,65.1882,77.4835,87.5508,94.7962,81.9368,76.7089,73.932,74.423,79.8565,80.6282,84.8586,78.9555,86.2017,89.6314,90.20700000000001,91.7275,91.6519,92.5943,91.745,91.84100000000001,91.8601,94.7439,93.3285,93.6408,88.7213,90.9348,88.4043,88.8645,89.4253,89.7648,90.9425,92.1875,92.6655,89.8369,91.3889,92.7544,82.0983,83.0275,79.4951,82.4798,67.9032,73.0137,76.6631,69.8385
root/Sub-SaharanAfricaSaoTomeandPrincipe,root,0,0,0,0,0,0,0,91.6628,93.9705,72.8632,83.5592,64.6814,71.3156,73.3564,63.4353,69.3452,65.8426,67.7771,69.9279,66.0517,71.7426,74.5589,76.214,75.3202,79.5343,90.1203,92.9003,92.2102,91.7398,88.4549,87.165,87.67299999999999,86.2648,89.9418,88.5015,89.2663,87.3844,75.3034,69.0979,68.4012,70.8769,74.7677,79.0504,81.0264,84.0325,87.1782,87.35600000000001
root/Sub-SaharanAfricaSenegal,root,59.7732,53.0515,54.5372,40.1154,39.6961,37.2565,36.2023,30.8204,27.2322,25.7869,27.1315,33.2058,34.0109,34.8542,36.0024,37.3422,42.5719,47.2155,52.2336,53.0361,52.7142,54.513000000000005,56.7096,55.4972,57.5052,58.923,63.5209,66.4018,71.7516,71.2624,75.3035,74.6993,75.0379,79.0275,85.5879,87.6462,78.7606,72.1551,75.6578,67.0772,69.5664,68.3901,73.3701,76.056,70.7598,71.8503,73.4605
root/Sub-SaharanAfricaSierraLeone,root,32.525999999999996,63.1011,64.9208,65.4448,53.6132,51.2505,47.6531,43.4208,40.4593,35.6692,36.3409,28.5616,32.2434,32.7391,27.7567,28.6967,27.9281,27.3828,29.3867,27.4771,26.1772,26.000999999999998,27.6808,31.6803,37.9165,56.0848,59.4096,61.0381,59.6434,59.0477,65.346,74.4923,75.3148,75.4923,77.6657,69.5118,76.971,47.1107,51.2578,45.1085,47.7824,50.5015,55.7491,50.4671,57.6854,54.5859,51.5663
root/Sub-SaharanAfricaSomalia,root,90.9541,91.927,91.3009,90.7632,93.5595,95.1987,96.7845,94.5229,92.79700000000001,91.8788,82.7977,70.971,67.738,56.2052,56.0521,64.7371,66.1842,69.3491,68.059,67.435,65.6805,64.3961,62.958,61.8376,60.2481,59.5739,58.9001,58.678000000000004,58.1115,57.7493,57.6515,56.6118,55.8812,55.0334,54.9912,55.0515,54.4215,53.9722,54.2217,52.9004,53.2112,53.2126,52.9118,52.5258,52.5895,52.7098,48.9162
root/Sub-SaharanAfricaSudan,root,36.0387,40.2241,40.9801,40.0491,32.1439,30.5555,31.6591,33.0261,32.1465,37.1015,33.408,32.3916,35.5465,38.6357,38.2777,37.2181,35.7999,33.2211,34.0068,31.3886,30.0842,30.0597,29.5437,29.2292,27.9296,27.151999999999997,27.987,28.3939,27.9306,28.7212,29.296,31.0272,30.0121,29.4356,29.5143,31.6172,33.1332,34.9005,36.8104,36.2819,36.4966,40.6851,39.6089,39.2451,40.0733,40.5078,40.6556
root/Sub-SaharanAfricaSwaziland,root,32.957,36.3717,42.5769,66.9392,74.7222,78.13,71.6681,59.4628,45.9914,44.2076,40.4351,41.8145,39.122,31.2118,36.4327,35.3091,38.9057,43.8513,49.1412,52.5369,63.3325,66.0477,68.098,66.1962,70.3847,70.613,68.6536,35.3964,49.3322,42.0943,39.7395,38.9284,38.9897,39.1197,33.8779,30.2516,34.6708,35.8689,36.6733,34.4777,25.5231,31.0903,39.2202,40.7142,41.8413,46.0178,46.4688
root/Sub-SaharanAfricaTanzania,root,82.7258,94.9434,88.13600000000001,83.9624,78.0402,73.2507,69.3412,65.7553,61.1284,55.534,51.3644,51.2498,48.3229,45.8534,41.3381,38.2115,52.9641,49.7792,53.1392,54.3014,53.7955,54.5749,57.7378,59.428999999999995,60.5628,60.4996,61.2859,71.3973,72.1091,72.2254,73.1736,76.9758,76.6265,76.648,70.7549,72.1837,51.0005,55.4876,55.3938,55.208999999999996,58.7809,57.7606,56.2731,57.1075,55.7479,55.4889,55.2711
root/Sub-SaharanAfricaTogo,root,78.8824,79.1168,75.6068,76.1599,69.1316,60.3731,49.1604,37.9924,29.6597,28.0602,28.3442,25.5528,26.7474,31.8697,27.3351,30.3146,36.9132,39.3215,47.0414,46.2259,55.0452,56.9293,59.2328,62.6666,61.2081,61.8073,65.2205,71.4123,71.3815,68.0089,69.3985,69.3396,67.854,69.3763,66.1069,66.0903,66.3606,63.978,77.0093,73.9822,77.6572,46.0305,51.0459,51.5799,59.8688,66.248,70.4601
root/Sub-SaharanAfricaUganda,root,71.3435,65.0514,68.1548,73.6959,67.7631,66.6488,61.2511,55.2483,42.6806,42.8552,36.7982,27.7321,27.9735,28.8738,32.4773,38.3082,41.2645,43.998000000000005,45.9878,52.4602,55.6917,57.9728,61.2028,69.7816,72.2901,76.8348,77.7025,76.2411,79.745,79.9901,82.485,81.1628,84.6546,86.4273,88.0212,89.554,66.321,82.2519,70.2533,76.3383,86.2124,87.9415,89.8353,45.6246,46.3168,48.1401,53.7417
root/Sub-SaharanAfricaZambia,root,6.2556,7.5726,9.4124,14.9285,21.0696,18.0449,18.9772,17.1525,19.3742,18.7358,24.4975,24.1842,25.4022,26.6913,26.3529,27.1757,25.7596,26.9544,26.9066,24.1952,29.9168,35.835,37.07,40.3766,45.3405,47.3473,49.603,52.3657,53.0953,59.3261,61.5709,57.7286,58.9994,62.5666,60.3793,60.1654,28.0791,26.9568,28.3832,25.5374,25.1345,32.1774,35.4914,38.4961,32.3599,32.9582,36.2187
root/Sub-SaharanAfricaZimbabwe,root,18.9061,18.9644,18.9257,19.9034,17.5691,17.9599,19.4328,14.8087,6.6501,5.3791,1.9401,4.271,7.4087,8.9356,11.6224,15.6436,19.6022,25.7883,28.6096,28.971,28.6209,28.638,28.0187,29.8175,33.5491,31.4036,30.1635,29.4572,33.5187,34.5401,36.9582,36.817,38.8738,38.0972,37.2084,36.9279,35.4823,32.6803,32.5214,31.6264,28.2207,27.0106,23.0767,24.9896,24.2762,21.8904,21.0744
