root/EastAsia&PacificBruneiDarussalam,root,10000.0,0,0,0,10000.0,10000.0,10000.0,10000.0,10000.0,0,0,0,0,0,0,0,0,0,0,0,0,0,0,0,0,0,0,10000.0,0,70000.0,170000.0,230000.0,150000.0,170000.0,160000.0,0,0,0,0,0,0,0,0,0,0,0,0,0,0,0,0,0,0,0,0,0,0
root/EastAsia&PacificCambodia,root,140000.0,50000.0,100000.0,110000.0,120000.0,100000.0,120000.0,170000.0,200000.0,190000.0,670000.0,80000.0,2580000.0,30000.0,570000.0,30000.0,10000.0,20000.0,0,0,0,10000.0,0,0,0,0,0,0,0,0,210000.0,2790000.0,3330000.0,3460000.0,3150000.0,4230000.0,2120000.0,5310000.0,3400000.0,1190000.0,2560000.0,7980000.0,4940000.0,8970000.0,8480000.0,8480000.0,8100000.0,15330000.0,11530000.0,10930000.0,8180000.0,18150000.0,15610000.0,10060000.0,3690000.0,4050000.0,5010000.0
root/EastAsia&PacificChina,root,0,0,0,0,0,0,0,0,0,0,0,0,0,0,0,0,0,0,0,0,0,40000.0,4470000.0,5000000.0,6690000.0,15480000.0,17970000.0,32170000.0,35600000.0,37380000.0,67710000.0,39980000.0,62350000.0,69550000.0,68600000.0,53740000.0,38400000.0,45000000.0,52280000.0,31420000.0,29200000.0,24320000.0,28740000.0,28440000.0,34910000.0,30030000.0,29600000.0,32900000.0,54340000.0,11050000.0,9020000.0,1970000.0,4080000.0,2250000.0,6760000.0,10400000.0,11540000.0
root/EastAsia&PacificFiji,root,0,0,10000.0,0,0,0,10000.0,0,0,0,0,0,0,30000.0,40000.0,30000.0,0,0,0,0,0,100000.0,140000.0,470000.0,150000.0,430000.0,290000.0,220000.0,150000.0,140000.0,70000.0,20000.0,80000.0,40000.0,10000.0,0,0,0,0,0,0,10000.0,40000.0,330000.0,260000.0,340000.0,100000.0,500000.0,470000.0,130000.0,80000.0,0,0,180000.0,20000.0,0,570000.0
root/EastAsia&PacificHongKongSARChina,root,10000.0,10000.0,20000.0,10000.0,30000.0,50000.0,50000.0,50000.0,40000.0,30000.0,20000.0,20000.0,10000.0,0,0,0,0,0,0,0,0,0,0,40000.0,50000.0,100000.0,30000.0,50000.0,10000.0,40000.0,0,20000.0,10000.0,0,0,0,0,40000.0,20000.0,20000.0,0,0,0,0,0,0,0,0,0,0,0,0,0,0,0,0,0
root/EastAsia&PacificIndonesia,root,1120000.0,600000.0,500000.0,450000.0,440000.0,80000.0,100000.0,500000.0,900000.0,2470000.0,3120000.0,2080000.0,12990000.0,17450000.0,25820000.0,34100000.0,22350000.0,11770000.0,14410000.0,8810000.0,14440000.0,21190000.0,26790000.0,10580000.0,25970000.0,34120000.0,52070000.0,42970000.0,40120000.0,33430000.0,48430000.0,42660000.0,33610000.0,33930000.0,23870000.0,15720000.0,18000000.0,18740000.0,18460000.0,26310000.0,26450000.0,18780000.0,11550000.0,21630000.0,9250000.0,95890000.0,37280000.0,53440000.0,82410000.0,20020000.0,10860000.0,13650000.0,10530000.0,12330000.0,9410000.0,14060000.0,18700000.0
root/EastAsia&PacificKiribati,root,0,0,0,0,0,0,0,0,0,0,0,0,0,0,0,0,0,0,0,0,0,0,0,110000.0,90000.0,40000.0,70000.0,10000.0,10000.0,0,0,0,0,0,0,0,0,0,0,0,0,0,0,0,0,0,0,340000.0,30000.0,100000.0,0,720000.0,0,0,0,0,160000.0
root/EastAsia&PacificKoreaDemPeople’sRep,root,0,0,0,0,0,0,0,0,0,0,0,0,0,0,0,0,0,0,0,0,0,0,0,0,0,310000.0,40000.0,80000.0,40000.0,40000.0,0,20000.0,0,0,0,0,70000.0,2470000.0,4540000.0,180000.0,2360000.0,1510000.0,190000.0,5000000.0,2400000.0,1570000.0,260000.0,2120000.0,2410000.0,3600000.0,0,2530000.0,8200000.0,990000.0,3640000.0,2140000.0,2040000.0
root/EastAsia&PacificKoreaRep,root,0,0,0,0,10000.0,50000.0,50000.0,70000.0,470000.0,490000.0,2520000.0,60000.0,30000.0,10000.0,20000.0,40000.0,40000.0,40000.0,30000.0,20000.0,40000.0,220000.0,350000.0,380000.0,630000.0,40000.0,40000.0,20000.0,240000.0,100000.0,120000.0,70000.0,100000.0,110000.0,20000.0,20000.0,720000.0,20000.0,770000.0,0,0,0,0,0,3180000.0,0,0,0,0,0,0,0,0,0,0,0,0
root/EastAsia&PacificLaoPDR,root,20000.0,20000.0,0,90000.0,120000.0,120000.0,200000.0,270000.0,260000.0,1300000.0,420000.0,170000.0,200000.0,160000.0,180000.0,190000.0,130000.0,2380000.0,0,0,0,0,10000.0,0,0,0,0,20000.0,30000.0,20000.0,110000.0,320000.0,1030000.0,620000.0,580000.0,830000.0,1040000.0,1170000.0,330000.0,650000.0,350000.0,580000.0,1450000.0,1730000.0,2470000.0,3650000.0,2880000.0,4680000.0,1710000.0,1760000.0,580000.0,2690000.0,1450000.0,720000.0,1100000.0,1870000.0,980000.0
root/EastAsia&PacificMalaysia,root,280000.0,1080000.0,1010000.0,1300000.0,1760000.0,1820000.0,4080000.0,2190000.0,1790000.0,1480000.0,2130000.0,3320000.0,2940000.0,2440000.0,1580000.0,1690000.0,1670000.0,2680000.0,2280000.0,1350000.0,990000.0,1570000.0,450000.0,640000.0,950000.0,3030000.0,2490000.0,3790000.0,4580000.0,6290000.0,5620000.0,8470000.0,8430000.0,7670000.0,5690000.0,4520000.0,3440000.0,2210000.0,3840000.0,1540000.0,2200000.0,560000.0,690000.0,470000.0,290000.0,1460000.0,150000.0,960000.0,260000.0,110000.0,10000.0,30000.0,40000.0,220000.0,80000.0,60000.0,40000.0
root/EastAsia&PacificMarshallIslands,root,0,0,0,0,0,0,0,0,0,0,0,0,0,0,0,0,0,0,0,0,0,0,0,0,0,0,0,0,0,0,0,0,0,0,0,0,0,0,0,0,0,0,0,0,0,0,0,340000.0,10000.0,10000.0,0,100000.0,0,40000.0,0,0,160000.0
root/EastAsia&PacificMicronesiaFedSts,root,0,0,0,0,0,0,0,0,0,0,0,0,0,0,0,0,0,0,0,0,0,0,0,0,0,0,0,0,0,0,0,0,0,0,0,0,0,0,0,0,0,0,0,0,0,200000.0,0,310000.0,20000.0,10000.0,10000.0,0,0,40000.0,0,0,160000.0
root/EastAsia&PacificMongolia,root,0,0,0,0,0,0,0,0,0,0,0,0,0,0,0,0,0,0,0,0,0,0,0,0,0,0,0,0,0,0,0,0,0,0,20000.0,0,40000.0,210000.0,170000.0,300000.0,330000.0,800000.0,920000.0,1220000.0,1290000.0,1490000.0,1320000.0,2090000.0,1750000.0,2660000.0,8260000.0,930000.0,430000.0,1380000.0,290000.0,1070000.0,5900000.0
root/EastAsia&PacificMyanmar,root,330000.0,970000.0,590000.0,660000.0,610000.0,220000.0,890000.0,100000.0,60000.0,750000.0,1940000.0,2160000.0,550000.0,1870000.0,1300000.0,540000.0,1750000.0,6180000.0,2720000.0,4380000.0,3660000.0,2610000.0,1930000.0,1760000.0,1510000.0,2290000.0,1060000.0,950000.0,2400000.0,660000.0,1700000.0,70000.0,130000.0,280000.0,2630000.0,70000.0,240000.0,70000.0,60000.0,220000.0,160000.0,1300000.0,1320000.0,1410000.0,630000.0,530000.0,140000.0,390000.0,22320000.0,2510000.0,610000.0,4130000.0,2670000.0,6550000.0,8250000.0,12610000.0,15430000.0
root/EastAsia&PacificNauru,root,0,0,0,0,0,0,0,0,0,0,0,0,0,0,0,0,0,0,0,0,0,0,0,0,0,0,0,0,0,0,0,0,0,0,0,0,0,0,0,0,0,0,0,0,0,0,0,340000.0,10000.0,40000.0,0,0,0,0,0,0,0
root/EastAsia&PacificNewCaledonia,root,0,0,0,0,0,0,0,0,0,0,0,0,0,0,0,0,0,0,0,0,0,0,0,30000.0,0,0,0,0,0,20000.0,0,0,0,0,0,0,0,0,0,0,0,0,0,0,0,0,0,0,0,0,0,0,0,0,0,0,0
root/EastAsia&PacificNorthernMarianaIslands,root,0,0,0,0,0,0,0,0,0,0,0,0,0,0,0,0,0,0,0,0,0,0,0,0,0,0,0,1670000.0,0,0,0,0,0,0,2070000.0,0,0,0,0,0,0,0,0,0,0,0,0,0,0,0,0,0,0,0,0,0,0
root/EastAsia&PacificPalau,root,0,0,0,0,0,0,0,0,0,0,0,0,0,0,0,0,0,0,0,0,0,0,0,0,0,0,0,0,0,0,0,0,0,0,2070000.0,0,0,0,0,0,0,0,0,0,0,0,0,340000.0,10000.0,10000.0,0,0,170000.0,50000.0,0,0,0
root/EastAsia&PacificPapuaNewGuinea,root,0,0,0,0,0,0,0,0,0,0,0,0,0,0,0,30000.0,50000.0,40000.0,30000.0,20000.0,220000.0,230000.0,100000.0,400000.0,650000.0,520000.0,220000.0,150000.0,120000.0,320000.0,130000.0,90000.0,60000.0,30000.0,0,30000.0,40000.0,90000.0,140000.0,0,30000.0,0,20000.0,350000.0,550000.0,380000.0,490000.0,1170000.0,700000.0,240000.0,90000.0,1090000.0,930000.0,160000.0,0,0,330000.0
root/EastAsia&PacificPhilippines,root,70000.0,40000.0,60000.0,100000.0,90000.0,9810000.0,1710000.0,570000.0,60000.0,110000.0,60000.0,50000.0,20000.0,10000.0,10000.0,70000.0,1010000.0,1380000.0,1670000.0,230000.0,200000.0,860000.0,3260000.0,5080000.0,8080000.0,4920000.0,6110000.0,16350000.0,25000000.0,23220000.0,28670000.0,22490000.0,28420000.0,24410000.0,24120000.0,19540000.0,16430000.0,16520000.0,14530000.0,11160000.0,9920000.0,14440000.0,15640000.0,15600000.0,12360000.0,19370000.0,19850000.0,22450000.0,15500000.0,16970000.0,16650000.0,11880000.0,10700000.0,71080000.0,60340000.0,15790000.0,13930000.0
root/EastAsia&PacificSamoa,root,0,0,0,0,0,10000.0,20000.0,20000.0,20000.0,0,0,20000.0,30000.0,20000.0,0,0,0,0,0,0,0,0,0,220000.0,0,50000.0,80000.0,0,30000.0,0,0,0,20000.0,0,0,0,0,0,10000.0,20000.0,20000.0,20000.0,110000.0,120000.0,30000.0,210000.0,0,380000.0,160000.0,360000.0,70000.0,520000.0,0,40000.0,0,0,0
root/EastAsia&PacificSingapore,root,40000.0,70000.0,110000.0,250000.0,0,500000.0,500000.0,710000.0,600000.0,530000.0,520000.0,400000.0,500000.0,490000.0,390000.0,140000.0,70000.0,0,0,0,0,60000.0,960000.0,720000.0,880000.0,990000.0,420000.0,580000.0,450000.0,630000.0,620000.0,400000.0,770000.0,600000.0,820000.0,590000.0,600000.0,420000.0,220000.0,790000.0,50000.0,130000.0,160000.0,0,20000.0,0,0,0,0,0,0,0,0,0,0,0,0
root/EastAsia&PacificSolomonIslands,root,0,0,0,0,0,0,0,0,0,0,0,0,0,0,0,0,0,0,0,0,0,0,10000.0,140000.0,90000.0,70000.0,80000.0,30000.0,40000.0,30000.0,50000.0,20000.0,10000.0,0,0,0,0,10000.0,0,0,0,0,0,290000.0,330000.0,370000.0,240000.0,780000.0,440000.0,220000.0,50000.0,410000.0,0,90000.0,10000.0,0,160000.0
root/EastAsia&PacificThailand,root,60000.0,80000.0,110000.0,110000.0,110000.0,150000.0,700000.0,850000.0,1480000.0,1190000.0,1070000.0,750000.0,350000.0,320000.0,320000.0,210000.0,250000.0,250000.0,900000.0,5290000.0,8000000.0,6390000.0,8130000.0,9900000.0,17060000.0,14070000.0,17160000.0,26270000.0,29160000.0,24040000.0,26650000.0,27370000.0,21030000.0,16490000.0,14170000.0,14510000.0,10730000.0,9850000.0,5550000.0,4120000.0,2120000.0,2640000.0,1650000.0,3080000.0,3960000.0,7780000.0,2550000.0,5180000.0,1150000.0,2830000.0,630000.0,2150000.0,590000.0,280000.0,110000.0,0,160000.0
root/EastAsia&PacificTimorLeste,root,0,0,0,0,0,0,0,0,0,0,0,0,0,0,0,0,0,0,0,0,0,0,0,120000.0,0,0,0,0,20000.0,0,0,0,0,0,0,0,0,0,0,0,520000.0,2780000.0,3090000.0,4990000.0,2770000.0,3490000.0,1810000.0,3240000.0,1750000.0,2020000.0,1130000.0,1300000.0,290000.0,300000.0,520000.0,300000.0,300000.0
root/EastAsia&PacificTonga,root,0,0,0,0,0,0,0,0,0,0,0,0,0,0,0,0,0,0,0,0,0,0,210000.0,230000.0,0,40000.0,70000.0,0,0,0,0,0,0,0,0,0,0,0,10000.0,50000.0,60000.0,40000.0,60000.0,40000.0,40000.0,250000.0,40000.0,390000.0,180000.0,60000.0,70000.0,120000.0,0,0,0,0,0
root/EastAsia&PacificTuvalu,root,0,0,0,0,0,0,0,0,0,0,0,0,0,0,0,0,0,0,0,0,0,0,0,30000.0,30000.0,40000.0,70000.0,0,0,0,0,0,0,0,0,0,0,10000.0,20000.0,20000.0,20000.0,10000.0,0,0,460000.0,200000.0,0,340000.0,20000.0,120000.0,0,480000.0,0,0,0,0,0
root/EastAsia&PacificVanuatu,root,0,0,0,0,0,0,0,0,0,0,0,0,0,0,0,0,0,0,0,0,0,0,0,310000.0,100000.0,130000.0,120000.0,60000.0,70000.0,30000.0,90000.0,10000.0,10000.0,50000.0,0,0,0,10000.0,10000.0,0,0,0,0,270000.0,0,570000.0,560000.0,920000.0,820000.0,420000.0,210000.0,1640000.0,0,80000.0,0,390000.0,150000.0
root/EastAsia&PacificVietnam,root,470000.0,240000.0,280000.0,290000.0,450000.0,580000.0,830000.0,1090000.0,2840000.0,1760000.0,2170000.0,2210000.0,2160000.0,2250000.0,1800000.0,2460000.0,320000.0,0,5500000.0,30000.0,0,0,0,0,0,40000.0,0,0,0,0,30000.0,190000.0,3400000.0,5300000.0,7090000.0,6140000.0,9140000.0,15790000.0,9160000.0,11330000.0,14560000.0,11760000.0,20000000.0,23230000.0,25290000.0,28380000.0,34360000.0,28930000.0,37590000.0,35320000.0,25000000.0,32650000.0,27850000.0,22120000.0,16250000.0,19940000.0,19610000.0
root/Europe&CentralAsiaAlbania,root,0,0,0,0,0,0,0,0,0,0,0,0,0,0,0,0,0,0,0,0,0,0,0,0,0,0,0,0,0,0,0,0,0,90000.0,0,40000.0,0,370000.0,400000.0,190000.0,1320000.0,2480000.0,1340000.0,1650000.0,1120000.0,610000.0,620000.0,800000.0,40000.0,60000.0,10000.0,70000.0,10000.0,30000.0,10000.0,220000.0,80000.0
root/Europe&CentralAsiaArmenia,root,0,0,0,0,0,0,0,0,0,0,0,0,0,0,0,0,0,0,0,0,0,0,0,0,0,0,0,0,0,0,0,0,0,590000.0,370000.0,720000.0,0,20000.0,220000.0,740000.0,380000.0,430000.0,720000.0,920000.0,620000.0,970000.0,130000.0,1910000.0,260000.0,730000.0,10000.0,30000.0,60000.0,90000.0,0,40000.0,100000.0
root/Europe&CentralAsiaAzerbaijan,root,0,0,0,0,0,0,0,0,0,0,0,0,0,0,0,0,0,0,0,0,0,0,0,0,0,0,0,0,0,0,0,0,0,390000.0,510000.0,40000.0,0,80000.0,200000.0,580000.0,320000.0,320000.0,760000.0,1050000.0,870000.0,1350000.0,80000.0,1520000.0,160000.0,270000.0,0,40000.0,10000.0,140000.0,130000.0,130000.0,70000.0
root/Europe&CentralAsiaBelarus,root,0,0,0,0,0,0,0,0,0,0,0,0,0,0,0,0,0,0,0,0,0,0,0,0,0,0,0,0,0,0,0,0,0,20000.0,180000.0,0,0,0,200000.0,100000.0,90000.0,60000.0,60000.0,80000.0,210000.0,220000.0,130000.0,470000.0,40000.0,0,0,80000.0,80000.0,260000.0,140000.0,100000.0,70000.0
root/Europe&CentralAsiaBosniaandHerzegovina,root,0,0,0,0,0,0,0,0,0,0,0,0,0,0,0,0,0,0,0,0,0,0,0,0,0,0,0,0,0,0,0,0,0,0,0,940000.0,0,8160000.0,12290000.0,14270000.0,5450000.0,10550000.0,6890000.0,7310000.0,5890000.0,7690000.0,7550000.0,10340000.0,4990000.0,4060000.0,380000.0,160000.0,1010000.0,120000.0,710000.0,890000.0,500000.0
root/Europe&CentralAsiaCroatia,root,0,0,0,0,0,0,0,0,0,0,0,0,0,0,0,0,0,0,0,0,0,0,0,0,0,0,0,0,0,0,0,0,0,0,0,40000.0,0,380000.0,1030000.0,250000.0,600000.0,2770000.0,1110000.0,1500000.0,760000.0,380000.0,400000.0,290000.0,190000.0,110000.0,0,0,0,0,0,0,0
root/Europe&CentralAsiaCyprus,root,0,0,0,0,20000.0,20000.0,20000.0,20000.0,10000.0,10000.0,10000.0,0,0,0,0,0,0,0,0,0,0,0,0,70000.0,170000.0,0,30000.0,40000.0,40000.0,10000.0,0,0,0,0,0,0,0,50000.0,30000.0,30000.0,0,70000.0,30000.0,0,30000.0,0,0,0,0,0,0,0,0,0,0,0,0
root/Europe&CentralAsiaGeorgia,root,0,0,0,0,0,0,0,0,0,0,0,0,0,0,0,0,0,0,0,0,0,0,0,0,0,0,0,0,0,0,0,0,420000.0,780000.0,1460000.0,20000.0,0,40000.0,150000.0,520000.0,310000.0,550000.0,700000.0,2950000.0,2480000.0,3520000.0,810000.0,4160000.0,3750000.0,770000.0,30000.0,60000.0,10000.0,140000.0,110000.0,350000.0,70000.0
root/Europe&CentralAsiaKazakhstan,root,0,0,0,0,0,0,0,0,0,0,0,0,0,0,0,0,0,0,0,0,0,0,0,0,0,0,0,0,0,0,0,0,0,130000.0,380000.0,430000.0,1210000.0,160000.0,440000.0,1530000.0,710000.0,1310000.0,660000.0,840000.0,510000.0,1180000.0,70000.0,630000.0,180000.0,80000.0,50000.0,40000.0,60000.0,80000.0,100000.0,100000.0,110000.0
root/Europe&CentralAsiaKosovo,root,0,0,0,0,0,0,0,0,0,0,0,0,0,0,0,0,0,0,0,0,0,0,0,0,0,0,0,0,0,0,0,0,0,0,0,0,0,0,0,0,0,0,0,0,0,0,0,0,0,0,0,0,10000.0,230000.0,190000.0,50000.0,140000.0
root/Europe&CentralAsiaKyrgyzRepublic,root,0,0,0,0,0,0,0,0,0,0,0,0,0,0,0,0,0,0,0,0,0,0,0,0,0,0,0,0,0,0,0,0,0,50000.0,120000.0,30000.0,0,30000.0,330000.0,210000.0,590000.0,790000.0,660000.0,430000.0,340000.0,680000.0,120000.0,650000.0,260000.0,140000.0,1980000.0,390000.0,410000.0,1590000.0,670000.0,920000.0,650000.0
root/Europe&CentralAsiaMacedoniaFYR,root,0,0,0,0,0,0,0,0,0,0,0,0,0,0,0,0,0,0,0,0,0,0,0,0,0,0,0,0,0,0,0,0,0,0,0,350000.0,0,0,420000.0,670000.0,670000.0,10830000.0,1990000.0,1200000.0,720000.0,290000.0,90000.0,240000.0,0,0,0,0,0,0,60000.0,430000.0,30000.0
root/Europe&CentralAsiaMoldova,root,0,0,0,0,0,0,0,0,0,0,0,0,0,0,0,0,0,0,0,0,0,0,0,0,0,0,0,0,0,0,0,0,0,20000.0,10000.0,100000.0,0,0,190000.0,150000.0,120000.0,50000.0,320000.0,500000.0,580000.0,620000.0,230000.0,350000.0,160000.0,10000.0,160000.0,0,0,0,50000.0,510000.0,130000.0
root/Europe&CentralAsiaMontenegro,root,0,0,0,0,0,0,0,0,0,0,0,0,0,0,0,0,0,0,0,0,0,0,0,0,0,0,0,0,0,0,0,0,0,0,0,0,0,0,0,0,0,0,0,0,0,0,0,1060000.0,670000.0,230000.0,0,140000.0,0,50000.0,90000.0,40000.0,30000.0
root/Europe&CentralAsiaSerbia,root,0,0,0,0,0,0,0,0,0,0,0,0,0,0,0,0,0,0,0,0,0,0,0,0,0,0,0,0,0,0,0,0,0,0,0,8740000.0,0,160000.0,1510000.0,30310000.0,0,280000.0,0,10540000.0,10420000.0,9200000.0,49920000.0,7960000.0,4510000.0,4790000.0,770000.0,640000.0,0,100000.0,680000.0,1720000.0,30000.0
root/Europe&CentralAsiaSlovenia,root,0,0,0,0,0,0,0,0,0,0,0,0,0,0,0,0,0,0,0,0,0,0,0,0,0,0,0,0,0,0,0,0,0,0,0,20000.0,0,10000.0,10000.0,20000.0,0,1000000.0,10000.0,60000.0,50000.0,0,0,0,0,0,0,0,0,0,0,0,0
root/Europe&CentralAsiaTajikistan,root,0,0,0,0,0,0,0,0,0,0,0,0,0,0,0,0,0,0,0,0,0,0,0,0,0,0,0,0,0,0,0,0,0,0,0,750000.0,0,10000.0,150000.0,1810000.0,440000.0,820000.0,1460000.0,2460000.0,6930000.0,6510000.0,350000.0,5760000.0,5740000.0,2480000.0,700000.0,670000.0,1820000.0,2700000.0,960000.0,1400000.0,1080000.0
root/Europe&CentralAsiaTurkey,root,0,0,0,0,0,0,0,50000.0,920000.0,450000.0,3280000.0,5320000.0,520000.0,5280000.0,4130000.0,4770000.0,0,0,0,0,1280000.0,18290000.0,6210000.0,70000.0,170000.0,1550000.0,1280000.0,810000.0,910000.0,1770000.0,1640000.0,140000.0,230000.0,160000.0,300000.0,320000.0,4580000.0,1220000.0,1310000.0,70000.0,5130000.0,10000.0,1120000.0,2740000.0,2400000.0,2420000.0,2250000.0,1730000.0,2320000.0,2300000.0,2620000.0,2040000.0,110000.0,2440000.0,410000.0,18830000.0,2210000.0
root/Europe&CentralAsiaTurkmenistan,root,0,0,0,0,0,0,0,0,0,0,0,0,0,0,0,0,0,0,0,0,0,0,0,0,0,0,0,0,0,0,0,0,0,0,0,0,0,0,120000.0,110000.0,30000.0,30000.0,360000.0,380000.0,60000.0,50000.0,20000.0,310000.0,0,0,0,0,0,0,180000.0,20000.0,0
root/Europe&CentralAsiaUkraine,root,0,0,0,0,0,0,0,0,0,0,0,0,0,0,0,0,0,0,0,0,0,0,0,0,0,0,0,0,0,0,0,2620000.0,2750000.0,4340000.0,10450000.0,31070000.0,13570000.0,12590000.0,13760000.0,14050000.0,19160000.0,13790000.0,14040000.0,14990000.0,19320000.0,18620000.0,15770000.0,15960000.0,18710000.0,17970000.0,20200000.0,26790000.0,65590000.0,17830000.0,244130000.0,218650000.0,50950000.0
root/Europe&CentralAsiaUzbekistan,root,0,0,0,0,0,0,0,0,0,0,0,0,0,0,0,0,0,0,0,0,0,0,0,0,0,0,0,0,0,0,0,0,0,0,0,0,0,10000.0,140000.0,110000.0,170000.0,330000.0,510000.0,470000.0,760000.0,860000.0,30000.0,450000.0,10000.0,10000.0,0,0,0,0,0,20000.0,0
root/LatinAmerica&CaribbeanAntiguaandBarbuda,root,0,0,0,0,0,0,0,0,0,0,0,0,0,0,170000.0,50000.0,1320000.0,2970000.0,1320000.0,1430000.0,1590000.0,4750000.0,1410000.0,650000.0,960000.0,650000.0,260000.0,1220000.0,2530000.0,1930000.0,1160000.0,1870000.0,2300000.0,550000.0,120000.0,0,30000.0,160000.0,30000.0,60000.0,40000.0,40000.0,70000.0,60000.0,50000.0,1580000.0,60000.0,1710000.0,50000.0,1930000.0,0,10000.0,60000.0,50000.0,0,0,0
root/LatinAmerica&CaribbeanArgentina,root,0,0,880000.0,12840000.0,950000.0,2010000.0,10000.0,1030000.0,0,0,380000.0,360000.0,0,0,0,0,0,20000.0,20000.0,20000.0,20000.0,20000.0,700000.0,680000.0,1330000.0,1450000.0,1480000.0,1780000.0,2180000.0,2560000.0,2190000.0,1830000.0,2220000.0,1690000.0,1370000.0,1290000.0,1100000.0,1410000.0,910000.0,940000.0,1140000.0,720000.0,2050000.0,2580000.0,2290000.0,3540000.0,1470000.0,3560000.0,1890000.0,2110000.0,1030000.0,2490000.0,1030000.0,2180000.0,880000.0,630000.0,770000.0
root/LatinAmerica&CaribbeanBahamasThe,root,0,0,0,0,0,0,0,640000.0,0,0,0,0,0,0,0,0,0,0,0,0,0,0,10000.0,20000.0,7940000.0,0,0,0,0,0,0,0,200000.0,70000.0,100000.0,70000.0,10000.0,20000.0,40000.0,0,30000.0,30000.0,10000.0,20000.0,20000.0,0,0,0,0,0,0,0,0,0,0,0,0
root/LatinAmerica&CaribbeanBarbados,root,0,0,0,0,0,0,290000.0,340000.0,300000.0,340000.0,630000.0,1120000.0,1280000.0,2580000.0,1620000.0,920000.0,2480000.0,1710000.0,5900000.0,2360000.0,440000.0,2630000.0,640000.0,4030000.0,3080000.0,4290000.0,1220000.0,2330000.0,2000000.0,280000.0,680000.0,430000.0,450000.0,450000.0,220000.0,120000.0,130000.0,160000.0,80000.0,160000.0,90000.0,90000.0,330000.0,340000.0,200000.0,1220000.0,180000.0,3900000.0,200000.0,1970000.0,640000.0,0,0,0,0,0,0
root/LatinAmerica&CaribbeanBelize,root,10000.0,80000.0,60000.0,10000.0,80000.0,100000.0,130000.0,230000.0,350000.0,600000.0,350000.0,540000.0,850000.0,450000.0,350000.0,1410000.0,1600000.0,1540000.0,4450000.0,4760000.0,1090000.0,350000.0,690000.0,2170000.0,0,2710000.0,5540000.0,5150000.0,1300000.0,420000.0,1130000.0,640000.0,1120000.0,610000.0,240000.0,100000.0,250000.0,240000.0,170000.0,270000.0,230000.0,530000.0,490000.0,800000.0,650000.0,790000.0,250000.0,3020000.0,630000.0,1700000.0,430000.0,110000.0,240000.0,150000.0,90000.0,220000.0,110000.0
root/LatinAmerica&CaribbeanBolivia,root,0,0,0,0,0,0,0,0,0,0,0,0,0,480000.0,950000.0,340000.0,50000.0,50000.0,940000.0,1240000.0,890000.0,1230000.0,7250000.0,4340000.0,9730000.0,2180000.0,3790000.0,2100000.0,4130000.0,4840000.0,8790000.0,7580000.0,7700000.0,5370000.0,9580000.0,11310000.0,12460000.0,13480000.0,7210000.0,5980000.0,5670000.0,8820000.0,14640000.0,12070000.0,11850000.0,14870000.0,17000000.0,22800000.0,21480000.0,24290000.0,19020000.0,27000000.0,27980000.0,19210000.0,17270000.0,12640000.0,13260000.0
root/LatinAmerica&CaribbeanBrazil,root,0,0,2230000.0,1050000.0,4250000.0,920000.0,1690000.0,1660000.0,0,770000.0,690000.0,2400000.0,2670000.0,1850000.0,1080000.0,2260000.0,3350000.0,1180000.0,2080000.0,1890000.0,1510000.0,2730000.0,3810000.0,2050000.0,7080000.0,5800000.0,4440000.0,3570000.0,4040000.0,3940000.0,2890000.0,3460000.0,4000000.0,4120000.0,2740000.0,2850000.0,3110000.0,3720000.0,3410000.0,3450000.0,3240000.0,3990000.0,6040000.0,8130000.0,9120000.0,8640000.0,7110000.0,9240000.0,11430000.0,10820000.0,7110000.0,4140000.0,2540000.0,2230000.0,1300000.0,920000.0,850000.0
root/LatinAmerica&CaribbeanBritishVirginIslands,root,0,0,0,0,0,0,0,1900000.0,0,0,0,0,0,0,0,0,0,0,10000.0,0,10000.0,40000.0,120000.0,50000.0,110000.0,0,70000.0,90000.0,100000.0,120000.0,40000.0,80000.0,40000.0,30000.0,30000.0,0,0,0,20000.0,30000.0,40000.0,30000.0,30000.0,0,20000.0,0,0,0,0,0,0,0,0,0,0,0,0
root/LatinAmerica&CaribbeanCaymanIslands,root,0,0,0,0,0,0,0,0,0,0,0,0,0,0,0,0,0,0,10000.0,10000.0,10000.0,70000.0,80000.0,80000.0,0,0,30000.0,30000.0,30000.0,0,0,0,0,0,0,0,0,20000.0,10000.0,10000.0,20000.0,20000.0,10000.0,20000.0,10000.0,0,0,0,0,0,0,0,0,0,0,0,0
root/LatinAmerica&CaribbeanChile,root,1600000.0,960000.0,5550000.0,5410000.0,4320000.0,1270000.0,850000.0,1520000.0,60000.0,160000.0,2330000.0,1100000.0,2150000.0,1160000.0,1350000.0,70000.0,150000.0,190000.0,260000.0,240000.0,250000.0,50000.0,1940000.0,2080000.0,3600000.0,3820000.0,2160000.0,2600000.0,3170000.0,4150000.0,3250000.0,2490000.0,3940000.0,2970000.0,2550000.0,1600000.0,1510000.0,1270000.0,1120000.0,790000.0,800000.0,650000.0,1630000.0,2790000.0,3520000.0,3830000.0,2540000.0,3460000.0,2500000.0,1980000.0,2680000.0,1700000.0,2750000.0,2550000.0,970000.0,420000.0,2440000.0
root/LatinAmerica&CaribbeanColombia,root,0,0,0,0,0,40000.0,0,210000.0,0,520000.0,3110000.0,3500000.0,5070000.0,4300000.0,2270000.0,2370000.0,3220000.0,4700000.0,5140000.0,6910000.0,5270000.0,4140000.0,4930000.0,6950000.0,7670000.0,5500000.0,8100000.0,4850000.0,14710000.0,10810000.0,7130000.0,6720000.0,9160000.0,5880000.0,4380000.0,3030000.0,3270000.0,1170000.0,7070000.0,5700000.0,2380000.0,4760000.0,6120000.0,5720000.0,9160000.0,9110000.0,10630000.0,20080000.0,14350000.0,25280000.0,22630000.0,33000000.0,33090000.0,28890000.0,34690000.0,38440000.0,35490000.0
root/LatinAmerica&CaribbeanCostaRica,root,0,0,0,0,0,0,0,0,0,0,0,0,0,40000.0,120000.0,140000.0,70000.0,120000.0,210000.0,0,120000.0,500000.0,1060000.0,7230000.0,5300000.0,5260000.0,7400000.0,15540000.0,13130000.0,6370000.0,13380000.0,3910000.0,4250000.0,6000000.0,3190000.0,1940000.0,2330000.0,2000000.0,3300000.0,4020000.0,11190000.0,1630000.0,3680000.0,2950000.0,2890000.0,2980000.0,2750000.0,3850000.0,2860000.0,2070000.0,700000.0,2110000.0,1870000.0,1490000.0,680000.0,610000.0,170000.0
root/LatinAmerica&CaribbeanCuba,root,0,0,0,0,0,0,0,0,0,0,0,0,0,420000.0,310000.0,400000.0,6230000.0,4620000.0,1860000.0,70000.0,0,0,170000.0,70000.0,70000.0,50000.0,110000.0,130000.0,200000.0,180000.0,230000.0,140000.0,110000.0,240000.0,210000.0,860000.0,1630000.0,4140000.0,8880000.0,2450000.0,2620000.0,2600000.0,5430000.0,7580000.0,8170000.0,7960000.0,7610000.0,8390000.0,8260000.0,7670000.0,5740000.0,5260000.0,4040000.0,3730000.0,4570000.0,1760000.0,1980000.0
root/LatinAmerica&CaribbeanDominica,root,0,0,0,0,0,0,0,0,0,0,0,0,0,0,500000.0,440000.0,270000.0,990000.0,1060000.0,870000.0,880000.0,1620000.0,2320000.0,1190000.0,6270000.0,6190000.0,2300000.0,2100000.0,4870000.0,4860000.0,2790000.0,1590000.0,670000.0,980000.0,1520000.0,830000.0,830000.0,880000.0,770000.0,630000.0,360000.0,310000.0,550000.0,460000.0,230000.0,1850000.0,220000.0,3730000.0,420000.0,2440000.0,90000.0,100000.0,10000.0,10000.0,90000.0,240000.0,0
root/LatinAmerica&CaribbeanDominicanRepublic,root,0,0,0,0,0,0,0,0,0,0,0,0,0,140000.0,2990000.0,1950000.0,2230000.0,110000.0,50000.0,0,410000.0,3480000.0,1320000.0,1480000.0,2590000.0,2280000.0,460000.0,480000.0,400000.0,750000.0,640000.0,110000.0,290000.0,1040000.0,290000.0,210000.0,280000.0,1090000.0,190000.0,1240000.0,190000.0,820000.0,950000.0,1300000.0,2830000.0,2500000.0,1650000.0,2910000.0,1640000.0,2630000.0,1340000.0,720000.0,1770000.0,810000.0,500000.0,540000.0,720000.0
root/LatinAmerica&CaribbeanEcuador,root,0,0,0,0,0,0,0,0,540000.0,460000.0,100000.0,960000.0,970000.0,1070000.0,1620000.0,3760000.0,2040000.0,490000.0,100000.0,610000.0,10000.0,340000.0,1130000.0,1340000.0,1240000.0,1200000.0,510000.0,820000.0,600000.0,920000.0,4310000.0,4690000.0,6180000.0,5430000.0,6990000.0,4270000.0,1800000.0,2960000.0,3090000.0,6720000.0,5090000.0,6150000.0,9160000.0,5370000.0,7760000.0,4480000.0,2200000.0,3490000.0,4480000.0,3240000.0,1430000.0,1180000.0,1380000.0,340000.0,120000.0,430000.0,2550000.0
root/LatinAmerica&CaribbeanElSalvador,root,0,0,0,0,0,0,0,40000.0,1480000.0,1410000.0,70000.0,300000.0,40000.0,90000.0,1220000.0,1510000.0,1140000.0,290000.0,280000.0,580000.0,2070000.0,6290000.0,1300000.0,1670000.0,1970000.0,1220000.0,3320000.0,3630000.0,3930000.0,670000.0,630000.0,1450000.0,3980000.0,2900000.0,1020000.0,780000.0,4280000.0,6640000.0,3250000.0,2550000.0,1740000.0,5330000.0,3310000.0,5420000.0,4790000.0,4390000.0,3020000.0,4240000.0,3590000.0,3200000.0,2010000.0,3640000.0,2710000.0,1870000.0,1340000.0,1590000.0,2010000.0
root/LatinAmerica&CaribbeanGrenada,root,0,0,0,0,0,0,0,0,0,0,0,0,0,0,310000.0,970000.0,1200000.0,1380000.0,240000.0,80000.0,60000.0,150000.0,1150000.0,1600000.0,1860000.0,4430000.0,4340000.0,5200000.0,4900000.0,2110000.0,1280000.0,930000.0,1110000.0,380000.0,30000.0,30000.0,30000.0,30000.0,60000.0,110000.0,40000.0,20000.0,150000.0,500000.0,3300000.0,6040000.0,150000.0,3510000.0,440000.0,2380000.0,90000.0,110000.0,230000.0,240000.0,80000.0,180000.0,0
root/LatinAmerica&CaribbeanGuatemala,root,0,0,0,0,0,0,0,0,0,0,0,0,130000.0,40000.0,20000.0,50000.0,4300000.0,1540000.0,3960000.0,2310000.0,1650000.0,1320000.0,1310000.0,2910000.0,1470000.0,1590000.0,900000.0,1070000.0,1250000.0,980000.0,750000.0,2000000.0,2740000.0,2720000.0,3680000.0,3210000.0,2520000.0,5880000.0,4050000.0,4350000.0,4350000.0,5030000.0,10200000.0,9690000.0,7560000.0,8130000.0,10220000.0,11180000.0,15020000.0,7080000.0,10270000.0,10590000.0,20600000.0,9990000.0,6120000.0,9880000.0,10840000.0
root/LatinAmerica&CaribbeanGuyana,root,10000.0,20000.0,60000.0,20000.0,100000.0,210000.0,850000.0,1870000.0,2260000.0,2270000.0,4360000.0,2070000.0,2130000.0,2360000.0,4240000.0,2030000.0,2430000.0,1390000.0,2790000.0,5490000.0,4080000.0,3660000.0,2740000.0,3170000.0,1570000.0,1130000.0,1140000.0,4810000.0,6170000.0,8540000.0,15720000.0,14740000.0,11830000.0,10340000.0,6730000.0,3530000.0,4810000.0,9310000.0,3090000.0,4150000.0,3510000.0,4730000.0,4170000.0,7090000.0,7540000.0,8850000.0,6360000.0,7040000.0,2700000.0,5600000.0,3730000.0,4030000.0,2370000.0,1720000.0,1180000.0,630000.0,910000.0
root/LatinAmerica&CaribbeanHaiti,root,0,0,0,0,0,0,0,0,0,0,0,0,0,40000.0,1120000.0,2510000.0,3540000.0,4720000.0,8280000.0,7970000.0,5370000.0,7620000.0,9200000.0,11420000.0,8000000.0,6040000.0,4720000.0,8900000.0,5890000.0,9140000.0,10390000.0,12770000.0,9400000.0,14630000.0,14910000.0,18400000.0,24420000.0,31140000.0,22390000.0,25830000.0,19710000.0,13070000.0,10170000.0,15840000.0,37350000.0,81700000.0,97450000.0,119220000.0,147570000.0,119720000.0,458870000.0,242040000.0,167200000.0,105950000.0,81060000.0,74230000.0,67080000.0
root/LatinAmerica&CaribbeanHonduras,root,0,0,0,0,0,0,0,0,0,0,0,70000.0,550000.0,280000.0,1200000.0,1540000.0,1280000.0,1040000.0,7450000.0,3570000.0,4090000.0,3480000.0,4530000.0,5150000.0,10160000.0,9620000.0,970000.0,3440000.0,3250000.0,9330000.0,7220000.0,9110000.0,11280000.0,11500000.0,7690000.0,5580000.0,4450000.0,4920000.0,7630000.0,23840000.0,6980000.0,5960000.0,7060000.0,12730000.0,9370000.0,28620000.0,15100000.0,13110000.0,14170000.0,24140000.0,17580000.0,34580000.0,37510000.0,23360000.0,30240000.0,20970000.0,22460000.0
root/LatinAmerica&CaribbeanJamaica,root,0,0,0,0,160000.0,280000.0,640000.0,1590000.0,2880000.0,2670000.0,2340000.0,4170000.0,3630000.0,4240000.0,2740000.0,3670000.0,2900000.0,3930000.0,10970000.0,7520000.0,7670000.0,11210000.0,11130000.0,16130000.0,18200000.0,15190000.0,25490000.0,24380000.0,43170000.0,39590000.0,27980000.0,27900000.0,19320000.0,14430000.0,10950000.0,7110000.0,3710000.0,3390000.0,4390000.0,5160000.0,5450000.0,19770000.0,6890000.0,8560000.0,9230000.0,7610000.0,3300000.0,6770000.0,3410000.0,5880000.0,4080000.0,5160000.0,5070000.0,2940000.0,8760000.0,9390000.0,5660000.0
root/LatinAmerica&CaribbeanMexico,root,0,0,11280000.0,13770000.0,23860000.0,3870000.0,1390000.0,1390000.0,0,0,20000.0,80000.0,0,10000.0,0,0,0,0,0,0,0,250000.0,1200000.0,1050000.0,1460000.0,1740000.0,2780000.0,1670000.0,1670000.0,1930000.0,2400000.0,1700000.0,4540000.0,4140000.0,4500000.0,3690000.0,3480000.0,2390000.0,2530000.0,2140000.0,1550000.0,1480000.0,3910000.0,4950000.0,5140000.0,5790000.0,6790000.0,6700000.0,5930000.0,4420000.0,1400000.0,2290000.0,10340000.0,3060000.0,1300000.0,1140000.0,3210000.0
root/LatinAmerica&CaribbeanNicaragua,root,0,0,0,0,0,0,0,0,0,0,0,0,10000.0,1290000.0,1150000.0,150000.0,290000.0,560000.0,70000.0,0,250000.0,5550000.0,2250000.0,6190000.0,8770000.0,5790000.0,4320000.0,1060000.0,13850000.0,4620000.0,4690000.0,19820000.0,6000000.0,8730000.0,9110000.0,8110000.0,12910000.0,8240000.0,12930000.0,6680000.0,2800000.0,6450000.0,7650000.0,8450000.0,8950000.0,8980000.0,11240000.0,22230000.0,16830000.0,13560000.0,12530000.0,17830000.0,10880000.0,13630000.0,12500000.0,13910000.0,10440000.0
root/LatinAmerica&CaribbeanPanama,root,0,0,0,0,0,0,0,0,0,0,0,0,0,0,0,0,0,0,0,0,0,360000.0,740000.0,680000.0,530000.0,510000.0,300000.0,540000.0,400000.0,650000.0,360000.0,480000.0,230000.0,230000.0,200000.0,490000.0,470000.0,1360000.0,690000.0,460000.0,960000.0,730000.0,840000.0,1090000.0,680000.0,1100000.0,870000.0,1200000.0,560000.0,790000.0,530000.0,1740000.0,940000.0,820000.0,780000.0,640000.0,320000.0
root/LatinAmerica&CaribbeanParaguay,root,0,0,0,0,0,0,0,0,410000.0,180000.0,170000.0,0,0,0,0,0,0,20000.0,20000.0,20000.0,20000.0,50000.0,290000.0,350000.0,300000.0,190000.0,70000.0,290000.0,250000.0,380000.0,250000.0,400000.0,160000.0,190000.0,450000.0,150000.0,300000.0,230000.0,190000.0,180000.0,20000.0,230000.0,890000.0,1560000.0,2050000.0,3150000.0,880000.0,3330000.0,950000.0,2200000.0,480000.0,1510000.0,110000.0,510000.0,510000.0,360000.0,680000.0
root/LatinAmerica&CaribbeanPeru,root,0,0,0,0,0,80000.0,0,0,0,40000.0,0,40000.0,100000.0,390000.0,1300000.0,1730000.0,3170000.0,7740000.0,3720000.0,3710000.0,2000000.0,5090000.0,5360000.0,6840000.0,14480000.0,13100000.0,17080000.0,15380000.0,22540000.0,22400000.0,23190000.0,10300000.0,30780000.0,19580000.0,13680000.0,24080000.0,18690000.0,17330000.0,15590000.0,7700000.0,8750000.0,9470000.0,7860000.0,11050000.0,14240000.0,15380000.0,14480000.0,20090000.0,15580000.0,17910000.0,22150000.0,22220000.0,30120000.0,28300000.0,27410000.0,25630000.0,28480000.0
root/LatinAmerica&CaribbeanStKittsandNevis,root,0,0,0,0,0,0,0,0,0,0,0,0,0,0,240000.0,220000.0,150000.0,80000.0,220000.0,270000.0,1120000.0,1200000.0,500000.0,360000.0,430000.0,1170000.0,480000.0,1710000.0,3660000.0,2290000.0,1410000.0,540000.0,650000.0,270000.0,50000.0,30000.0,0,20000.0,20000.0,50000.0,20000.0,30000.0,60000.0,110000.0,60000.0,1630000.0,20000.0,3490000.0,190000.0,2420000.0,30000.0,140000.0,30000.0,160000.0,0,0,0
root/LatinAmerica&CaribbeanStLucia,root,0,0,0,0,0,0,0,0,0,0,0,0,0,0,2680000.0,1740000.0,1180000.0,1910000.0,510000.0,190000.0,160000.0,540000.0,960000.0,940000.0,2420000.0,850000.0,870000.0,3780000.0,4410000.0,2780000.0,2340000.0,4160000.0,2770000.0,4990000.0,6280000.0,4990000.0,750000.0,240000.0,230000.0,210000.0,60000.0,190000.0,430000.0,770000.0,460000.0,2080000.0,200000.0,3510000.0,380000.0,2460000.0,140000.0,90000.0,30000.0,190000.0,300000.0,130000.0,0
root/LatinAmerica&CaribbeanStVincentandtheGrenadines,root,0,0,0,0,0,0,0,0,0,0,0,0,0,0,500000.0,1000000.0,1040000.0,810000.0,350000.0,100000.0,50000.0,540000.0,480000.0,570000.0,390000.0,770000.0,5120000.0,1400000.0,1320000.0,690000.0,1050000.0,2090000.0,3370000.0,1230000.0,500000.0,10000.0,0,20000.0,10000.0,30000.0,30000.0,30000.0,120000.0,330000.0,340000.0,1940000.0,230000.0,3730000.0,320000.0,2330000.0,290000.0,130000.0,30000.0,70000.0,420000.0,10000.0,0
root/LatinAmerica&CaribbeanSuriname,root,0,0,0,0,0,0,0,0,0,0,0,0,0,0,0,0,0,0,20000.0,0,10000.0,20000.0,170000.0,40000.0,20000.0,10000.0,0,0,0,80000.0,70000.0,100000.0,40000.0,60000.0,0,40000.0,150000.0,170000.0,0,210000.0,10000.0,230000.0,210000.0,480000.0,510000.0,790000.0,320000.0,1270000.0,250000.0,1450000.0,130000.0,1200000.0,0,350000.0,70000.0,170000.0,460000.0
root/LatinAmerica&CaribbeanTrinidadandTobago,root,0,0,0,0,360000.0,440000.0,1820000.0,2160000.0,1530000.0,1380000.0,2250000.0,1120000.0,560000.0,920000.0,540000.0,1670000.0,880000.0,20000.0,330000.0,130000.0,270000.0,660000.0,600000.0,730000.0,500000.0,80000.0,50000.0,160000.0,20000.0,3250000.0,2070000.0,1210000.0,910000.0,750000.0,190000.0,940000.0,280000.0,320000.0,270000.0,420000.0,190000.0,510000.0,1270000.0,960000.0,980000.0,1760000.0,700000.0,1500000.0,650000.0,1820000.0,330000.0,0,0,0,0,0,0
root/LatinAmerica&CaribbeanTurksandCaicosIslands,root,0,0,0,0,0,0,0,0,0,0,0,0,0,0,0,0,0,10000.0,0,10000.0,0,20000.0,150000.0,10000.0,80000.0,80000.0,50000.0,300000.0,150000.0,90000.0,120000.0,90000.0,20000.0,10000.0,160000.0,10000.0,0,0,0,0,30000.0,180000.0,150000.0,80000.0,110000.0,1200000.0,10000.0,2160000.0,0,0,0,0,0,0,0,0,0
root/LatinAmerica&CaribbeanUruguay,root,0,0,0,0,0,0,0,0,0,0,0,0,0,0,0,0,0,0,0,0,0,60000.0,170000.0,240000.0,310000.0,330000.0,290000.0,980000.0,1320000.0,1420000.0,1250000.0,1730000.0,1410000.0,1400000.0,990000.0,1210000.0,1200000.0,1640000.0,790000.0,1330000.0,150000.0,190000.0,660000.0,1330000.0,1430000.0,2130000.0,1050000.0,2040000.0,1060000.0,1310000.0,450000.0,540000.0,450000.0,670000.0,710000.0,250000.0,160000.0
root/LatinAmerica&CaribbeanVenezuelaRB,root,0,0,0,0,0,0,0,0,0,0,0,0,0,0,0,0,0,0,0,0,0,0,60000.0,80000.0,150000.0,20000.0,120000.0,90000.0,460000.0,810000.0,700000.0,160000.0,2460000.0,2440000.0,1370000.0,990000.0,910000.0,860000.0,830000.0,900000.0,530000.0,610000.0,1380000.0,2100000.0,890000.0,1800000.0,570000.0,1640000.0,620000.0,530000.0,420000.0,390000.0,160000.0,480000.0,170000.0,240000.0,280000.0
root/MiddleEast&NorthAfricaAlgeria,root,0,0,0,0,0,0,40000.0,1230000.0,3060000.0,520000.0,6930000.0,4150000.0,4830000.0,4070000.0,9790000.0,4330000.0,12840000.0,3660000.0,1130000.0,760000.0,200000.0,1130000.0,3040000.0,18930000.0,5250000.0,4780000.0,1740000.0,1760000.0,1440000.0,3390000.0,1090000.0,5810000.0,1250000.0,3200000.0,880000.0,1040000.0,1230000.0,1330000.0,590000.0,2030000.0,1640000.0,210000.0,340000.0,1910000.0,1090000.0,1900000.0,3470000.0,860000.0,2850000.0,2840000.0,500000.0,150000.0,830000.0,580000.0,1520000.0,1340000.0,1190000.0
root/MiddleEast&NorthAfricaDjibouti,root,0,0,0,0,0,0,0,0,0,0,0,0,0,0,0,0,0,0,0,20000.0,20000.0,310000.0,20000.0,180000.0,370000.0,90000.0,50000.0,90000.0,90000.0,380000.0,40000.0,170000.0,410000.0,220000.0,130000.0,140000.0,150000.0,100000.0,80000.0,240000.0,100000.0,120000.0,100000.0,360000.0,380000.0,1150000.0,1030000.0,750000.0,270000.0,390000.0,150000.0,2860000.0,2520000.0,15360000.0,1560000.0,780000.0,850000.0
root/MiddleEast&NorthAfricaEgyptArabRep,root,0,0,0,0,0,0,3060000.0,240000.0,0,0,0,0,0,0,0,0,9890000.0,3800000.0,2290000.0,10940000.0,31130000.0,9740000.0,33760000.0,6150000.0,10970000.0,8440000.0,5360000.0,20540000.0,32360000.0,21210000.0,32000000.0,35820000.0,34920000.0,30540000.0,26870000.0,63190000.0,114030000.0,17050000.0,14730000.0,13610000.0,9170000.0,9580000.0,9990000.0,11460000.0,10590000.0,15670000.0,15850000.0,17650000.0,14450000.0,16960000.0,8890000.0,15170000.0,6820000.0,8100000.0,7790000.0,13990000.0,6840000.0
root/MiddleEast&NorthAfricaIranIslamicRep,root,0,0,0,0,0,0,0,0,0,0,0,20000.0,0,0,0,0,0,0,0,0,0,0,10000.0,0,310000.0,0,0,0,330000.0,0,940000.0,2010000.0,0,0,0,290000.0,0,140000.0,0,0,0,0,0,900000.0,430000.0,0,0,50000.0,190000.0,3310000.0,90000.0,520000.0,870000.0,2530000.0,4710000.0,190000.0,120000.0
root/MiddleEast&NorthAfricaIraq,root,0,0,0,0,0,0,0,0,0,0,0,0,0,0,0,0,0,0,0,0,0,0,0,320000.0,10000.0,0,0,0,0,0,0,1750000.0,3140000.0,770000.0,1830000.0,1530000.0,1540000.0,720000.0,0,0,670000.0,0,320000.0,47860000.0,71990000.0,385530000.0,17720000.0,43040000.0,152000000.0,12110000.0,6320000.0,2690000.0,2980000.0,15830000.0,36590000.0,74960000.0,61850000.0
root/MiddleEast&NorthAfricaIsrael,root,0,0,0,350000.0,1690000.0,100000.0,190000.0,190000.0,0,0,0,0,0,0,0,0,0,0,0,0,0,0,0,0,10000.0,110000.0,220000.0,280000.0,340000.0,490000.0,1800000.0,1240000.0,1460000.0,0,110000.0,0,0,240000.0,170000.0,110000.0,60000.0,50000.0,0,10000.0,140000.0,0,0,0,0,0,0,0,0,0,0,0,0
root/MiddleEast&NorthAfricaJordan,root,0,0,0,0,0,0,0,0,0,0,0,0,0,0,0,0,0,0,0,0,0,20000.0,680000.0,450000.0,300000.0,690000.0,650000.0,3380000.0,10660000.0,10050000.0,17950000.0,25640000.0,3990000.0,2920000.0,8640000.0,7910000.0,6050000.0,2520000.0,2330000.0,2310000.0,1890000.0,1730000.0,3670000.0,3310000.0,6980000.0,7910000.0,5510000.0,8800000.0,7680000.0,10970000.0,7050000.0,7090000.0,15610000.0,60850000.0,56510000.0,97410000.0,60780000.0
root/MiddleEast&NorthAfricaLebanon,root,0,0,0,0,0,0,0,0,0,0,0,0,0,0,0,0,0,0,0,0,0,380000.0,3070000.0,1830000.0,1030000.0,1620000.0,940000.0,2230000.0,4680000.0,1330000.0,360000.0,960000.0,970000.0,480000.0,1660000.0,1820000.0,3240000.0,2320000.0,1710000.0,1920000.0,2100000.0,1490000.0,1310000.0,2130000.0,2650000.0,3360000.0,16410000.0,10330000.0,16220000.0,13890000.0,5280000.0,2800000.0,4940000.0,41880000.0,41590000.0,67190000.0,20440000.0
root/MiddleEast&NorthAfricaLibya,root,0,0,0,0,0,0,0,0,0,0,0,0,0,0,0,0,0,0,0,0,0,0,0,0,0,0,0,0,0,0,0,0,0,0,0,0,0,0,0,0,0,0,0,0,0,0,0,0,0,90000.0,0,4280000.0,5910000.0,1310000.0,210000.0,1270000.0,1470000.0
root/MiddleEast&NorthAfricaMalta,root,10000.0,0,0,0,10000.0,10000.0,20000.0,30000.0,20000.0,10000.0,10000.0,0,0,10000.0,0,0,470000.0,0,100000.0,350000.0,20000.0,0,0,0,10000.0,20000.0,20000.0,20000.0,0,20000.0,20000.0,20000.0,20000.0,20000.0,20000.0,20000.0,20000.0,30000.0,40000.0,40000.0,40000.0,30000.0,40000.0,10000.0,10000.0,0,0,0,0,0,0,0,0,0,0,0,0
root/MiddleEast&NorthAfricaMorocco,root,0,0,0,10000.0,40000.0,90000.0,120000.0,1520000.0,190000.0,400000.0,3050000.0,5330000.0,4280000.0,5520000.0,5120000.0,3100000.0,3280000.0,4700000.0,4580000.0,1490000.0,4340000.0,2960000.0,6900000.0,3710000.0,6260000.0,3280000.0,5190000.0,5890000.0,35540000.0,29080000.0,30280000.0,18450000.0,9150000.0,11110000.0,6490000.0,7020000.0,5010000.0,4640000.0,4360000.0,4260000.0,5190000.0,3180000.0,2390000.0,4690000.0,4560000.0,4480000.0,7180000.0,8910000.0,10250000.0,8380000.0,3100000.0,2910000.0,4850000.0,7210000.0,8050000.0,3730000.0,8760000.0
root/MiddleEast&NorthAfricaSaudiArabia,root,0,0,0,0,0,0,0,0,0,0,0,0,0,0,0,0,0,0,0,0,0,0,0,0,0,0,0,0,0,650000.0,260000.0,210000.0,0,0,0,0,0,0,0,0,0,0,10000.0,0,10000.0,0,0,0,0,0,0,0,0,0,0,0,0
root/MiddleEast&NorthAfricaSyrianArabRepublic,root,0,0,0,0,0,0,0,0,0,0,0,0,0,0,0,0,0,0,0,0,0,0,0,610000.0,120000.0,0,330000.0,710000.0,690000.0,430000.0,230000.0,190000.0,180000.0,280000.0,620000.0,70000.0,30000.0,230000.0,150000.0,90000.0,260000.0,110000.0,230000.0,10000.0,1550000.0,1870000.0,80000.0,520000.0,1920000.0,870000.0,140000.0,1010000.0,11310000.0,63780000.0,67610000.0,69590000.0,52320000.0
root/MiddleEast&NorthAfricaTunisia,root,0,0,0,0,0,170000.0,580000.0,890000.0,3510000.0,7170000.0,4960000.0,6080000.0,13560000.0,11540000.0,12310000.0,12940000.0,15620000.0,9510000.0,18370000.0,10490000.0,8030000.0,7850000.0,12790000.0,6070000.0,6080000.0,10000.0,890000.0,8130000.0,10520000.0,11810000.0,1200000.0,6780000.0,4510000.0,1770000.0,2890000.0,930000.0,2280000.0,1110000.0,1750000.0,2640000.0,1760000.0,120000.0,780000.0,1860000.0,470000.0,960000.0,730000.0,840000.0,2500000.0,2140000.0,2850000.0,1060000.0,2870000.0,2230000.0,1920000.0,1070000.0,980000.0
root/MiddleEast&NorthAfricaWestBankandGaza,root,0,0,0,0,0,0,0,0,0,0,0,0,0,0,0,0,0,0,0,0,0,0,0,0,0,0,0,0,0,0,0,0,0,1190000.0,790000.0,640000.0,3700000.0,5780000.0,270000.0,480000.0,380000.0,520000.0,8940000.0,8800000.0,22410000.0,15890000.0,34550000.0,42300000.0,44280000.0,41200000.0,65050000.0,77710000.0,60400000.0,50380000.0,51350000.0,25010000.0,46150000.0
root/MiddleEast&NorthAfricaYemenRep,root,0,0,0,0,0,0,0,0,0,0,0,0,0,0,0,0,0,0,0,0,0,200000.0,340000.0,470000.0,290000.0,500000.0,180000.0,360000.0,390000.0,420000.0,430000.0,130000.0,580000.0,560000.0,570000.0,540000.0,390000.0,3830000.0,180000.0,170000.0,130000.0,350000.0,460000.0,530000.0,580000.0,1050000.0,1500000.0,1590000.0,1270000.0,2540000.0,2550000.0,5580000.0,14780000.0,14090000.0,14320000.0,12480000.0,17360000.0
root/NorthAmericaBermuda,root,0,0,0,0,0,0,10000.0,0,10000.0,0,0,0,0,0,0,0,0,0,0,0,0,0,0,0,0,0,0,0,0,0,0,0,0,0,0,0,0,20000.0,10000.0,10000.0,30000.0,20000.0,0,20000.0,10000.0,0,0,0,0,0,0,0,0,0,0,0,0
root/SouthAsiaAfghanistan,root,0,0,0,0,0,10000.0,30000.0,30000.0,10000.0,10000.0,700000.0,2140000.0,1140000.0,2220000.0,540000.0,1470000.0,380000.0,340000.0,4190000.0,6030000.0,2220000.0,110000.0,0,0,0,0,0,0,2190000.0,980000.0,2730000.0,5310000.0,4670000.0,7630000.0,7170000.0,7140000.0,3880000.0,13370000.0,4800000.0,8670000.0,6660000.0,14230000.0,35810000.0,73130000.0,56240000.0,89470000.0,140270000.0,345390000.0,207860000.0,232580000.0,267120000.0,225150000.0,101400000.0,122120000.0,84190000.0,148080000.0,96330000.0
root/SouthAsiaBangladesh,root,0,0,0,0,0,0,0,0,0,0,0,0,26420000.0,54910000.0,48550000.0,64360000.0,46960000.0,42140000.0,77570000.0,59210000.0,57120000.0,58020000.0,88160000.0,87470000.0,84460000.0,78410000.0,71100000.0,101950000.0,116980000.0,73210000.0,102300000.0,94580000.0,108870000.0,41250000.0,53710000.0,52240000.0,37510000.0,73440000.0,53490000.0,29030000.0,38460000.0,30290000.0,30870000.0,38420000.0,48920000.0,50750000.0,56740000.0,60240000.0,82060000.0,52450000.0,86110000.0,61210000.0,35350000.0,81760000.0,71810000.0,49150000.0,45910000.0
root/SouthAsiaBhutan,root,0,0,0,0,0,0,0,0,0,0,0,0,0,0,0,0,0,0,0,0,0,80000.0,0,60000.0,150000.0,180000.0,70000.0,80000.0,160000.0,340000.0,310000.0,70000.0,670000.0,320000.0,1200000.0,310000.0,470000.0,220000.0,320000.0,570000.0,570000.0,520000.0,670000.0,720000.0,840000.0,1050000.0,1750000.0,1480000.0,820000.0,220000.0,250000.0,910000.0,90000.0,230000.0,1500000.0,1450000.0,120000.0
root/SouthAsiaIndia,root,26600000.0,21310000.0,9800000.0,25130000.0,40710000.0,27150000.0,101980000.0,93420000.0,67490000.0,69770000.0,105820000.0,104820000.0,70410000.0,54780000.0,112560000.0,109300000.0,66920000.0,36760000.0,46330000.0,17420000.0,35790000.0,51850000.0,33710000.0,40610000.0,64860000.0,42310000.0,46480000.0,38500000.0,49190000.0,24310000.0,22560000.0,25060000.0,12490000.0,38420000.0,34640000.0,20110000.0,29420000.0,16830000.0,14160000.0,4760000.0,6790000.0,13400000.0,16030000.0,281450000.0,33560000.0,34010000.0,25460000.0,21430000.0,13280000.0,11540000.0,7910000.0,10780000.0,8900000.0,10800000.0,7320000.0,9660000.0,5870000.0
root/SouthAsiaMaldives,root,0,0,0,0,0,10000.0,10000.0,10000.0,10000.0,10000.0,0,0,0,0,0,0,0,0,0,0,0,0,0,0,80000.0,0,10000.0,80000.0,70000.0,90000.0,260000.0,200000.0,310000.0,40000.0,10000.0,30000.0,80000.0,160000.0,70000.0,190000.0,180000.0,140000.0,130000.0,230000.0,230000.0,5770000.0,1920000.0,2930000.0,850000.0,630000.0,90000.0,550000.0,280000.0,20000.0,60000.0,110000.0,80000.0
root/SouthAsiaNepal,root,0,0,0,0,10000.0,10000.0,10000.0,10000.0,10000.0,0,0,1190000.0,370000.0,1460000.0,90000.0,130000.0,340000.0,1950000.0,2420000.0,5170000.0,4260000.0,6230000.0,6780000.0,6760000.0,7310000.0,7740000.0,6330000.0,7830000.0,12540000.0,10610000.0,8360000.0,8350000.0,9910000.0,7500000.0,4090000.0,3820000.0,5380000.0,4710000.0,5840000.0,4660000.0,4150000.0,4340000.0,4150000.0,6080000.0,7730000.0,10180000.0,11070000.0,14750000.0,9420000.0,5460000.0,11840000.0,11850000.0,15390000.0,6350000.0,3060000.0,29090000.0,12410000.0
root/SouthAsiaPakistan,root,11710000.0,13440000.0,9480000.0,20220000.0,22660000.0,13590000.0,31680000.0,29290000.0,16570000.0,22390000.0,44900000.0,34730000.0,14460000.0,18830000.0,31410000.0,64560000.0,35720000.0,67530000.0,73230000.0,55690000.0,28410000.0,51560000.0,48480000.0,55020000.0,53690000.0,58440000.0,44360000.0,37990000.0,64400000.0,35310000.0,28430000.0,39350000.0,21990000.0,10080000.0,4550000.0,3250000.0,9650000.0,18010000.0,16090000.0,12080000.0,13070000.0,13920000.0,7770000.0,13250000.0,15530000.0,51080000.0,43440000.0,44710000.0,41560000.0,41880000.0,101850000.0,87490000.0,38720000.0,67090000.0,34360000.0,34260000.0,41650000.0
root/SouthAsiaSriLanka,root,1850000.0,2380000.0,1830000.0,1860000.0,2320000.0,4840000.0,5150000.0,7600000.0,3360000.0,2800000.0,8440000.0,5660000.0,7630000.0,4770000.0,7060000.0,9430000.0,13060000.0,16210000.0,25240000.0,17260000.0,29280000.0,32800000.0,33350000.0,36090000.0,30440000.0,21930000.0,21560000.0,21770000.0,28250000.0,15440000.0,4310000.0,9780000.0,7590000.0,5940000.0,4910000.0,4040000.0,4040000.0,3620000.0,2170000.0,2530000.0,1370000.0,2750000.0,3540000.0,5820000.0,5450000.0,45690000.0,15360000.0,30730000.0,42050000.0,25000000.0,11470000.0,11720000.0,5190000.0,3620000.0,4410000.0,4000000.0,4730000.0
root/Sub-SaharanAfricaAngola,root,0,0,0,0,0,0,0,0,0,0,0,0,0,0,0,0,0,0,0,0,0,520000.0,180000.0,170000.0,680000.0,1770000.0,3760000.0,460000.0,5950000.0,3150000.0,11160000.0,6340000.0,4100000.0,2770000.0,5950000.0,3840000.0,2170000.0,4590000.0,2630000.0,3070000.0,3640000.0,2320000.0,2630000.0,5570000.0,4820000.0,4040000.0,1390000.0,4490000.0,440000.0,900000.0,660000.0,1020000.0,200000.0,540000.0,290000.0,50000.0,830000.0
root/Sub-SaharanAfricaBenin,root,0,0,0,10000.0,20000.0,70000.0,140000.0,190000.0,240000.0,300000.0,530000.0,2300000.0,2250000.0,1400000.0,3270000.0,5380000.0,5500000.0,3060000.0,2340000.0,4850000.0,1490000.0,6050000.0,2690000.0,1820000.0,1220000.0,730000.0,500000.0,2690000.0,2090000.0,1140000.0,1140000.0,1380000.0,1610000.0,3150000.0,2210000.0,10240000.0,8270000.0,4150000.0,3760000.0,3560000.0,3320000.0,1750000.0,2400000.0,5590000.0,6360000.0,10840000.0,5960000.0,6990000.0,6970000.0,7040000.0,6370000.0,7740000.0,5580000.0,4800000.0,5430000.0,6630000.0,7980000.0
root/Sub-SaharanAfricaBotswana,root,0,0,10000.0,0,20000.0,40000.0,80000.0,90000.0,40000.0,10000.0,30000.0,30000.0,15160000.0,11420000.0,3130000.0,6510000.0,2140000.0,2140000.0,2330000.0,2720000.0,2660000.0,2790000.0,3040000.0,3590000.0,4900000.0,4910000.0,7580000.0,10640000.0,6160000.0,15610000.0,11850000.0,3890000.0,3220000.0,2240000.0,1470000.0,1630000.0,320000.0,570000.0,150000.0,600000.0,270000.0,50000.0,180000.0,1090000.0,1210000.0,1880000.0,1710000.0,2220000.0,1400000.0,1310000.0,1490000.0,1180000.0,950000.0,1360000.0,1060000.0,620000.0,430000.0
root/Sub-SaharanAfricaBurkinaFaso,root,0,0,0,0,0,0,10000.0,20000.0,20000.0,20000.0,100000.0,200000.0,980000.0,1370000.0,2250000.0,2510000.0,2040000.0,1240000.0,3570000.0,13340000.0,8150000.0,7300000.0,9760000.0,7280000.0,7370000.0,9070000.0,12110000.0,11970000.0,29430000.0,11380000.0,10100000.0,16170000.0,18610000.0,8650000.0,9060000.0,8070000.0,7180000.0,6010000.0,6130000.0,6910000.0,8320000.0,5880000.0,8630000.0,11400000.0,16180000.0,16500000.0,17070000.0,22740000.0,29910000.0,23520000.0,30830000.0,26180000.0,27690000.0,29170000.0,37550000.0,24310000.0,18000000.0
root/Sub-SaharanAfricaBurundi,root,0,0,0,0,0,0,0,0,10000.0,20000.0,80000.0,150000.0,220000.0,230000.0,130000.0,100000.0,80000.0,50000.0,20000.0,10000.0,10000.0,100000.0,770000.0,790000.0,1770000.0,1200000.0,980000.0,990000.0,650000.0,1010000.0,380000.0,1220000.0,2150000.0,2630000.0,3330000.0,2060000.0,4330000.0,1040000.0,2560000.0,1990000.0,1270000.0,2260000.0,1800000.0,5070000.0,4300000.0,5130000.0,4500000.0,6940000.0,4230000.0,6060000.0,4690000.0,2820000.0,3280000.0,3330000.0,5080000.0,4210000.0,4160000.0
root/Sub-SaharanAfricaCaboVerde,root,0,0,0,0,0,0,0,0,0,0,0,0,0,0,0,0,0,870000.0,570000.0,20000.0,20000.0,20000.0,310000.0,200000.0,510000.0,420000.0,220000.0,350000.0,30000.0,470000.0,450000.0,230000.0,300000.0,290000.0,430000.0,420000.0,400000.0,110000.0,210000.0,240000.0,80000.0,210000.0,250000.0,270000.0,300000.0,1290000.0,370000.0,750000.0,280000.0,680000.0,150000.0,110000.0,10000.0,1930000.0,70000.0,0,20000.0
root/Sub-SaharanAfricaCameroon,root,0,0,130000.0,10000.0,140000.0,300000.0,580000.0,920000.0,1320000.0,1570000.0,3190000.0,4020000.0,4550000.0,4350000.0,5040000.0,7620000.0,9760000.0,8710000.0,13390000.0,13500000.0,17780000.0,16490000.0,6110000.0,13720000.0,23550000.0,14950000.0,13430000.0,11890000.0,15040000.0,32900000.0,28890000.0,33110000.0,25040000.0,15770000.0,12360000.0,13160000.0,16980000.0,9060000.0,39500000.0,18130000.0,6340000.0,5440000.0,80290000.0,20430000.0,43190000.0,34850000.0,206880000.0,12400000.0,11940000.0,7080000.0,7200000.0,12230000.0,5020000.0,2650000.0,2530000.0,3900000.0,8410000.0
root/Sub-SaharanAfricaCentralAfricanRepublic,root,0,0,0,10000.0,0,10000.0,10000.0,20000.0,20000.0,20000.0,70000.0,170000.0,240000.0,140000.0,60000.0,50000.0,90000.0,70000.0,110000.0,20000.0,30000.0,130000.0,130000.0,150000.0,240000.0,380000.0,90000.0,320000.0,280000.0,500000.0,320000.0,490000.0,220000.0,180000.0,410000.0,380000.0,570000.0,100000.0,240000.0,200000.0,90000.0,480000.0,120000.0,540000.0,390000.0,1560000.0,550000.0,5650000.0,2890000.0,3800000.0,1400000.0,5810000.0,4310000.0,6040000.0,16170000.0,17590000.0,14200000.0
root/Sub-SaharanAfricaChad,root,0,0,0,0,30000.0,110000.0,150000.0,190000.0,240000.0,230000.0,260000.0,250000.0,260000.0,920000.0,3530000.0,90000.0,180000.0,3880000.0,240000.0,190000.0,160000.0,290000.0,1420000.0,840000.0,1830000.0,2630000.0,420000.0,800000.0,720000.0,390000.0,300000.0,320000.0,330000.0,310000.0,270000.0,440000.0,570000.0,840000.0,180000.0,350000.0,210000.0,350000.0,500000.0,310000.0,1680000.0,6170000.0,2200000.0,11630000.0,6260000.0,12080000.0,11680000.0,9400000.0,19550000.0,13900000.0,7200000.0,5370000.0,5990000.0
root/Sub-SaharanAfricaComoros,root,0,0,0,0,0,0,0,0,0,0,0,0,0,0,0,0,0,0,40000.0,0,20000.0,210000.0,530000.0,760000.0,250000.0,310000.0,50000.0,0,50000.0,50000.0,30000.0,90000.0,140000.0,90000.0,70000.0,70000.0,0,0,0,20000.0,0,0,10000.0,10000.0,160000.0,680000.0,200000.0,470000.0,230000.0,290000.0,240000.0,670000.0,0,0,0,0,0
root/Sub-SaharanAfricaCongoDemRep,root,10000.0,0,0,0,0,550000.0,200000.0,810000.0,300000.0,200000.0,660000.0,910000.0,1060000.0,3020000.0,5930000.0,4060000.0,3360000.0,1810000.0,7500000.0,5820000.0,13460000.0,8150000.0,20840000.0,12720000.0,14730000.0,17720000.0,12250000.0,17390000.0,11960000.0,24360000.0,14290000.0,12680000.0,5700000.0,1180000.0,820000.0,790000.0,2980000.0,3830000.0,6790000.0,2610000.0,5600000.0,6380000.0,9770000.0,74490000.0,20290000.0,24830000.0,28070000.0,32990000.0,22930000.0,44850000.0,26520000.0,36730000.0,100990000.0,46810000.0,39910000.0,34880000.0,43860000.0
root/Sub-SaharanAfricaCongoRep,root,0,0,20000.0,10000.0,480000.0,50000.0,50000.0,40000.0,30000.0,30000.0,30000.0,30000.0,110000.0,160000.0,2230000.0,7170000.0,4010000.0,2100000.0,2410000.0,1840000.0,1710000.0,2320000.0,880000.0,1460000.0,1190000.0,710000.0,630000.0,470000.0,200000.0,520000.0,230000.0,610000.0,890000.0,90000.0,200000.0,210000.0,6840000.0,3820000.0,3300000.0,3180000.0,670000.0,340000.0,400000.0,170000.0,350000.0,22250000.0,3700000.0,2480000.0,810000.0,7640000.0,21940000.0,1630000.0,740000.0,1180000.0,0,320000.0,110000.0
root/Sub-SaharanAfricaCotedIvoire,root,0,0,0,0,20000.0,100000.0,190000.0,360000.0,520000.0,850000.0,1400000.0,2280000.0,6510000.0,4030000.0,4090000.0,4650000.0,5480000.0,6490000.0,12390000.0,15930000.0,4800000.0,4200000.0,3950000.0,4480000.0,10140000.0,10510000.0,10830000.0,8760000.0,11350000.0,10070000.0,11870000.0,10790000.0,9630000.0,6990000.0,5970000.0,22220000.0,20220000.0,4300000.0,45540000.0,18760000.0,3530000.0,1450000.0,78730000.0,13850000.0,4650000.0,6500000.0,3390000.0,3930000.0,3370000.0,43740000.0,6930000.0,10180000.0,139240000.0,3550000.0,5710000.0,3590000.0,4120000.0
root/Sub-SaharanAfricaEquatorialGuinea,root,0,0,0,0,0,0,0,0,0,0,0,0,0,0,0,0,0,0,0,0,0,20000.0,70000.0,50000.0,50000.0,150000.0,160000.0,140000.0,140000.0,50000.0,90000.0,220000.0,190000.0,120000.0,40000.0,160000.0,140000.0,100000.0,80000.0,50000.0,0,180000.0,100000.0,280000.0,210000.0,1250000.0,230000.0,1620000.0,220000.0,430000.0,50000.0,1570000.0,10000.0,0,50000.0,100000.0,30000.0
root/Sub-SaharanAfricaEritrea,root,0,0,0,0,0,0,0,0,0,0,0,0,0,0,0,0,0,0,0,0,0,0,0,0,0,0,0,0,0,0,0,0,0,840000.0,4460000.0,1150000.0,3590000.0,1380000.0,800000.0,950000.0,1780000.0,1390000.0,1100000.0,2590000.0,5150000.0,4240000.0,840000.0,1400000.0,50000.0,560000.0,10000.0,750000.0,2170000.0,40000.0,940000.0,1180000.0,1060000.0
root/Sub-SaharanAfricaEthiopia,root,0,0,0,0,0,0,0,10000.0,70000.0,40000.0,60000.0,100000.0,240000.0,620000.0,5930000.0,2620000.0,330000.0,430000.0,640000.0,1170000.0,2450000.0,8030000.0,8210000.0,16700000.0,20820000.0,34730000.0,19130000.0,25910000.0,25730000.0,18860000.0,28250000.0,31980000.0,21090000.0,19600000.0,15010000.0,4550000.0,13800000.0,13380000.0,10850000.0,14810000.0,10940000.0,12380000.0,6880000.0,38020000.0,59480000.0,64930000.0,62480000.0,90520000.0,152550000.0,87180000.0,140380000.0,118640000.0,123370000.0,131840000.0,108120000.0,103240000.0,90670000.0
root/Sub-SaharanAfricaGabon,root,0,0,0,0,0,0,30000.0,40000.0,50000.0,60000.0,150000.0,220000.0,370000.0,440000.0,740000.0,1140000.0,1020000.0,1000000.0,500000.0,350000.0,140000.0,280000.0,750000.0,580000.0,1070000.0,1680000.0,3390000.0,2650000.0,3700000.0,5030000.0,7270000.0,7870000.0,2560000.0,3310000.0,1940000.0,770000.0,3620000.0,3850000.0,1690000.0,1270000.0,1280000.0,880000.0,920000.0,1230000.0,1740000.0,2550000.0,1340000.0,1660000.0,650000.0,980000.0,70000.0,1580000.0,50000.0,70000.0,160000.0,110000.0,50000.0
root/Sub-SaharanAfricaGambiaThe,root,0,0,20000.0,0,20000.0,20000.0,30000.0,30000.0,50000.0,50000.0,30000.0,0,0,0,0,0,0,1960000.0,1090000.0,20000.0,50000.0,170000.0,610000.0,1240000.0,640000.0,920000.0,180000.0,1190000.0,330000.0,730000.0,200000.0,160000.0,490000.0,350000.0,180000.0,410000.0,270000.0,230000.0,260000.0,540000.0,180000.0,270000.0,570000.0,710000.0,930000.0,2500000.0,1170000.0,1540000.0,770000.0,1230000.0,460000.0,2960000.0,460000.0,1230000.0,210000.0,40000.0,40000.0
root/Sub-SaharanAfricaGhana,root,120000.0,260000.0,480000.0,80000.0,1380000.0,1550000.0,3920000.0,3830000.0,4060000.0,4070000.0,6090000.0,7680000.0,11630000.0,6710000.0,11780000.0,18420000.0,12210000.0,13470000.0,15560000.0,15450000.0,13860000.0,7920000.0,8360000.0,5940000.0,36660000.0,17500000.0,16450000.0,18300000.0,20920000.0,39780000.0,28440000.0,39900000.0,38680000.0,29210000.0,16710000.0,22680000.0,20990000.0,14070000.0,17010000.0,12770000.0,16210000.0,11230000.0,12390000.0,20640000.0,48540000.0,51730000.0,53850000.0,78570000.0,74010000.0,99800000.0,114200000.0,70720000.0,100870000.0,99720000.0,78550000.0,74720000.0,46220000.0
root/Sub-SaharanAfricaGuinea,root,0,0,0,0,10000.0,80000.0,490000.0,290000.0,20000.0,20000.0,40000.0,40000.0,10000.0,10000.0,480000.0,40000.0,730000.0,100000.0,190000.0,30000.0,30000.0,50000.0,590000.0,580000.0,9830000.0,11180000.0,2790000.0,4780000.0,6570000.0,6690000.0,3920000.0,6470000.0,9140000.0,8570000.0,6610000.0,4270000.0,9050000.0,9800000.0,10700000.0,5580000.0,6680000.0,7700000.0,4310000.0,8860000.0,7970000.0,11530000.0,7190000.0,7060000.0,6540000.0,5220000.0,2220000.0,2550000.0,1810000.0,1180000.0,12450000.0,15500000.0,2960000.0
root/Sub-SaharanAfricaGuineaBissau,root,0,0,0,0,0,0,0,0,0,0,0,0,0,0,0,0,0,0,20000.0,40000.0,70000.0,60000.0,140000.0,310000.0,310000.0,600000.0,100000.0,330000.0,300000.0,390000.0,130000.0,390000.0,620000.0,210000.0,480000.0,530000.0,390000.0,170000.0,350000.0,330000.0,160000.0,130000.0,320000.0,310000.0,720000.0,1960000.0,670000.0,950000.0,460000.0,1170000.0,490000.0,840000.0,50000.0,240000.0,60000.0,0,0
root/Sub-SaharanAfricaKenya,root,10000.0,40000.0,100000.0,290000.0,350000.0,700000.0,1010000.0,1070000.0,1370000.0,1570000.0,2000000.0,2560000.0,2340000.0,4440000.0,4610000.0,6670000.0,10170000.0,7640000.0,5710000.0,9090000.0,9570000.0,36020000.0,39640000.0,21330000.0,28510000.0,22990000.0,25280000.0,19550000.0,23980000.0,22120000.0,19530000.0,14760000.0,14140000.0,12590000.0,7800000.0,6530000.0,5550000.0,7960000.0,6740000.0,7270000.0,5400000.0,3810000.0,7250000.0,7980000.0,18100000.0,21550000.0,24210000.0,22440000.0,26170000.0,31690000.0,25930000.0,41600000.0,46070000.0,46740000.0,45990000.0,34910000.0,37730000.0
root/Sub-SaharanAfricaLesotho,root,0,10000.0,50000.0,0,70000.0,100000.0,160000.0,130000.0,130000.0,170000.0,250000.0,0,80000.0,150000.0,290000.0,1320000.0,3830000.0,4970000.0,4000000.0,4070000.0,5780000.0,1870000.0,4070000.0,2840000.0,2490000.0,5140000.0,1750000.0,2490000.0,2260000.0,2470000.0,2220000.0,2230000.0,1940000.0,1220000.0,700000.0,490000.0,250000.0,220000.0,170000.0,250000.0,100000.0,160000.0,230000.0,670000.0,460000.0,3710000.0,910000.0,1390000.0,700000.0,990000.0,410000.0,1390000.0,210000.0,270000.0,140000.0,20000.0,1460000.0
root/Sub-SaharanAfricaLiberia,root,0,0,0,260000.0,810000.0,260000.0,60000.0,70000.0,0,0,0,0,0,0,0,0,0,0,0,0,0,0,150000.0,200000.0,290000.0,150000.0,40000.0,200000.0,570000.0,1750000.0,170000.0,3350000.0,1770000.0,1280000.0,990000.0,1800000.0,1520000.0,0,340000.0,100000.0,190000.0,300000.0,340000.0,1770000.0,1040000.0,2930000.0,1590000.0,2910000.0,1950000.0,2200000.0,1100000.0,7780000.0,2550000.0,3100000.0,11600000.0,6670000.0,550000.0
root/Sub-SaharanAfricaMadagascar,root,0,0,0,0,10000.0,10000.0,40000.0,60000.0,100000.0,200000.0,420000.0,540000.0,610000.0,500000.0,470000.0,1080000.0,670000.0,1470000.0,2740000.0,2050000.0,9690000.0,3900000.0,2810000.0,1150000.0,850000.0,510000.0,2560000.0,8180000.0,1770000.0,900000.0,1130000.0,770000.0,960000.0,810000.0,1100000.0,1450000.0,730000.0,250000.0,130000.0,330000.0,240000.0,150000.0,1220000.0,1750000.0,17620000.0,2160000.0,1670000.0,3170000.0,3070000.0,2120000.0,1910000.0,1940000.0,1010000.0,860000.0,4390000.0,3650000.0,2440000.0
root/Sub-SaharanAfricaMalawi,root,0,0,0,0,20000.0,200000.0,390000.0,400000.0,290000.0,140000.0,80000.0,350000.0,410000.0,920000.0,1830000.0,13340000.0,10390000.0,14750000.0,12710000.0,13290000.0,8960000.0,10020000.0,6610000.0,7780000.0,3320000.0,4310000.0,1430000.0,7500000.0,5680000.0,10360000.0,7840000.0,9880000.0,9920000.0,4470000.0,7990000.0,8310000.0,8040000.0,5690000.0,6940000.0,5780000.0,6690000.0,10960000.0,8540000.0,16660000.0,16020000.0,17030000.0,12460000.0,16040000.0,16340000.0,19470000.0,16540000.0,12460000.0,30400000.0,24190000.0,13350000.0,8630000.0,15960000.0
root/Sub-SaharanAfricaMali,root,0,0,10000.0,0,50000.0,70000.0,80000.0,60000.0,60000.0,50000.0,100000.0,700000.0,760000.0,2440000.0,6020000.0,4910000.0,2120000.0,3640000.0,4360000.0,8000000.0,12810000.0,11240000.0,9440000.0,7550000.0,7010000.0,15060000.0,13460000.0,21570000.0,12540000.0,21180000.0,20860000.0,20260000.0,22900000.0,17070000.0,20310000.0,16330000.0,14250000.0,9260000.0,11040000.0,18340000.0,12670000.0,8970000.0,13620000.0,25200000.0,44140000.0,35500000.0,27340000.0,55920000.0,99120000.0,83460000.0,96040000.0,116170000.0,93850000.0,64820000.0,99900000.0,87950000.0,87410000.0
root/Sub-SaharanAfricaMauritania,root,0,0,0,0,0,0,10000.0,10000.0,70000.0,140000.0,30000.0,70000.0,580000.0,1440000.0,2550000.0,1210000.0,2190000.0,5760000.0,1170000.0,830000.0,880000.0,1080000.0,2020000.0,2260000.0,5770000.0,4660000.0,200000.0,1660000.0,3360000.0,610000.0,600000.0,260000.0,480000.0,790000.0,750000.0,1450000.0,1300000.0,1580000.0,880000.0,490000.0,2100000.0,960000.0,2180000.0,2170000.0,2120000.0,3370000.0,2280000.0,1690000.0,1500000.0,1310000.0,510000.0,550000.0,3820000.0,520000.0,400000.0,770000.0,60000.0
root/Sub-SaharanAfricaMauritius,root,0,20000.0,20000.0,0,100000.0,110000.0,120000.0,100000.0,10000.0,60000.0,50000.0,30000.0,30000.0,160000.0,120000.0,100000.0,20000.0,210000.0,210000.0,210000.0,130000.0,130000.0,170000.0,130000.0,110000.0,220000.0,250000.0,270000.0,270000.0,330000.0,290000.0,180000.0,180000.0,100000.0,300000.0,180000.0,520000.0,140000.0,90000.0,140000.0,200000.0,140000.0,240000.0,280000.0,310000.0,1560000.0,350000.0,580000.0,310000.0,250000.0,30000.0,0,70000.0,90000.0,100000.0,40000.0,60000.0
root/Sub-SaharanAfricaMozambique,root,0,0,0,0,0,0,0,0,0,0,0,0,0,0,0,0,2800000.0,50000.0,1840000.0,2220000.0,1260000.0,1810000.0,6160000.0,3100000.0,11350000.0,4770000.0,5290000.0,24180000.0,29750000.0,27370000.0,34310000.0,29760000.0,28610000.0,29180000.0,17380000.0,5760000.0,13390000.0,9110000.0,12870000.0,11660000.0,7990000.0,13880000.0,9020000.0,26700000.0,27340000.0,56190000.0,49360000.0,57340000.0,77230000.0,75150000.0,82000000.0,129810000.0,123430000.0,107740000.0,75680000.0,42420000.0,38610000.0
root/Sub-SaharanAfricaNamibia,root,0,0,0,0,0,0,0,0,0,0,0,0,20000.0,0,0,0,0,0,0,0,0,0,0,0,0,1150000.0,50000.0,50000.0,150000.0,1970000.0,1180000.0,1210000.0,3580000.0,1870000.0,1820000.0,930000.0,430000.0,270000.0,310000.0,620000.0,270000.0,230000.0,670000.0,580000.0,720000.0,1540000.0,1370000.0,1900000.0,1140000.0,680000.0,500000.0,1330000.0,100000.0,630000.0,170000.0,20000.0,470000.0
root/Sub-SaharanAfricaNiger,root,0,0,0,10000.0,0,20000.0,60000.0,100000.0,1300000.0,500000.0,1990000.0,7520000.0,7090000.0,7940000.0,12580000.0,20250000.0,13700000.0,2790000.0,3180000.0,2510000.0,3740000.0,3580000.0,6020000.0,6360000.0,7640000.0,16200000.0,17230000.0,28350000.0,14520000.0,18940000.0,13340000.0,12560000.0,11220000.0,8820000.0,3920000.0,8670000.0,2800000.0,2620000.0,1990000.0,3130000.0,2580000.0,2300000.0,5270000.0,6760000.0,7550000.0,17030000.0,6770000.0,14530000.0,15280000.0,9750000.0,53700000.0,11200000.0,28620000.0,20700000.0,7340000.0,10530000.0,10510000.0
root/Sub-SaharanAfricaNigeria,root,40000.0,430000.0,830000.0,760000.0,1270000.0,2670000.0,3640000.0,2620000.0,3570000.0,5100000.0,5990000.0,13420000.0,11980000.0,10340000.0,10640000.0,8930000.0,14700000.0,3300000.0,1290000.0,700000.0,320000.0,800000.0,1310000.0,630000.0,1520000.0,1400000.0,1070000.0,1190000.0,2550000.0,2760000.0,2470000.0,1100000.0,2260000.0,2340000.0,1010000.0,990000.0,1290000.0,950000.0,860000.0,830000.0,1820000.0,4470000.0,18060000.0,12370000.0,15170000.0,19220000.0,15660000.0,20900000.0,26670000.0,17500000.0,12610000.0,28200000.0,39500000.0,37060000.0,20720000.0,28770000.0,35040000.0
root/Sub-SaharanAfricaRwanda,root,0,0,0,0,130000.0,730000.0,730000.0,770000.0,690000.0,740000.0,1250000.0,1290000.0,1820000.0,1430000.0,3030000.0,4100000.0,6620000.0,6600000.0,7130000.0,4780000.0,5720000.0,5430000.0,7020000.0,10910000.0,11940000.0,10660000.0,4740000.0,6040000.0,7610000.0,12660000.0,13770000.0,21150000.0,13610000.0,11200000.0,18200000.0,16760000.0,20370000.0,21410000.0,10100000.0,6240000.0,6670000.0,6680000.0,5580000.0,10820000.0,6050000.0,10030000.0,6240000.0,9650000.0,14260000.0,13700000.0,58700000.0,11850000.0,17040000.0,6550000.0,5190000.0,3050000.0,6910000.0
root/Sub-SaharanAfricaSaoTomeandPrincipe,root,0,0,0,0,0,0,0,0,0,0,0,0,0,0,0,0,0,0,0,0,0,0,40000.0,100000.0,0,30000.0,0,0,120000.0,90000.0,110000.0,120000.0,110000.0,80000.0,160000.0,220000.0,150000.0,90000.0,80000.0,70000.0,0,110000.0,60000.0,40000.0,260000.0,1180000.0,260000.0,1540000.0,250000.0,310000.0,0,500000.0,10000.0,10000.0,50000.0,100000.0,30000.0
root/Sub-SaharanAfricaSenegal,root,0,0,0,10000.0,0,140000.0,280000.0,1030000.0,930000.0,1620000.0,2770000.0,4120000.0,5570000.0,6980000.0,4280000.0,6180000.0,6180000.0,6390000.0,10450000.0,9170000.0,6800000.0,13740000.0,15320000.0,20100000.0,24510000.0,13860000.0,18010000.0,25860000.0,24420000.0,28990000.0,30880000.0,18540000.0,21970000.0,18390000.0,17010000.0,14090000.0,15990000.0,15490000.0,12270000.0,17500000.0,11310000.0,8630000.0,9780000.0,17610000.0,24560000.0,23540000.0,17080000.0,47910000.0,73310000.0,54490000.0,56710000.0,61830000.0,47800000.0,63730000.0,73560000.0,57760000.0,48220000.0
root/Sub-SaharanAfricaSeychelles,root,0,0,0,0,0,0,10000.0,10000.0,10000.0,10000.0,0,0,0,0,0,0,0,50000.0,60000.0,80000.0,40000.0,60000.0,120000.0,170000.0,200000.0,230000.0,60000.0,200000.0,110000.0,270000.0,160000.0,380000.0,220000.0,210000.0,170000.0,300000.0,480000.0,20000.0,30000.0,50000.0,50000.0,20000.0,70000.0,80000.0,250000.0,780000.0,230000.0,510000.0,240000.0,210000.0,0,0,0,0,0,0,0
root/Sub-SaharanAfricaSierraLeone,root,10000.0,40000.0,100000.0,10000.0,140000.0,160000.0,230000.0,180000.0,100000.0,40000.0,0,0,0,130000.0,410000.0,70000.0,70000.0,10000.0,160000.0,320000.0,290000.0,600000.0,720000.0,880000.0,760000.0,940000.0,460000.0,330000.0,190000.0,300000.0,300000.0,680000.0,530000.0,500000.0,130000.0,260000.0,450000.0,5180000.0,580000.0,2150000.0,3840000.0,2770000.0,3290000.0,2810000.0,3170000.0,6940000.0,5220000.0,5710000.0,4170000.0,8880000.0,33020000.0,6690000.0,5530000.0,5120000.0,9920000.0,13090000.0,1630000.0
root/Sub-SaharanAfricaSomalia,root,0,0,0,0,0,0,0,0,0,0,0,0,0,0,0,1360000.0,3920000.0,180000.0,10000.0,0,2410000.0,1600000.0,7670000.0,770000.0,1020000.0,900000.0,590000.0,410000.0,520000.0,760000.0,920000.0,1820000.0,15830000.0,6140000.0,1480000.0,1290000.0,160000.0,290000.0,220000.0,370000.0,470000.0,530000.0,170000.0,960000.0,1750000.0,5980000.0,7140000.0,12890000.0,21810000.0,25730000.0,4380000.0,24050000.0,32600000.0,22680000.0,30410000.0,20740000.0,23760000.0
root/Sub-SaharanAfricaSouthAfrica,root,0,0,0,0,0,0,0,0,0,0,0,0,0,0,0,0,0,0,0,0,0,0,0,0,0,0,0,0,0,0,0,0,0,6880000.0,10780000.0,8770000.0,11000000.0,10900000.0,10420000.0,11610000.0,10710000.0,7510000.0,9490000.0,13080000.0,12010000.0,14550000.0,11140000.0,13960000.0,14650000.0,12990000.0,16480000.0,11770000.0,11760000.0,10090000.0,6760000.0,4280000.0,6280000.0
root/Sub-SaharanAfricaSouthSudan,root,0,0,0,0,0,0,0,0,0,0,0,0,0,0,0,0,0,0,0,0,0,0,0,0,0,0,0,0,0,0,0,0,0,0,0,0,0,0,0,0,0,0,0,0,0,0,0,0,0,0,0,48950000.0,65550000.0,66050000.0,87000000.0,88030000.0,67460000.0
root/Sub-SaharanAfricaSudan,root,0,0,0,0,0,0,0,0,0,0,0,0,0,0,0,10000.0,0,250000.0,880000.0,1750000.0,1710000.0,5250000.0,9910000.0,13220000.0,13160000.0,22510000.0,15800000.0,12060000.0,14970000.0,11870000.0,10220000.0,20520000.0,11590000.0,7920000.0,8260000.0,4600000.0,3170000.0,2460000.0,7460000.0,4070000.0,2410000.0,4680000.0,4900000.0,6290000.0,26310000.0,21760000.0,79300000.0,70780000.0,83910000.0,105040000.0,108270000.0,52340000.0,29330000.0,21460000.0,14460000.0,12650000.0,13640000.0
root/Sub-SaharanAfricaSwaziland,root,0,0,0,0,10000.0,10000.0,30000.0,0,30000.0,60000.0,50000.0,40000.0,60000.0,120000.0,430000.0,670000.0,950000.0,2160000.0,1540000.0,1290000.0,1420000.0,1030000.0,1040000.0,2100000.0,1160000.0,4390000.0,1520000.0,1740000.0,1740000.0,1870000.0,1940000.0,2550000.0,2370000.0,1530000.0,960000.0,720000.0,440000.0,410000.0,120000.0,280000.0,270000.0,100000.0,220000.0,430000.0,610000.0,3770000.0,960000.0,1360000.0,630000.0,900000.0,750000.0,1610000.0,1330000.0,1200000.0,1920000.0,270000.0,560000.0
root/Sub-SaharanAfricaTanzania,root,0,20000.0,110000.0,160000.0,590000.0,900000.0,1390000.0,2510000.0,2770000.0,1880000.0,2730000.0,5120000.0,6120000.0,11080000.0,31620000.0,31990000.0,20330000.0,9710000.0,29010000.0,28600000.0,19370000.0,27170000.0,35180000.0,33940000.0,24650000.0,30390000.0,27180000.0,36030000.0,30360000.0,37120000.0,34690000.0,29090000.0,31740000.0,20160000.0,10710000.0,25370000.0,9200000.0,7810000.0,7000000.0,13300000.0,11640000.0,8380000.0,8250000.0,34330000.0,32710000.0,33010000.0,41660000.0,56730000.0,44740000.0,93980000.0,111550000.0,94680000.0,112800000.0,163680000.0,85790000.0,82730000.0,50420000.0
root/Sub-SaharanAfricaTogo,root,0,0,20000.0,0,50000.0,110000.0,180000.0,230000.0,350000.0,370000.0,630000.0,2550000.0,2200000.0,1410000.0,1130000.0,1990000.0,1490000.0,1540000.0,4560000.0,7970000.0,580000.0,330000.0,250000.0,480000.0,1720000.0,8640000.0,5160000.0,1280000.0,1950000.0,1020000.0,1400000.0,820000.0,940000.0,590000.0,340000.0,560000.0,510000.0,400000.0,280000.0,410000.0,180000.0,160000.0,1010000.0,1810000.0,5960000.0,3260000.0,2000000.0,2320000.0,2610000.0,2500000.0,23050000.0,1410000.0,5670000.0,1900000.0,460000.0,310000.0,1380000.0
root/Sub-SaharanAfricaUganda,root,10000.0,40000.0,60000.0,20000.0,370000.0,580000.0,870000.0,740000.0,860000.0,880000.0,1720000.0,1620000.0,1770000.0,1360000.0,280000.0,790000.0,530000.0,530000.0,330000.0,80000.0,940000.0,3340000.0,4940000.0,1950000.0,6530000.0,2580000.0,1660000.0,2140000.0,11610000.0,6560000.0,7120000.0,5260000.0,9120000.0,3690000.0,4710000.0,1550000.0,1670000.0,3160000.0,3460000.0,2620000.0,1610000.0,2600000.0,6430000.0,6740000.0,10160000.0,12830000.0,14110000.0,19990000.0,21200000.0,16850000.0,5730000.0,6400000.0,13590000.0,12360000.0,7320000.0,8710000.0,5970000.0
root/Sub-SaharanAfricaZambia,root,0,0,0,0,10000.0,110000.0,420000.0,440000.0,600000.0,550000.0,560000.0,1390000.0,1700000.0,2590000.0,3910000.0,6320000.0,6000000.0,11540000.0,15940000.0,3470000.0,15960000.0,6140000.0,16990000.0,10830000.0,18830000.0,10910000.0,13350000.0,25660000.0,30390000.0,15900000.0,13950000.0,23230000.0,25960000.0,13580000.0,10130000.0,18740000.0,9530000.0,11760000.0,7830000.0,9320000.0,8410000.0,8940000.0,12210000.0,17530000.0,24980000.0,49700000.0,10620000.0,23830000.0,14250000.0,12950000.0,8690000.0,7530000.0,6350000.0,5690000.0,7840000.0,2800000.0,1310000.0
root/Sub-SaharanAfricaZimbabwe,root,0,0,0,0,100000.0,160000.0,140000.0,80000.0,100000.0,90000.0,80000.0,20000.0,100000.0,70000.0,80000.0,0,0,40000.0,50000.0,20000.0,30000.0,8170000.0,12110000.0,4880000.0,9630000.0,17330000.0,11170000.0,10120000.0,15690000.0,24760000.0,24000000.0,20170000.0,27200000.0,14690000.0,13370000.0,12540000.0,9390000.0,4280000.0,4640000.0,3650000.0,8950000.0,2980000.0,6520000.0,7060000.0,11900000.0,13540000.0,6840000.0,13010000.0,21120000.0,28310000.0,9250000.0,13800000.0,21620000.0,11770000.0,7040000.0,4540000.0,5670000.0
