root/EastAsia&PacificAmericanSamoa,root,0,0,0,0,0,0,0,0,0,0,0,0,0,100.0,82.0,136.0,113.0,202.0,193.0,183.0,148.0,153.0,112.0,112.0,152.0,118.0,181.0,78.0,123.0,102.0,42.0,50.0,60.0,40.0,132.0,176.0,225.0,448.0,610.0,554.0,851.0,3677.0,6949.0,5099.0,4051.0,4029.0,5367.0,6537.0,4442.0,4962.0,5328.0,4921.0,6129.0,3293.0,2599.0,3177.0,3067.0
root/EastAsia&PacificAustralia,root,61345.0,61778.0,67136.0,72999.0,73332.0,83876.0,95708.0,99757.0,110337.0,98579.0,104218.0,115969.0,126697.0,128690.0,143486.0,113404.0,115016.0,147697.0,140839.0,146614.0,145867.0,162333.0,180767.0,178157.0,185799.0,172379.0,192817.0,222489.0,232526.0,210964.0,246942.0,258397.0,266556.0,266979.0,239526.0,250116.0,245323.0,247004.0,252579.4,268522.0,238126.0,240630.0,246082.0,263343.2,287701.0,293773.3,262276.0,246298.3,242554.4,249222.3,254615.8,252843.6,248311.0,243449.4,236915.4,251486.0,271477.0
root/EastAsia&PacificBruneiDarussalam,root,800.0,900.0,900.0,1000.0,1000.0,1100.0,1200.0,1200.0,1300.0,1300.0,1500.0,1500.0,1500.0,1500.0,1560.0,1570.0,1644.0,2193.0,2704.0,2792.0,2225.0,2367.0,2357.0,3055.0,3425.0,3967.0,4106.0,3916.0,2042.0,2318.0,2354.0,1652.0,1709.0,1764.0,4517.0,4822.0,5848.0,4678.0,5221.0,3380.0,2600.0,1696.0,2215.0,1949.0,2632.0,3163.0,2754.0,3172.0,2830.0,2391.0,2850.98,2684.0,5073.0,3386.85,3897.07,4353.14,14239.63
root/EastAsia&PacificCambodia,root,35000.0,45000.0,45000.0,40000.0,40000.0,45000.0,45000.0,50000.0,50000.0,52000.0,52200.0,77100.0,87100.0,84700.0,84700.0,84700.0,84704.0,84711.0,40925.0,30053.0,19706.0,51594.0,68715.0,68161.0,64424.0,70578.0,73651.0,82224.0,86896.0,82184.0,111427.0,117854.0,111228.0,108969.0,103254.0,112511.0,104310.0,114600.0,122000.0,284156.0,298798.0,445700.0,424432.0,390657.0,343332.0,428000.0,523510.0,493760.0,471000.0,515000.0,550094.0,632839.0,640695.0,729468.0,745310.0,751193.0,802450.0
root/EastAsia&PacificChina,root,3085600.0,3085600.0,3192400.0,3242400.0,3342400.0,3549200.0,3649200.0,3649200.0,3755900.0,3855900.0,3784200.0,4258800.0,4716900.0,4687200.0,5105899.0,5372997.0,5438824.0,6020062.0,5996137.0,5550691.0,5807196.0,5787655.0,6381252.0,6920463.0,7770790.0,8789380.0,10100000.0,11400000.0,12800000.0,13800000.0,14700000.0,16500000.0,19700000.0,23600000.0,28100000.0,32700000.0,36500000.0,37200000.0,39900000.0,41800000.0,43300000.0,44300000.0,46300000.0,48200000.0,50700000.0,52500000.0,54600000.0,56200000.0,57800000.0,60500000.0,63500000.0,66200000.0,70400000.0,73700000.0,76100000.0,78800000.0,81500000.0
root/EastAsia&PacificFiji,root,3000.0,3000.0,3000.0,3200.0,3400.0,3500.0,3500.0,3500.0,3800.0,3800.0,3900.0,3900.0,4700.0,4700.0,4800.0,5036.0,5589.0,7935.0,9250.0,20243.0,20404.0,23608.0,24931.0,24227.0,25639.0,26870.0,35100.4,38670.5,34209.0,35520.3,39528.77,33011.38,27687.1,30646.03,30300.0,30507.0,26877.0,30086.0,33075.61,56066.02,49357.0,50033.0,41526.0,37631.8,50194.16,47951.5,50351.0,48077.0,47483.0,47057.03,42710.5,46805.0,45090.0,41500.0,44507.0,42307.0,45417.0
root/EastAsia&PacificFrenchPolynesia,root,2600.0,2700.0,3000.0,2500.0,2500.0,1900.0,2100.0,2000.0,2100.0,2300.0,2300.0,2200.0,2400.0,2600.0,2386.0,2169.0,2828.0,2704.0,2994.0,2482.0,2747.0,2691.0,2671.0,2291.0,2889.0,2448.206,2361.104,2310.0,2860.0,3233.0,4304.0,4072.0,3846.0,8386.171999999999,9134.96,9440.699,10227.38,12328.32,13029.0,13272.82,14704.99,16121.62,16631.73,15617.06,14206.8,14550.83,15261.1,15432.19,14229.69,15279.36,15228.44,15770.92,17041.56,17230.67,17393.56,16094.7,15096.99
root/EastAsia&PacificGuam,root,100.0,100.0,100.0,100.0,100.0,100.0,100.0,100.0,100.0,100.0,100.0,100.0,100.0,100.0,91.0,131.0,95.0,184.0,200.0,164.0,257.0,326.0,444.0,327.0,395.0,518.0,567.0,500.0,593.0,550.0,688.0,690.0,575.0,599.0,613.0,482.0,480.0,491.0,575.0,554.0,856.0,905.0,668.0,616.0,692.0,440.0,580.0,488.0,491.0,602.5,523.0,497.0,465.0,547.0,520.0,1422.0,1501.0
root/EastAsia&PacificHongKongSARChina,root,50450.0,54865.0,59480.0,61000.0,63820.0,66860.0,64550.0,68129.0,112182.0,117460.0,136337.0,128074.0,135397.0,128506.0,142471.0,151186.0,157256.0,158739.0,162943.0,189932.0,194684.0,182511.0,181167.0,189282.0,200392.0,198196.0,213557.0,228102.0,238168.0,242514.0,234495.0,230912.0,229516.0,226844.0,219976.0,203570.0,192274.0,194310.0,186439.0,133832.0,162000.0,179599.0,174092.0,162301.0,172159.0,166094.0,158661.0,158661.0,162880.0,163784.0,172348.0,174158.0,159323.0,173893.0,164686.0,149087.0,147033.0
root/EastAsia&PacificIndonesia,root,761700.0,914800.0,947200.0,939200.0,1004000.0,1074800.0,1241600.0,1198400.0,1180000.0,1234800.0,1257200.0,1273302.0,1296804.0,1294441.0,1361942.0,1376566.0,1486511.0,1587817.0,1668158.0,1770087.0,1877956.0,1946989.0,2026589.0,2248468.0,2313091.0,2452695.0,2607764.0,2742804.0,2947009.0,3087137.0,3243345.0,3413930.0,3627251.0,3919996.0,4144434.0,4388520.0,4648537.0,4695769.0,4760318.0,4893861.0,5152262.0,5412689.0,5541952.0,5927292.0,6208250.0,6827210.0,7277661.0,8179552.0,8857709.0,9828603.0,11700000.0,13700000.0,15500000.0,19400000.0,20900000.0,22400000.0,23200000.0
root/EastAsia&PacificJapan,root,6233547.0,6752627.0,6909629.0,6744572.0,6400607.0,6952402.0,7177695.0,7979807.0,8713293.0,8649447.0,9344607.0,9949029.0,10300000.0,10800000.0,10800000.0,10600000.0,10700000.0,10800000.0,10900000.0,10600000.0,11100000.0,11400000.0,11500000.0,12000000.0,12800000.0,12100000.0,12800000.0,12500000.0,12800000.0,12000000.0,11100000.0,10000000.0,9359007.0,8790829.0,8188004.0,7536569.0,7446856.0,7422091.0,6720586.0,6634957.0,6483310.0,6147400.0,5886827.0,6101859.0,5712155.0,5695057.0,5675395.0,5714497.0,5628025.0,5474059.0,5339478.0,4786412.0,4836243.0,4763637.0,4756123.0,4655760.0,4343257.0
root/EastAsia&PacificKiribati,root,5000.0,5000.0,6000.0,6000.0,6000.0,6000.0,7500.0,7500.0,7500.0,7500.0,8800.0,8900.0,9100.0,9200.0,9475.0,9650.0,9824.0,10053.0,10606.0,10838.0,12929.0,13502.0,13009.0,22485.0,19393.0,22859.0,30801.0,38226.0,25445.0,32211.0,31968.0,37379.0,33536.0,30568.0,32769.0,37386.0,43176.0,39522.0,43226.0,66050.0,46634.0,42562.0,40956.0,37625.0,34974.0,35574.0,34510.0,35287.0,28393.14,41224.16,47872.0,67220.0,86070.0,83792.0,120551.0,149638.0,176474.0
root/EastAsia&PacificKoreaDemPeople’sRep,root,304426.0,347387.0,354556.0,374129.0,372410.0,399143.0,429841.0,461690.0,489218.0,501844.0,456743.0,516133.0,573263.0,597457.0,693138.0,737608.0,822889.0,838564.0,1204006.0,1211961.0,1200299.0,1450354.0,1527917.0,1288383.0,1446800.0,1484900.0,1628100.0,2034000.0,1822000.0,1967000.0,1378000.0,1327000.0,1463000.0,1527398.0,1189000.0,1065400.0,1035600.0,725783.0,709500.0,701500.0,680550.0,714595.0,713095.0,713095.0,713105.0,713175.0,713180.0,713250.0,713550.0,715660.0,726285.0,727800.0,722410.0,717975.0,779945.0,773950.0,763100.0
root/EastAsia&PacificKoreaRep,root,357201.0,424517.0,469200.0,532001.0,599811.0,639833.0,703234.0,759881.0,840723.0,879124.0,876609.0,1067559.0,1342357.0,1686127.0,2024288.0,2133667.0,2405159.0,2422883.0,2352830.0,2420659.0,2408361.0,2810258.0,2641382.0,2791459.0,2908151.0,3093816.0,3660725.0,3333418.0,3216014.0,3327347.0,3285474.0,2983447.0,3304093.0,3335883.0,3478501.0,3359594.0,3334151.0,3268001.0,2837464.0,2909329.0,2506078.0,2677017.0,2498788.0,2501632.0,2542602.0,2719486.0,3051622.0,3287437.0,3365700.0,3203623.0,3112233.0,3256454.0,3186497.0,3136797.0,3312702.0,3334113.0,3255171.0
root/EastAsia&PacificLaoPDR,root,12000.0,12000.0,15000.0,15000.0,15000.0,15000.0,18000.0,18000.0,18000.0,18000.0,20000.0,20000.0,20000.0,20000.0,20000.0,22000.0,22000.0,22000.0,22000.0,24000.0,24000.0,24000.0,24000.0,26000.0,26000.0,26000.0,26000.0,28000.0,28000.0,28000.0,28000.0,29000.0,30000.0,30500.0,35000.0,40250.0,39000.0,40000.0,40858.0,60403.0,71316.0,81000.0,93156.0,94700.0,94700.0,86560.0,86925.0,91660.0,93500.0,105800.5,113000.0,129600.0,136001.0,146946.0,168597.0,158600.0,180750.0
root/EastAsia&PacificMacaoSARChina,root,5800.0,5800.0,5800.0,5500.0,5800.0,7000.0,7500.0,7500.0,7000.0,7000.0,5900.0,6100.0,5900.0,6000.0,6000.0,6000.0,7400.0,7160.0,9236.0,7881.0,6624.0,7545.0,6656.0,6250.0,8800.0,9100.0,8042.0,3517.0,2485.0,3464.0,2583.0,2322.0,2668.0,1898.0,1890.0,1604.0,1418.0,1500.0,1500.0,1500.0,1500.0,1500.0,1500.0,1500.0,1500.0,1500.0,1500.0,1500.0,1500.0,1500.0,1500.0,1500.0,1500.0,1500.0,1500.0,1500.0,1500.0
root/EastAsia&PacificMalaysia,root,155941.0,168311.0,189968.0,220441.0,214002.0,230308.0,274109.0,345011.0,383808.0,350102.0,343096.0,370487.0,361478.0,447367.0,528483.0,476853.0,519969.0,622609.0,688565.0,700012.0,740400.0,808555.0,734189.0,796636.0,805406.4,801157.4,827924.3,911969.6,878705.2,941820.1,1009617.0,980562.8,1106239.0,1154853.0,1182652.0,1249960.0,1244025.0,1284996.0,1291434.0,1422822.0,1461223.0,1415834.0,1463625.0,1483324.0,1542062.0,1434097.0,1518875.0,1658291.0,1757034.0,1874265.0,2018700.0,1909572.0,2116237.0,2023322.0,1989740.0,2003019.0,1992258.0
root/EastAsia&PacificMarshallIslands,root,0,0,0,0,0,0,100.0,100.0,100.0,100.0,100.0,100.0,100.0,100.0,100.0,100.0,100.0,100.0,100.0,100.0,150.0,150.0,160.0,160.0,200.0,200.0,220.0,320.0,400.0,395.0,380.0,300.0,329.0,488.0,388.0,375.0,2772.0,400.0,500.0,700.0,8261.0,36581.0,39859.0,38885.0,47887.0,57583.0,43974.0,61230.0,35103.0,46316.0,59751.0,93272.0,75387.0,80624.0,78743.61,89742.2,64800.0
root/EastAsia&PacificMicronesiaFedSts,root,400.0,500.0,500.0,600.0,600.0,700.0,800.0,1000.0,1000.0,1000.0,1500.0,1500.0,1500.0,1500.0,1500.0,1500.0,1500.0,1503.0,1505.0,1505.0,1720.0,1720.0,1777.0,1777.0,1777.0,3649.0,3865.0,3767.0,2974.0,2267.0,2367.0,12552.0,16740.0,18168.0,22310.0,8082.0,8808.0,9781.0,15807.0,12589.0,23460.0,19471.0,22926.0,33753.0,31972.0,32361.0,15442.0,20873.0,25445.0,28606.0,31526.0,37345.0,47853.0,36320.0,50675.0,68699.0,88397.0
root/EastAsia&PacificMongolia,root,0,250.0,250.0,280.0,280.0,290.0,290.0,290.0,300.0,300.0,300.0,300.0,300.0,300.0,300.0,300.0,300.0,265.0,494.0,537.0,346.0,262.0,184.0,347.0,370.0,374.0,412.0,383.0,281.0,254.0,124.0,100.0,120.0,165.0,184.0,158.0,221.0,180.0,311.0,524.0,425.0,290.0,263.0,382.0,305.0,366.0,326.0,185.0,88.0,90.0,100.0,80.0,61.0,55.0,49.0,63.0,15.0
root/EastAsia&PacificMyanmar,root,360080.0,360110.0,360140.0,360180.0,360230.0,360290.0,360350.0,381130.0,396620.0,414520.0,432400.0,442700.0,453300.0,463400.0,433840.0,485140.0,501560.0,518700.0,539690.0,564070.0,580010.0,594540.0,584410.0,587550.0,613691.0,648804.0,686523.0,685864.0,704547.0,733763.0,743818.0,735494.0,757498.0,791378.0,810825.0,823410.0,673788.0,863540.0,912618.0,1011124.0,1192112.0,1309146.0,1474460.0,1595870.0,1986960.0,2217470.0,2398440.0,2512410.0,2582074.0,2671896.0,2813941.0,2795076.0,2850599.0,2849780.0,2934806.0,2970100.0,3090034.0
root/EastAsia&PacificNauru,root,0,0,0,100.0,100.0,100.0,100.0,100.0,100.0,100.0,100.0,100.0,100.0,100.0,100.0,120.0,120.0,120.0,130.0,130.0,140.0,140.0,140.0,140.0,150.0,150.0,150.0,170.0,170.0,180.0,180.0,190.0,377.0,500.0,500.0,480.0,460.0,440.0,420.0,400.0,380.0,360.4,342.0,342.0,300.0,330.0,370.8,420.0,475.0,530.0,589.0,540.0,493.0,523.1,530.3,530.3,530.3
root/EastAsia&PacificNewCaledonia,root,400.0,400.0,800.0,1200.0,1000.0,1000.0,900.0,500.0,500.0,500.0,500.0,500.0,500.0,800.0,868.0,973.0,883.0,3042.0,2963.0,2629.0,3349.0,2448.0,3384.0,2974.0,3721.0,3445.0,4518.0,5331.0,4180.0,3619.0,5558.0,5063.0,4284.0,3621.0,4239.0,3833.0,4256.4,3714.7,4852.3,5100.1,5247.4,5392.0,5375.9,5336.5,6143.0,6000.0,5698.0,5627.7,6025.0,5785.0,5250.0,5461.0,5456.0,5465.0,5722.0,5260.0,5402.0
root/EastAsia&PacificNewZealand,root,52289.0,51134.0,49815.0,50046.0,44557.0,49007.0,56418.0,60971.0,59651.0,50543.0,60203.0,66800.0,59068.0,66884.0,70040.0,65076.0,71637.0,79229.0,99727.0,120169.0,157585.0,170302.0,175682.0,205347.0,218943.0,214819.0,225147.0,260335.0,304555.0,343092.0,380303.0,435024.0,521751.0,485518.0,503846.0,627114.0,500241.0,725767.0,741836.1,691838.0,639099.0,645860.0,675232.0,635570.0,638292.0,650762.0,584322.0,606600.0,564892.3,544720.4,547185.4,547604.0,542087.5,541150.2,552572.0,524588.2,533807.2
root/EastAsia&PacificNorthernMarianaIslands,root,100.0,150.0,150.0,150.0,150.0,200.0,200.0,200.0,200.0,200.0,150.0,150.0,150.0,150.0,150.0,150.0,150.0,150.0,150.0,145.0,143.0,143.0,98.0,245.0,345.0,241.0,311.0,218.0,227.0,258.0,175.0,133.0,153.0,147.0,178.0,193.0,249.0,264.0,255.0,192.0,336.0,406.0,296.0,172.0,169.0,214.0,227.0,230.0,184.0,213.0,266.58,210.53,248.0,973.0,1211.0,1124.0,992.0
root/EastAsia&PacificPalau,root,500.0,500.0,600.0,600.0,1866.0,3370.0,3386.0,4106.0,5756.0,5462.0,8882.0,2943.0,2319.0,3150.0,7608.0,7069.0,6136.0,4883.0,10602.0,6699.0,7516.0,10276.0,5053.0,1041.0,1037.0,1204.0,1132.0,1187.0,1268.0,1350.0,1077.0,1094.0,1501.0,1238.636,1088.0,1417.09,1070.45,913.0,952.0,961.0,1273.0,1086.0,1031.0,1051.0,1084.0,1435.9,972.0,1159.82,1188.2,1075.88,992.11,1023.78,940.9110000000001,906.895,893.326,874.19,841.2
root/EastAsia&PacificPapuaNewGuinea,root,12200.0,12200.0,13100.0,15200.0,15200.0,15800.0,15300.0,15400.0,15800.0,16500.0,15628.0,30668.0,27271.0,45600.0,50027.0,34774.0,50671.0,27555.0,52224.0,34488.0,44620.0,46509.0,17589.0,15387.0,17663.0,25921.0,25815.0,26072.0,26526.0,26098.0,26562.0,26101.0,26541.0,25951.68,26466.32,39444.66,38047.45,46505.43,78702.55,56031.37,110318.4,125473.9,141886.4,177624.6,243430.4,255064.5,254239.7,248731.2,223949.5,232031.7,228049.9,187311.7,260851.4,218542.5,262394.5,241594.5,315444.5
root/EastAsia&PacificPhilippines,root,499237.0,500047.0,530661.0,592516.0,647476.0,716738.0,762077.0,805663.0,987154.0,965920.0,1104916.0,1125592.0,1230528.0,1316774.0,1403090.0,1473553.0,1381112.0,1509246.0,1592216.0,1609762.0,1717614.0,1779854.0,1905636.0,2138456.0,2083154.0,2067245.0,2100137.0,2230404.0,2282337.0,2396003.0,2526370.0,2623659.0,2661584.0,2658650.0,2746111.0,2833066.0,2829456.0,2820537.0,2867791.0,2943871.0,3021394.0,3182445.0,3376773.0,3605597.0,3922323.0,4157388.0,4391317.0,4675622.0,4900507.0,4992736.0,5050190.0,4830283.0,4749536.0,4576328.0,4587385.0,4503067.0,4228906.0
root/EastAsia&PacificSamoa,root,500.0,600.0,600.0,600.0,600.0,600.0,700.0,700.0,700.0,700.0,900.0,900.0,900.0,900.0,900.0,1000.0,1100.0,1250.0,1090.0,1890.0,1990.0,3095.0,4020.0,3820.0,3720.0,3641.0,3186.0,3076.0,2500.0,2530.0,1505.0,1595.0,2436.0,1986.0,2591.0,4094.0,4410.0,7868.0,9364.0,8562.0,8595.0,8613.0,10881.0,9703.0,9934.0,9836.0,12435.0,14094.0,13902.0,13284.0,12845.0,11457.0,11905.6,11204.73,7506.562,8714.34,8811.0
root/EastAsia&PacificSingapore,root,9200.0,9700.0,11500.0,12500.0,10400.0,11000.0,18500.0,18200.0,17300.0,17000.0,18310.0,15230.0,15735.0,18640.0,19276.0,17598.0,16504.0,15157.0,16206.0,16971.0,16082.0,16301.0,20202.0,20764.6,26289.6,23917.9,21487.0,16908.0,15250.0,12633.0,13348.0,13099.0,11551.0,11654.0,13661.0,13727.0,13510.0,13338.0,11439.0,10518.0,10483.0,7785.0,7796.0,7109.0,7579.0,7837.0,11676.0,8025.0,5141.0,5688.0,5230.87,5953.794,6201.33,7211.111,6695.323,8161.294,7346.361
root/EastAsia&PacificSolomonIslands,root,4000.0,4000.0,5000.0,5000.0,5300.0,5300.0,7300.0,7400.0,7400.0,7400.0,8500.0,13511.0,17005.0,15924.0,19676.0,16940.0,26284.0,22863.0,29192.0,35431.0,34866.0,34728.0,32518.0,46014.59,48829.74,43363.0,56743.39,43562.21,51607.07,50148.79,41409.35,63011.78,47115.71,43633.04,47522.3,64194.4,52458.45,61302.5,60739.59,54570.6,19579.33,24553.36,26258.54,37099.22,36756.87,32779.94,40879.26,33016.78,28617.9,32682.4,44649.66,45938.76,45884.47,48522.88,85898.71,85297.99,77027.36
root/EastAsia&PacificThailand,root,231420.0,316340.0,351160.0,430905.0,590050.0,629865.0,722092.0,861366.0,1102121.0,1285154.0,1437837.0,1587432.0,1679152.0,1679559.0,1516024.0,1548924.0,1661315.0,2191381.0,2101681.0,1954258.0,1799988.0,1990460.0,2121455.0,2261922.0,2140261.0,2233375.0,2541990.0,2785311.0,2652089.0,2704781.0,2789953.0,2972104.0,3246490.0,3385003.0,3524996.0,3590578.0,3570116.0,3442715.0,3524933.0,3646070.0,3735279.0,3648095.0,3797036.0,3914076.0,4099653.0,4118527.0,4053100.0,3675407.0,3204293.0,3287370.0,3096742.0,3036581.0,2991728.0,2822344.0,2567898.0,2429956.0,2493154.0
root/EastAsia&PacificTimorLeste,root,0,0,0,0,0,0,0,0,0,0,0,0,0,0,0,0,0,0,0,0,0,0,0,0,0,0,0,0,0,0,0,0,0,0,0,0,0,0,0,3401.0,3621.0,3561.0,3720.0,3850.0,4015.0,3672.0,3323.0,3313.0,4295.0,4752.0,4752.0,4756.0,4756.0,4756.0,4756.0,4756.0,4760.0
root/EastAsia&PacificTonga,root,400.0,400.0,400.0,400.0,400.0,500.0,500.0,500.0,500.0,500.0,400.0,500.0,500.0,600.0,726.0,901.0,1019.0,1197.0,1210.0,2000.0,1994.0,2093.0,2134.0,2237.0,2385.0,2561.0,2814.0,2790.0,2731.0,2699.0,1644.0,1935.0,2237.0,2375.0,2499.0,2727.0,2955.0,2924.0,4172.0,4698.0,4308.0,5017.0,5327.0,4826.0,3385.0,2647.0,2887.0,2732.5,2595.61,2255.2,2376.3,2380.3,2587.0,1845.04,1924.31,1831.405,1700.0
root/EastAsia&PacificTuvalu,root,0,0,0,0,0,0,0,0,0,0,0,0,0,0,0,0,0,0,80.0,100.0,150.0,180.0,429.0,784.0,840.0,313.0,660.0,933.0,1409.0,519.0,518.0,526.0,499.0,1460.0,561.0,399.0,400.0,500.0,500.0,500.0,500.0,500.0,600.0,1505.0,2451.0,2561.0,3161.0,3771.0,4380.0,5230.5,11468.5,11853.5,17621.5,12925.5,7381.5,6150.5,7686.5
root/EastAsia&PacificVanuatu,root,1400.0,1400.0,1400.0,1500.0,1500.0,1800.0,1800.0,1800.0,1800.0,1800.0,2100.0,2200.0,2300.0,2400.0,2510.0,2610.0,2710.0,2816.0,2825.0,2819.0,2937.0,2715.0,2715.0,2542.0,2956.0,8196.0,16888.0,20078.0,25886.0,27200.0,41975.0,44367.0,45019.0,40755.0,47357.0,57904.0,47696.0,70357.0,75019.0,91433.0,70589.0,36176.0,44968.0,113867.0,212787.6,229554.0,222675.0,213728.2,172635.0,150581.1,101349.0,59371.5,63483.88,61938.18,69936.9,82201.54,44017.8
root/EastAsia&PacificVietnam,root,473160.0,474120.0,544980.0,629940.0,648510.0,676590.0,682170.0,712460.0,711850.0,765750.0,618000.0,688300.0,778500.0,814300.0,572800.0,546800.0,610800.0,588800.0,584000.0,601000.0,559660.0,597866.0,662208.0,758138.0,777308.0,809510.0,830322.0,869000.0,885033.0,954939.0,941227.0,999174.0,1041006.0,1120204.0,1369993.0,1474008.0,1531932.0,1608703.0,1647874.0,1897168.0,2143129.0,2327856.0,2520639.0,2808507.0,3153651.0,3440200.0,3699327.0,4174900.0,4532150.0,4749480.0,4951028.0,5221685.0,5590574.0,5803722.0,6048983.0,6207514.0,6420471.0
root/Europe&CentralAsiaAlbania,root,2600.0,3200.0,2800.0,3000.0,3000.0,4000.0,4000.0,5000.0,6000.0,7000.0,8000.0,8000.0,8000.0,8000.0,8500.0,8500.0,8500.0,8500.0,9000.0,9000.0,9000.0,9376.0,9511.0,9815.0,8006.0,11399.0,11922.2,13134.4,14559.3,11961.4,15015.6,3871.0,3093.2,2889.0,2495.0,1720.3,2449.2,1110.8,2807.5,3057.9,3635.0,3597.2,4516.8,4274.6,6118.5,6473.0,7709.3,7505.4,7365.0,8128.0,7636.2,6827.2,10649.2,11078.5,11476.7,9472.5,8835.7
root/Europe&CentralAsiaArmenia,root,0,0,0,0,0,0,0,0,0,0,0,0,0,0,0,0,0,0,0,0,0,0,0,0,0,0,0,0,7017.0,7342.0,7755.0,4570.0,4450.0,4100.0,2603.0,1941.0,1230.0,1250.0,1135.0,2033.0,2026.0,2197.0,1485.0,1633.0,1031.0,989.0,1406.0,4715.0,5701.0,5859.0,5617.0,7095.0,9711.0,15799.0,18720.0,23270.0,20139.0
root/Europe&CentralAsiaAustria,root,4200.0,4200.0,4500.0,4600.0,4900.0,5100.0,4900.0,4200.0,4000.0,3500.0,3200.0,2900.0,2600.0,2200.0,2070.0,2040.0,2360.0,2470.0,3700.0,4100.0,4300.0,4400.0,4500.0,4700.0,4700.0,4800.0,4700.0,4600.0,5100.0,5000.0,3659.0,3635.0,3619.0,3560.0,3491.0,3322.0,3399.0,3483.0,3360.0,3499.0,3286.0,2755.0,2683.0,2605.0,2667.0,2790.0,2863.0,2889.0,2437.0,2491.0,2517.0,3254.3,3425.5,3587.0,3740.3,3853.4,3833.4
root/Europe&CentralAsiaAzerbaijan,root,0,0,0,0,0,0,0,0,0,0,0,0,0,0,0,0,0,0,0,0,0,0,0,0,0,0,0,0,56996.0,54406.0,41665.0,39663.0,32029.0,22934.0,19939.0,11061.0,7121.0,5525.0,4971.0,21082.0,18937.0,10988.0,11268.0,6565.0,9608.0,9501.0,4661.0,3849.0,2524.0,2206.0,2081.0,1578.0,1277.1,1121.0,1183.0,1129.0,1316.0
root/Europe&CentralAsiaBelarus,root,0,0,0,0,0,0,0,0,0,0,0,0,0,0,0,0,0,0,0,0,0,0,0,0,0,0,0,0,19000.0,21457.0,19626.0,15543.0,9922.0,10011.0,7721.0,6178.0,6859.0,4821.0,5184.0,5804.0,7269.0,5610.0,7543.0,6196.0,4733.0,6242.0,9051.0,14780.0,15445.0,16485.0,17162.0,17415.0,16464.0,14245.0,11424.0,9999.9,11885.0
root/Europe&CentralAsiaBelgium,root,63700.0,61600.0,59900.0,62000.0,59500.0,59700.0,62800.0,63800.0,68200.0,58700.0,53000.0,60200.0,59000.0,53300.0,46820.0,49031.0,44503.0,45372.0,50597.0,47157.0,45705.0,49426.0,48044.0,48835.0,48181.0,45555.0,39996.0,40831.0,42241.0,40368.0,42135.0,40737.0,37966.0,36935.0,35100.0,36445.0,31769.0,31346.0,31681.0,31473.0,31671.0,32039.0,30862.0,28092.0,27474.0,24981.0,23147.0,24669.0,22735.0,22298.0,22957.0,22578.0,24936.0,25874.0,27007.0,24803.0,27014.0
root/Europe&CentralAsiaBosniaandHerzegovina,root,0,0,0,0,0,0,0,0,0,0,0,0,0,0,0,0,0,0,0,0,0,0,0,0,0,0,0,0,0,0,0,0,201.0,201.0,201.0,201.0,252.0,253.0,254.0,255.0,255.0,255.0,4940.0,6890.0,6699.0,7375.0,7926.0,7747.0,7894.0,7925.0,7925.0,5275.2,3943.3,3228.5,3702.0,4755.6,4868.6
root/Europe&CentralAsiaBulgaria,root,8700.0,8100.0,9600.0,7500.0,13700.0,21183.0,27375.0,44881.0,61484.0,84473.0,94201.0,100704.0,111017.0,102010.0,118559.0,158121.0,167144.0,137997.0,99028.0,86107.0,125187.0,106673.0,115618.0,121126.0,115567.0,100223.0,109452.0,111652.0,118018.0,102966.0,57103.0,57854.0,32148.0,21555.0,12685.0,12627.0,13581.0,16674.0,23198.0,18336.0,12317.0,11612.0,17316.0,16500.0,10741.0,8579.0,10801.0,12935.0,14021.0,15700.54,18689.62,15150.18,15556.06,21821.65,19859.8,22365.55,24376.16
root/Europe&CentralAsiaChannelIslands,root,800.0,1000.0,1000.0,1000.0,1000.0,1200.0,1200.0,1200.0,1200.0,1200.0,1300.0,1300.0,1300.0,1700.0,1625.0,1449.0,1368.0,2004.0,2688.0,2704.0,2906.0,2800.0,2241.0,3477.0,3669.0,3024.0,2333.0,2390.0,2756.0,2923.0,3072.0,2872.0,2885.0,2935.0,2886.0,3063.0,4537.0,4368.0,4313.0,3850.0,3979.0,4414.0,4029.0,4210.0,3976.0,4155.0,4128.0,4357.0,4200.0,3673.6,4503.2,4067.1,3837.243,3820.13,4299.75,4342.2,4483.65
root/Europe&CentralAsiaCroatia,root,0,0,0,0,0,0,0,0,0,0,0,0,0,0,0,0,0,0,0,0,0,0,0,0,0,0,0,0,0,0,0,0,33534.08,31233.27,22422.01,20275.05,21126.0,20551.49,27935.08,25222.19,27944.24,29019.12,30330.54,29462.04,41089.12,46820.09,53373.13,54270.63,62940.08,70017.05,66857.81,84306.06,74829.54,87850.24,92502.23,88273.5,88116.26
root/Europe&CentralAsiaCyprus,root,500.0,400.0,600.0,600.0,600.0,1006.0,1009.0,1014.0,1412.0,1409.0,1363.0,1255.0,1340.0,1459.0,1221.0,950.0,1083.0,1220.0,1276.0,1314.0,1339.0,1462.0,1591.0,1988.771,2266.0,2438.0,2598.388,2593.0,2564.0,2626.0,2709.0,3048.0,9491.0,10275.0,9718.0,9772.0,13313.0,25788.0,20482.0,41060.0,70223.0,56606.0,142941.0,49561.0,81169.0,63749.0,32727.0,4896.0,4883.0,4824.5,5510.8,5854.98,5656.71,6525.1,6114.1,6953.56,8131.96
root/Europe&CentralAsiaCzechRepublic,root,0,0,0,0,0,0,0,0,0,0,0,0,0,0,0,0,0,0,0,0,0,0,0,0,0,0,0,0,0,0,0,0,0,23427.0,22610.0,22608.0,21724.0,20881.0,21183.0,22965.0,24129.0,24744.0,24193.0,24797.0,23912.0,24697.0,25077.0,24723.0,24559.0,24183.0,24410.0,24869.0,24796.0,23118.4,23947.0,24041.0,24459.0
root/Europe&CentralAsiaDenmark,root,574647.0,637492.0,785102.0,847904.0,871061.0,840830.0,850802.0,1070415.0,1466808.0,1275401.0,1226500.0,1400901.0,1442920.0,1443661.0,1835370.0,1767039.0,1919197.0,1806612.0,1750769.0,1741256.0,2032073.0,1859445.0,1931373.0,1870909.0,1851484.0,1796989.0,1849758.0,1707816.0,1974414.0,1929294.0,1517646.0,1793244.0,1997091.0,1654028.0,1916208.0,2043763.0,1723442.0,1866549.0,1599703.0,1447670.0,1577698.0,1552267.0,1474374.0,1068993.0,1133410.0,949610.0,904909.0,684221.0,726650.0,812882.4,864264.0,752305.0,537375.5,706187.2,779528.2,904916.7,706681.0
root/Europe&CentralAsiaEstonia,root,0,0,0,0,0,0,0,0,0,0,0,0,0,0,0,0,0,0,0,0,0,0,0,0,0,0,0,0,397782.0,375454.0,346083.0,329213.0,129689.0,147515.0,124508.0,132891.0,108992.0,126317.0,121854.0,113312.0,113572.0,105959.0,102622.0,80580.0,88877.0,100136.0,87587.0,100216.0,103393.0,99157.6,96373.04,81783.34,67335.4,70463.21,69154.47,74410.7,76798.73
root/Europe&CentralAsiaFaroeIslands,root,109375.0,120220.0,144252.0,137830.0,138990.0,144686.0,166294.0,173324.0,166187.0,176296.0,207772.0,207279.0,208162.0,246286.0,246675.0,285698.0,342013.0,310592.0,316980.0,266845.0,275286.0,243788.0,250878.0,330345.0,347352.0,373958.0,352195.0,391042.0,365943.0,310970.0,286096.0,246599.0,267528.0,265046.0,253040.0,296407.0,322171.0,351683.0,384933.0,400906.0,489222.0,565076.0,582093.0,683737.0,645463.0,588715.0,641696.0,651533.0,564940.0,410313.0,441450.0,415429.0,437035.0,563049.0,629290.0,666164.0,651735.0
root/Europe&CentralAsiaFinland,root,65500.0,67000.0,64900.0,80500.0,62900.0,73250.0,70990.0,74090.0,92800.0,87300.0,81699.0,91401.0,89003.0,100000.0,111778.0,111336.0,119459.0,117831.0,139166.0,133672.0,164900.0,155094.0,163952.0,175193.0,178894.0,179188.0,167430.0,166189.0,175631.0,165108.0,151535.0,138591.0,169662.0,173823.0,180951.0,184830.0,196738.0,196526.0,187713.0,176017.0,171828.0,165716.0,157434.0,134432.0,148243.0,146088.0,162337.0,177702.0,162105.0,168253.0,167869.0,164977.0,174969.0,181389.0,196409.0,197730.0,206477.2
root/Europe&CentralAsiaFrance,root,762676.0,791620.0,761211.0,799299.0,807550.0,856899.0,902398.0,925307.0,938596.0,855694.0,858902.0,846574.0,854245.0,892060.0,884204.0,879330.0,861687.0,837277.0,860788.3,838058.3,859149.9,873521.9,860781.6,884173.5,870403.5,922169.4,960355.6,926785.5,968697.1,944719.4,955874.8,902400.5,918553.5,957508.5,984874.6,969245.3,928743.9,929721.5,878266.5,921896.8,961254.6,923560.7,953683.0,948639.7,907065.2,843407.8,832528.9,791136.7,738411.4,674199.3,655646.5,695743.2,678808.5,740550.2,736396.8,669029.7,727813.2
root/Europe&CentralAsiaGeorgia,root,0,0,0,0,0,0,0,0,0,0,0,0,0,0,0,0,0,0,0,0,0,0,0,0,0,0,0,0,202628.0,148318.0,105181.0,60813.0,39145.0,18820.0,7641.0,3717.0,2554.0,2644.0,3097.0,1496.0,1877.0,1716.0,1863.0,3362.0,12060.0,10046.0,14821.0,44248.0,48909.0,50496.0,46519.0,27197.0,12720.0,12720.0,12740.0,12740.0,30748.0
root/Europe&CentralAsiaGermany,root,787910.0,748670.0,782420.0,837580.0,850030.0,864690.0,881650.0,951500.0,986660.0,970714.0,939498.0,846312.0,761507.0,850953.0,897600.0,828055.0,744507.0,655548.0,625086.0,590774.0,562566.0,585026.0,551637.0,544751.0,553756.0,426457.0,415388.0,399721.0,393112.0,412656.0,390739.0,310593.0,313544.0,322510.0,279013.0,303985.0,319648.0,324785.0,339107.0,317421.0,269975.0,262551.0,271624.0,331927.0,315576.0,326053.0,328416.0,335505.0,318258.0,282954.0,283840.0,273024.0,240768.0,260396.0,268775.0,291653.0,312906.0
root/Europe&CentralAsiaGibraltar,root,1.0,1.0,1.0,1.0,1.0,1.0,1.0,1.0,1.0,1.0,1.0,1.0,1.0,1.0,1.0,1.0,1.0,1.0,1.0,1.0,1.0,1.0,1.0,1.0,1.0,1.0,1.0,1.0,1.0,1.0,1.0,1.0,1.0,1.0,1.0,1.0,1.0,1.0,1.0,1.0,1.0,1.0,1.0,1.0,1.0,1.0,1.0,1.0,1.0,1.0,1.0,1.0,1.0,1.0,1.0,1.0,1.0
root/Europe&CentralAsiaGreece,root,87430.0,85390.0,80490.0,80550.0,84130.0,90320.0,91630.0,94000.0,100760.0,95150.0,86139.0,95139.0,93129.0,104576.0,93678.0,96456.0,107574.0,108571.0,102697.0,105154.0,107614.0,103525.2,106747.8,102107.4,108540.8,114961.9,124848.0,134743.4,123686.3,136534.5,141904.0,151259.9,172917.8,191678.5,214306.9,184360.5,190903.2,205816.1,170072.4,204865.8,194761.7,191708.4,184006.9,195215.4,191034.4,198638.5,211623.7,209392.8,200953.3,205192.8,191423.8,174055.6,172017.7,178171.1,164835.7,172588.4,199772.0
root/Europe&CentralAsiaGreenland,root,34786.0,41895.0,43308.0,33317.0,38248.0,40643.0,44529.0,44916.0,34265.0,39245.0,39461.0,38354.0,41792.0,44297.0,51260.0,47593.0,44644.0,59865.0,68233.0,83135.0,103738.0,107487.0,106206.0,99311.0,86274.0,94949.0,102906.0,100413.0,120337.0,168786.0,143331.0,114164.0,113267.0,116775.0,117417.0,128890.0,116018.0,113851.0,123291.0,160253.0,159711.0,158485.0,195624.0,175321.0,212988.0,234864.0,252959.0,233754.0,241899.0,214667.0,209446.0,214493.0,222894.0,275432.0,292441.0,268371.0,273175.0
root/Europe&CentralAsiaHungary,root,14900.0,19300.0,21000.0,22000.0,22700.0,24800.0,26600.0,28200.0,29900.0,27800.0,26000.0,25800.0,28900.0,29100.0,30159.0,30788.0,31855.0,34661.0,32589.0,32838.0,33733.0,39319.0,42152.0,44037.0,39177.0,36927.0,36062.0,36759.0,38294.0,35517.0,33834.0,22879.0,22908.0,17378.0,18206.0,16674.0,15686.0,16740.0,17487.0,19461.0,19987.0,19694.0,18324.0,18406.0,19986.0,21270.0,22229.0,22888.0,23081.0,21191.0,20461.0,22632.0,21850.0,21390.0,22789.0,23263.0,21295.97
root/Europe&CentralAsiaIceland,root,629985.0,734064.0,847335.0,797444.0,989173.0,1217833.0,1260336.0,915201.0,617356.0,707209.0,748800.0,699881.0,741506.0,922000.0,954849.0,1001793.0,1015145.0,1393447.0,1579042.0,1661125.0,1524817.0,1449906.0,801799.0,855132.0,1551774.0,1695553.0,1668788.0,1644922.0,1772660.0,1518543.0,1524183.0,1058740.0,1585735.0,1729801.0,1574166.0,1627874.0,2078266.0,2229112.0,1703589.0,1758305.0,2003669.0,2008312.0,2153093.0,2014872.0,1764040.0,1694009.0,1356284.0,1425880.0,1311691.0,1169597.0,1086705.0,1159508.0,1384106.0,1390896.0,1103650.0,1344330.0,1100305.0
root/Europe&CentralAsiaIreland,root,42800.0,32100.0,29000.0,27600.0,31900.0,35700.0,39700.0,50200.0,53100.0,66500.0,78901.0,74106.0,92112.0,90814.0,89591.0,88423.0,95038.0,93876.0,104306.0,93244.0,150030.0,191240.0,212936.0,204166.0,240149.0,260791.0,261619.0,282460.0,292151.0,240639.0,275047.0,293259.0,307033.0,338662.0,355986.0,450925.0,400368.0,364899.0,402990.0,363241.0,363639.0,453468.0,381288.0,363734.0,368929.0,357231.0,294399.0,301472.0,279686.5,346095.7,394932.3,287720.3,341528.0,310148.2,337624.2,304023.0,300089.4
root/Europe&CentralAsiaIsleofMan,root,4900.0,4900.0,4500.0,4000.0,3600.0,5100.0,4600.0,6000.0,7200.0,9800.0,14700.0,16900.0,18000.0,15500.0,14791.0,14505.0,11242.0,11844.0,10504.0,12407.0,10106.0,8642.0,6298.0,8322.0,7668.0,6974.0,5778.0,5561.0,5624.0,5696.0,4085.0,4562.0,4481.0,4850.0,3571.0,3734.0,3537.0,4289.0,2214.0,2609.0,3552.0,3112.0,3127.0,2984.0,2627.0,2764.0,2579.0,3812.0,2770.0,3555.0,4814.0,6844.0,6172.0,5745.0,3755.0,7781.0,7040.0
root/Europe&CentralAsiaItaly,root,216754.0,245206.0,223613.0,234953.0,327089.0,356354.0,372164.0,375547.0,366613.0,372627.0,417749.0,426440.0,439063.0,424389.0,468486.0,450191.0,471500.0,423787.0,451257.4,482593.4,504905.5,513736.1,536817.7,543955.5,580930.7,586603.2,564362.4,554302.7,570639.4,548778.3,530676.2,586520.2,566844.5,563862.4,575759.8,612607.1,557127.5,541368.6,517109.7,495190.3,520681.8,530738.7,456187.1,489584.8,407156.8,479685.1,490645.7,468888.5,386622.3,416951.5,388453.2,381980.4,339471.4,318794.7,332576.3,347531.5,355238.5
root/Europe&CentralAsiaKazakhstan,root,0,0,0,0,0,0,0,0,0,0,0,0,0,0,0,0,0,0,0,0,0,0,0,0,0,0,0,0,85006.0,89508.0,86978.0,82690.0,68503.0,59628.0,47594.0,50350.0,45955.0,33747.0,26106.0,37363.0,37433.0,23269.0,25446.0,26015.0,33494.2,37744.0,30301.0,34371.0,51473.0,38473.0,47051.0,35754.0,37677.0,35503.0,37547.0,41191.4,43213.0
root/Europe&CentralAsiaKyrgyzRepublic,root,0,0,0,0,0,0,0,0,0,0,0,0,0,0,0,0,0,0,0,0,0,0,0,0,0,0,0,0,1320.0,1447.0,1309.0,1199.0,843.0,350.0,294.0,392.0,330.0,253.0,247.0,119.0,110.0,324.0,245.0,75.0,27.0,46.0,57.0,121.0,100.0,143.0,379.0,454.5,387.0,420.0,804.93,1099.4,2019.7
root/Europe&CentralAsiaLatvia,root,0,0,0,0,0,0,0,0,0,0,0,0,0,0,0,0,0,0,0,0,0,0,0,0,0,0,0,0,544138.0,541723.0,459833.0,412642.0,157388.0,142313.0,138665.0,149719.0,143024.0,106027.0,102756.0,125857.0,136728.0,128639.0,117983.0,115180.0,125936.0,151160.0,140954.0,156005.0,158518.0,163730.2,165367.8,155875.5,95066.54,116717.2,120252.3,82394.85,115594.1
root/Europe&CentralAsiaLithuania,root,0,0,0,0,0,0,0,0,0,0,0,0,0,0,0,0,0,0,0,0,0,0,0,0,0,0,0,0,415287.0,416392.0,339080.0,472814.0,192366.0,120078.0,51036.0,59082.0,90051.0,45518.0,68094.0,74612.0,80984.0,152832.0,151896.0,159561.0,164685.0,141798.0,156772.0,190890.0,185768.0,176113.6,153042.0,141836.6,70551.96,95081.88,153902.8,89594.17,111337.7
root/Europe&CentralAsiaMacedoniaFYR,root,0,0,0,0,0,0,0,0,0,0,0,0,0,0,0,0,0,0,0,0,0,0,0,0,0,0,0,0,0,0,0,0,1094.0,916.0,940.0,1037.0,604.0,668.0,783.0,1305.0,1425.0,915.0,911.0,1026.0,1172.0,1114.0,735.0,1218.0,1453.0,1762.0,1727.0,1636.0,1555.0,1674.0,1496.0,1341.0,1292.0
root/Europe&CentralAsiaMoldova,root,0,0,0,0,0,0,0,0,0,0,0,0,0,0,0,0,0,0,0,0,0,0,0,0,0,0,0,0,8606.0,8621.0,9472.0,5319.0,3059.0,2365.0,1330.0,1529.0,1093.0,1228.0,1148.0,824.0,1735.0,1737.0,2373.0,3466.0,5735.0,6356.0,6851.0,7526.0,7836.0,8226.0,8844.0,9050.0,9130.0,9130.0,11050.0,11216.05,12061.4
root/Europe&CentralAsiaMonaco,root,0,0,0,0,0,0,0,0,0,0,0,0,0,1.0,1.0,1.0,1.0,1.0,1.0,1.0,1.0,2.0,2.0,2.0,2.0,2.0,2.0,2.0,2.0,2.0,2.0,2.0,3.0,3.0,3.0,3.0,3.0,3.0,3.0,3.0,3.0,3.0,3.0,3.0,3.0,2.0,1.0,1.0,1.0,1.0,1.0,1.0,1.0,1.0,1.0,1.0,1.0
root/Europe&CentralAsiaMontenegro,root,0,0,0,0,0,0,0,0,0,0,0,0,0,0,0,0,0,0,0,0,0,0,0,0,0,0,0,0,0,0,0,0,0,0,0,0,0,0,0,0,0,0,0,0,0,0,1878.8,1492.0,2294.0,2226.2,2085.4,2357.6,2201.6,2391.5,2415.4,2299.8,2524.0
root/Europe&CentralAsiaNetherlands,root,303400.0,346100.0,321200.0,361000.0,388100.0,377200.0,353000.0,314500.0,323300.0,323200.0,300800.0,321200.0,348300.0,343736.0,325861.0,350558.0,284999.0,313094.0,324486.0,323773.0,340512.0,479772.0,544867.0,561989.0,496061.0,554911.0,502877.0,511773.0,476409.0,530228.0,507239.0,458814.0,487076.0,532882.0,529431.0,522031.0,510669.0,550010.0,656719.0,623371.0,571005.0,575205.0,518465.0,592821.0,600234.0,626976.0,558632.0,544433.0,487186.7,442582.6,501364.1,413895.9,393393.4,373962.0,434406.0,447396.0,433214.0
root/Europe&CentralAsiaNorway,root,1388142.0,1527010.0,1321310.0,1387812.0,1607991.0,2308843.0,2867099.0,3250881.0,2804413.0,2490990.0,2983097.0,3103016.0,3204960.0,3016131.0,2671073.0,2555454.0,3420397.0,3546340.0,2715019.0,2768418.0,2535773.0,2700340.0,2650209.0,2972432.0,2601762.0,2252236.0,2073607.0,2122605.0,2010322.0,2087169.0,1950525.0,2363389.0,2751218.0,2749236.0,2769670.0,2986759.0,3143134.0,3422357.0,3451742.0,3282008.0,3383120.0,3372900.0,3474416.0,3286434.0,3309501.0,3208377.0,3114154.0,3356219.0,3433557.0,3654664.0,3858236.0,3578577.0,3612414.0,3481353.0,3788424.0,3822151.0,3529576.0
root/Europe&CentralAsiaPoland,root,184011.0,185522.0,180516.0,226737.0,264941.0,297457.0,334722.0,338142.0,406746.0,407847.0,469461.0,517614.0,544218.0,578938.0,679148.0,801041.0,751063.0,663589.0,581025.0,599281.0,640419.0,623088.0,609281.0,740833.0,720369.0,678297.0,645085.0,672120.0,653977.0,565391.0,474692.0,458127.0,511975.0,414015.0,462532.0,454483.0,370493.0,377593.0,271801.0,269435.0,253477.0,260524.0,256149.0,215835.0,227239.0,193167.0,181346.0,187448.0,179309.0,260396.0,220473.0,227345.0,230646.0,249378.1,231707.7,242399.0,256415.0
root/Europe&CentralAsiaPortugal,root,489781.0,517403.0,533385.0,558368.0,601929.0,566143.0,522866.0,583161.0,527572.0,480362.0,477628.0,453740.0,458419.0,492306.0,442645.0,387966.0,352766.0,313971.0,259874.0,251249.0,276121.0,269469.0,259938.0,255798.0,311486.0,327919.0,413184.0,397710.0,353693.0,340030.0,337660.0,337132.0,306884.0,301751.0,276668.0,272795.0,270798.0,234992.0,236328.0,218875.0,199657.0,202673.0,211706.0,220850.0,229256.0,227778.0,237731.0,264099.0,231798.0,205893.1,231797.6,225324.4,209058.8,206899.2,195002.9,199662.9,196737.2
root/Europe&CentralAsiaRomania,root,38000.0,38800.0,33400.0,36100.0,34000.0,37581.0,36933.0,48566.0,40892.0,45997.0,62809.0,72252.0,84289.0,102068.0,129453.0,136624.0,127197.0,150701.0,137676.0,179087.0,173606.0,192013.0,235653.0,242644.0,232449.0,237637.0,271126.0,264371.0,267618.0,224810.0,127734.0,125003.0,95381.0,34919.0,42651.0,69105.0,32159.0,19614.0,18675.0,16841.0,17099.0,18427.0,16228.0,18932.0,13232.0,13337.0,14751.0,16495.0,17942.0,17151.0,11669.32,11607.27,13964.0,15364.0,16927.98,20348.75,25302.03
root/Europe&CentralAsiaRussianFederation,root,0,0,0,0,0,0,0,0,0,0,0,0,0,0,0,0,0,0,0,0,0,0,0,0,0,0,0,0,8183884.0,8246556.0,7658693.0,6852132.0,5552573.0,4467715.0,3789591.0,4390952.0,4747731.0,4748500.0,4551494.0,4238575.0,4104502.0,3729276.0,3345547.0,3399975.0,3063387.0,3322873.0,3402263.0,3590028.0,3509646.0,3949267.0,4196794.0,4391167.0,4484507.0,4521642.0,4429766.0,4617875.0,4947253.0
root/Europe&CentralAsiaSerbia,root,0,0,0,0,0,0,0,0,0,0,0,0,0,0,0,0,0,0,0,0,0,0,0,0,0,0,0,0,0,0,0,0,0,0,0,0,0,0,0,0,0,0,0,0,0,0,7645.05,9143.8,10686.72,11286.44,13002.33,13012.95,12459.19,10975.54,10761.37,10537.0,8944.66
root/Europe&CentralAsiaSlovakRepublic,root,0,0,0,0,0,0,0,0,0,0,0,0,0,0,0,0,0,0,0,0,0,0,0,0,0,0,0,0,0,0,0,0,0,2773.0,3488.0,3567.0,2368.0,2618.0,2009.0,2268.0,2255.0,2530.0,2575.0,2527.0,2783.0,2648.0,2981.0,3193.0,2726.0,2595.9,2310.4,2769.5,3255.56,3092.2,3174.66,3279.63,4034.65
root/Europe&CentralAsiaSlovenia,root,0,0,0,0,0,0,0,0,0,0,0,0,0,0,0,0,0,0,0,0,0,0,0,0,0,0,0,0,0,0,0,0,4773.0,3002.0,3133.0,2956.0,3236.0,3284.0,3137.0,3233.0,3037.0,3089.0,2975.0,2635.0,2594.0,2573.0,2502.169,2464.4539999999997,2196.714,2341.859,1719.4,2287.209,1639.4879999999998,1625.9160000000002,1806.8,1950.592,2154.219
root/Europe&CentralAsiaSpain,root,913401.0,978920.0,1050006.0,1057655.0,1133309.0,1255355.0,1269534.0,1360394.0,1524502.0,1481900.0,1582266.0,1521038.0,1569839.0,1598054.0,1603741.0,1604441.0,1605359.0,1531484.0,1548919.0,1360031.0,1375642.0,1396654.0,1465325.0,1408216.0,1441852.0,1489515.0,1502395.0,1539933.0,1598886.0,1530991.0,1334995.0,1303615.0,1260681.0,1226033.0,1286760.0,1419688.0,1421196.0,1459464.0,1570775.0,1509504.0,1372404.0,1399888.0,1138640.0,1157665.0,1105578.0,1074617.0,1254865.0,1102039.0,1173161.0,1199111.0,1227826.0,1281802.0,1192338.0,1212424.0,1345895.0,1265453.0,1198968.0
root/Europe&CentralAsiaSweden,root,250052.0,268924.0,294728.0,342638.0,377947.0,370618.0,320568.0,341765.0,319079.0,269902.0,286042.0,229693.0,218349.0,220471.0,205540.0,207282.0,205299.0,182864.0,185577.0,198202.0,233516.0,257325.0,255840.0,261717.0,274618.0,239718.0,215309.0,214412.0,250963.0,257697.0,260106.0,245001.0,314664.0,347801.0,394224.0,412127.0,379142.0,364066.0,416363.0,357260.0,343368.0,318590.0,300582.0,293209.0,275919.0,262239.0,276800.0,243618.0,238931.0,211955.0,222679.0,194762.0,165366.0,200670.0,195558.0,225486.0,224530.0
root/Europe&CentralAsiaSwitzerland,root,2500.0,2800.0,2800.0,3300.0,2800.0,2700.0,3000.0,3000.0,3500.0,3500.0,2400.0,2800.0,3600.0,3600.0,3800.0,3900.0,3915.0,3982.0,3820.0,3890.0,3500.0,3676.0,3369.0,3540.0,4113.0,4564.0,4657.0,4523.0,4227.0,4483.0,4228.0,4829.0,3945.0,2957.0,2716.0,2749.0,3002.0,3009.0,2959.0,2975.0,2759.0,2850.0,2679.0,2915.0,2807.0,2952.0,2904.0,2869.0,3300.0,3433.0,3362.0,3564.0,3474.0,3600.0,3576.0,3616.0,3584.0
root/Europe&CentralAsiaTajikistan,root,0,0,0,0,0,0,0,0,0,0,0,0,0,0,0,0,0,0,0,0,0,0,0,0,0,0,0,0,3536.0,3547.0,3887.0,3945.0,2023.0,2715.0,1107.0,384.0,203.0,191.0,216.0,224.0,253.0,236.0,324.0,325.0,210.0,193.0,241.0,251.0,406.0,790.1,1207.2,1380.0,988.8,1582.9,1617.6,1626.0,1550.0
root/Europe&CentralAsiaTurkey,root,87860.0,81280.0,60200.0,130420.0,121150.0,134580.0,117056.0,188163.0,133578.0,169580.0,174241.0,160880.0,175487.0,146974.0,129418.0,122494.0,153520.0,165435.0,245221.0,350902.0,428225.0,471720.0,505206.0,559267.0,569168.1,580782.1,582930.9,627998.0,674004.5,454841.3,384986.1,364784.0,456459.0,557973.0,603574.0,652585.0,553630.5,504605.0,543901.0,636827.0,582383.0,594980.0,627847.0,587715.0,644932.0,546063.0,662381.0,773193.0,647014.0,623556.0,653646.0,703653.0,645249.0,607991.6,536516.0,670873.0,585657.0
root/Europe&CentralAsiaTurkmenistan,root,0,0,0,0,0,0,0,0,0,0,0,0,0,0,0,0,0,0,0,0,0,0,0,0,0,0,0,0,46825.0,52974.0,44895.0,43040.0,33727.0,18243.0,17265.0,11409.0,9321.0,8784.0,7573.0,9131.0,12296.0,12792.0,12850.0,14567.0,15008.0,15026.0,15026.0,15026.0,15026.0,15026.0,15026.0,15026.0,15026.0,15030.0,15030.0,15030.0,15030.0
root/Europe&CentralAsiaUkraine,root,0,0,0,0,0,0,0,0,0,0,0,0,0,0,0,0,0,0,0,0,0,0,0,0,0,0,0,0,1065154.0,993193.0,954497.0,762061.0,524124.0,365945.0,320991.0,426256.0,441151.0,399167.0,490859.0,442697.0,422836.0,342015.0,296615.8,283243.1,248622.2,296861.0,238409.0,243365.0,258416.0,244800.5,232812.9,203537.2,178107.9,226797.6,167517.0,142643.3,97167.6
root/Europe&CentralAsiaUnitedKingdom,root,1015201.0,953738.0,1003998.0,1007404.0,1034341.0,1115108.0,1138042.0,1101935.0,1115840.0,1162368.0,1172967.0,1204252.0,1169926.0,1213294.0,1172709.0,1065062.0,1125990.0,1079911.0,1115671.0,992599.0,895513.0,881047.0,915138.0,850643.0,845283.0,901415.0,860455.0,953345.0,948323.0,914948.0,821713.0,858108.0,875533.0,933772.0,969402.0,1011201.0,985986.0,1028751.0,1060640.0,995519.0,906963.0,939997.0,908023.0,825657.0,861698.0,843147.0,796532.0,793892.0,771695.0,787450.8,813992.8,800302.6,837084.7,835589.0,970397.4,916998.4,896897.2
root/Europe&CentralAsiaUzbekistan,root,0,0,0,0,0,0,0,0,0,0,0,0,0,0,0,0,0,0,0,0,0,0,0,0,0,0,0,0,26221.0,25526.0,26763.0,27439.0,26479.0,23401.0,17654.0,13808.0,7206.0,10565.0,9765.0,8964.0,8958.0,7388.0,6424.0,5218.0,4993.0,6700.0,7200.0,7100.0,7900.0,9262.0,10732.0,17235.3,25884.9,37505.2,46391.8,59852.4,65321.7
root/LatinAmerica&CaribbeanAntiguaandBarbuda,root,600.0,800.0,800.0,800.0,700.0,800.0,800.0,800.0,800.0,800.0,900.0,900.0,1200.0,1500.0,1590.0,1601.0,1613.0,1821.0,1620.0,1219.0,1171.0,1157.0,950.0,1063.0,1465.0,2407.0,2400.0,1985.0,1488.0,990.0,875.0,1481.0,1692.0,1046.0,1095.0,1576.0,1434.0,1639.0,1675.0,1626.0,1723.0,1797.0,2343.0,2541.0,2473.0,2948.0,3044.0,3042.0,3389.0,2416.0,2219.0,3059.0,5961.0,4616.0,3127.0,3010.0,3010.0
root/LatinAmerica&CaribbeanArgentina,root,103800.0,101900.0,101307.0,130573.0,168608.0,205005.0,250805.0,240868.0,223132.0,202815.0,214519.0,228631.0,237975.0,302020.0,296001.0,232251.0,281776.0,402780.0,541959.0,580735.0,400101.0,374882.0,488235.0,428207.0,322692.0,419724.0,422663.0,461892.0,496394.0,494983.0,561157.0,642671.0,745984.0,985251.0,1000460.0,1176947.0,1291387.0,1390864.0,1166429.0,1088144.0,923584.0,932421.0,947642.0,911847.0,946694.0,931994.0,1174508.0,988366.0,997783.0,864557.0,814403.3,796501.2,741018.4,874530.1,833937.7,817962.7,758899.5
root/LatinAmerica&CaribbeanAruba,root,200.0,200.0,300.0,300.0,300.0,300.0,300.0,400.0,400.0,400.0,400.0,400.0,400.0,500.0,550.0,600.0,650.0,700.0,770.0,770.0,770.0,770.0,770.0,770.0,770.0,770.0,700.0,620.0,550.0,480.0,420.0,350.0,300.0,260.0,260.0,140.0,160.0,205.0,182.0,175.0,163.0,163.0,163.0,160.0,162.0,162.0,145.0,159.0,151.0,163.0,153.0,168.0,138.0,142.0,142.0,142.0,142.0
root/LatinAmerica&CaribbeanBahamasThe,root,1600.0,1500.0,1600.0,1700.0,1900.0,2950.0,3800.0,2950.0,2750.0,2350.0,2750.0,2950.0,3300.0,4400.0,4663.0,4693.0,4750.0,5327.0,5114.0,5765.0,7119.0,7631.789000000001,7737.039000000001,8548.154,8440.065999999999,11206.82,8695.899,10557.03,10515.67,9857.610999999999,9758.181,11895.54,12215.53,13703.94,14931.02,13269.48,14100.14,14720.59,14578.68,13668.0,15529.0,13684.0,15700.0,16776.0,15194.0,15640.0,16294.0,10942.0,14833.0,13826.83,16342.44,15313.0,16756.83,12765.0,11886.57,11315.62,11633.0
root/LatinAmerica&CaribbeanBarbados,root,5213.0,4613.0,4713.0,2813.0,2113.0,2613.0,4813.0,4613.0,3213.0,3013.0,2313.0,2313.0,2313.0,2613.0,2668.0,4223.0,4952.0,3188.0,3597.0,4267.0,3747.0,3423.0,3492.0,6534.0,5784.0,3832.0,4112.0,3610.0,8939.0,2585.0,3029.0,2292.0,3585.0,3225.0,2829.0,3592.0,3523.0,2820.0,3655.0,3281.0,3185.0,2731.0,2530.0,2849.0,2159.0,2193.0,1988.0,2237.0,3564.0,3509.0,3282.0,1829.5,1371.5,2991.5,2228.5,1519.5,1760.5
root/LatinAmerica&CaribbeanBelize,root,900.0,600.0,800.0,900.0,900.0,800.0,900.0,1300.0,1300.0,1600.0,1500.0,1800.0,1900.0,1600.0,1618.0,1603.0,1613.0,3082.0,2808.0,2554.0,2066.0,2252.0,2288.0,2641.0,2672.0,2427.0,1861.0,2059.0,2151.0,2312.0,2132.0,2679.0,2715.0,4573.0,8326.0,10669.0,13172.0,26185.0,28242.0,54990.0,33952.0,35206.0,88760.0,53518.0,81472.0,111585.0,193397.0,308817.0,368802.0,309942.0,407339.7,282516.0,177818.6,41824.0,83400.76,101726.0,92385.0
root/LatinAmerica&CaribbeanBolivia,root,700.0,500.0,1300.0,1400.0,1900.0,1800.0,1700.0,1500.0,1300.0,1200.0,1100.0,1300.0,1500.0,1500.0,1050.0,1050.0,1250.0,1550.0,1550.0,3650.0,4379.0,5617.0,4105.0,4105.0,4105.0,4170.0,3871.0,4271.0,4427.0,6024.0,7424.0,5367.0,5171.0,6167.0,5970.0,6308.0,6368.0,6425.0,6440.0,6450.0,6511.0,6260.0,6718.0,6974.0,6886.0,6790.0,6535.0,6355.0,7381.0,8343.0,7802.0,7643.0,7880.0,8247.0,8390.0,9987.5,10000.0
root/LatinAmerica&CaribbeanBrazil,root,251000.0,275100.0,379400.0,335588.0,368976.0,388912.0,393162.0,419796.0,495176.0,492303.0,573040.0,613469.0,620167.0,760012.0,715188.0,752790.0,660241.0,731716.0,754655.0,783573.0,808606.0,811565.0,831884.0,881274.0,960569.0,967557.0,957550.0,947992.0,830102.0,798638.0,640295.0,671510.0,670333.0,676441.0,701251.0,652910.0,693172.0,732261.0,710704.0,744598.0,839296.0,935946.0,1003260.0,985412.0,1015916.0,1008045.0,1050810.0,1072225.0,1123445.0,1190539.0,1197146.0,1201477.0,1300992.0,1243038.0,1331256.0,1275230.0,1286230.0
root/LatinAmerica&CaribbeanBritishVirginIslands,root,300.0,400.0,400.0,400.0,400.0,400.0,400.0,300.0,300.0,300.0,300.0,300.0,300.0,300.0,306.0,318.0,330.0,340.0,350.0,360.0,370.0,380.0,390.0,407.0,470.0,520.0,543.0,565.0,582.0,615.0,624.0,634.0,453.0,343.0,470.0,532.0,506.0,105.0,116.0,115.0,43.0,837.0,1062.0,2771.0,1262.0,1295.0,1308.0,1251.0,1202.0,1201.0,1201.0,1200.0,1196.0,1203.0,1205.0,1200.0,1200.0
root/LatinAmerica&CaribbeanCaymanIslands,root,0,0,0,0,0,0,0,0,0,0,0,0,0,0,0,0,0,0,0,500.0,1391.0,3992.0,933.0,655.0,423.0,396.0,478.0,1097.0,386.0,615.0,837.0,586.0,825.0,445.0,125.0,125.0,110.0,125.0,125.0,125.0,125.0,125.0,125.0,125.0,125.0,125.0,125.0,125.0,125.0,125.0,125.0,125.0,125.0,125.0,125.0,125.0,125.0
root/LatinAmerica&CaribbeanChile,root,346822.0,440905.0,643697.0,773891.0,1176119.0,729277.0,1404860.0,1085695.0,1392284.0,1110093.0,1230468.0,1516362.0,820980.0,694470.0,1171969.0,970553.0,1436857.0,1378970.0,1989159.0,2697021.0,2892854.0,3503373.0,3846789.0,4167505.0,4674028.0,4986865.0,5695537.0,4931660.0,5375983.0,6632640.0,5424055.0,6166043.0,6627364.0,6191764.0,8021446.0,7890723.0,7232746.0,6365709.0,3824607.0,5587316.0,4972652.0,4663433.0,5132740.0,4528441.0,6013542.0,5477533.0,5294185.0,4939020.0,4810224.0,4702902.0,3761557.0,4436498.0,4084462.0,3334603.0,3820149.0,3189695.0,2879355.0
root/LatinAmerica&CaribbeanColombia,root,29800.0,43300.0,52000.0,47700.0,50300.0,53500.0,59200.0,86200.0,83600.0,57600.0,54500.0,37700.0,110700.0,105300.0,62418.0,66575.0,75109.0,63972.0,79590.0,63411.0,76224.0,94731.0,71442.0,57639.0,79289.0,71696.32,83645.48,86068.34,89930.34,97732.3,130129.0,115802.0,168235.0,148940.5,125420.5,167636.0,160089.0,191763.0,180549.0,180373.0,198847.0,203824.0,181959.0,191042.0,172564.0,182002.0,174129.0,188220.0,181092.0,187073.0,161535.0,171172.0,161629.0,160029.0,183946.0,177753.0,183314.0
root/LatinAmerica&CaribbeanCostaRica,root,2200.0,2400.0,2500.0,2400.0,3600.0,3400.0,3300.0,3500.0,5000.0,4100.0,8100.0,10560.0,12550.0,12360.0,15554.0,16174.0,14201.0,15401.0,22655.0,20785.0,16453.0,16051.0,12625.0,11187.0,16575.0,20489.0,23057.0,17240.0,17069.0,17440.0,18943.0,18018.0,18254.0,19507.0,21044.0,24197.0,31321.0,33696.0,32557.0,37353.0,44871.0,44536.0,50937.0,50102.0,44708.0,45527.0,39157.0,45516.0,48464.0,44568.3,44755.0,41641.5,42332.0,48910.0,41511.5,37252.5,37171.0
root/LatinAmerica&CaribbeanCuba,root,31200.0,30600.0,35000.0,35612.0,37165.0,41080.0,43826.0,65975.0,66250.0,78919.0,104500.0,127110.0,139711.0,150387.0,164629.0,144053.0,194490.0,184759.0,213176.0,153701.0,186450.0,164834.0,195296.0,198494.0,199858.3,219862.9,244558.3,214773.6,231091.1,191882.9,188067.8,171061.6,111943.8,97708.3,93974.4,102342.2,120560.8,113168.5,98341.1,100811.1,101266.0,80277.0,59630.0,60985.0,59756.0,50869.0,54797.0,67011.0,65399.0,64894.0,55418.0,48703.8,48499.2,51680.7,56338.6,57690.0,52759.0
root/LatinAmerica&CaribbeanCuracao,root,0,0,0,0,0,0,0,0,0,0,0,0,0,0,0,0,0,0,0,0,0,0,0,0,0,0,0,0,0,0,0,0,0,0,0,0,0,0,0,0,0,0,0,0,0,0,0,0,0,0,0,22074.0,24994.0,26139.0,28494.0,30159.0,35534.0
root/LatinAmerica&CaribbeanDominica,root,500.0,500.0,600.0,600.0,600.0,500.0,500.0,500.0,600.0,600.0,500.0,600.0,700.0,800.0,900.0,1001.0,1024.0,1047.0,1070.0,642.0,1445.0,1514.0,1545.0,800.0,700.0,640.0,644.0,500.0,500.0,500.0,458.0,552.0,717.0,797.0,885.0,954.0,1034.0,1084.0,1217.0,1205.0,1207.0,1212.0,1211.0,963.0,718.0,598.0,718.0,701.0,723.0,796.0,711.0,668.0,631.0,534.0,736.0,951.0,776.0
root/LatinAmerica&CaribbeanDominicanRepublic,root,1300.0,1600.0,1700.0,3200.0,4200.0,4100.0,3500.0,3200.0,4600.0,4800.0,5200.0,4600.0,5600.0,9200.0,6810.0,5906.0,7053.0,4594.0,5086.0,7885.0,10658.0,12003.0,13169.0,12852.0,13925.0,17202.9,17289.1,20452.0,12940.0,21884.0,19775.0,17454.0,13661.0,14204.0,26814.0,20080.0,13683.0,15212.0,10981.0,9166.0,13140.0,15864.0,20815.0,20041.0,16223.0,12173.0,13936.0,14789.0,16462.0,15463.0,15770.0,16152.9,14694.8,14673.0,15864.5,14078.0,16925.0
root/LatinAmerica&CaribbeanEcuador,root,44300.0,38600.0,42500.0,49700.0,46300.0,53500.0,48200.0,57500.0,68900.0,64900.0,91020.0,102580.0,107040.0,152078.0,176500.0,215789.0,282793.0,425506.0,614512.0,605275.0,639542.0,539294.0,607927.0,372429.0,883405.0,1087676.0,1004271.0,680134.0,876024.0,682793.0,366643.0,437670.0,343511.0,374396.0,419344.0,614795.0,811854.0,671384.0,468138.0,629607.0,657800.0,645357.0,396805.0,494804.0,465447.0,602949.0,638648.0,579946.0,678593.0,717942.0,672394.8,815931.0,834763.0,845529.0,1030563.0,1069691.0,1166585.0
root/LatinAmerica&CaribbeanElSalvador,root,7300.0,8000.0,8200.0,8400.0,9200.0,9600.0,10600.0,9900.0,10200.0,10300.0,11100.0,10700.0,10400.0,12400.0,9654.0,8730.0,7201.0,6368.0,9540.0,12738.0,13958.0,20770.0,12916.0,7603.0,12189.0,16098.0,20446.0,21534.0,11733.0,10637.0,9159.0,11327.0,12615.0,13079.0,14883.0,15590.0,14791.0,12281.0,11377.0,10194.0,9851.0,20004.0,36724.0,36615.0,44634.0,43317.0,46296.0,58398.0,57104.0,52779.71,44082.93,59164.7,54736.0,55002.0,64874.0,57183.71,62039.68
root/LatinAmerica&CaribbeanGrenada,root,300.0,500.0,900.0,700.0,1100.0,1300.0,1200.0,1300.0,1300.0,1400.0,1300.0,1500.0,1700.0,1700.0,1634.0,1700.0,1700.0,2958.0,2238.0,1491.0,1419.0,788.0,982.0,1479.0,1555.0,1727.0,2296.0,2214.0,2092.0,1782.0,1911.0,2071.0,2115.0,2212.0,1599.0,1499.0,1577.0,1530.0,1837.0,1829.0,1705.0,2250.0,2171.0,2544.0,2039.0,2048.0,2163.0,2207.0,2386.0,2648.0,2182.0,2322.0,2263.0,2695.0,2850.0,2707.0,2550.0
root/LatinAmerica&CaribbeanGuatemala,root,1000.0,1300.0,2100.0,2500.0,2700.0,2100.0,3000.0,2500.0,1900.0,3000.0,3400.0,3300.0,3100.0,3700.0,3881.0,4530.0,3653.0,3074.0,5504.0,4898.0,3507.0,4273.0,4293.0,2388.0,3024.0,3166.0,2647.0,3077.0,3725.0,4327.0,7798.0,7344.0,7813.0,10868.0,11604.0,11928.0,11074.0,11303.0,13971.0,25868.0,43166.0,34804.0,31405.0,30042.0,14920.0,27987.0,33862.0,34365.0,42018.0,36772.0,45124.23,41312.0,37734.0,39133.0,42937.5,42546.0,45279.0
root/LatinAmerica&CaribbeanGuyana,root,5700.0,7400.0,7900.0,9200.0,10400.0,12000.0,12300.0,13900.0,16000.0,16600.0,17400.0,15500.0,17600.0,19000.0,23617.0,20123.0,20956.0,31907.0,35978.0,35288.0,31530.0,32798.0,32794.0,35380.0,37256.0,37606.0,37395.0,36785.0,36523.0,35339.0,36922.0,40806.0,41337.0,44263.0,46577.0,48130.0,48833.0,54268.0,53140.0,54450.0,49492.0,54013.0,48625.0,60303.0,57327.0,53978.0,54423.0,48108.0,42460.0,44115.96,45675.6,43448.1,54105.18,49488.65,38113.5,36975.64,42478.7
root/LatinAmerica&CaribbeanHaiti,root,3000.0,3000.0,3000.0,3100.0,3300.0,3400.0,3400.0,3500.0,3500.0,3500.0,4000.0,4000.0,4000.0,4000.0,4000.0,4000.0,4000.0,4150.0,4300.0,4500.0,5000.0,5500.0,6000.0,6502.1,6901.0,6400.0,6000.0,5767.9,5517.9,5517.9,5167.0,5216.0,5016.0,5615.0,5215.0,5514.0,6014.0,6313.0,6610.0,7010.0,7422.0,7822.0,8122.0,8322.0,9692.0,11042.0,12292.0,13672.0,14972.0,16235.0,14070.0,17130.0,17230.0,17310.0,17520.0,17730.0,17730.0
root/LatinAmerica&CaribbeanHonduras,root,1700.0,2550.0,2550.0,2550.0,3400.0,4050.0,2600.0,4000.0,5700.0,5450.0,5000.0,5700.0,5750.0,4450.0,3863.0,5014.0,4643.0,5947.0,6804.0,8858.0,6636.0,6422.0,8130.0,11599.0,10052.0,11650.0,23173.0,28023.0,23424.0,20781.0,19541.0,31552.0,29670.0,33161.0,23327.0,32982.0,31555.0,33252.0,23548.0,31358.0,27968.0,35678.0,32746.0,40890.0,44605.0,70388.0,77902.0,71325.0,61240.0,41266.0,39584.0,61476.0,64634.0,64949.0,70389.0,65859.0,63700.0
root/LatinAmerica&CaribbeanJamaica,root,8500.0,11500.0,11900.0,10000.0,10000.0,9000.0,9000.0,9000.0,8500.0,8500.0,8500.0,9300.0,9500.0,9600.0,10100.0,10100.0,10130.0,10109.0,9797.0,9851.0,9250.0,8050.0,8200.0,8961.0,9965.0,10731.0,11275.0,11170.0,14652.0,16160.0,17054.0,18390.0,22340.0,26340.0,28717.0,28300.0,27755.0,23485.0,20956.0,21414.0,10052.0,18831.0,21042.0,15451.0,17966.0,18766.0,25722.0,22014.0,19005.0,21338.0,19342.0,19150.0,16034.05,19186.9,15916.0,17692.0,17420.0
root/LatinAmerica&CaribbeanMexico,root,196513.0,224915.0,220300.0,245600.0,250100.0,259700.0,291600.0,356700.0,366800.0,354400.0,385068.0,423585.0,458856.0,479714.0,443705.0,500013.0,541156.0,581249.0,831426.0,1025373.0,1285113.0,1640147.0,1435149.0,1076678.0,1138004.0,1256312.0,1357457.0,1465562.0,1394979.0,1520515.0,1447147.0,1453289.0,1246528.0,1192966.0,1262042.0,1406094.0,1531420.0,1572454.0,1234357.0,1287371.0,1403681.0,1521930.0,1554807.0,1470939.0,1393504.0,1458215.0,1522989.0,1615257.0,1746285.0,1776349.0,1654520.0,1708789.0,1724947.0,1737918.0,1723597.0,1691185.0,1745795.0
root/LatinAmerica&CaribbeanNicaragua,root,4000.0,4000.0,4000.0,5000.0,5000.0,5600.0,7000.0,8000.0,8700.0,9500.0,9800.0,9400.0,11200.0,13900.0,8689.0,10778.0,10513.0,13914.0,15900.0,9121.0,6996.0,5944.0,5000.0,4565.0,4356.0,4191.0,2501.0,5031.0,4728.0,4656.0,3162.0,5783.0,6743.0,8212.0,11721.0,11989.0,16224.0,17423.0,19974.0,24042.0,27954.0,25783.0,25647.0,22659.0,27548.0,38222.0,43418.0,38849.0,47390.0,56796.0,57950.0,49275.0,58135.0,66693.9,81149.0,65406.0,68030.0
root/LatinAmerica&CaribbeanPanama,root,11000.0,11500.0,15300.0,14100.0,25900.0,39700.0,73100.0,72300.0,71900.0,36800.0,58890.0,78750.0,70156.0,114959.0,88762.0,116934.0,185339.0,239751.0,140097.0,166331.0,216811.0,144798.0,120016.0,167593.0,135014.0,293351.0,148191.0,166386.0,122861.0,185778.0,133738.0,168163.0,176720.0,190190.0,191900.0,209383.0,155686.0,170050.0,210689.0,124372.0,229375.0,279896.0,259940.0,236342.0,222422.0,272281.0,272350.0,231444.0,238902.0,245780.4,188476.5,177804.2,185501.6,208612.2,171545.0,151579.3,153258.0
root/LatinAmerica&CaribbeanParaguay,root,600.0,600.0,600.0,700.0,700.0,700.0,700.0,800.0,1000.0,1400.0,1800.0,2200.0,2500.0,2700.0,2700.0,2800.0,2900.0,3000.0,3100.0,3200.0,3300.0,3350.0,3400.0,3500.0,5000.0,7500.0,13000.0,10022.0,10054.0,11051.0,12551.0,13050.0,18000.0,19075.0,20100.0,21190.0,22350.0,28350.0,28095.0,28095.0,28103.0,25570.0,25200.0,24700.0,24700.0,23920.0,23250.0,22550.0,21850.0,21200.0,20757.42,21929.06,22400.0,23450.0,24500.0,25481.0,25500.0
root/LatinAmerica&CaribbeanPeru,root,3502700.0,5216500.0,6884300.0,6822000.0,9037700.0,7385400.0,8712500.0,10100000.0,10400000.0,9147515.0,12500000.0,10500000.0,4678399.0,2295861.0,4126080.0,3415487.0,4343785.0,2503892.0,3443705.0,3653017.0,2709923.0,2718481.0,3515081.0,1570508.0,3320188.0,4138458.0,5616763.0,4587842.0,6642111.0,6854349.0,6874400.0,6905099.0,7508289.0,9009882.0,12000000.0,8943526.0,9523079.0,7877802.0,4353248.0,8437389.0,10700000.0,7999263.0,8782897.0,6107545.0,9634059.0,9419469.0,7049318.0,7260861.0,7451437.0,6977772.0,4394996.0,8347158.0,4925089.0,6002129.0,3714469.0,4929850.0,3911989.0
root/LatinAmerica&CaribbeanPuertoRico,root,3100.0,3100.0,3300.0,3300.0,2900.0,2800.0,2500.0,2500.0,2200.0,2200.0,2100.0,2200.0,2100.0,2000.0,2000.0,2275.0,2663.0,2881.0,3197.0,3597.0,2557.0,1784.0,2202.0,2655.0,2354.0,1496.0,1327.0,1288.0,1697.0,1977.0,2062.0,2357.0,2330.0,2322.0,2726.0,3817.0,3101.0,3685.0,3949.0,3937.0,5608.0,5457.0,3699.0,4095.0,3799.0,3912.0,3112.0,2389.3,2485.0,2363.0,2610.0,2044.0,1881.0,2021.92,2077.0,2168.0,1921.0
root/LatinAmerica&CaribbeanSintMaartenDutchpart,root,0,0,0,0,0,0,0,0,0,0,0,0,0,0,0,0,0,0,0,0,0,0,0,0,0,0,0,0,0,0,0,0,0,0,0,0,0,0,0,0,0,0,0,0,0,0,0,0,0,0,0,253.0,253.0,253.0,253.0,253.0,253.0
root/LatinAmerica&CaribbeanStKittsandNevis,root,600.0,600.0,600.0,700.0,700.0,700.0,800.0,800.0,800.0,800.0,1000.0,1000.0,1000.0,1000.0,1000.0,1218.0,1684.0,1695.0,1790.0,1777.0,1935.0,1900.0,1930.0,1177.0,1115.0,995.0,901.0,924.0,800.0,713.0,623.0,453.0,300.0,250.0,357.0,339.0,687.0,418.0,967.0,934.0,971.0,1040.0,950.0,874.0,1112.0,1517.0,1180.0,1276.0,1343.0,2065.0,21755.0,31072.0,21897.0,17711.0,66140.0,100430.0,65735.0
root/LatinAmerica&CaribbeanStLucia,root,600.0,600.0,600.0,600.0,800.0,800.0,900.0,1000.0,1100.0,1100.0,1419.0,1519.0,1519.0,1627.0,1700.0,2000.0,2200.0,2500.0,2600.0,1024.0,969.0,891.0,921.0,910.0,946.0,1152.0,940.0,751.0,826.0,847.0,988.0,1056.0,1128.0,1404.0,1356.0,1354.0,1414.0,1419.0,1711.0,2037.0,2028.0,2189.0,1913.0,1690.0,1712.0,1605.0,1657.243,1742.39,1902.04,2078.36,1984.9,1899.8,2093.9,2134.3,2132.2,2109.1,2129.44
root/LatinAmerica&CaribbeanStMartinFrenchpart,root,0,0,0,0,0,0,0,0,0,0,0,0,0,0,0,0,0,0,0,0,0,0,0,0,0,0,0,0,0,0,0,0,0,0,0,0,0,0,0,0,0,0,0,0,0,0,0,90.0,90.0,90.0,90.0,90.0,90.0,90.0,90.0,90.0,90.0
root/LatinAmerica&CaribbeanStVincentandtheGrenadines,root,400.0,400.0,400.0,500.0,500.0,500.0,500.0,500.0,400.0,500.0,600.0,300.0,300.0,200.0,283.0,549.0,379.0,581.0,698.0,547.0,500.0,500.0,500.0,480.0,480.0,483.0,599.0,703.0,4647.0,5820.0,9022.0,8167.0,2171.0,2240.0,3922.0,1033.0,989.0,6145.0,34108.0,17804.0,22799.0,31944.0,46076.0,37767.0,78315.0,44104.0,51584.0,63309.0,55898.0,59587.0,66368.0,76574.0,10240.0,39496.0,81413.0,26206.0,23077.0
root/LatinAmerica&CaribbeanSuriname,root,4510.0,7300.0,5350.0,5550.0,5910.0,6610.0,6580.0,6510.0,7600.0,9900.0,11750.0,10400.0,12120.0,11610.0,10501.0,12262.0,5993.0,6897.0,4474.0,4535.0,4046.0,4620.0,3796.0,4520.0,5095.0,4909.0,4540.0,6626.0,4602.0,7786.0,7670.0,8186.0,11272.0,9580.0,14766.0,14301.0,16178.0,16618.0,21683.0,24447.0,24583.0,28979.0,31127.0,35854.0,33160.0,29862.0,32101.0,31019.3,24206.4,26184.16,35156.1,35586.0,39338.2,39447.7,38510.82,44827.17,47115.1
root/LatinAmerica&CaribbeanTrinidadandTobago,root,2400.0,2400.0,2400.0,2400.0,2400.0,3000.0,3000.0,3200.0,3400.0,3400.0,3600.0,4100.0,3700.0,4000.0,3725.0,4417.0,4417.0,4303.0,4823.0,3840.0,4461.0,3804.0,4574.0,4541.0,3764.0,5560.0,4347.0,7714.0,9211.0,11468.0,12364.0,11504.0,13003.0,9002.0,14050.0,11515.0,9450.0,11296.0,14859.0,14707.0,14259.0,16605.0,18775.0,14599.0,14738.5,17021.5,13148.5,13482.3,13845.69,13890.36,13943.5,13120.75,12069.55,13145.55,13206.45,13289.8,13038.1
root/LatinAmerica&CaribbeanTurksandCaicosIslands,root,1050.0,1050.0,1800.0,1900.0,1900.0,1900.0,1900.0,2000.0,2000.0,2000.0,1450.0,1450.0,1650.0,1650.0,2203.0,4408.0,5494.0,3241.0,4879.0,6338.0,4830.0,3466.0,3590.0,5364.0,4742.0,6276.0,7255.0,3809.0,5040.0,5273.0,3710.0,4416.0,4047.0,6256.0,5884.0,7679.0,7616.0,5791.0,6222.0,5246.0,5807.0,6518.0,5873.0,5192.0,5751.0,5565.0,6092.0,4900.0,6133.0,6803.2,5470.0,3801.0,3835.0,3871.0,2419.0,2817.0,2780.0
root/LatinAmerica&CaribbeanUruguay,root,10900.0,10500.0,7700.0,8100.0,12200.0,15800.0,12500.0,10900.0,11000.0,12700.0,13200.0,14400.0,20600.0,17500.0,16000.0,26333.0,33804.0,48374.0,74299.0,108170.0,120399.0,146919.0,118988.0,143416.0,132969.0,138413.0,140753.0,137805.0,107347.0,121716.0,90832.0,143714.0,125758.0,118820.0,120742.0,126466.0,123351.0,136973.0,140726.0,106615.0,113411.0,104999.0,108119.0,117293.0,123011.0,125867.1,134024.0,108753.2,108833.0,80926.41,74237.97,89346.82,76253.23,59413.86,65297.0,59743.83,51569.65
root/LatinAmerica&CaribbeanVenezuelaRB,root,84700.0,84920.0,94916.0,97307.0,110611.0,119408.0,116929.0,107528.0,126105.0,134115.0,126740.0,139076.0,152265.0,162686.0,145476.0,154797.0,150777.0,154762.0,182930.0,168389.0,188205.0,181446.0,211234.0,230895.0,260239.0,265578.0,285129.0,299368.0,285342.0,328161.0,336449.0,340386.0,333292.0,398853.0,442520.0,506739.0,503684.0,479269.0,514093.0,411273.0,373144.0,484750.0,527759.0,519545.0,597599.0,422358.0,339752.5,367909.3,314328.6,331327.0,237078.3,226228.2,239409.2,240795.0,240433.7,259551.4,310173.0
root/LatinAmerica&CaribbeanVirginIslandsUS,root,500.0,500.0,500.0,500.0,500.0,500.0,600.0,600.0,600.0,600.0,600.0,600.0,500.0,500.0,500.0,503.0,500.0,602.0,557.0,547.0,688.0,618.0,891.0,615.0,703.0,618.0,939.0,901.0,694.0,805.0,702.0,904.0,940.0,1000.0,1070.0,1170.0,1240.0,1310.0,1480.0,1549.0,1673.0,1738.0,1796.0,1867.0,1970.0,1634.0,2223.0,1468.0,1324.0,1403.0,1050.0,1013.0,621.0,547.0,491.64,386.0,559.0
root/MiddleEast&NorthAfricaAlgeria,root,25500.0,30400.0,21500.0,16900.0,17300.0,18300.0,20350.0,21150.0,18250.0,23150.0,24234.0,23715.0,28313.0,31243.0,35758.0,37693.0,35122.0,43475.0,34143.0,38678.0,48000.0,56000.0,64500.0,65002.0,65595.9,66141.6,65511.8,94367.8,106741.3,99555.42,90603.24,79852.0,95420.91,102200.0,135798.9,106247.7,82317.8,91907.4,92620.0,102649.0,113510.9,134082.0,134800.8,141376.0,114050.2,126628.3,146051.8,147768.1,141642.3,129940.2,95222.74,104060.8,108265.0,103249.9,100239.0,97278.99,96361.0
root/MiddleEast&NorthAfricaBahrain,root,1500.0,1500.0,1500.0,1800.0,1800.0,2000.0,2500.0,2800.0,3000.0,3300.0,3500.0,3600.0,3700.0,3800.0,3900.0,4000.0,4084.0,4837.0,4000.0,3801.0,5115.0,5747.0,5594.0,4812.0,5599.0,7763.0,8057.0,7842.0,6736.0,9207.0,8105.0,7553.0,7983.0,8958.0,7628.0,9393.0,12943.0,10050.0,9850.0,10623.0,11730.0,11230.0,11207.0,13642.0,14497.0,11858.0,15595.0,15014.0,14178.0,16358.0,13493.19,9918.424,27092.72,14976.0,15859.71,15006.0,15006.0
root/MiddleEast&NorthAfricaDjibouti,root,900.0,800.0,900.0,1000.0,300.0,300.0,300.0,300.0,300.0,300.0,300.0,300.0,100.0,200.0,380.0,300.0,230.0,230.0,230.0,231.0,251.0,385.0,426.0,409.0,409.0,380.0,409.0,426.0,454.0,399.0,360.0,252.0,275.0,300.0,320.0,350.0,400.0,500.0,600.0,700.0,800.0,900.0,1000.0,1100.0,1200.0,1571.0,1299.0,1229.0,1206.0,1058.0,1590.0,1667.0,2167.0,1702.0,2298.0,2012.0,2220.0
root/MiddleEast&NorthAfricaEgyptArabRep,root,88500.0,92000.0,118000.0,115000.0,135000.0,102400.0,99000.0,80300.0,80500.0,80000.0,76758.0,84268.0,79209.0,87514.0,98344.0,106574.0,102764.0,104541.0,99915.0,137481.0,140397.0,141715.6,155732.6,157306.4,163839.5,215955.8,229154.0,231112.9,284328.8,293605.8,312952.0,346048.0,346296.8,354040.7,368204.6,407116.5,431572.4,457037.2,545594.0,648942.0,724408.0,771498.0,801459.0,876305.0,865030.0,889302.0,970925.0,1008008.0,1067631.0,1092889.0,1304795.0,1362175.0,1371976.0,1454402.0,1481883.0,1518944.0,1706274.0
root/MiddleEast&NorthAfricaIranIslamicRep,root,20015.0,20015.0,20015.0,18015.0,18013.0,20014.0,21114.0,22515.0,24019.0,24016.0,26066.0,24369.0,19643.0,20260.0,69949.0,68317.0,72713.0,73545.0,72105.0,72453.0,52922.0,55805.0,106174.0,112033.0,117923.0,120626.0,154311.0,215620.0,235192.0,260383.0,269076.0,275730.0,327513.0,343887.0,333999.0,368297.0,381702.0,400267.0,400534.0,411997.0,424541.0,413692.0,401655.0,441837.0,474320.0,522328.0,575347.0,561316.0,562568.0,599924.0,663684.0,735076.0,838651.0,884487.0,947354.0,983897.0,1093536.0
root/MiddleEast&NorthAfricaIraq,root,9000.0,9000.0,9000.0,11300.0,19200.0,16800.0,14100.0,10200.0,19100.0,22002.0,32100.0,27200.0,32000.0,27700.0,24246.0,21832.0,28283.0,26101.0,26100.0,55228.0,53245.0,26219.0,24000.0,22500.0,21000.0,21441.0,20564.0,21250.0,26461.0,24555.0,24229.0,15235.0,22823.0,23941.0,29247.0,30808.0,33237.0,34702.0,30074.0,24606.0,22512.0,35300.0,28000.0,19200.0,26883.0,43949.0,73942.0,68842.0,53826.0,46977.0,39668.0,47831.0,76117.0,70913.0,85625.0,52099.0,56835.0
root/MiddleEast&NorthAfricaIsrael,root,14671.0,15954.0,17385.0,18282.0,19512.0,20573.0,25426.0,24537.0,28927.0,23280.0,28216.0,32339.0,34831.0,32578.0,28394.0,30192.0,31155.0,31865.0,32807.0,30259.0,27982.0,27677.0,26307.0,23206.0,24444.0,27103.0,25146.0,28558.0,28248.0,26468.0,23567.0,20675.0,17671.0,18729.0,19045.0,21121.0,22782.0,23468.0,24856.0,24661.0,25916.0,26342.0,27299.0,24831.0,25643.0,26560.0,25937.0,24869.0,22725.0,21889.0,22507.0,23392.0,23566.4,24234.6,22208.0,21718.0,20672.0
root/MiddleEast&NorthAfricaJordan,root,100.0,100.0,200.0,200.0,200.0,200.0,200.0,100.0,100.0,100.0,100.0,200.0,100.0,100.0,92.0,65.0,49.0,31.0,31.0,36.0,56.0,35.0,34.0,32.0,132.0,197.0,267.0,322.0,372.0,407.0,412.0,390.0,402.0,455.0,496.0,595.0,621.0,650.0,763.0,1025.0,1119.0,1060.0,1041.0,1131.0,981.0,1071.0,1057.0,1015.0,1040.0,1009.0,1027.0,1075.0,1248.0,1480.0,1758.0,1758.0,1758.0
root/MiddleEast&NorthAfricaKuwait,root,3500.0,3500.0,3500.0,3500.0,4000.0,4000.0,4000.0,4500.0,4500.0,4500.0,4700.0,5700.0,5000.0,6100.0,5502.0,5934.0,4648.0,5913.0,6489.0,3065.0,3689.0,3714.0,6628.0,8722.0,9639.0,10118.0,7633.0,7704.0,10796.0,7653.0,4454.0,2034.0,7871.0,8466.0,7752.0,8706.0,8345.0,8031.0,8018.0,7662.0,7354.0,6041.0,5555.0,4426.0,5436.0,5222.0,6203.0,4721.0,4270.215,4980.0,6683.0,4357.0,4339.0,4936.0,4494.0,4549.0,5689.16
root/MiddleEast&NorthAfricaLebanon,root,2100.0,1900.0,2000.0,2200.0,2000.0,2300.0,2500.0,1800.0,2500.0,3000.0,2300.0,2000.0,1800.0,2400.0,3100.0,2405.0,1710.0,1620.0,1740.0,1675.0,1740.0,1570.0,1520.0,1500.0,1500.0,1700.0,1875.0,1913.0,1813.0,1813.0,1510.0,1812.0,1861.0,2212.0,2437.0,4385.0,4485.0,3955.0,3920.0,3860.0,4066.0,3970.0,4760.0,4693.0,4661.0,4611.0,4624.0,4518.0,4575.0,4580.0,4580.0,4580.0,4480.0,4280.0,4123.0,4663.0,5306.0
root/MiddleEast&NorthAfricaLibya,root,2013.0,1700.0,1500.0,1400.0,1600.0,2924.0,3324.0,4236.0,5560.0,6500.0,5500.0,5600.0,2549.0,2975.0,4769.0,4949.0,4059.0,2046.0,4355.0,4500.0,12752.0,13130.0,14706.0,10122.0,11979.78,15900.6,17947.0,18622.0,21690.0,22058.0,24804.0,26106.0,28908.0,31103.0,33518.0,34448.0,36024.0,36925.0,37959.0,43643.0,50009.0,47336.0,44053.0,41994.0,40190.0,37783.0,35040.0,32166.0,47760.0,52227.3,50116.0,30014.0,35014.0,36014.0,25013.0,26012.0,30012.0
root/MiddleEast&NorthAfricaMalta,root,1219.0,1325.0,1322.0,1634.0,1420.0,1228.0,1312.0,1414.0,1228.0,1135.0,1212.0,1247.0,1247.0,1644.0,1546.0,1529.0,1571.0,1483.0,1079.0,1322.0,1078.0,942.0,1216.0,999.0,1226.0,2585.0,1168.0,1052.0,896.0,941.0,799.0,973.0,1079.0,1495.0,3269.0,5540.0,10751.0,2840.0,3130.0,3249.0,2820.0,2137.0,2201.0,2025.0,2006.0,2142.0,3268.0,3951.0,4093.0,4509.0,4752.0,4046.724,6537.0,7622.0,7322.0,8351.0,8492.917
root/MiddleEast&NorthAfricaMorocco,root,167700.0,176681.0,171949.0,180535.0,208582.0,225486.0,318584.0,273366.0,231491.0,233719.0,258205.0,234819.0,275077.0,399728.0,288734.0,230525.0,288995.0,265437.0,298157.1,290446.7,335425.6,395731.0,369537.0,459373.0,472826.1,478315.4,600561.0,499328.2,556448.4,527107.6,575362.3,604051.0,559470.1,632816.4,761150.2,858883.8,649713.0,793718.6,716198.1,749002.2,916713.2,1107505.0,971209.6,931316.6,932998.7,1041467.0,892911.6,893481.5,1006747.0,1176094.0,1144394.0,965356.4,1167619.0,1260689.0,1369137.0,1371281.0,1455247.0
root/MiddleEast&NorthAfricaOman,root,55000.0,55000.0,60000.0,60000.0,60000.0,65000.0,70000.0,70000.0,70000.0,70000.0,92000.0,114000.0,136000.0,158000.0,180000.0,198850.0,197984.0,175000.0,152000.0,129000.0,106000.0,83650.0,89376.0,108766.0,105200.0,101180.0,96353.0,136140.0,165676.0,119224.0,119783.0,116454.0,109218.0,105772.0,118572.0,139861.0,121618.0,118995.0,106184.0,108809.0,120421.0,129907.0,142669.0,138833.0,165531.4,157544.0,147782.0,151840.0,152031.0,158669.4,164054.0,158723.0,191731.0,206522.0,211319.4,257192.0,279709.0
root/MiddleEast&NorthAfricaQatar,root,800.0,800.0,1000.0,1000.0,1000.0,1300.0,1300.0,1500.0,1500.0,1500.0,1500.0,1500.0,2000.0,2200.0,2047.0,1989.0,2400.0,2433.0,2200.0,2200.0,2178.0,2604.0,2331.0,2114.0,3173.0,2484.0,1980.0,2678.0,3086.0,4374.0,5702.0,8136.0,7845.0,6994.0,5086.0,4271.0,4740.0,5034.0,5279.0,4397.0,7140.0,8865.0,7155.0,11295.0,11134.0,13946.0,16412.0,15226.0,17724.0,14100.0,13796.0,13021.0,11311.0,12062.0,16269.0,15213.0,14526.0
root/MiddleEast&NorthAfricaSaudiArabia,root,10000.0,16200.0,18300.0,19600.0,17700.0,18600.0,20200.0,22100.0,21100.0,22000.0,21700.0,22300.0,23800.0,26400.0,23600.0,23000.0,23300.0,22800.0,24950.0,24460.0,24775.0,28570.0,31820.0,35300.0,38490.0,43696.0,45526.0,47888.0,46063.0,48390.0,42618.0,42442.0,48290.0,50525.0,56847.0,48388.0,51544.0,54085.0,56392.0,52320.0,55084.0,63549.0,63955.0,67264.0,66590.0,74796.0,81071.0,84631.4,91238.0,94105.85,91519.0,80557.0,77907.0,81212.0,92540.0,98130.0,108002.0
root/MiddleEast&NorthAfricaSyrianArabRepublic,root,1500.0,1600.0,1600.0,1600.0,1600.0,1700.0,1700.0,1700.0,1801.0,1804.0,1700.0,2100.0,1600.0,1345.0,1650.0,2001.0,3307.0,3617.0,3755.0,3826.0,3971.0,3838.0,4063.0,4411.549,5415.396,5890.11,5305.931,5381.66,5533.0,5095.0,5775.0,7721.0,9654.0,9189.0,10041.0,11639.0,12128.0,11727.0,14330.0,14017.0,13369.0,14171.0,15166.0,16128.0,17220.0,16980.0,17166.0,17882.0,15590.0,15304.0,15247.0,13400.0,11500.0,8800.0,7400.0,6600.0,7000.0
root/MiddleEast&NorthAfricaTunisia,root,16650.0,21800.0,20804.0,26060.0,21676.0,23201.0,26193.0,28207.0,28484.0,30127.0,22660.0,25870.0,28289.0,30674.0,42347.0,45273.0,50033.0,55738.0,56424.8,59749.1,61123.5,58067.5,63806.0,68111.3,75855.16,89825.51,91402.84,97716.5,100176.2,93937.5,85236.52,86513.55,87347.0,83417.25,86946.81,84215.72,84885.01,88265.3,89939.6,93490.23,96223.83,99394.1,98707.57,92348.12,112679.7,111756.3,114249.5,107402.2,99750.75,99443.81,98602.8,108784.0,116151.0,120893.7,122604.8,133442.0,131229.0
root/MiddleEast&NorthAfricaUnitedArabEmirates,root,30000.0,30000.0,35000.0,35000.0,35000.0,38000.0,38000.0,40000.0,40000.0,40000.0,40000.0,43000.0,43000.0,43000.0,67800.0,67800.0,64600.0,64600.0,64600.0,64600.0,64600.0,67760.0,69755.0,72716.0,72723.0,72267.0,79328.0,85252.0,89506.0,91162.0,95129.0,92336.0,95046.0,99600.0,108600.0,105884.0,107000.0,114358.0,114739.0,117607.0,105456.0,112561.0,97574.0,97450.0,90570.0,87325.0,101013.0,97097.0,75418.0,77835.0,79808.0,75562.0,73148.0,73780.0,73991.0,73790.0,74240.9
root/MiddleEast&NorthAfricaWestBankandGaza,root,0,0,0,0,0,0,0,0,0,0,0,0,0,0,0,0,0,0,0,0,0,0,0,0,0,0,0,0,0,0,0,0,0,0,0,1229.0,2493.0,3791.0,3625.0,3650.0,2623.0,1950.0,2379.0,1507.0,2951.0,1824.0,2340.0,2739.0,2908.0,1640.0,1979.0,1507.0,2360.0,2214.0,3094.0,3503.0,3586.0
root/MiddleEast&NorthAfricaYemenRep,root,22300.0,22000.0,22000.0,22000.0,25000.0,25000.0,25000.0,27000.0,27000.0,27000.0,27400.0,26400.0,31600.0,43200.0,51244.0,50829.0,65022.0,66096.0,67047.0,69600.0,78444.0,71164.0,55449.0,57906.0,64273.0,73855.0,73018.0,72916.0,73943.0,71881.0,77310.0,85998.0,79893.0,82356.0,81885.0,107970.0,104955.0,115654.0,127620.0,124384.0,114750.0,142198.0,179584.0,228116.0,256300.0,238780.0,229960.0,180216.0,132212.0,179753.0,164011.0,157411.0,230616.0,235342.0,219762.0,180813.0,154450.0
root/NorthAmericaBermuda,root,500.0,500.0,400.0,400.0,450.0,450.0,500.0,500.0,550.0,550.0,900.0,2380.0,2820.0,3220.0,3599.0,4572.0,7208.0,7635.0,8723.0,6347.0,4105.0,2024.0,2348.0,927.0,538.0,670.0,820.0,821.0,773.0,774.0,463.0,428.0,432.0,404.0,394.0,449.0,465.0,461.0,466.0,453.0,290.0,309.0,397.0,363.0,386.0,401.0,381.0,425.0,401.0,416.0,375.0,478.0,516.0,461.0,417.0,407.0,410.0
root/NorthAmericaCanada,root,931042.0,1036870.0,1123387.0,1213157.0,1213316.0,1242713.0,1358682.0,1296355.0,1495890.0,1404864.0,1396089.0,1317649.0,1174655.0,1169095.0,1045856.0,1031900.0,1134435.0,1271867.0,1408150.0,1450442.0,1376925.0,1448401.0,1430442.0,1375319.0,1312249.0,1482788.0,1544397.0,1631973.0,1728032.0,1682396.0,1726748.0,1548466.0,1375876.0,1214701.0,1112524.0,945560.0,998319.0,1082952.0,1122419.0,1160246.0,1160351.0,1229970.0,1277887.0,1321586.0,1358665.0,1300211.0,1294235.0,1197472.0,1123429.0,1149103.0,1141862.0,1049816.0,1017563.0,1034939.0,1016457.0,1050066.0,1075492.0
root/NorthAmericaUnitedStates,root,2819044.0,2954551.0,3007924.0,2777749.0,2643835.0,2782558.0,2556493.0,2439025.0,2542058.0,2555898.0,2962979.0,3050820.0,2946225.0,2978682.0,3053006.0,3065741.0,3272174.0,3211927.0,3636483.0,3722375.0,3871666.0,3931248.0,4214408.0,4421466.0,5048228.0,5043441.0,5253141.0,6077501.0,6028323.0,5860605.0,5936132.0,5607652.0,5688778.0,6025071.0,6043960.0,5712653.0,5454047.0,5493228.0,5180987.0,5310497.0,5216830.0,5462163.0,5483648.0,5534652.0,5602988.0,5475187.0,5378772.0,5296214.0,4861785.0,4715028.0,4893331.0,5520449.0,5521244.0,5582390.0,5405670.0,5471445.0,5375386.0
root/SouthAsiaAfghanistan,root,200.0,300.0,300.0,300.0,300.0,300.0,300.0,400.0,400.0,460.0,460.0,560.0,560.0,560.0,560.0,660.0,770.0,770.0,770.0,770.0,870.0,870.0,870.0,970.0,970.0,970.0,970.0,1170.0,1170.0,1170.0,1400.0,1400.0,1500.0,1500.0,1600.0,1600.0,1600.0,1550.0,1500.0,1500.0,1300.0,1250.0,1350.0,1350.0,1450.0,1450.0,1450.0,2050.0,2050.0,2050.0,2050.0,2050.0,2050.0,2050.0,2100.0,2150.0,2200.0
root/SouthAsiaBangladesh,root,400570.0,450640.0,500720.0,500810.0,550910.0,601030.0,601150.0,601300.0,651460.0,651650.0,690100.0,740100.0,818100.0,820200.0,822082.0,640070.0,641605.0,643769.0,646895.0,647128.0,646970.0,651256.0,689498.0,726587.0,750196.0,766081.0,793191.0,805285.0,830593.0,839944.0,846144.0,900720.0,936195.0,1002567.0,1034980.0,1109462.0,1193874.0,1315290.0,1413953.0,1552417.0,1661384.0,1781057.0,1890459.0,1998197.0,2102026.0,2215957.0,2328545.0,2440011.0,2563296.0,2885864.0,3035101.0,3124677.0,3261781.0,3410254.0,3548115.0,3684245.0,3878324.0
root/SouthAsiaBhutan,root,100.0,100.0,100.0,150.0,150.0,150.0,150.0,150.0,150.0,150.0,150.0,150.0,150.0,150.0,150.0,150.0,150.0,150.0,150.0,150.0,150.0,145.0,140.0,135.0,130.0,125.0,120.0,115.0,125.0,117.0,131.0,130.0,125.0,115.0,110.0,105.0,100.0,95.0,90.0,85.0,80.0,75.0,70.0,65.0,70.0,65.0,60.0,55.0,56.0,54.0,52.0,79.0,80.34,72.8,144.0,156.0,157.0
root/SouthAsiaIndia,root,1161400.0,961000.0,973900.0,1045800.0,1321600.0,1331300.0,1367200.0,1400400.0,1525600.0,1605000.0,1758500.0,1853000.0,1639100.0,1960700.0,2256991.0,2267192.0,2177096.0,2314703.0,2309709.0,2343292.0,2445337.0,2448342.0,2369320.0,2508599.0,2874519.0,2839348.0,3007533.0,2994385.0,3200962.0,3718189.0,3879722.0,4132494.0,4324546.0,4566914.0,4867135.0,5016547.0,5301693.0,5485270.0,5381977.0,5686963.0,5668958.0,5937726.0,5973298.0,6074846.0,6230871.0,6698488.0,7060154.0,7005055.0,7984490.0,7893598.0,8505837.0,8013716.0,9109609.0,9222391.0,9893980.0,10100000.0,10800000.0
root/SouthAsiaMaldives,root,13000.0,12000.0,12000.0,12000.0,12000.0,19600.0,22400.0,25100.0,23700.0,32300.0,37273.0,35176.0,32268.0,35706.0,37258.0,28325.0,34634.0,29636.0,31769.0,31175.0,38624.0,40916.0,37838.0,44110.0,56081.0,62076.0,59964.0,58502.0,72589.0,72065.0,80225.0,81523.0,82392.0,90156.0,104242.0,104754.0,105848.0,108312.0,118285.0,124217.0,119373.0,127636.0,163770.0,156132.0,158528.0,186274.0,185811.0,144511.0,133839.0,117061.0,122804.0,120835.0,120000.0,129841.0,128683.0,127352.0,129191.0
root/SouthAsiaNepal,root,1300.0,1500.0,1500.0,1500.0,1600.0,1600.0,1603.0,1809.0,1818.0,1926.0,1900.0,2100.0,2200.0,2200.0,2200.0,2500.0,2800.0,3000.0,3300.0,3500.0,3654.0,3868.0,4400.0,4700.0,4860.0,9076.0,9443.0,10716.0,12100.0,12522.0,14546.0,15595.0,16540.0,16950.0,17003.0,21148.0,21879.0,23207.0,24866.0,25780.0,31723.0,33270.0,35000.0,36568.0,39947.0,42463.0,45425.0,46779.0,48750.0,48230.0,49730.0,52450.0,56000.0,57520.0,64900.0,69500.0,70543.0
root/SouthAsiaPakistan,root,77113.0,75400.0,80777.0,91970.0,108359.0,118624.0,151397.0,150032.0,156734.0,173324.0,173969.0,176521.0,217067.0,236084.0,189723.0,195288.0,205938.0,268573.0,293251.0,300456.0,279311.0,317849.0,337289.0,343402.0,373157.0,408404.0,415732.0,427736.0,445482.0,446271.0,479077.0,515538.0,552958.0,621733.0,551941.0,540697.0,551046.0,605259.0,614349.0,677606.0,626554.0,600798.0,599104.0,564881.0,556993.0,515472.0,611247.0,570148.0,586512.0,586415.0,594566.0,596091.0,613769.0,624392.0,624913.0,644659.0,669586.0
root/SouthAsiaSriLanka,root,48103.0,59628.0,73471.0,71614.0,91125.0,74632.0,79973.0,82237.0,98302.0,95060.0,89241.0,74985.0,91877.0,96548.0,100489.0,109235.0,131663.0,136165.0,156107.0,164790.0,183447.0,201951.0,201239.0,205500.0,162502.0,177659.0,183998.0,187154.0,205574.0,220486.0,183923.0,211801.0,206463.1,232200.9,248716.7,237885.9,263818.3,274186.8,289689.9,314072.7,301169.6,271160.0,275253.0,323221.2,336857.4,220967.0,284255.0,313136.0,331362.0,344490.7,398245.1,440116.2,484638.8,525334.3,564702.3,538092.8,552611.2
root/Sub-SaharanAfricaAngola,root,257300.0,246800.0,274800.0,245300.0,362000.0,263300.0,335300.0,299300.0,303100.0,425200.0,374501.0,324322.0,606656.0,478659.0,399784.0,160581.0,81542.0,120407.0,125630.0,113072.0,85085.0,130957.0,111488.0,110376.0,95188.0,100093.0,84660.0,107490.0,126031.0,137465.0,133088.0,117104.0,113625.0,126200.0,132413.0,122781.0,137815.0,146304.0,163149.0,175799.0,239356.0,254564.0,255494.0,212105.0,240094.0,202742.0,225897.0,306626.0,306050.0,272302.0,310310.0,342310.0,374310.0,407057.0,442389.0,496104.0,487145.0
root/Sub-SaharanAfricaBenin,root,26000.0,28000.0,30000.0,25000.0,26000.0,20000.0,18800.0,35600.0,35900.0,36600.0,43110.0,43404.0,43202.0,40673.0,39402.0,37533.0,37104.0,36528.0,35879.0,35700.0,37832.0,37768.0,37521.0,34628.0,35290.0,36371.0,38753.0,41903.0,37346.0,41860.0,38234.0,35083.0,32488.0,39221.0,39923.0,44379.0,42175.0,43785.0,42139.0,40437.0,32324.0,38415.0,40670.0,41655.0,39995.0,31847.0,41922.0,36564.0,37708.0,39236.0,40155.0,39248.0,40864.0,43083.0,48997.0,37747.0,52886.0
root/Sub-SaharanAfricaBotswana,root,400.0,400.0,500.0,500.0,500.0,500.0,600.0,600.0,800.0,800.0,800.0,1100.0,1200.0,1200.0,1200.0,1200.0,1600.0,1500.0,1000.0,1000.0,1250.0,1450.0,1400.0,1250.0,1500.0,1500.0,1700.0,1900.0,1900.0,1600.0,1300.0,1000.0,800.0,600.0,400.0,200.0,81.0,160.0,191.0,157.0,166.0,118.0,139.0,122.0,161.0,132.0,81.0,122.0,86.0,73.0,60.0,234.0,378.0,431.0,1168.0,101.0,53.0
root/Sub-SaharanAfricaBurkinaFaso,root,2000.0,2500.0,2500.0,3000.0,3500.0,3500.0,4000.0,4500.0,4500.0,4500.0,5000.0,5000.0,4000.0,5000.0,5000.0,5000.0,6000.0,6000.0,7000.0,7000.0,6500.0,7500.0,7000.0,7214.0,7374.0,7433.0,7630.0,7826.0,7907.0,8006.0,7006.0,7005.0,7505.0,7000.0,8000.0,8000.0,8030.0,8045.0,8375.0,7625.0,8505.0,8505.0,8505.0,9005.0,9005.0,9065.0,9750.0,10548.0,11568.0,12075.0,14800.0,15305.0,20602.0,20820.0,21000.0,21030.0,22540.0
root/Sub-SaharanAfricaBurundi,root,9200.0,5300.0,7200.0,10600.0,9700.0,20200.0,16600.0,12300.0,15000.0,15600.0,13300.0,16900.0,7500.0,8500.0,10982.0,14547.0,20333.0,18900.0,15682.0,11250.0,14767.0,11880.0,12131.0,11366.0,11363.0,11371.0,11861.0,12034.0,11701.0,10787.0,17425.0,21044.0,24123.0,17050.0,22050.0,21151.0,3091.0,20346.0,13476.0,9249.0,17365.0,9014.0,11050.0,14747.0,13905.0,13450.0,13028.0,11359.0,18315.0,12665.0,17322.3,10715.7,12469.4,13397.0,16219.0,21446.0,23135.0
root/Sub-SaharanAfricaCaboVerde,root,1600.0,1600.0,1500.0,2000.0,2500.0,3500.0,4000.0,5900.0,4900.0,4000.0,5181.0,4153.0,4078.0,8333.0,3428.0,3900.0,3800.0,6000.0,7000.0,7476.0,8837.0,14730.0,12453.0,11863.0,10730.0,10190.0,7335.0,7312.0,6387.0,8614.0,6579.04,7378.1,6573.0,7000.0,8256.0,8495.0,9255.0,9705.0,9424.0,10360.0,10586.0,8676.0,8851.0,8136.0,11031.0,21931.0,19826.0,20127.0,21119.0,19213.0,21412.0,23077.0,20943.0,35984.0,35677.0,37742.0,19900.0
root/Sub-SaharanAfricaCameroon,root,51700.0,56500.0,58100.0,59400.0,59800.0,61100.0,62600.0,63400.0,65100.0,68100.0,68800.0,64700.0,60400.0,57600.0,55736.0,66280.0,70397.0,70172.0,68878.0,81236.0,81085.0,79818.0,83101.0,77397.0,75581.0,74099.0,72104.0,70773.0,70966.0,69967.0,70848.0,69392.0,72032.0,65307.0,79070.0,94188.0,98587.0,102067.0,106867.0,110067.0,112159.0,121181.0,130465.0,118186.0,129395.0,142747.0,137667.0,139158.0,155846.0,172546.0,181570.0,190571.0,199840.0,208195.0,216575.0,225955.0,235505.0
root/Sub-SaharanAfricaCentralAfricanRepublic,root,2000.0,2000.0,2000.0,2500.0,2500.0,3000.0,4000.0,5000.0,5000.0,6000.0,7000.0,8000.0,8000.0,10000.0,11883.0,8049.0,10480.0,13030.0,13047.0,13064.0,13080.0,13094.0,13111.0,13128.0,13309.0,13288.0,13193.0,13088.0,13079.0,13082.0,13105.0,13605.0,13338.0,13551.0,13755.0,13960.0,14150.0,14330.0,14580.0,15117.0,15120.0,17125.0,19125.0,21125.0,23125.0,25125.0,27140.0,29140.0,31140.0,33140.0,35170.0,35170.0,32182.0,30180.0,29180.0,28180.0,29190.0
root/Sub-SaharanAfricaChad,root,40000.0,45000.0,45000.0,45000.0,50000.0,55000.0,60000.0,60000.0,65000.0,65000.0,70000.0,70000.0,70000.0,70000.0,75000.0,75000.0,75000.0,80000.0,75000.0,70000.0,60000.0,55000.0,30000.0,40000.0,50000.0,55000.0,60000.0,70000.0,58000.0,64400.0,70000.0,60000.0,80000.0,87300.0,80000.0,90000.0,100000.0,85000.0,51300.0,59600.0,83200.0,75000.0,70000.0,71000.0,74000.0,77000.0,79000.0,82000.0,85030.0,88030.0,91030.0,95030.0,100030.0,120060.0,120080.0,100154.0,110094.0
root/Sub-SaharanAfricaComoros,root,817.0,817.0,917.0,917.0,917.0,917.0,875.0,875.0,1235.0,1235.0,1661.0,2469.0,2878.0,3286.0,4046.0,4755.0,4863.0,5620.0,6026.0,6485.0,6951.0,7459.0,7974.0,8493.0,8999.0,9515.0,9970.0,10378.0,10913.0,10751.0,11251.0,11551.0,12590.0,12757.0,13537.0,13109.0,12696.0,12576.0,12317.0,11818.0,12003.0,11425.0,11178.0,11053.0,10987.0,10738.0,10464.0,14401.0,22714.0,44745.0,63447.0,38180.0,36296.0,43732.0,9256.0,12674.0,16407.0
root/Sub-SaharanAfricaCongoDemRep,root,77000.0,75000.0,77000.0,69500.0,75000.0,81000.0,84000.0,93400.0,127700.0,149300.0,136600.0,123900.0,124200.0,156900.0,128810.0,113380.0,117858.0,107000.0,108706.0,115182.0,102415.0,102640.0,100700.0,102000.0,148300.0,148456.0,156514.0,162300.0,162600.0,167000.0,163400.0,166550.0,188570.0,197489.0,156547.0,159227.0,163610.0,163211.0,179874.0,210441.0,246695.0,234122.0,240655.0,237340.0,238717.0,237779.0,237532.0,237222.0,234417.0,231333.0,227461.0,224220.0,220869.0,230283.0,232483.0,233682.5,240533.0
root/Sub-SaharanAfricaCongoRep,root,11000.0,11000.0,12600.0,12500.0,13600.0,14000.0,14200.0,13600.0,14100.0,13900.0,14399.0,16010.0,24526.0,22200.0,23718.0,23103.0,26869.0,24364.0,26297.0,29630.0,31965.0,29665.0,30835.0,35255.0,32854.0,29939.0,32083.0,37852.0,41977.0,45840.0,48210.0,45577.0,40183.0,46982.0,42785.0,45915.0,45579.0,38181.0,43095.0,43699.0,46024.0,48894.0,51995.0,53934.0,57096.0,54696.0,59103.0,59241.0,54169.0,61274.0,65244.0,73301.0,81152.0,73236.0,73572.0,69395.0,86925.0
root/Sub-SaharanAfricaCotedIvoire,root,40500.0,42100.0,43600.0,45600.0,54600.0,59500.0,60800.0,66100.0,68400.0,67400.0,64302.0,77530.0,75199.0,60763.0,66690.0,58590.0,75917.0,67054.0,65012.0,73621.0,70068.0,75586.0,73753.0,79858.0,73701.0,101927.0,103648.0,101682.0,89506.0,99171.0,95100.0,83108.0,87345.0,70174.0,74095.0,70575.0,73839.0,67617.0,73390.0,79273.0,81520.0,77030.0,70676.0,69769.0,55267.0,43531.0,55696.0,48590.0,54945.0,50864.0,56937.0,65311.0,72848.0,79400.0,79013.0,68000.0,72201.0
root/Sub-SaharanAfricaEquatorialGuinea,root,900.0,500.0,800.0,1000.0,1000.0,600.0,1200.0,1100.0,3700.0,3500.0,4000.0,4000.0,4000.0,4000.0,4000.0,4000.0,4000.0,4000.0,4000.0,4000.0,2500.0,2500.0,2019.0,2341.0,4000.0,3600.0,4400.0,4000.0,4000.0,4000.0,3700.0,3500.0,3600.0,3507.0,5069.0,2306.0,5040.0,6090.0,6005.0,7001.0,3634.0,3600.0,3550.0,3550.0,3500.0,3750.0,4002.0,4535.0,5402.0,7672.0,7391.0,7132.0,10773.0,8515.0,7615.0,7938.0,8015.0
root/Sub-SaharanAfricaEritrea,root,0,0,0,0,0,0,0,0,0,0,0,0,0,0,0,0,0,0,0,0,0,0,0,0,0,0,0,0,0,0,0,0,0,475.0,2706.0,3559.0,3252.0,1038.0,1852.9,6997.05,12724.0,8912.0,7894.0,6731.0,7414.0,4027.0,8813.0,2232.0,1965.0,3330.0,3586.0,2939.0,4452.0,4300.0,4300.0,4300.0,4300.0
root/Sub-SaharanAfricaEthiopia,root,8300.0,8600.0,9100.0,9600.0,12000.0,15900.0,16200.0,16200.0,14600.0,14400.0,17200.0,19100.0,14800.0,4700.0,5900.0,3930.0,2970.0,2472.0,2515.0,2800.0,3507.0,3828.0,3750.0,3900.0,4300.0,4000.0,4100.0,4000.0,4067.0,4269.0,4981.0,4262.0,4607.0,4203.0,5318.0,6380.0,8808.0,10394.0,14014.0,15873.0,15696.0,15405.0,12315.0,9228.0,10030.0,9475.0,9915.0,13279.0,16795.0,17072.0,18083.0,24066.0,28990.0,38416.3,50204.5,45609.5,45595.0
root/Sub-SaharanAfricaGabon,root,6000.0,6500.0,7000.0,7000.0,7000.0,8000.0,8000.0,8000.0,9000.0,9000.0,10000.0,10000.0,10000.0,12000.0,12000.0,14900.0,14820.0,14010.0,17800.0,21000.0,19800.0,20146.0,20605.0,19449.0,21002.0,20955.0,20226.0,22188.0,22093.0,20502.0,20002.0,22003.0,24005.0,31797.0,31043.0,40476.0,46175.0,44250.0,53912.0,51813.0,48384.0,42973.0,41653.0,45559.0,46152.0,43941.0,41647.0,37938.0,31450.0,29715.0,32822.0,36652.0,36548.0,36646.0,36900.0,33045.0,31045.0
root/Sub-SaharanAfricaGambiaThe,root,4500.0,4800.0,5300.0,5300.0,5300.0,6200.0,6200.0,6200.0,6700.0,6700.0,7447.0,7739.0,7884.0,12294.0,12695.0,12695.0,12695.0,18092.0,14972.0,11143.0,13265.0,14739.0,9212.0,11653.0,11882.0,10712.0,13262.0,14642.0,13852.0,19842.0,21662.0,24985.0,18045.0,21308.0,22781.0,23699.0,31605.0,32747.0,29037.0,32643.0,29021.0,34532.0,37410.0,37371.0,32822.0,34960.0,37552.0,43599.0,42906.0,45909.0,46649.0,41533.0,36095.0,43759.0,51535.0,56003.0,58296.0
root/Sub-SaharanAfricaGhana,root,33800.0,36500.0,45700.0,59800.0,76600.0,76500.0,85700.0,99000.0,74100.0,131000.0,171611.0,232784.0,281331.0,221832.0,219327.0,261590.0,246820.0,272171.0,274887.0,237252.0,231855.0,240816.0,244492.0,251856.0,270013.0,276573.0,320177.0,382200.0,362477.0,362005.0,396232.0,362948.0,423855.0,373084.0,335937.0,353394.0,477294.0,447495.0,444449.0,495683.0,457077.0,453185.0,377243.0,391722.0,418601.0,375139.0,399860.0,332708.0,357074.0,331739.0,359242.0,364853.0,393494.0,333230.0,326346.0,390785.0,379937.0
root/Sub-SaharanAfricaGuinea,root,4000.0,4000.0,4000.0,4000.0,5000.0,5000.0,5000.0,6000.0,6000.0,6000.0,6000.0,8300.0,8300.0,9500.0,12100.0,13370.0,9920.0,9120.0,10000.0,18453.0,20000.0,22000.0,24000.0,26000.0,28003.0,30003.0,33002.0,35002.0,38001.0,41001.0,44001.0,49501.0,55005.0,60605.0,63805.0,67864.0,63364.0,62441.0,69764.0,87314.0,91513.0,105404.0,93756.0,121927.0,97732.0,109238.0,104828.0,82183.0,94683.0,127923.0,113689.0,122700.0,132483.0,156211.0,129250.0,126250.0,128250.0
root/Sub-SaharanAfricaGuineaBissau,root,700.0,700.0,600.0,600.0,800.0,900.0,700.0,700.0,1300.0,1400.0,1500.0,1400.0,1700.0,1700.0,1700.0,1669.0,3575.0,4275.0,4283.0,2936.0,4166.0,3643.0,3977.0,2671.0,2751.0,3743.0,3700.0,4100.0,4690.0,5400.0,5400.0,5000.0,5200.0,5350.0,6000.0,6328.0,7000.0,7200.0,6700.0,6200.0,6315.0,6848.0,7324.0,6153.0,6650.0,6983.0,7067.0,6500.0,6804.0,6721.0,6584.0,6549.0,6829.0,6707.0,6700.0,6700.0,6700.0
root/Sub-SaharanAfricaKenya,root,12980.0,13910.0,18760.0,20480.0,21130.0,23799.0,28270.0,27660.0,28517.0,32293.0,33940.0,28520.0,30170.0,29180.0,28741.0,27523.0,41324.0,43169.0,46605.0,51895.0,48035.0,58060.0,81913.0,98558.0,91334.0,106464.0,120468.0,131902.0,138952.0,147165.0,202778.0,199657.0,164103.0,184054.0,204747.0,194584.7,182042.4,161787.7,173307.6,206227.4,216310.9,165769.3,145962.3,121544.0,128332.1,148967.0,160278.0,136522.0,140561.0,139052.0,152801.0,203863.0,180868.0,187220.0,192927.0,184445.0,186751.0
root/Sub-SaharanAfricaLesotho,root,0,0,0,0,0,0,0,0,0,0,0,0,0,0,10.0,23.0,27.0,22.0,24.0,27.0,23.0,15.0,19.0,20.0,13.0,23.0,25.0,26.0,30.0,30.0,30.0,25.0,33.0,40.0,40.0,40.0,42.0,44.0,38.0,34.0,40.0,32.0,48.0,46.0,47.0,46.0,47.0,179.0,141.0,152.6,345.4,345.37,450.37,550.43,952.53,1053.0,1102.0
root/Sub-SaharanAfricaLiberia,root,4200.0,3700.0,4000.0,4000.0,4000.0,4500.0,5000.0,6000.0,6000.0,7000.0,8000.0,8200.0,8900.0,9300.0,10064.0,10046.0,10132.0,10190.0,10812.0,13484.0,11791.0,13004.0,13588.0,15286.0,14657.0,11486.0,16059.0,18734.0,16076.0,14805.0,6463.0,9620.0,8891.0,7782.0,7721.0,8829.0,8308.0,8491.0,10697.0,14682.0,11540.0,10510.0,11056.0,10478.0,13738.0,12160.0,8907.0,14501.0,7906.0,10716.0,11720.0,12720.0,13730.0,14730.0,14740.0,14740.0,14740.0
root/Sub-SaharanAfricaMadagascar,root,29500.0,30500.0,32000.0,37400.0,46000.0,45300.0,56000.0,59100.0,64700.0,50063.0,53901.0,56745.0,57733.0,65916.0,71399.0,61983.0,60943.0,62471.0,61089.0,60525.0,57461.0,58061.0,59605.0,63644.0,67618.0,69309.0,84428.0,92594.0,101340.0,98039.0,103880.0,99381.0,107471.0,117049.0,120615.0,121339.0,120506.0,125929.0,119708.0,124249.0,128947.0,132864.0,140538.0,140937.0,145519.0,143944.0,151227.0,163521.0,135750.0,141819.0,140524.0,137613.0,128062.5,117146.0,111260.0,137447.2,168331.0
root/Sub-SaharanAfricaMalawi,root,13600.0,14300.0,19500.0,21700.0,21200.0,33900.0,32500.0,29300.0,32900.0,38200.0,47000.0,60000.0,70000.0,69300.0,70277.0,70992.0,74900.0,68200.0,67800.0,60002.0,65764.0,51401.0,58429.0,67006.0,65068.0,62072.0,72858.0,88596.0,78817.0,70771.0,74100.0,63729.0,69484.0,68206.0,58804.0,53890.0,63809.0,56571.0,41340.0,45982.0,50530.0,41187.0,41971.0,54209.0,57196.0,60407.0,74287.0,68000.0,71719.0,70945.0,100929.0,85248.0,128624.0,115953.0,120870.6,146617.0,160498.4
root/Sub-SaharanAfricaMali,root,80000.0,80000.0,90000.0,90000.0,90000.0,90000.0,110000.0,100000.0,106000.0,108000.0,110000.0,90000.0,80000.0,85000.0,75000.0,75000.0,75000.0,75000.0,75000.0,83586.0,88228.0,75564.0,73451.0,61289.0,54711.0,54184.0,61012.0,55713.0,55875.0,71838.0,70548.0,68780.0,68507.0,64352.0,62950.0,133000.0,111970.0,99610.0,98060.0,98616.0,109900.0,100500.0,101008.0,101008.0,101008.0,101008.0,101000.0,100640.0,100821.0,101355.0,102083.0,110217.0,72216.0,101558.3,81953.0,94880.0,106680.0
root/Sub-SaharanAfricaMauritania,root,20000.0,22000.0,23000.0,23000.0,23000.0,25000.0,27000.0,30700.0,37000.0,43000.0,49570.0,58925.0,36291.0,33190.0,43697.0,33921.0,33834.0,37897.0,41467.0,24541.0,21598.0,58779.0,56288.0,81600.0,57676.0,66277.0,76614.0,88397.0,77666.0,76000.0,66000.0,67637.0,66054.0,59452.0,53746.0,56147.0,63324.0,74127.0,98043.0,104527.0,114456.0,140142.0,156131.0,199650.0,270733.0,304877.0,165312.0,223207.0,195328.0,216900.0,276238.0,372011.0,437709.0,387833.0,378339.0,403776.0,609754.0
root/Sub-SaharanAfricaMauritius,root,2500.0,2500.0,2800.0,2800.0,2800.0,3000.0,3000.0,3000.0,3300.0,4000.0,5400.0,5200.0,6600.0,6400.0,7679.0,7038.0,6660.0,7668.0,7113.0,6540.0,6364.0,7157.0,9810.0,9458.0,10388.0,12229.0,12899.0,17351.0,17190.0,16980.0,14176.0,18662.0,18961.0,20689.0,18287.0,16571.0,12034.0,14143.0,12176.0,12290.0,9702.0,11045.0,10762.0,11001.0,10321.0,10255.0,9124.0,8500.0,7116.0,8293.4,7933.5,7846.3,6865.0,8323.3,15432.5,16514.99,19083.32
root/Sub-SaharanAfricaMozambique,root,13400.0,12800.0,12800.0,13500.0,13900.0,16200.0,17300.0,17000.0,17700.0,19000.0,20100.0,22900.0,22900.0,26300.0,28660.0,25490.0,27900.0,26950.0,25940.0,28630.0,33850.0,40630.0,38180.0,40940.0,34947.0,36326.0,42683.0,39805.0,35453.0,30187.0,31197.0,29351.0,24402.0,23325.0,23778.0,27411.0,38230.0,41709.0,35453.0,38026.0,41530.0,36556.0,40432.0,93543.0,91954.0,85778.0,95080.0,94151.0,123047.0,151500.0,163419.0,194352.0,208978.0,222822.0,254344.0,287720.0,300771.0
root/Sub-SaharanAfricaNamibia,root,0,0,0,0,0,0,5000.0,5000.0,5000.0,5000.0,6500.0,6500.0,6500.0,6500.0,6550.0,7050.0,7850.0,8750.0,9050.0,9750.0,10250.0,10850.0,11650.0,12100.0,12900.0,13700.0,14923.0,32437.0,33395.0,21225.0,268292.0,209025.0,656404.0,790615.0,649440.0,570699.0,518831.0,514129.0,608790.0,580810.0,590744.0,548847.0,626156.0,638349.0,571391.0,554187.0,509858.5,413693.5,373427.6,379512.6,382624.6,414504.7,470314.7,486439.4,444611.6,510729.1,504468.9
root/Sub-SaharanAfricaNiger,root,3400.0,4200.0,6000.0,9000.0,6300.0,5000.0,5000.0,3700.0,4300.0,3000.0,2400.0,5400.0,16400.0,16200.0,15050.0,9142.0,4715.0,7372.0,8783.0,8934.0,8892.0,8208.0,6840.0,3251.0,3000.0,2000.0,2345.0,2283.0,2499.0,4741.0,3354.0,3145.0,2464.0,2172.0,2533.0,3651.0,4167.0,6341.0,7025.0,11014.0,16265.0,20821.0,23600.0,55900.0,51506.0,50058.0,29875.0,29768.0,30000.0,29954.0,40070.0,53258.0,46600.0,45200.0,47329.0,27300.0,34892.0
root/Sub-SaharanAfricaNigeria,root,58510.0,55010.0,65230.0,66250.0,85470.0,97280.0,110100.0,119420.0,120130.0,115850.0,155899.0,245296.0,246394.0,250593.0,257336.0,256500.0,260585.0,262178.0,264068.0,268753.0,261293.0,260132.0,269715.0,272312.0,263933.0,245353.0,271573.0,260808.0,279514.0,300449.0,316328.0,267705.0,318415.0,255499.0,281232.0,366101.0,357484.0,412220.0,483482.0,477365.0,467095.0,476544.0,511719.0,505839.0,509201.0,579537.0,636901.0,615507.0,744575.0,751006.0,817516.0,856614.0,922652.0,1000061.0,1073059.0,1027058.0,1041458.0
root/Sub-SaharanAfricaRwanda,root,500.0,500.0,500.0,500.0,700.0,700.0,700.0,800.0,800.0,800.0,900.0,900.0,800.0,1000.0,1368.0,1198.0,1008.0,1325.0,733.0,974.0,1223.0,982.0,1240.0,1248.0,825.0,945.0,1546.0,1694.0,1328.0,1516.0,2514.0,3561.0,3697.0,3553.0,3460.0,3379.0,3052.0,4546.0,6769.0,6733.0,6996.0,7263.0,7612.0,8427.0,8212.0,6850.15,7741.2,9246.2,11647.25,11612.3,13100.3,17259.33,19485.98,23555.2,26663.0,30954.2,26593.0
root/Sub-SaharanAfricaSaoTomeandPrincipe,root,500.0,700.0,600.0,500.0,800.0,900.0,800.0,900.0,800.0,800.0,800.0,900.0,800.0,800.0,600.0,600.0,646.0,889.0,1175.0,1618.0,1847.0,2158.0,2688.0,4012.0,4444.0,3988.0,2833.0,2798.0,3391.0,3575.0,3867.0,2576.0,2406.0,2845.0,4106.0,4300.0,4620.0,3546.0,3600.0,3650.0,3700.0,3692.0,3820.0,4005.0,4141.0,4197.0,4323.0,4449.0,4575.0,4701.0,4827.0,6100.0,7400.0,8700.0,10000.0,11448.0,11750.0
root/Sub-SaharanAfricaSenegal,root,76200.0,82600.0,85900.0,87500.0,97600.0,106600.0,111700.0,118076.0,114976.0,118981.0,121065.0,134582.0,153039.0,193041.0,218108.0,226578.0,217663.0,216696.0,221219.0,225238.0,232530.0,227216.0,231971.0,262960.0,250359.0,244982.0,257938.0,251955.0,265009.0,290350.0,315161.0,328743.0,373391.0,386158.0,359929.0,366372.0,439287.0,483542.0,429554.0,441081.0,436109.0,431357.0,398149.0,469382.0,434577.0,399902.0,368433.0,412405.0,428352.0,446271.0,409794.6,427468.7,462298.3,472178.8,459792.0,426649.5,476240.8
root/Sub-SaharanAfricaSeychelles,root,1800.0,2000.0,2000.0,2000.0,2000.0,2000.0,2500.0,2500.0,2500.0,2500.0,3000.0,3000.0,3000.0,3000.0,3500.0,3950.0,4010.0,4600.0,5400.0,4957.0,4676.0,5221.0,4045.0,3938.0,3734.0,4118.0,4542.0,3900.0,4343.0,4419.0,5452.0,8162.0,6713.0,5278.0,4633.0,4203.0,4985.0,14627.0,24535.0,34450.0,33203.0,53873.0,63617.0,87104.0,101846.0,109452.0,93443.0,65882.0,69488.0,81114.0,87110.0,75482.0,68702.0,74126.0,75139.1,104986.1,127128.0
root/Sub-SaharanAfricaSierraLeone,root,20000.0,22800.0,26000.0,28100.0,29900.0,32600.0,32200.0,33600.0,23500.0,25500.0,31050.0,31150.0,51052.0,66976.0,68503.0,68597.0,55546.0,55547.0,52457.0,57593.0,48990.0,49862.0,51938.0,50090.0,51674.0,52430.0,52227.0,52124.0,52193.0,52127.0,56556.0,65761.0,68530.0,66303.0,62464.0,64895.0,67334.0,72658.0,63095.0,59437.0,74760.0,75240.0,83020.0,95956.0,132470.0,143023.0,144176.0,139585.0,197632.0,199075.0,200075.0,202075.0,203575.0,205075.0,206552.0,202175.0,202175.0
root/Sub-SaharanAfricaSomalia,root,4500.0,4500.0,4500.0,4500.0,4500.0,4600.0,4600.0,4700.0,5000.0,5000.0,5600.0,5700.0,5800.0,5900.0,5980.0,10350.0,8268.0,9830.0,8384.0,10984.0,14330.0,9823.0,9030.0,11495.0,19939.0,16767.0,18655.0,19996.0,20327.0,21546.0,22695.0,23800.0,25750.0,27750.0,29850.0,32400.0,30200.0,28000.0,25800.0,28650.0,24150.0,31900.0,29000.0,30000.0,30000.0,25000.0,30000.0,30000.0,30000.0,30000.0,30000.0,30000.0,30000.0,30000.0,30000.0,30000.0,30000.0
root/Sub-SaharanAfricaSouthAfrica,root,879000.0,1036600.0,1088300.0,1195114.0,1253206.0,1351309.0,1369292.0,1701900.0,2132600.0,1887100.0,1277950.0,1214550.0,1188004.0,1423825.0,1477296.0,1413953.0,1210309.0,1020512.0,1039483.0,1011209.0,866050.0,879406.0,838126.0,948732.0,758281.0,799023.0,843614.0,1447221.0,1324334.0,889864.0,549197.0,512178.0,705926.0,574396.0,532331.0,585979.0,453193.0,530260.0,579466.0,609605.0,667086.0,785547.0,797769.0,847226.0,917685.0,831004.0,635071.0,696526.0,661336.0,528334.0,645803.6,550267.3,725162.5,437660.0,616473.0,579742.4,630064.0
root/Sub-SaharanAfricaSouthSudan,root,0,0,0,0,0,0,0,0,0,0,0,0,0,0,0,0,0,0,0,0,0,0,0,0,0,0,0,0,0,0,0,0,0,0,0,0,0,0,0,0,0,0,0,0,0,0,0,0,0,0,0,0,37020.0,37020.0,37020.0,37020.0,35020.0
root/Sub-SaharanAfricaSudan,root,17100.0,18000.0,19500.0,19900.0,20100.0,20000.0,20500.0,20500.0,22000.0,22300.0,22200.0,22200.0,22200.0,22600.0,22600.0,22600.0,24700.0,23570.0,26610.0,28520.0,26060.0,28530.0,29710.0,29500.0,29790.0,26320.0,23983.0,27243.0,29245.0,30300.0,31734.0,33316.0,35223.0,40214.0,44213.0,45003.0,46009.6,48010.0,50513.0,50513.5,54010.0,59007.5,58607.5,60607.5,64607.5,60607.5,58607.5,67466.5,70402.5,73698.0,73358.0,73008.0,35608.0,36208.0,35508.0,37508.0,37502.0
root/Sub-SaharanAfricaSwaziland,root,0,0,0,0,0,0,0,0,50.0,50.0,50.0,50.0,50.0,50.0,50.0,50.0,50.0,53.0,44.0,60.0,70.0,70.0,80.0,80.0,90.0,90.0,100.0,100.0,110.0,110.0,110.0,105.0,100.0,110.0,120.0,138.0,143.0,116.0,131.0,111.0,119.0,122.0,60.0,60.0,60.0,60.0,60.0,60.0,60.0,133.0,269.0,160.0,160.0,160.0,165.0,165.0,165.0
root/Sub-SaharanAfricaTanzania,root,70800.0,73100.0,73300.0,79000.0,103000.0,104700.0,104200.0,131000.0,155600.0,154200.0,191220.0,183601.0,158026.0,164192.0,174826.0,212076.0,233744.0,272541.0,213484.0,182832.0,231192.0,233897.0,230886.0,242774.0,280909.0,304787.0,314000.0,346498.0,397565.3,382058.0,418393.2,330779.8,335133.3,336250.4,293171.1,364555.0,328716.2,361953.2,353354.9,316450.0,328474.0,343287.7,331687.0,356691.7,367257.7,378854.0,339636.0,430711.0,331503.0,340676.0,358717.5,356156.7,389343.4,390426.1,352329.2,386192.4,383513.6
root/Sub-SaharanAfricaTogo,root,3500.0,4000.0,4300.0,4500.0,5000.0,6000.0,7300.0,7500.0,10000.0,10000.0,9111.0,10921.0,10942.0,11333.0,11150.0,14420.0,12820.0,10847.0,15363.0,8096.0,9134.0,10325.0,14530.0,14878.0,14715.0,15574.0,14838.0,15189.0,15469.0,16458.0,15800.0,12524.0,10899.0,17114.0,13202.0,12221.0,15119.0,14310.0,16702.0,22944.0,22297.0,23183.0,20976.0,27515.0,28048.0,27756.0,24880.0,19955.0,22872.0,27132.0,27635.0,24142.0,19340.0,20038.0,19874.0,21555.0,31989.0
root/Sub-SaharanAfricaUganda,root,62600.0,61200.0,64500.0,69600.0,70500.0,76300.0,83300.0,99600.0,108400.0,125300.0,129000.0,137000.0,166000.0,169500.0,167500.0,188000.0,152400.0,219220.0,223830.0,179930.0,165840.0,166590.0,170035.0,172000.0,212331.0,160833.0,197635.0,200038.0,214325.0,212247.0,245275.0,214633.0,264977.0,219901.0,213308.0,208983.0,195298.0,218386.0,220948.0,226572.0,220176.0,223086.0,226813.0,247310.0,377328.0,427575.0,399491.0,482610.0,455750.0,488654.1,508805.0,523127.7,503544.0,517312.0,572219.0,513795.0,507295.2
root/Sub-SaharanAfricaZambia,root,19500.0,20400.0,22200.0,40100.0,42300.0,40100.0,40100.0,38500.0,41300.0,44000.0,52100.0,46800.0,49900.0,50400.0,46929.0,57464.0,54267.0,53737.0,47577.0,49526.0,51015.0,39598.0,55881.0,54377.0,65895.0,68363.0,56924.0,64984.0,61977.0,68106.0,66328.0,68945.0,71564.0,70423.0,74587.0,74627.0,71102.0,70641.0,74097.0,71507.0,70911.0,67520.0,67630.0,70833.0,72850.0,70873.0,65447.0,79418.0,85044.0,93221.0,86686.0,79894.0,93626.0,95458.0,100107.0,106473.0,114203.0
root/Sub-SaharanAfricaZimbabwe,root,1300.0,1300.0,1300.0,1300.0,1900.0,2000.0,2000.0,2000.0,2000.0,2000.0,2000.0,2500.0,3002.0,3012.0,3109.0,3685.0,4550.0,4771.0,7772.0,9874.0,13288.0,16432.0,17515.0,13613.0,16415.0,17400.0,18952.0,19184.0,22222.0,24055.0,25764.0,22159.0,21733.0,21360.0,20349.0,16613.0,16557.0,18326.0,16541.0,13613.0,15265.0,14585.0,13763.0,13250.0,13505.0,12922.0,13000.0,13050.0,13152.0,13202.0,13982.0,19582.0,20740.0,23490.0,24750.0,25500.0,25796.0
