root/EastAsia&PacificCambodia,root,95.6920277,96.19161509999999,96.1304344,99.4235219,93.33963609999999,96.1267594,97.5170078,98.3547849,98.4909677,98.1460603,98.0550989
root/EastAsia&PacificChina,root,99.1448906,99.1070634,99.249248,99.3563209,99.36593640000001,99.3465406,99.35632120000001,99.3909464,99.391515,99.3700965,99.3624142
root/EastAsia&PacificIndonesia,root,6.1656225,6.003908,5.3741762,7.063602799999999,0.6893613000000001,0.6834194,0.677373,1.4459422,1.4359904,5.2190855,5.5533383
root/EastAsia&PacificKoreaDemPeople’sRep,root,99.33218409999999,98.6455327,98.14563000000001,99.95702929999999,99.9583192,95.450818,98.0751358,100.0,100.0,100.0,100.0
root/EastAsia&PacificKoreaRep,root,68.1505215,69.8335512,70.1273288,83.31653409999998,76.4639482,59.609897399999994,74.1328151,86.4011855,98.489011,96.01941240000001,95.9727686
root/EastAsia&PacificLaoPDR,root,90.2384873,91.251898,91.0434244,98.25574549999999,92.48626879999999,94.2105439,94.4441924,97.041521,96.9011026,93.8581686,93.3020432
root/EastAsia&PacificMalaysia,root,0,0,0,26.0678305,0,0,0,0,0,4.6991163,5.1574575
root/EastAsia&PacificMongolia,root,26.5436775,11.2161581,28.072432799999998,26.329887199999998,31.784158500000004,33.2113675,49.6556268,51.154950899999996,54.858661700000006,65.8332042,67.6982961
root/EastAsia&PacificMyanmar,root,99.9723512,99.97205890000001,99.9763532,99.99423859999999,99.9924782,99.9927651,99.9930034,99.9929017,99.9968425,99.9789665,99.97859059999999
root/EastAsia&PacificPhilippines,root,44.860009399999996,44.5934842,52.727945999999996,72.0241127,44.1807657,45.542790600000004,45.1634967,47.9462858,45.29872039999999,41.7269538,42.426477
root/EastAsia&PacificSingapore,root,0,0,0,100.0,0,0,0,0,0,100.0,100.0
root/EastAsia&PacificThailand,root,60.7527536,65.04811629999999,65.57451510000001,80.16880019999999,53.5027941,58.320915,68.3136877,79.40960079999999,81.2620065,60.857149,59.49839670000001
root/EastAsia&PacificTimorLeste,root,9.3933206,9.445397999999999,9.2997016,8.6813477,0,0,0,0,0,0,0
root/EastAsia&PacificVietnam,root,54.61751949999999,54.710713299999995,54.697153500000006,76.4037847,53.985350399999994,53.763703500000005,54.4547721,59.5916625,60.16902929999999,59.7126034,59.6313991
root/Europe&CentralAsiaAlbania,root,0.4367678,0,0,0,0,0,0,0,0,0,0
root/Europe&CentralAsiaArmenia,root,27.807328299999998,10.078338800000001,22.692187,31.503626099999998,76.7241816,73.5161056,52.603426500000005,55.9155453,59.863870299999995,79.01788640000001,79.791014
root/Europe&CentralAsiaAustria,root,18.3336203,0.0683808,0,0,0,0,0,0,0,0,0
root/Europe&CentralAsiaAzerbaijan,root,85.6986213,62.01993710000001,68.8405603,36.8230284,88.02571479999999,83.5086122,78.04382530000001,84.2456224,89.5378702,95.13312990000001,95.32068819999999
root/Europe&CentralAsiaBelarus,root,99.9940728,86.14975190000001,19.355257899999998,2.7184482000000005,11.7197337,6.5768557,3.3338252999999995,5.2505938,6.5981586,20.655989,20.9158313
root/Europe&CentralAsiaBosniaandHerzegovina,root,99.58862859999999,99.2388271,99.4426686,99.32784000000001,99.44771209999999,99.4483112,99.4489402,99.4496071,99.45031970000001,99.45108559999998,99.4519091
root/Europe&CentralAsiaBulgaria,root,99.9802209,99.97982059999998,93.1755398,46.386590000000005,88.4900369,88.2871449,78.1623885,89.6810696,96.0047755,76.1521993,75.292854
root/Europe&CentralAsiaCroatia,root,66.59151170000001,10.9681329,6.038460099999999,1.1157085,4.7966386,2.8759373,2.2889890999999998,6.373671599999999,13.9137335,17.1645579,18.2109624
root/Europe&CentralAsiaCyprus,root,0,0,0,0,0,0,0,0,0.4223973,0.4163415,0.41034380000000004
root/Europe&CentralAsiaCzechRepublic,root,99.7561502,82.8202407,14.0271797,9.3636281,10.9877757,8.958714599999999,6.2844297,6.6475815,8.2255499,9.2778561,9.1963264
root/Europe&CentralAsiaEstonia,root,0.11015250000000001,0,0,0,0,0,0,0,0,0,0
root/Europe&CentralAsiaFrance,root,1.5660148,0,0,0,0,0,0,0,0,0,0
root/Europe&CentralAsiaGeorgia,root,21.251361399999997,0.1566455,0.15058020000000003,0.1419532,29.6802041,26.6487294,25.2172698,25.5246332,27.645038500000002,37.3654501,37.3258159
root/Europe&CentralAsiaGermany,root,1.5169873999999999,0.0174082,0,0,0,0,0,0,0,0,0
root/Europe&CentralAsiaGreece,root,0.15841570000000002,0.1506023,0.0685671,0.059813,0.058466899999999995,0.0582028,0.057940099999999994,0.0576791,0.0937872,0.06377719999999999,0.0634802
root/Europe&CentralAsiaHungary,root,99.85415079999999,89.3594814,68.0543849,23.1067867,51.855042299999994,33.6783051,12.9027105,13.336839000000001,24.116418399999997,71.66116679999999,72.58271020000001
root/Europe&CentralAsiaItaly,root,14.0280419,8.4791454,2.8981422,0,0,0,0,5.85087,11.880112599999999,4.3990545,3.6485297999999995
root/Europe&CentralAsiaKazakhstan,root,25.0629737,22.488408399999997,23.5759286,11.161885,24.570677399999997,24.8340248,29.5277016,28.922425699999998,30.8426044,32.9767662,33.285889399999995
root/Europe&CentralAsiaKyrgyzRepublic,root,14.9369388,9.4937946,9.762671000000001,9.1120268,10.390433900000001,9.855466,11.8192407,11.5776143,14.1376343,16.9704378,17.626414699999998
root/Europe&CentralAsiaLatvia,root,96.0262058,37.338042,0,0,7.518677,0,0,0,7.4808316999999995,0,0
root/Europe&CentralAsiaLithuania,root,99.9546934,44.2164564,0,0,3.7803597,3.7540974,0,0,0,0,0
root/Europe&CentralAsiaMacedoniaFYR,root,99.587896,98.7872284,99.5023754,99.5081933,99.5138063,99.51490390000001,99.51599370000001,99.517076,99.5181512,99.51921949999999,99.52028100000001
root/Europe&CentralAsiaMoldova,root,100.0,99.7301537,27.5391725,0,7.436712700000001,14.1791453,9.4967739,6.861192999999999,8.3080666,2.9364762000000004,2.9442133999999998
root/Europe&CentralAsiaMontenegro,root,77.27142629999999,3.5889794000000004,0.671471,0.6246807,20.8955634,19.020057100000002,8.3849593,29.096055600000003,42.843692299999994,13.0964899,13.2032562
root/Europe&CentralAsiaPoland,root,99.9912791,95.6753147,78.3333207,66.8095651,81.8637813,80.3950172,65.3604641,69.24642440000001,71.2524541,70.60149609999999,70.317987
root/Europe&CentralAsiaRomania,root,98.5988727,57.134712699999994,27.4217788,0,15.087752199999999,17.963861899999998,11.1205569,12.0330078,10.2462267,4.4552860999999995,4.107919399999999
root/Europe&CentralAsiaRussianFederation,root,47.946958200000005,13.550006900000001,3.2246435,8.7401654,13.7568422,10.296538400000001,5.430087,6.878669599999999,9.252476,3.5730084000000004,3.6675359
root/Europe&CentralAsiaSerbia,root,60.600078,19.4783356,7.0682673,0.1550967,10.0886314,6.6606496,4.5243639,6.7341254,12.525967300000001,4.5232797,4.522449900000001
root/Europe&CentralAsiaSlovakRepublic,root,100.0,91.54741429999999,21.9120164,6.662824700000001,12.4560858,8.0553132,0.9741790000000001,1.0178135,1.0138199,12.205931699999999,13.363912099999999
root/Europe&CentralAsiaSlovenia,root,64.5075228,8.3879521,0,0,0,0,0,0,0,6.4086243,6.3651197
root/Europe&CentralAsiaTajikistan,root,99.60860579999999,99.26173490000001,99.29943459999998,98.8982775,99.1674855,99.30459240000002,99.41267320000001,99.5250587,99.5910007,99.3264811,99.3355752
root/Europe&CentralAsiaTurkey,root,99.6101705,95.51897209999998,96.0537701,86.86416940000001,99.46507829999999,98.473968,94.3597245,99.303547,99.7242978,99.70649509999998,99.7099414
root/Europe&CentralAsiaTurkmenistan,root,100.0,99.9902752,99.98916369999999,21.2769176,99.38379640000001,96.79462609999999,97.903116,97.3041853,99.0312107,99.879947,99.9010747
root/Europe&CentralAsiaUkraine,root,99.6795503,70.34016590000002,16.560912,1.2904867,11.4468215,8.9487334,5.1819804000000005,4.061007,5.2430027,9.9655655,9.4682569
root/Europe&CentralAsiaUzbekistan,root,99.9998463,99.8728063,99.4106005,82.65490159999999,98.943562,98.5770947,99.36125200000001,99.3412878,99.5913908,98.9130499,98.84974720000001
root/LatinAmerica&CaribbeanArgentina,root,0.00978,0.0100455,0.025755,0.0250511,0.015527500000000001,0.0154094,0.015290999999999999,0.015171899999999999,0.0150518,0.0149306,0.014808100000000001
root/LatinAmerica&CaribbeanBahamasThe,root,5.2752645,4.7154207,0,0,0,0,0,0,0,0,0
root/LatinAmerica&CaribbeanBelize,root,100.0,100.0,100.0,98.45336809999999,23.487062899999998,42.187237599999996,91.0639809,84.2939577,92.3768932,3.5624547,3.1385137000000003
root/LatinAmerica&CaribbeanBolivia,root,88.09155799999999,91.7405818,94.17757890000001,98.9848241,79.1875109,91.0314197,85.9653665,88.73822559999999,87.19999320000001,34.0864894,34.1510883
root/LatinAmerica&CaribbeanBrazil,root,7.7604644,13.936229500000001,20.2808888,2.4434728,0.0537087,0.0538644,0.1234721,0.19543020000000003,0.2449715,0.2010846,0.2005043
root/LatinAmerica&CaribbeanChile,root,32.6526403,39.656096500000004,39.6347675,41.5407283,35.700721,35.6965309,35.848702100000004,35.584813700000005,35.539655100000004,38.6301592,39.4147314
root/LatinAmerica&CaribbeanColombia,root,37.1106759,20.1399437,24.5928371,34.3335701,2.8005459,3.3547870000000004,3.2665676,5.540811799999999,5.149676599999999,3.3536785000000005,3.8620936
root/LatinAmerica&CaribbeanCostaRica,root,29.4688065,12.2087046,40.1250053,9.606549099999999,0,0,0,0,0,0,0
root/LatinAmerica&CaribbeanCuba,root,79.7346172,35.8442535,30.805995000000003,7.932887299999999,0,0,0,0,0,0,0
root/LatinAmerica&CaribbeanDominicanRepublic,root,10.0310852,13.9537106,100.0,30.2765793,36.0367471,0.2326636,45.928492,65.96822320000001,0.23095679999999996,48.8636226,53.762671700000006
root/LatinAmerica&CaribbeanEcuador,root,3.4226406000000003,3.5117411,3.9162476,12.4090993,0,1.2196891,0.2555525,0.257535,0,0,0
root/LatinAmerica&CaribbeanElSalvador,root,100.0,100.0,100.0,100.0,100.0,100.0,100.0,100.0,100.0,100.0,100.0
root/LatinAmerica&CaribbeanGuatemala,root,100.0,100.0,100.0,100.0,99.9989123,99.9989132,100.0,100.0,100.0,99.5386838,99.3802797
root/LatinAmerica&CaribbeanGuyana,root,93.5535279,92.9531485,90.0952941,0,0,0,0,0,0,2.7131017999999996,2.6792103
root/LatinAmerica&CaribbeanHaiti,root,99.61331390000001,99.5955155,100.0,99.6833181,55.6552538,83.2571377,96.97869490000001,99.8885503,99.5536458,85.4940807,85.8368658
root/LatinAmerica&CaribbeanHonduras,root,99.9789895,99.97299670000001,99.9796192,99.8481054,96.3914204,97.900136,98.96967430000001,98.7894901,98.7370183,87.33874250000001,85.61910999999999
root/LatinAmerica&CaribbeanJamaica,root,10.401085,7.6423238,7.2688875,6.4325099,0,0,0,0,0,0,0
root/LatinAmerica&CaribbeanMexico,root,58.344156700000006,69.792776,77.6649139,69.61834820000001,23.7343738,25.9964347,35.231158,27.370643400000002,26.3166752,14.932111800000001,14.6944837
root/LatinAmerica&CaribbeanNicaragua,root,99.98239790000001,99.981943,99.975181,99.5223963,60.789985800000004,82.0257027,91.49913769999999,95.274644,93.4550513,49.352173799999996,47.3866027
root/LatinAmerica&CaribbeanParaguay,root,48.7583987,54.661831799999995,54.20701460000001,58.032225100000005,0.00735,9.7354636,0.007259999999999999,0.007209999999999999,0.00715,51.9409914,55.8295063
root/LatinAmerica&CaribbeanPeru,root,63.5128123,86.0955368,95.4516551,99.9372604,55.5383623,73.8118516,64.8864204,65.91873670000001,58.3865282,46.0741357,46.0971049
root/LatinAmerica&CaribbeanPuertoRico,root,0,0,100.0,0,0,0,0,0,0,0,0
root/LatinAmerica&CaribbeanSuriname,root,99.8418314,99.8339327,99.89650870000001,0,0,0,0,0,0,44.9892561,59.1240877
root/LatinAmerica&CaribbeanVenezuelaRB,root,98.7348801,98.325489,98.6820205,87.7963512,54.675342500000006,68.4407522,66.15163510000001,73.49602349999999,63.177277600000004,79.5598647,81.19757309999999
root/MiddleEast&NorthAfricaAlgeria,root,99.2900245,98.8352728,98.9199645,80.91626670000001,55.090038799999995,66.76631979999999,68.3614903,81.0027282,87.5534579,98.7816469,98.65194040000002
root/MiddleEast&NorthAfricaBahrain,root,100.0,100.0,100.0,100.0,100.0,100.0,100.0,100.0,100.0,100.0,100.0
root/MiddleEast&NorthAfricaDjibouti,root,100.0,100.0,100.0,100.0,100.0,100.0,100.0,100.0,100.0,100.0,100.0
root/MiddleEast&NorthAfricaEgyptArabRep,root,99.9972637,99.9969717,99.9999863,99.9999865,99.99998670000001,99.9999868,99.99998690000001,99.99998690000001,99.999987,99.9999871,99.99998719999999
root/MiddleEast&NorthAfricaIranIslamicRep,root,99.8965013,99.9013253,99.89458379999999,99.82202170000001,99.97951490000001,99.97739440000001,99.9776204,99.97785640000001,99.9781027,99.980627,99.98087690000001
root/MiddleEast&NorthAfricaIraq,root,100.0,100.0,100.0,100.0,100.0,100.0,100.0,100.0,100.0,100.0,100.0
root/MiddleEast&NorthAfricaIsrael,root,0.5745972,0.5714998,0.3712784,0.42933999999999994,0.6090583,0.5152925,0.5314171999999999,0.6566366,1.0802972,1.1688811000000001,1.1906486
root/MiddleEast&NorthAfricaJordan,root,99.4777886,99.4783059,99.2573233,93.92727679999999,99.9599741,99.96015009999999,99.96032530000001,99.9605003,99.96067579999999,99.9608523,99.96102990000001
root/MiddleEast&NorthAfricaKuwait,root,100.0,100.0,100.0,100.0,100.0,100.0,100.0,100.0,100.0,100.0,100.0
root/MiddleEast&NorthAfricaLebanon,root,78.2401498,47.018724799999994,70.2823675,67.7507646,100.0,100.0,99.5569229,100.0,100.0,100.0,100.0
root/MiddleEast&NorthAfricaLibya,root,100.0,100.0,100.0,100.0,100.0,100.0,100.0,100.0,100.0,100.0,100.0
root/MiddleEast&NorthAfricaMorocco,root,31.043761800000002,29.013585100000004,28.8021695,25.520108399999998,17.995437600000002,12.928129,11.57752,18.63426,26.1928405,61.7536923,62.72512679999999
root/MiddleEast&NorthAfricaOman,root,100.0,100.0,100.0,100.0,100.0,100.0,100.0,100.0,100.0,100.0,100.0
root/MiddleEast&NorthAfricaQatar,root,100.0,100.0,100.0,100.0,100.0,100.0,100.0,100.0,100.0,100.0,100.0
root/MiddleEast&NorthAfricaSaudiArabia,root,100.0,100.0,100.0,100.0,100.0,100.0,100.0,100.0,100.0,100.0,100.0
root/MiddleEast&NorthAfricaSyrianArabRepublic,root,99.8194785,99.8161015,99.9562537,99.9574327,99.95857990000002,99.9588046,99.95902779999999,99.9592504,99.959473,99.9596963,99.9599202
root/MiddleEast&NorthAfricaTunisia,root,100.0,99.70517159999999,99.7956145,72.2454123,97.92545329999999,95.94459140000001,89.8857882,98.4914068,99.5522428,99.365746,99.3684975
root/MiddleEast&NorthAfricaUnitedArabEmirates,root,100.0,100.0,100.0,100.0,100.0,100.0,100.0,100.0,100.0,100.0,100.0
root/MiddleEast&NorthAfricaWestBankandGaza,root,0.4907456,0.49768290000000004,1.0973015,1.0878538,1.0781792,1.0762317,1.0742776000000003,1.0723049,2.4414722,1.068266,1.0661923
root/MiddleEast&NorthAfricaYemenRep,root,100.0,100.0,100.0,100.0,100.0,100.0,100.0,100.0,100.0,100.0,100.0
root/NorthAmericaUnitedStates,root,0.030614099999999995,0.0315388,0.12754100000000002,0.052069700000000003,0,0,0,0,0,7.06e-08,7.16e-08
root/SouthAsiaAfghanistan,root,99.9969796,99.9879102,99.98974040000002,100.0,99.9818479,99.9838191,99.99110429999999,100.0,100.0,99.99263540000001,99.991938
root/SouthAsiaBangladesh,root,99.99656390000001,99.9964696,99.9959325,100.0,100.0,100.0,100.0,100.0,100.0,100.0,100.0
root/SouthAsiaBhutan,root,77.7969766,77.7523392,86.58720500000001,95.69305279999999,94.3901473,93.9851501,94.07227900000001,95.43351820000001,95.3981107,96.4502533,96.450447
root/SouthAsiaIndia,root,98.7408412,98.76729540000001,98.8717733,99.6701232,97.7687553,97.88909190000001,99.1250907,99.6553064,99.69099859999999,99.42154479999999,99.4116816
root/SouthAsiaMaldives,root,100.0,100.0,100.0,100.0,100.0,100.0,100.0,100.0,100.0,100.0,100.0
root/SouthAsiaNepal,root,93.81876,94.1457806,96.70948800000001,99.24210670000001,98.75447700000001,98.9180523,98.955504,99.0290545,98.4388212,99.398175,99.4544542
root/SouthAsiaPakistan,root,97.22349940000001,97.08885670000001,99.1489389,98.96730720000001,99.00707659999999,99.1530489,99.173298,99.346671,99.3727652,99.3750052,99.3725901
root/SouthAsiaSriLanka,root,100.0,100.0,99.9607833,99.9637319,98.8858452,98.92023540000001,99.3569848,99.4388359,99.3945985,92.7325885,92.2495342
root/Sub-SaharanAfricaAngola,root,98.1887219,97.4486778,98.7532684,97.18888179999999,87.4662956,90.71234809999999,93.75686970000001,91.2163156,91.05967829999999,93.3586428,93.5319172
root/Sub-SaharanAfricaBenin,root,100.0,100.0,100.0,100.0,100.0,100.0,100.0,100.0,100.0,100.0,100.0
root/Sub-SaharanAfricaBotswana,root,37.8926627,28.884577,45.0964811,35.858769200000005,20.4926134,23.8251765,19.9961599,15.081859699999997,7.877535400000001,50.3076685,53.692103599999996
root/Sub-SaharanAfricaBurkinaFaso,root,100.0,100.0,100.0,100.0,100.0,100.0,100.0,100.0,100.0,100.0,100.0
root/Sub-SaharanAfricaBurundi,root,99.9999452,99.99994840000001,100.0,99.9995987,99.9995304,100.0,100.0,100.0,100.0,100.0,100.0
root/Sub-SaharanAfricaCaboVerde,root,100.0,100.0,100.0,100.0,100.0,100.0,100.0,100.0,100.0,100.0,100.0
root/Sub-SaharanAfricaCameroon,root,100.0,100.0,100.0,100.0,100.0,100.0,100.0,100.0,100.0,100.0,100.0
root/Sub-SaharanAfricaCentralAfricanRepublic,root,100.0,100.0,100.0,99.9995212,100.0,100.0,100.0,99.9996792,99.97875479999999,100.0,100.0
root/Sub-SaharanAfricaChad,root,100.0,100.0,100.0,100.0,100.0,100.0,100.0,100.0,100.0,100.0,100.0
root/Sub-SaharanAfricaComoros,root,16.755323399999998,16.7362016,11.0084444,0,0,0,0,0,0,0,0
root/Sub-SaharanAfricaCongoDemRep,root,99.9976246,99.99791280000001,99.99821419999999,99.9941803,99.8062262,99.9949282,99.9988824,99.99288309999999,99.964111,99.9999756,99.99997459999999
root/Sub-SaharanAfricaCongoRep,root,100.0,100.0,100.0,100.0,100.0,100.0,100.0,100.0,100.0,100.0,100.0
root/Sub-SaharanAfricaCotedIvoire,root,98.5207236,97.8244427,96.8237132,97.2252858,92.9071721,97.6767775,99.4555972,96.952738,94.5534942,99.9815868,99.9815551
root/Sub-SaharanAfricaEquatorialGuinea,root,100.0,100.0,100.0,100.0,100.0,100.0,100.0,100.0,100.0,100.0,100.0
root/Sub-SaharanAfricaEritrea,root,100.0,100.0,100.0,100.0,100.0,100.0,100.0,100.0,100.0,100.0,100.0
root/Sub-SaharanAfricaEthiopia,root,95.4846562,95.55532209999998,95.85549329999999,88.155863,91.7654208,94.099594,94.40509209999999,94.3925017,93.8006208,97.16555109999999,97.3801127
root/Sub-SaharanAfricaGabon,root,100.0,100.0,100.0,99.66795359999999,98.7311325,98.68878050000001,99.08744909999999,99.8934798,100.0,99.63433979999999,99.59046670000001
root/Sub-SaharanAfricaGambiaThe,root,100.0,100.0,100.0,99.5949353,100.0,100.0,100.0,100.0,100.0,100.0,100.0
root/Sub-SaharanAfricaGhana,root,99.7011776,99.56325859999998,99.4806131,91.69538990000001,91.76009470000001,96.6619067,99.7150282,94.21279559999999,88.6375745,100.0,100.0
root/Sub-SaharanAfricaGuinea,root,99.9301488,99.91027009999999,99.8394957,98.1389356,99.8636797,99.86611529999999,99.8685583,99.670186,86.3543885,99.87608979999999,99.8786922
root/Sub-SaharanAfricaGuineaBissau,root,100.0,100.0,100.0,100.0,100.0,100.0,100.0,100.0,100.0,100.0,100.0
root/Sub-SaharanAfricaKenya,root,0.6482319999999999,0.6367244000000001,0.7598348,0.0312401,0.0335807,0.0853473,0.08685599999999999,0.0931053,0.0781245,7.9247295,8.7429364
root/Sub-SaharanAfricaLesotho,root,94.149883,99.7001471,94.8970466,77.0043335,44.2538583,43.1239261,38.050746999999994,47.0484881,55.492651,70.69970079999999,71.7472077
root/Sub-SaharanAfricaLiberia,root,1.1131715,1.1408326000000002,0.9024863999999999,0.8707973,0.8407140999999999,0.9689247999999999,0.9630643,0.8234087,0.8176962,0.9455139000000001,0.939628
root/Sub-SaharanAfricaMadagascar,root,18.9696588,21.0534568,22.6614215,13.3384481,12.749115,12.7752941,15.222937599999998,16.110259099999997,20.6846853,35.263529999999996,36.2845512
root/Sub-SaharanAfricaMalawi,root,99.17046359999999,99.07508370000001,99.2672495,99.1326801,97.3633827,99.0057613,99.2516978,99.0489834,98.0751566,99.4117375,99.38704270000001
root/Sub-SaharanAfricaMali,root,100.0,100.0,100.0,100.0,100.0,100.0,100.0,100.0,100.0,100.0,100.0
root/Sub-SaharanAfricaMauritania,root,100.0,100.0,100.0,100.0,100.0,100.0,100.0,100.0,100.0,100.0,100.0
root/Sub-SaharanAfricaMozambique,root,51.9273055,50.8229396,52.4540879,53.6822956,31.651224199999998,33.2824582,33.1460219,31.123362699999998,29.2728283,40.8345375,41.5184672
root/Sub-SaharanAfricaNamibia,root,67.051974,65.974068,74.34722959999999,72.27041290000001,65.91065970000001,66.694434,53.77609150000001,49.8288709,48.84817279999999,76.34952750000001,76.7663807
root/Sub-SaharanAfricaNiger,root,100.0,100.0,100.0,100.0,100.0,100.0,100.0,100.0,100.0,100.0,100.0
root/Sub-SaharanAfricaNigeria,root,100.0,100.0,100.0,99.8757191,98.6545635,99.5166945,99.2267037,98.80983370000001,98.7475802,100.0,100.0
root/Sub-SaharanAfricaRwanda,root,100.0,100.0,100.0,99.9999481,99.9999498,99.9999502,100.0,100.0,100.0,100.0,100.0
root/Sub-SaharanAfricaSenegal,root,100.0,100.0,100.0,85.0237936,98.12712909999999,98.3134297,95.6128532,95.7746301,93.43730790000001,100.0,100.0
root/Sub-SaharanAfricaSierraLeone,root,94.7304505,94.1382777,93.9501532,40.080580299999994,91.9067726,99.0848508,99.96610159999999,95.7690751,42.366400799999994,99.96602390000001,99.9660071
root/Sub-SaharanAfricaSomalia,root,39.9002099,36.5197737,44.1914009,24.186410600000002,30.761331199999997,34.38911160000001,38.134418,37.0039559,27.536483399999998,49.800191299999994,54.31274870000001
root/Sub-SaharanAfricaSouthAfrica,root,92.88397640000001,93.8750035,95.336184,90.6876475,76.08746740000001,74.9284725,74.2060525,75.2608523,77.5118871,86.93437209999999,87.2513802
root/Sub-SaharanAfricaSouthSudan,root,99.85712170000001,99.8659535,99.8641358,94.08428609999999,97.7416751,99.93871999999999,99.9418032,99.944744,99.8899102,100.0,100.0
root/Sub-SaharanAfricaSudan,root,100.0,100.0,100.0,100.0,100.0,100.0,100.0,100.0,100.0,100.0,100.0
root/Sub-SaharanAfricaSwaziland,root,100.0,100.0,100.0,100.0,39.830922799999996,33.1986148,25.9213133,24.6521243,26.106172,88.1122585,89.69611
root/Sub-SaharanAfricaTanzania,root,32.166495899999994,34.6199056,44.6749001,31.372213300000002,28.5521549,45.2088161,55.2371833,57.82189350000001,55.947652299999994,47.1252366,46.526129600000004
root/Sub-SaharanAfricaTogo,root,100.0,100.0,100.0,100.0,100.0,100.0,100.0,100.0,100.0,100.0,100.0
root/Sub-SaharanAfricaUganda,root,99.9939802,99.99376140000001,99.9900318,99.982341,99.9893166,99.9892899,99.9892301,99.9891717,99.9891145,99.9890585,99.9890037
root/Sub-SaharanAfricaZambia,root,99.1756788,98.8085389,98.7241355,95.0935479,83.3478262,90.45632950000001,93.3870363,92.5217982,89.5128478,94.7001529,94.78028690000001
root/Sub-SaharanAfricaZimbabwe,root,84.8898544,67.0311155,65.5075792,73.0822475,51.6533169,56.803478399999996,56.5488911,56.9070939,54.1791894,60.317848399999995,61.3604203
