root/EastAsia&Pacific,root,4.3,4.075,4.0,4.0,4.0,4.0,4.0,9.08333333333333,9.5,9.5,9.5,9.5,8.875,9.41666666666667,11.70833333333333,11.04166666666666,19.25,30.480833332666663,30.47749999966667,33.42999999966667,39.99749999966667,44.225,77.9714166656667,72.35133333333332,80.81458333233326,81.13491666666665,67.18625000000006,55.7515,61.70708333333337,75.4813333333333,112.11941666666661,116.07158333333341,90.84841666666668,108.93058333333332,85.92333333333326,118.5650833333333,111.62308333333327,132.87766666666664,159.65224999999992,110.91541666666666,89.5838333333333,75.77958333333338,68.12358333333334,60.08502318437481,56.51656766518501,62.672272936668904,80.15586270119175,80.42528841579573,76.45662027226511,75.46270342303264,77.96289478721515,77.70830515190838,69.19701636562593,62.43275022081338,61.24641426311111,59.518475209227674,58.03761251515189,53.238282523218075
root/EastAsia&Pacific/Australia,root/EastAsia&Pacific,0,0,0,0,0,0,0,0,0,0,0,0,0,0,0,0,0,0,0,0,0,0,12.8375,10.9875,10.6583333333333,11.979166666666698,13.8666666666667,12.725,11.425,15.6875,13.533333333333301,9.45,6.0916666666666694,4.92916666666667,4.91666666666667,6.1125,5.7125,4.31666666666667,3.7083333333333304,3.47083333333333,4.19583333333333,3.19583333333333,3.65833333333333,3.50833333333333,3.85,3.8916666666666697,4.0625,4.5291666666666694,4.725,3.0791666666666697,4.2125,4.3375,3.9166666666666696,3.25,2.90416666666667,2.30416666666667,2.1416666666666697,2.00416666666667
root/EastAsia&Pacific/BruneiDarussalam,root/EastAsia&Pacific,0,0,0,0,0,0,0,0,0,0,0,0,0,0,0,0,0,0,0,0,0,0,0,0,0,0,0,0,0,0,0,0,0,0,0,0,0,0,0,0,0,0,0,0,1.04391666666667,1.006,1.0415,1.17275666666667,0.875761458333333,0.6999212916666671,0.47054075,0.3957033333333329,0.23154074074074105,0.28434666666666697,0.3,0.335832666666667,0.33334278095238107,0.3155
root/EastAsia&Pacific/Cambodia,root/EastAsia&Pacific,0,0,0,0,0,0,0,0,0,0,0,0,0,0,0,0,0,0,0,0,0,0,0,0,0,0,0,0,0,0,0,0,0,0,0,8.70833333333333,8.8,8.03333333333334,7.8,7.33333333333333,6.83,4.36166666666667,2.49166666666667,2.0166666666666697,1.7916666666666698,1.9166666666666698,1.84166666666667,1.9046875,1.90520833333333,1.6633333333333302,1.26459166666667,1.3380375,1.3337962962963,1.34340277777778,1.41875,1.4187708333333302,1.4369916666666698,1.5252232142857098
root/EastAsia&Pacific/China,root/EastAsia&Pacific,0,0,0,0,0,0,0,0,0,0,0,0,0,0,0,0,0,0,0,0,5.4,5.4,5.76,5.76,5.759999999,7.2,7.2,7.2,8.64,11.34,8.64,7.56,7.56,10.98,10.98,10.98,7.47,5.67,3.78,2.25,2.25,2.25,1.98,1.98,2.25,2.25,2.52,4.14,2.25,2.25,2.75,3.5,3.0,3.0,2.75,1.5,1.5,1.5
root/EastAsia&Pacific/Fiji,root/EastAsia&Pacific,0,0,0,0,0,0,0,0,0,0,0,0,0,0,0,0,0,0,0,0,0,0,0,0,0,0,0,0,0,0,0,0,0,7.6325,7.145,6.7725,6.20666666666667,5.5625,4.53416666666667,3.3575,3.115,2.685,2.29,1.9110833333333301,1.72208333333333,1.82675,5.55725,7.04483333333333,2.75358333333333,4.91284765044668,5.41482502809286,3.74650410823685,2.42016516876818,2.06990899613906,1.85855292079411,2.51532165699044,2.8229511176024102,3.33183848919972
root/EastAsia&Pacific/HongKongSARChina,root/EastAsia&Pacific,0,0,0,0,0,0,0,0,0,0,0,0,0,0,0,0,0,0,0,0,0,0,0,0,0,0,0,0,0,0,6.7,5.5,3.1,2.3,3.5,5.6,4.6,6.0,6.6,4.5,4.8,2.4,0.3,0.1,0,1.3,2.7,2.4,0.4,0,0,0,0,0,0,0,0,0
root/EastAsia&Pacific/Indonesia,root/EastAsia&Pacific,0,0,0,0,0,0,0,0,0,0,0,0,0,0,0,0,0,0,0,0,0,0,0,0,0,0,0,0,0,0,17.5308333333333,23.3166666666667,19.6025,14.5475,12.533333333333301,16.7175,17.255833333333303,20.0141666666667,39.066666666666706,25.7375,12.503333333333302,15.4816666666667,15.5025,10.59,6.44333333333333,8.07916666666667,11.4108333333333,7.97583333333333,8.4925,9.27833333333333,7.01666666666667,6.9308333333333305,5.94666666666667,6.26416666666667,8.7525,8.33666666666667,7.1658935677562,6.51833333333333
root/EastAsia&Pacific/Japan,root/EastAsia&Pacific,4.3,4.075,4.0,4.0,4.0,4.0,4.0,4.0,4.0,4.0,4.0,4.0,3.875,4.0,5.33333333333333,5.33333333333333,4.5,3.8333333333333304,2.6875,3.3125,5.5,4.4375,3.75,3.75,3.5,3.5,2.31666666666667,1.76,1.76,1.97,3.56,4.13591666666667,3.35058333333333,2.144,1.6984166666666698,0.9015,0.3005,0.301333333333333,0.26591666666666697,0.11675,0.0704166666666667,0.0570833333333333,0.0355833333333333,0.0425,0.08025,0.271083333333333,0.68275,0.808166666666667,0.58875,0.43491666666666706,0.5000833333333329,0.4615833333333329,0.478,0.5421666666666671,0.41525,0.40625,0.300416666666667,0
root/EastAsia&Pacific/KoreaRep,root/EastAsia&Pacific,0,0,0,0,0,0,0,0,0,0,0,0,0,0,0,0,0,0,0,0,0,0,0,0,0,0,0,0,0,0,0,0,0,0,0,0,0,10.805,13.2875,7.9475,7.93833333333333,5.7925,4.948333333333331,4.25083333333333,3.8741666666666696,3.72166666666667,4.50333333333333,5.17416666666667,5.87083333333333,3.4825,3.85666666666667,4.1525,3.70083333333333,2.89083333333333,2.53583333333333,1.80916666666667,1.5575,1.67
root/EastAsia&Pacific/MacaoSARChina,root/EastAsia&Pacific,0,0,0,0,0,0,0,0,0,0,0,0,0,0,0,0,0,0,0,0,0,0,0,0,0,3.9,3.5,3.5,4.6,7.0,7.1,5.9,3.5,2.8,4.2,5.9,5.2,6.2,7.0,5.3,5.3,2.6,0.6,0.3,0.1,1.6,2.8,2.9,1.1,0,0,0.1,0.1,0,0.1,0,0,0
root/EastAsia&Pacific/Malaysia,root/EastAsia&Pacific,0,0,0,0,0,0,0,5.08333333333333,5.5,5.5,5.5,5.5,5.0,5.41666666666667,6.375,5.70833333333333,5.5,5.20833333333333,5.04166666666667,5.5,6.22916666666667,9.6775,9.75,8.02083333333333,9.5,8.8125,7.08333333333333,3.0,3.2916666666666696,4.56166666666667,5.7208333333333306,7.11083333333333,7.935,7.02583333333333,4.8925,5.93333333333333,7.085,7.77666666666667,8.51333333333333,4.12416666666667,3.3625,3.3741666666666696,3.205,3.06666666666667,3.0,3.00166666666667,3.14916666666667,3.16583333333333,3.1258333333333304,2.0816666666666697,2.5025,2.91083333333333,2.9808333333333303,2.97,3.04810778727445,3.1344871794871803,3.0280356303418796,0
root/EastAsia&Pacific/MicronesiaFedSts,root/EastAsia&Pacific,0,0,0,0,0,0,0,0,0,0,0,0,0,0,0,0,0,0,0,0,0,0,0,0,0,0,0,0,0,0,0,0,0,0,0,5.33,4.57583333333333,4.21,3.97833333333333,3.72,4.58583333333333,3.1733333333333302,1.47083333333333,1.02166666666667,1.01791666666667,1.6233333333333302,2.035,2.535,2.46666666666667,1.28583333333333,0.9108333333333329,0.5891666666666671,0.4158333333333329,0.38,0.38,0.38,0.38,0
root/EastAsia&Pacific/Mongolia,root/EastAsia&Pacific,0,0,0,0,0,0,0,0,0,0,0,0,0,0,0,0,0,0,0,0,0,0,0,0,0,0,0,0,0,0,0,0,0,0,0,0,0,0,0,0,0,0,0,0,0,0,0,0,0,13.2821191815202,11.8589785765079,10.474210650715,11.2737826937569,12.0456860948995,12.314956123852198,12.9787416967212,13.2716651523049,12.9558581381624
root/EastAsia&Pacific/Myanmar,root/EastAsia&Pacific,0,0,0,0,0,0,0,0,0,0,0,0,0,0,0,0,0.75,0.875,1.5,1.5,1.5,1.5,1.5,1.5,1.5,1.5,1.5,1.5,1.5,1.5,5.875,9.0,9.0,9.0,9.0,9.75,12.5,12.5,12.5,11.0,9.75,9.5,9.5,9.5,9.5,9.5,11.375,12.0,12.0,12.0,12.0,11.333333333333302,8.0,8.0,8.0,8.0,8.0,8.0
root/EastAsia&Pacific/PapuaNewGuinea,root/EastAsia&Pacific,0,0,0,0,0,0,0,0,0,0,0,0,0,0,0,0,0,0,0,0,0,0,0,0,0,0,0,0,0,0,0,0,0,0,0,9.38,3.99,5.06,8.74,8.46,6.65,4.09,4.71,2.95,1.1,0.75,1.04,1.58,1.62,2.16,1.0,0.8,0.34,0.32,0.37,0.51,0.57,0
root/EastAsia&Pacific/Philippines,root/EastAsia&Pacific,0,0,0,0,0,0,0,0,0,0,0,0,0,0,0,0,8.5,8.5,8.5,8.66666666666667,0,0,13.74225,13.581333333333301,21.1720833333333,18.914083333333302,11.252916666666698,8.2015,11.315416666666698,14.126333333333301,19.53775,18.8015,14.2745,9.60575,10.5390833333333,8.39191666666667,9.68341666666667,10.1938333333333,12.106333333333302,8.167,8.30508333333333,8.74416666666667,4.6080000000000005,5.22066666666667,6.1775,5.556,5.29416666666667,3.696,4.4895,2.741,3.21966666666667,3.38791666666667,3.15591666666667,1.6618333333333302,1.2288333333333301,1.5919999999999999,1.5961666666666698,1.8785
root/EastAsia&Pacific/Samoa,root/EastAsia&Pacific,0,0,0,0,0,0,0,0,0,0,0,0,0,0,0,0,0,0,0,0,0,0,0,0,0,0,0,0,0,0,0,0,0,0,0,0,0,0,0,0,0,0,4.5066666666666695,4.52,4.39416666666667,4.3475,4.87083333333333,6.4425,6.06083333333333,4.8058333333333305,2.70083333333333,2.285,2.46916666666667,2.8808333333333302,3.02,2.48166666666667,2.37083333333333,2.60657985070325
root/EastAsia&Pacific/Singapore,root/EastAsia&Pacific,0,0,0,0,0,0,0,0,0,0,0,0,0,0,0,0,0,4.064166666,4.748333333,6.200833332999999,9.368333332999999,10.71,7.214999999,6.31416666666667,6.975,4.9933333333333305,3.91083333333333,2.88583333333333,2.7375,3.2125,4.6716666666666695,4.63,2.8691666666666698,2.30083333333333,3.00166666666667,3.50416666666667,3.41,3.47166666666667,4.60416666666667,1.6833333333333302,1.7116666666666698,1.52,0.869166666666667,0.5025,0.40333333333333293,0.4408333333333329,0.57,0.5291666666666671,0.4191666666666671,0.2925,0.20583333333333304,0.16833333333333303,0.135833333333333,0.14,0.14,0.18,0.19,0.14
root/EastAsia&Pacific/SolomonIslands,root/EastAsia&Pacific,0,0,0,0,0,0,0,0,0,0,0,0,0,0,0,0,0,0,0,0,0,0,0,0,0,0,0,0,0,0,0,0,0,0,0,0,0,0,0,0,0,0,0,0,0,0,0,0,0,0,3.28833333333333,1.9991666666666699,0.860833333333333,0.293333333333333,0.24666666666666698,0.306666666666667,0.20975,0.306319886707247
root/EastAsia&Pacific/Thailand,root/EastAsia&Pacific,0,0,0,0,0,0,0,0,0,0,0,0,0,0,0,0,0,8.0,8.0,8.25,12.0,12.5,13.0,13.0,13.0,13.0,9.75,9.5,9.5,9.5,12.25,13.666666666666698,8.875,8.625,8.45833333333333,11.583333333333302,10.3333333333333,10.5208333333333,10.6458333333333,4.77083333333333,3.2916666666666696,0,0,0,1.09836378355252,1.65311094810176,4.33873042661947,2.8407899146902,2.53599795678966,1.02193983408434,1.19967250261727,2.4580602042386,2.60014998247194,2.43305606719736,1.7530961461067802,1.43341559553114,1.30034238213158,1.28916187722766
root/EastAsia&Pacific/TimorLeste,root/EastAsia&Pacific,0,0,0,0,0,0,0,0,0,0,0,0,0,0,0,0,0,0,0,0,0,0,0,0,0,0,0,0,0,0,0,0,0,0,0,0,0,0,0,0,0,0,0,0.774106517708139,0.7902872149658079,0.7918286552337991,0.7956322745723079,0.781387667772213,0.7965691904754392,0.8307921319814301,0.813286263330464,0.8461226887179641,0.9053049767350079,0.9003226023781279,0.8527181988759109,0.777286677650705,0.76,0.693333333333333
root/EastAsia&Pacific/Tonga,root/EastAsia&Pacific,0,0,0,0,0,0,0,0,0,0,0,0,0,0,0,0,0,0,0,0,0,0,0,0,0,0,0,0,0,0,0,0,0,0,0,0,0,0,0,0,0,0,0,0,0,0,0,0,0,0,0,0,3.11552650685681,2.8228603490882302,2.832816419541,3.0213689028469997,3.13539021739587,3.01513440026541
root/EastAsia&Pacific/Vanuatu,root/EastAsia&Pacific,0,0,0,0,0,0,0,0,0,0,0,0,0,0,0,0,0,0,0,0,0,0,10.4166666666667,9.4375,8.74916666666667,7.33583333333333,6.8058333333333305,5.47916666666667,6.9375,6.58333333333333,7.0,7.0,4.69,5.0,5.05833333333333,3.0,4.5,3.7291666666666696,3.2916666666666696,1.6041666666666698,1.27083333333333,1.25,1.0,1.20833333333333,1.7083333333333302,2.0,1.9375,1.3125,1.25,1.25,1.5833333333333302,1.5,1.3125,1.25,1.10416666666667,1.4166666666666698,1.16666666666667,0.708333333333333
root/EastAsia&Pacific/Vietnam,root/EastAsia&Pacific,0,0,0,0,0,0,0,0,0,0,0,0,0,0,0,0,0,0,0,0,0,0,0,0,0,0,0,0,0,0,0,0,0,22.04,0,0,0,8.5125,9.23,7.3725,3.65333333333333,5.30416666666667,6.4475,6.62166666666667,6.17125,7.145,7.63,7.4925,12.730416666666699,7.91,11.19375,13.9935,10.5036666666667,6.69,4.92,4.68,4.8,4.78
root/Europe&CentralAsia,root,3.375,4.04166666666667,4.208333333333339,3.0,4.83333333333333,6.91666666666667,10.41666666666667,10.29166666666666,12.47916666666667,14.04166666666667,13.83333333333333,11.77083333333333,11.72916666666666,19.33333333333333,25.375,22.33333333333333,31.083333333333343,30.1041666666667,39.641666666166685,60.64083333249993,68.32416666583333,93.98666666566668,122.45083333183335,120.33333333183324,123.2599999989167,126.57333333233328,108.14916666633329,95.84249999999997,125.3441666666666,138.3958333333333,168.5050000000001,187.76833333333337,353.98416666666657,857.404089890831,718.5648224335462,407.8878684086824,463.62298699450554,455.8738999320935,489.9906332923841,477.2319858556887,373.97624437661284,322.8360603717398,264.52620394608846,203.2844760591186,186.40277702607165,160.88360175615296,162.42111201437174,171.84137159406154,180.47985347177018,175.04848407134284,143.730779165797,147.423379866182,161.2201264097963,146.67993931914634,129.96838954031074,121.90905458320918,100.56163438147235,71.77984895358884
root/Europe&CentralAsia/Albania,root/Europe&CentralAsia,0,0,0,0,0,0,0,0,0,0,0,0,0,0,0,0,0,0,0,0,0,0,0,0,0,0,0,0,0,0,0,0,18.5,27.3333333333333,19.8333333333333,15.3,16.783333333333303,27.275833333333303,22.56,12.9458333333333,8.3025,7.725,8.53833333333333,8.37549739428437,6.60669485084465,5.08755087231281,5.22742521887892,5.6590985397927,6.80274238793673,6.772436226519081,6.4175433728169695,5.86175264225151,5.42490848079036,4.1642049402528105,1.9147296761473798,1.3919290028279099,0.830833333333333,0
root/Europe&CentralAsia/Armenia,root/Europe&CentralAsia,0,0,0,0,0,0,0,0,0,0,0,0,0,0,0,0,0,0,0,0,0,0,0,0,0,0,0,0,0,0,0,0,0,0,0,0,32.1916666666667,26.0766666666667,24.935833333333303,27.349166666666697,18.0777357591667,14.9016666666667,9.5987677864009,6.87450898516572,4.89601729381373,5.813139935246731,5.836689706845981,6.25430323671206,6.62801860934559,8.652928630992651,8.95025892533692,9.2480433144904,9.56911001362681,10.1602652886801,10.4257850294385,14.1481591743434,11.6156571999545,9.013334979473118
root/Europe&CentralAsia/Austria,root/Europe&CentralAsia,0,0,0,0,0,0,0,0,0,0,0,0,0,0,0,0,0,0,0,0,0,0,0,0,0,0,0,0,0,0,0,0,0,0,0,0,0,0,2.6508333333333303,2.20583333333333,0,0,0,0,0,0,0,0,0,0,0,0,0,0,0,0,0,0
root/Europe&CentralAsia/Azerbaijan,root/Europe&CentralAsia,0,0,0,0,0,0,0,0,0,0,0,0,0,0,0,0,0,0,0,0,0,0,0,0,0,0,0,0,0,0,0,0,0,0,0,0,0,0,0,12.08,12.899166666666698,8.45833333333333,8.65916666666667,9.54333333333333,9.18166666666667,8.52,10.5808333333333,11.556666666666699,12.224166666666699,12.1958333333333,11.64,10.874166666666698,10.215,9.89166666666667,9.17166666666667,8.99833333333333,7.73289026685328,8.428333333333331
root/Europe&CentralAsia/Belarus,root/Europe&CentralAsia,0,0,0,0,0,0,0,0,0,0,0,0,0,0,0,0,0,0,0,0,0,0,0,0,0,0,0,0,0,0,0,0,0,0,0,0,32.3583333333333,15.641666666666698,14.333333333333302,23.8,37.55,34.175,26.85,17.4416666666667,12.716666666666699,9.23333333333333,7.68333333333333,8.30833333333333,8.525,10.6833333333333,9.09166666666667,13.308333333333302,22.3,20.2583333333333,18.5833333333333,19.908333333333303,14.641666666666698,6.998191563666349
root/Europe&CentralAsia/Belgium,root/Europe&CentralAsia,0,0,0,0,0,0,0,0,0,0,0,0,0,0,0,0,0,0,0,0,0,0,0,0,0,0,0,0,0,0,0,0,0,7.105,4.8575,4.03916666666667,2.6625,2.87666666666667,3.01166666666667,2.42416666666667,3.5833333333333304,3.4,2.59666666666667,1.6475,0,0,0,0,0,0,0,0,0,0,0,0,0,0
root/Europe&CentralAsia/BosniaandHerzegovina,root/Europe&CentralAsia,0,0,0,0,0,0,0,0,0,0,0,0,0,0,0,0,0,0,0,0,0,0,0,0,0,0,0,0,0,0,0,0,0,0,0,0,0,0,0,41.220833333333296,30.5,0,4.52833333333333,4.025,3.72083333333333,3.56416666666667,3.6933333333333302,3.55583333333333,3.485,3.6,3.15916666666667,2.7958333333333303,3.1773333333333302,3.00616794970452,2.6617854714080695,2.05966351885091,1.5825655072715903,1.2089895761211102
root/Europe&CentralAsia/Bulgaria,root/Europe&CentralAsia,0,0,0,0,0,0,0,0,0,0,0,0,0,0,0,0,0,0,0,0,0,0,0,0,0,0,0,0,0,0,0,0,0,0,0,0,0,0,0,0,0,2.91938333333333,2.80316666666667,2.9322916666666696,3.04970833333333,3.08435,3.1725666666666696,3.68195,4.44464166666667,6.1775,4.076075,3.3682666666666696,3.08416666666667,2.41330833333333,1.6558166666666698,0.6138916666666671,0.17338333333333303,0.0463083333333333
root/Europe&CentralAsia/Croatia,root/Europe&CentralAsia,0,0,0,0,0,0,0,0,0,0,0,0,0,0,0,0,0,0,0,0,0,0,0,0,0,0,0,0,0,0,0,0,0,379.312781557498,6.51949826688002,5.52468478332037,5.585,4.2966666666666695,4.62083333333333,4.31083333333333,3.74166666666667,3.2291666666666696,1.8891666666666698,1.52666666666667,1.8733333333333302,1.71416666666667,1.715,2.3358333333333303,2.82,3.20333333333333,1.7575,1.6975,1.88166666666667,1.5208333333333302,0,0,0,0
root/Europe&CentralAsia/Cyprus,root/Europe&CentralAsia,0,0,0,0,0,0,0,0,0,0,0,0,0,0,0,0,0,0,0,0,0,0,0,0,0,0,0,0,0,0,0,0,0,0,0,0,0,6.58333333333333,6.5,6.5,6.5,5.6775,4.58333333333333,3.5725,3.75,3.8066666666666698,3.3558333333333303,3.43916666666667,0,0,0,0,0,0,0,0,0,0
root/Europe&CentralAsia/CzechRepublic,root/Europe&CentralAsia,0,0,0,0,0,0,0,0,0,0,0,0,0,0,0,0,0,0,0,0,0,0,0,0,0,0,0,0,0,0,0,0,0,7.0325,7.07,6.96166666666667,6.79333333333333,7.71458333333333,8.07925,4.48008333333333,3.42175,2.87333333333333,1.9975,1.33333333333333,1.28333333333333,1.17416666666667,1.18586572166667,1.32368590627749,1.61203333333333,1.26501666666667,1.08158333333333,1.03825,1.02430263320933,0.8615481727811479,0.7014998980807671,0.52933284578413,0.37311333662367296,0.27512459857657695
root/Europe&CentralAsia/Finland,root/Europe&CentralAsia,0,0,0,0,0,0,0,0,0,0,0,0,0,0,0,0,0,0,0,0,0,0,0,0,0,8.75,7.33333333333333,7.0,7.75,5.75,7.5,7.5,7.5,4.75,3.2708333333333304,3.1875,2.3541666666666696,2.0,0,1.2194,1.62985,1.9422333333333301,1.4871510658304798,0,1.0252613348930202,0,0,0,0,0,0,0,0,0,0,0,0,0
root/Europe&CentralAsia/France,root/Europe&CentralAsia,0,0,0,0,0,0,3.0,3.0,3.0,3.7916666666666696,4.125,4.25,4.25,4.25,6.25,7.5,6.5,6.5,6.5,6.5,7.25,7.75,8.5,8.08333333333333,7.08333333333333,6.25,5.0,4.5,4.5,4.5,4.5,4.5,4.5,4.5,4.5,4.5,3.6666666666666696,3.5,3.2083333333333304,2.6875,2.625,3.0,3.0,2.6875,2.25,2.1458333333333304,2.4375,2.8541666666666696,3.6666666666666696,1.9166666666666698,1.4583333333333302,2.0833333333333304,2.25,0,1.14583333333333,0.895833333333333,0.7575,0
root/Europe&CentralAsia/Georgia,root/Europe&CentralAsia,0,0,0,0,0,0,0,0,0,0,0,0,0,0,0,0,0,0,0,0,0,0,0,0,0,0,0,0,0,0,0,0,0,0,0,0,14.7050576605667,16.289125475379098,9.08333333333333,5.33333333333333,4.0,4.829692728872491,5.88956413920152,8.82981612950001,7.07461408609673,7.48249711128026,10.1319364498639,10.1942525216693,11.239273920341,10.8103234445944,10.0621515523871,11.5377973597106,10.7055201238594,9.72661726858263,8.42567997815753,8.91020689125682,9.93868142991361,9.65252400553331
root/Europe&CentralAsia/Germany,root/Europe&CentralAsia,0,0,0,0,0,0,0,0,0,0,0,0,0,0,0,0,0,0,3.05833333283333,5.1408333325,7.94916666583333,9.73666666566667,7.54249999916667,4.55666666575,4.85749999916667,4.439166666,3.705833333,3.2041666666666697,3.28833333333333,5.50083333333333,7.06833333333333,7.62333333333333,8.00583333333333,6.27166666666667,4.4708333333333306,3.8516666666666697,2.8316666666666697,2.6933333333333302,2.8775,2.42666666666667,3.3983333333333303,3.5566666666666698,2.65333333333333,0,0,0,0,0,0,0,0,0,0,0,0,0,0,0
root/Europe&CentralAsia/Greece,root/Europe&CentralAsia,0,0,0,0,0,0,0,0,0,0,0,0,0,0,0,0,0,0,0,0,0,0,0,0,0,0,0,0,17.325,17.1408333333333,19.516666666666698,20.6666666666667,19.915,19.3325,18.9166666666667,15.75,13.5083333333333,10.1083333333333,10.7,8.69166666666667,6.13333333333333,3.31666666666667,2.75833333333333,2.47833333333333,2.29083333333333,2.2291666666666696,0,0,0,0,0,0,0,0,0,0,0,0
root/Europe&CentralAsia/Hungary,root/Europe&CentralAsia,0,0,0,0,0,0,0,0,0,0,0,0,0,0,0,0,0,0,0,0,0,0,0,0,0,0,0,0,0,0,24.675,30.408333333333303,24.408333333333303,15.65,20.3083333333333,24.766783625362,20.630422852655602,17.6554636727792,15.4086975951107,12.649012371299902,9.19147845966661,8.98439099141686,7.32027178649307,7.077818020827019,10.5038434728745,6.410233288939001,6.03297147973723,7.23034791245983,8.05633658185826,8.13944215849008,4.92640922063634,5.490114029483331,6.27392469593333,3.770748274375,1.7774625851666699,1.1125032961,0.580953226616667,0.12009636780833301
root/Europe&CentralAsia/Ireland,root/Europe&CentralAsia,0,0,1.4166666666666698,1.0,1.5833333333333302,2.5,2.9166666666666696,3.0833333333333304,4.0625,4.33333333333333,4.5,3.6875,3.3333333333333304,7.0625,9.625,7.75,7.54166666666667,6.16666666666667,6.33333333333333,10.958333333333302,12.0,11.333333333333302,12.729166666666698,9.27083333333333,7.83333333333333,6.97916666666667,6.5,6.20833333333333,3.625,4.54166666666667,6.29166666666667,5.20833333333333,5.41666666666667,2.2708333333333304,0.33333333333333304,0.4375,0.293333333333333,0.46,0.4291666666666671,0.1,0.1,0.1,0.1,0.035,0.01,0.01,0,0,0,0,0,0,0,0,0,0,0,0
root/Europe&CentralAsia/Italy,root/Europe&CentralAsia,0,0,0,0,0,0,0,0,0,0,0,0,0,0,0,0,0,0,0,0,0,0,0,0,0,0,0,0,0,0,0,0,0,7.79464166666667,6.20365833333333,6.4472333333333305,6.48824166666667,4.82916666666667,3.1570916666666697,1.606675,1.8375083333333302,1.9601333333333302,1.43044166666667,0.945416666666667,0,0,0,0,0,0,0,0,0,0,0,0,0,0
root/Europe&CentralAsia/Kosovo,root/Europe&CentralAsia,0,0,0,0,0,0,0,0,0,0,0,0,0,0,0,0,0,0,0,0,0,0,0,0,0,0,0,0,0,0,0,0,0,0,0,0,0,0,0,0,0,0,0,0,2.75265979808149,3.11594835587211,3.10912286656883,3.9975411593174903,4.4207616345927,3.9776,3.3793390853370804,3.6189733864696003,3.72,2.4,1.11,1.15,1.2376,0
root/Europe&CentralAsia/KyrgyzRepublic,root/Europe&CentralAsia,0,0,0,0,0,0,0,0,0,0,0,0,0,0,0,0,0,0,0,0,0,0,0,0,0,0,0,0,0,0,0,0,0,0,0,0,30.705931481283198,28.9818750330084,35.370087873810796,27.3788984843889,14.4516634911129,8.08716831811704,4.11878875156959,2.51963267604954,1.9547286007822,1.9709081431616797,1.87889237746455,2.1527081581429397,2.4523293730524,2.81254297467993,1.9632035619949901,2.2005672032972003,2.31594108727335,2.33240992769718,2.49038830577952,2.45836864142959,2.42149745998442,2.7531957375338503
root/Europe&CentralAsia/Lithuania,root/Europe&CentralAsia,0,0,0,0,0,0,0,0,0,0,0,0,0,0,0,0,0,0,0,0,0,0,0,0,0,0,0,0,0,0,0,0,0,88.2941666666667,48.430833333333304,20.051666666666698,13.9475,7.88666666666667,5.98333333333333,4.9375,3.855,3.0033333333333303,1.6966666666666699,1.26666666666667,1.21666666666667,0,0,0,0,0,0,0,0,0,0,0,0,0
root/Europe&CentralAsia/Luxembourg,root/Europe&CentralAsia,0,0,0,0,0,0,0,0,0,0,0,0,0,0,0,0,0,0,0,0,0,0,0,0,0,0,5.5,4.9375,4.45833333333333,5.04166666666667,6.0,6.0,6.0,5.33333333333333,5.0,5.0,3.5416666666666696,3.4583333333333304,3.3125,0,0,0,0,0,0,0,0,0,0,0,0,0,0,0,0,0,0,0
root/Europe&CentralAsia/MacedoniaFYR,root/Europe&CentralAsia,0,0,0,0,0,0,0,0,0,0,0,0,0,0,0,0,0,0,0,0,0,0,0,0,0,0,0,0,0,0,0,0,0,0,117.558333333333,24.0708333333333,12.75,11.641666666666698,11.683333333333302,11.395833333333302,11.18,9.973333333333331,9.56,7.97166666666667,6.54166666666667,5.225,4.6583333333333306,4.875,5.89166666666667,7.04584683639284,7.06666666666667,5.91111173894168,5.08918527690409,4.41845864899974,3.69861023923082,2.88619416423437,2.4957521768911897,2.2091871013379603
root/Europe&CentralAsia/Moldova,root/Europe&CentralAsia,0,0,0,0,0,0,0,0,0,0,0,0,0,0,0,0,0,0,0,0,0,0,0,0,0,0,0,0,0,0,0,0,0,0,0,0,25.425,23.466666666666697,21.675,27.5416666666667,24.8666666666667,20.9333333333333,14.2,12.550833333333301,15.115,13.215,11.88,15.01,17.934166666666698,14.9425,7.66916666666667,7.572866801043791,7.63194796606406,7.22833333333333,5.7166666666666694,11.9707089285202,10.7260154440301,5.77260502353827
root/Europe&CentralAsia/Montenegro,root/Europe&CentralAsia,0,0,0,0,0,0,0,0,0,0,0,0,0,0,0,0,0,0,0,0,0,0,0,0,0,0,0,0,0,0,0,0,0,0,0,0,0,0,0,0,0,0,0,0,4.86520833333333,4.84375,5.0590625,5.08,3.8223166666666697,3.8116666666666696,3.699525,3.1321416666666697,3.26258333333333,2.9117083333333396,2.1393666666666697,1.45808333333333,1.06526666666667,0
root/Europe&CentralAsia/Netherlands,root/Europe&CentralAsia,0,0,0,0,0,0,0,0,0,0,0,0,0,0,0,0,0,0,0,0,0,0,0,0,0,0,0,0,0,0,0,0,0,0,4.7,4.39583333333333,3.5416666666666696,3.175,3.1041666666666696,2.74166666666667,2.8875,3.1041666666666696,2.7666666666666697,2.4875,2.3091666666666697,2.34083333333333,2.9822,3.8892,4.37083333333333,2.59751666666667,2.347175,2.60671666666667,2.73704166666667,0,0,0,0,0
root/Europe&CentralAsia/Poland,root/Europe&CentralAsia,0,0,0,0,0,0,0,0,0,0,0,0,0,0,0,0,0,0,0,0,0,0,0,0,0,0,0,0,0,0,0,0,0,0,33.4,26.783333333333303,20.016666666666698,19.1911857509268,18.219672823462602,11.2225,14.1725,11.795833333333302,6.205,3.7086769492685403,3.75208115256965,2.78960012749164,2.20022256180306,0,0,0,0,0,0,0,0,0,0,0
root/Europe&CentralAsia/Portugal,root/Europe&CentralAsia,0,0,0,0,0,0,0,0,0,0,0,0,0,0,0,0,9.5,12.541666666666698,17.6666666666667,19.0,19.0,19.25,21.0,26.0833333333333,28.0,25.0833333333333,17.125,14.458333333333302,13.208333333333302,13.0,13.9916666666667,14.8,14.591666666666699,11.058333333333302,8.36666666666667,8.38333333333333,6.31666666666667,4.55833333333333,3.36666666666667,2.4,0,0,0,0,0,0,0,0,0,0,0,0,0,0,0,0,0,0
root/Europe&CentralAsia/Romania,root/Europe&CentralAsia,0,0,0,0,0,0,0,0,0,0,0,0,0,0,0,0,0,0,0,0,0,0,0,0,0,0,0,0,0,0,0,0,0,0,57.0,44.725,37.26,55.8333333333333,37.275,45.866666666666696,33.1083333333333,26.8666666666667,19.233333333333302,11.024166666666698,11.538333333333302,6.415,4.76833333333333,6.7,9.51333333333333,11.986666666666698,7.31333333333333,6.2975,5.505,4.55083333333333,3.02,1.88833333333333,1.11333333333333,0.886666666666667
root/Europe&CentralAsia/RussianFederation,root/Europe&CentralAsia,0,0,0,0,0,0,0,0,0,0,0,0,0,0,0,0,0,0,0,0,0,0,0,0,0,0,0,0,0,0,0,0,0,0,0,0,0,16.766666666666698,17.05,13.683333333333302,6.50833333333333,0,0,0,0,0,0,0,0,0,0,0,0,5.5916666666666694,6.04166666666667,9.19583333333333,6.96916666666667,0
root/Europe&CentralAsia/Serbia,root/Europe&CentralAsia,0,0,0,0,0,0,0,0,0,0,0,0,0,0,0,0,0,0,0,0,0,0,0,0,0,0,0,0,0,0,0,0,0,0,0,0,0,0,0,0,0,0,24.283965513965203,16.489072556929997,15.740162923705801,15.439051491723198,18.323244804276303,12.62,16.1265144614352,15.386666666666699,13.119166666666699,18.3983333333333,18.035,18.323333333333302,14.913333333333302,0,0,0
root/Europe&CentralAsia/SlovakRepublic,root/Europe&CentralAsia,0,0,0,0,0,0,0,0,0,0,0,0,0,0,0,0,0,0,0,0,0,0,0,0,0,0,0,0,0,0,0,0,0,8.02,9.31666666666667,9.005,9.29666666666667,13.435833333333301,16.25,14.370833333333302,8.45,6.45916666666667,6.64833333333333,5.32583333333333,4.135833333333331,2.44,3.57416666666667,3.7225,0,0,0,0,0,0,0,0,0,0
root/Europe&CentralAsia/Slovenia,root/Europe&CentralAsia,0,0,0,0,0,0,0,0,0,0,0,0,0,0,0,0,0,0,0,0,0,0,0,0,0,0,0,0,0,0,0,0,153.015,33.039166666666695,28.103333333333303,15.38,15.084166666666698,13.188333333333302,10.5383333333333,7.23833333333333,10.0475,9.80916666666667,8.24,5.95,3.81666666666667,3.175,2.8,3.5975,4.051666666666669,0,0,0,0,0,0,0,0,0
root/Europe&CentralAsia/Spain,root/Europe&CentralAsia,0,0,0,0,0,0,0,0,0,0,0,0,0,0,0,0,0,0,0,0,0,0,12.2574999993333,12.31333333275,12.297499999749999,10.529166666333301,9.05,8.965,9.06,9.54583333333333,10.6541666666667,10.4716666666667,10.4333333333333,9.62833333333333,6.7025,7.67833333333333,6.115,3.9575,2.92166666666667,1.8475,2.9541666666666697,3.0825,2.5,0,0,0,0,0,0,0,0,0,0,0,0,0,0,0
root/Europe&CentralAsia/Switzerland,root/Europe&CentralAsia,0,0,0,0,0,0,0,0,0,0,0,0,0,0,0,0,0,0,0,0,0,8.75,3.0,3.5,4.5,3.5,3.5,3.0,4.5,8.08,8.28,7.63,5.5,3.5,3.63,1.28,1.34,1.0,0.69,1.24,3.0,1.68,0.43,0.17,0.21,0.52,1.4,2.13,0.16,0.08,0.08,0.03,0.03,0.03,0.02,0.18,0.21,0
root/Europe&CentralAsia/Tajikistan,root/Europe&CentralAsia,0,0,0,0,0,0,0,0,0,0,0,0,0,0,0,0,0,0,0,0,0,0,0,0,0,0,0,0,0,0,0,0,0,0,0,0,0,0,64.15,34.20375,24.1280833333333,21.3041666666667,9.541503235960949,9.83931168042677,10.166721845743199,10.1503557634588,9.517944993933,10.9938508263563,9.3702598365416,7.58063046634046,8.64764011395425,8.23675339049387,7.67463613213552,6.57881884807328,5.48951502356822,4.22619645319521,0,0
root/Europe&CentralAsia/Turkey,root/Europe&CentralAsia,0,0,0,0,0,0,0,0,0,0,0,0,0,0,0,0,0,0,0,7.33333333333333,8.0,26.5,45.0,45.3333333333333,51.4166666666667,49.25,40.5833333333333,35.0,49.0833333333333,53.79,47.4833333333333,62.68,68.7366666666667,64.5741666666667,87.7908325,75.9675,80.7516666666667,79.4916666666667,80.1075,78.4325,47.1575,74.6991666666667,50.491666666666696,37.6783333333333,24.259166666666697,20.396666666666697,21.6475,22.559166666666698,22.913333333333302,17.649166666666698,15.269166666666699,14.216666666666699,16.3516666666667,15.763333333333302,16.765,14.916666666666698,14.61,15.288333333333302
root/Europe&CentralAsia/Ukraine,root/Europe&CentralAsia,0,0,0,0,0,0,0,0,0,0,0,0,0,0,0,0,0,0,0,0,0,0,0,0,0,0,0,0,0,0,0,0,0,148.63333333333298,208.625,70.2916666666667,33.633333333333304,18.2083333333333,22.2541666666667,20.7,13.717341666666698,10.988891666666698,7.92675,6.9766,7.7959083333333306,8.57121666666667,7.5688,8.12026666666667,9.94879166666667,13.760866666666699,10.5557083333333,7.89835833333333,12.961191666666698,10.77735,12.10025,13.010483333333301,11.485758333333301,9.12695833333333
root/Europe&CentralAsia/UnitedKingdom,root/Europe&CentralAsia,3.375,4.04166666666667,2.7916666666666696,2.0,3.25,4.41666666666667,4.5,4.20833333333333,5.41666666666667,5.91666666666667,5.20833333333333,3.8333333333333304,4.14583333333333,8.02083333333333,9.5,7.08333333333333,7.54166666666667,4.89583333333333,6.08333333333333,11.708333333333302,14.125,10.6666666666667,12.421666666666699,11.1925,7.27166666666666,11.7925,9.85166666666666,8.56916666666667,8.54583333333333,11.505,12.5441666666667,10.28,7.46166666666667,3.97,3.65666666666667,4.1091666666666695,3.045,3.63166666666667,4.48333333333333,0,0,0,0,0,0,0,0,0,0,0,0,0,0,0,0,0,0,0
root/LatinAmerica&Caribbean,root,0,0,0,0,0,0,0,0,0,0,0,0,0,0,0,0,9.94,161.11334742261943,190.295563141723,183.14871603687632,168.57864982268467,273.68345831812303,308.25687685353,685.1810432259421,899.5919975469674,1248.9711931767097,543.4657543592908,956.4277512146188,109110.1192013678,26175.08768953523,13814.962319986887,1557.4112836105962,1998.3590267275074,3668.8607117034458,5524.783266619297,408.3423843549173,365.9033108798126,319.3230690864147,352.8289193346995,324.31706362577177,285.78124077906074,276.8968942100129,337.45335147328296,250.4193421736614,180.1050350882241,163.4676652757221,170.88649534944818,168.92715204014118,184.84193263170673,165.78201546490436,136.21405038249833,140.38858590602524,131.86805361193717,136.96527451492443,140.90569843691907,143.0660672729021,135.84848302921648,111.7434348295609
root/LatinAmerica&Caribbean/AntiguaandBarbuda,root/LatinAmerica&Caribbean,0,0,0,0,0,0,0,0,0,0,0,0,0,0,0,0,0,0,0,0,0,0,0,11.416666666666698,12.0,12.0,7.95833333333333,7.64583333333333,7.0,7.5,9.0,5.99536743,5.75261740316282,5.00782550704808,4.18785200662889,4.02228160824124,4.33129095419425,4.3561052363984,4.3443829187024,4.449548294741599,5.17721846072505,4.4893079780892196,4.36396949801434,4.85700062575664,4.121934471079371,3.85810817971604,3.8345593131892,3.5239239336045496,3.5372015568213904,3.48357886848825,3.37030687182617,3.37537690057588,3.16043061576853,3.04434917695378,2.8933939535398903,2.4661666666666697,1.9275,1.755
root/LatinAmerica&Caribbean/Argentina,root/LatinAmerica&Caribbean,0,0,0,0,0,0,0,0,0,0,0,0,0,0,0,0,0,115.430014089286,131.715563141723,117.28788270354299,79.6136498236847,157.070958318873,126.23854352053002,281.314376560859,396.845330881801,630.03114446513,94.68591355852259,175.945564586427,371.846283395348,17235.8149966616,1517.87569734601,61.6758333333333,16.779166666666697,11.340833333333302,8.08333333333333,11.9025,7.35666666666667,6.9666666666666694,7.56166666666667,8.04666666666667,8.33787833439748,16.163597493285803,39.2484458175081,10.160700678529,2.61496759139057,3.7623230484214902,6.42137358813992,7.97163225634332,11.049329017221199,11.6040351112797,9.166842067205618,10.6791717588966,12.023495462209802,17.804899245081803,20.058528387145,26.5838164541119,18.94669711089,21.5452360061547
root/LatinAmerica&Caribbean/Aruba,root/LatinAmerica&Caribbean,0,0,0,0,0,0,0,0,0,0,0,0,0,0,0,0,0,0,0,0,0,0,0,0,0,0,6.4,6.58333333333333,6.7,6.7,6.7,6.55,5.89166666666667,4.975,3.99166666666667,4.36666666666667,4.26666666666667,4.35833333333333,4.9,6.16666666666667,6.2,6.5,6.2,5.1,3.1,4.1,4.4,4.5,4.2,3.4,1.9,1.6,1.4,3.2,2.3,1.9,2.0,0
root/LatinAmerica&Caribbean/BahamasThe,root/LatinAmerica&Caribbean,0,0,0,0,0,0,0,0,0,0,0,0,0,0,0,0,0,0,0,0,6.9574999989999995,7.4775,7.5575,7.46749999975,7.439999998999999,6.39833333333333,5.57,5.5,5.97,6.48333333333333,6.57083333333333,6.91666666666667,6.13333333333333,5.19,4.30083333333333,4.19666666666667,5.135833333333331,5.22833333333333,5.3625,4.5725,4.07916666666667,4.37,4.01,4.1,3.75,3.27,3.76,3.92,3.98,3.69,3.21,2.1,0,0,0,0,0,0
root/LatinAmerica&Caribbean/Barbados,root/LatinAmerica&Caribbean,0,0,0,0,0,0,0,0,0,0,0,0,0,0,0,0,0,0,0,0,0,7.391666665916669,8.83333333333333,6.72499999916667,6.06666666616667,5.491666666166671,4.2833333333333306,3.6083333333333303,4.25833333333333,4.7833333333333306,6.2833333333333306,6.5333333333333306,6.68333333333333,4.39166666666667,4.31666666666667,5.10833333333333,5.2,4.575,4.20416666666667,4.4,4.9725,4.03916666666667,2.7041666666666697,2.5633333333333304,2.535,3.18,4.5975,5.13416666666667,4.46,2.86583333333333,2.66583333333333,2.67666666666667,2.5625,2.51083333333333,2.50916666666667,1.3225,0.3475,0
root/LatinAmerica&Caribbean/Belize,root/LatinAmerica&Caribbean,0,0,0,0,0,0,0,0,0,0,0,0,0,0,0,0,0,0,0,0,0,0,14.866666666333302,0,0,11.6249999996667,11.833333333333302,9.58333333333333,8.41666666666667,7.85833333333333,8.14166666666667,8.41666666666667,8.15,8.13333333333333,8.55,9.36666666666667,9.075,9.18583333333333,8.75583333333333,8.12166666666667,7.6941666666666695,6.35333333333333,6.28,6.93416666666667,7.41916666666667,7.71166666666667,8.155,8.3225,8.4575,8.3725,7.760833333333331,6.44083333333333,4.4125,3.585,2.89706136795201,2.6005970204927404,2.29776223564374,2.11942890231041
root/LatinAmerica&Caribbean/Bolivia,root/LatinAmerica&Caribbean,0,0,0,0,0,0,0,0,0,0,0,0,0,0,0,0,0,0,0,0,0,0,0,0,0,0,0,30.35,27.7375,23.6666666666667,23.834166666666697,23.775,23.2233333333333,22.1808333333333,18.431666666666697,18.87,19.158333333333303,14.728333333333302,12.819166666666698,12.2591666666667,10.9825,9.81876220185975,9.57995151332266,11.409903374700301,7.4197666666666695,4.93408333333333,4.0265083333333305,3.54554166666667,4.65583333333333,3.4392833333333304,1.04666851541744,1.40303615507917,1.62615307127361,1.7391835249966399,2.95013680512336,1.41389753874509,1.4437871869019299,2.46902430284961
root/LatinAmerica&Caribbean/Brazil,root/LatinAmerica&Caribbean,0,0,0,0,0,0,0,0,0,0,0,0,0,0,0,0,0,0,0,0,0,0,0,154.558333332833,267.63333333333304,295.41666666666697,109.475,401.025,859.4266666666671,5844.9835842771,9394.29317092605,913.467317036309,1560.18159815396,3293.50232545708,5175.2405527538,52.24648520771339,26.448433412790397,24.3506463193582,28.003333333333302,26.0225,17.1991666666667,17.856666666666698,19.1427279084507,21.970690480330703,15.4161509661468,17.628747668232602,13.9324026747455,10.577252570993801,11.6553322573294,9.2788317677565,8.870439316677858,10.9923648153524,7.9074665016006795,7.80710378657161,10.0236351018781,12.6224588389549,12.4457643794587,8.5135331985483
root/LatinAmerica&Caribbean/Chile,root/LatinAmerica&Caribbean,0,0,0,0,0,0,0,0,0,0,0,0,0,0,0,0,0,0,0,0,0,0,0,0,0,32.097548712412895,19.0406741341017,25.284686628192,15.163892240999802,27.788733576385003,40.3539978930694,22.348558588006,18.294645131545998,18.240660485832397,15.118757182410901,13.73354424406,13.482038760105699,12.017985542293001,14.917958565202598,8.56007740232106,9.20098734169417,6.187407363382059,3.7996444195662202,2.7337374864950497,1.93744532025397,3.9319133770227404,5.1059338284331295,5.6102274253653,7.4891973991988205,2.04760668499783,1.75118738241494,5.28683831409122,5.788217689411519,5.16886815476422,3.9191051752043395,3.6085440453713704,3.81516472833112,2.93925084026432
root/LatinAmerica&Caribbean/Colombia,root/LatinAmerica&Caribbean,0,0,0,0,0,0,0,0,0,0,0,0,0,0,0,0,0,0,0,0,0,0,0,0,0,0,31.3616666666667,30.79,33.4591666666667,33.7275,36.440833333333295,37.225,26.6716666666667,25.8358333333333,29.415833333333303,32.3383333333333,31.15,24.128333333333302,32.5833333333333,21.325,12.146666666666698,12.435,8.93833333333333,7.80333333333333,7.79833333333333,7.01427022890105,6.275211598830509,8.013912051012731,9.741080032127462,6.14578342299999,3.6618603298517103,4.26388459690465,5.35583383898964,4.17001756470844,4.0894071497328905,4.57923918208263,6.783432592866019,5.98939888576729
root/LatinAmerica&Caribbean/CostaRica,root/LatinAmerica&Caribbean,0,0,0,0,0,0,0,0,0,0,0,0,0,0,0,0,0,0,0,0,0,0,18.2916666666667,19.5,14.5,16.5,16.6733333333333,14.055833333333302,15.176666666666698,15.6175,21.1558333333333,27.315,15.8033333333333,16.8975,17.7233333333333,23.876666666666697,17.29,13.025,12.756666666666698,14.308333333333302,13.3819475,11.771661110833302,11.458333333055599,10.4097222222222,9.513888888888891,10.1425,9.77166666666667,6.35083333333333,4.15,6.95916666666667,5.323333333333331,4.00916666666667,4.73861111111111,3.8775,3.32277777777778,2.37083333333333,1.2125,2.7943333333333302
root/LatinAmerica&Caribbean/Dominica,root/LatinAmerica&Caribbean,0,0,0,0,0,0,0,0,0,0,0,0,0,0,0,0,0,0,0,0,0,0,5.0,5.66666666666667,5.5,5.5,5.5,5.5,5.5,4.70833333333333,5.0,4.17460958822872,3.96193111512205,4.193259493622819,4.49534429606037,4.2016047950092,4.2999554426646505,4.26853957030957,4.22703064014748,4.37927713032872,3.87453007787654,3.97650916185565,3.9139617897851,3.6586378123281,3.2584164754197,3.14695151673964,3.3330176957221096,3.25810206133821,3.20207573739202,3.20323383892458,3.26046502123527,3.2023600098013802,3.09811538483005,3.0504127481322003,2.8747175279101604,2.4509166666666697,1.905,1.755
root/LatinAmerica&Caribbean/DominicanRepublic,root/LatinAmerica&Caribbean,0,0,0,0,0,0,0,0,0,0,0,0,0,0,0,0,0,0,0,0,0,0,0,0,0,0,0,0,0,0,0,0,0,0,0,0,13.911666666666699,13.398333333333301,17.645,16.0666666666667,17.6533333333333,15.605,16.54,20.4975,21.1175,13.863333333333301,9.82916666666667,6.96166666666667,10.3475,7.8125,4.85583333333333,7.87416666666667,7.49416666666667,6.019860777937809,6.72666666666667,6.56083333333333,7.1808333333333305,0
root/LatinAmerica&Caribbean/Ecuador,root/LatinAmerica&Caribbean,0,0,0,0,0,0,0,0,0,0,0,0,0,0,0,0,0,0,0,0,0,0,0,0,0,0,0,0,0,0,0,0,0,0,0,0,0,0,0,0,0,0,0,0,0,0,0,0,4.865,4.78,3.9025,3.84416666666667,3.89,3.89,4.0275,4.375,4.77083333333333,3.49583333333333
root/LatinAmerica&Caribbean/ElSalvador,root/LatinAmerica&Caribbean,0,0,0,0,0,0,0,0,0,0,0,0,0,0,0,0,0,0,0,0,0,0,0,12.5,12.5,12.5,15.0,15.0,15.0,16.25,18.0,16.114166666666698,11.513333333333302,15.2725,13.565833333333302,14.3658333333333,13.98,11.771666666666698,10.3175,10.745,9.31416666666667,0,0,0,0,0,0,0,0,0,0,0,0,0,0,0,0,0
root/LatinAmerica&Caribbean/Grenada,root/LatinAmerica&Caribbean,0,0,0,0,0,0,0,0,0,0,0,0,0,0,0,0,0,0,0,0,0,0,0,6.33333333333333,7.5,7.5,5.79166666666667,6.29166666666667,6.08333333333333,5.66666666666667,7.0,3.74467660815772,3.67466003622988,3.88049028993573,3.61219997518512,3.67068319334696,3.7382582323472295,3.9282704168713396,4.1553581597113,4.30275976632304,4.23517249590445,4.22766636798356,3.59256383694368,3.3870177999789197,3.3218692395467504,2.8674157687211,2.9518520492207796,3.1258459299525,3.22884066009687,3.27337999587143,3.07915291459471,3.11242785468312,2.85812865297234,2.6404598293159602,2.39954130557555,1.8276666666666699,1.54,1.4475
root/LatinAmerica&Caribbean/Guatemala,root/LatinAmerica&Caribbean,0,0,0,0,0,0,0,0,0,0,0,0,0,0,0,0,0,0,0,0,0,0,0,0,0,0,0,0,0,0,0,0,0,0,0,0,0,5.8275,5.44333333333333,7.96166666666667,10.1708333333333,8.75416666666667,6.915,4.7825,4.19,4.34916666666667,4.50333333333333,4.76333333333333,5.07916666666667,5.57666666666667,5.4525,5.24416666666667,5.29333333333333,5.45166666666667,5.4775,5.46583333333333,5.475,5.37
root/LatinAmerica&Caribbean/Guyana,root/LatinAmerica&Caribbean,0,0,0,0,0,0,0,0,0,0,0,0,0,0,0,0,0,0,0,0,0,11.0,11.583333333333302,12.0,12.0,12.0,12.0,11.083333333333302,12.0,15.8075,29.175,29.529166666666697,22.509166666666697,12.2575,11.4175,12.9,10.4883333333333,8.56416666666667,8.1,9.075,8.70833333333333,7.63196428571429,4.52666666666667,3.18285714285714,2.68319444444444,2.58875,2.5357638888888903,2.47333333333333,2.3735416666666698,2.32390833333333,2.26808333333333,1.9409666666666698,1.523125,1.13368055555556,1.07291666666667,1.11458333333333,1.16666666666667,1.05
root/LatinAmerica&Caribbean/Haiti,root/LatinAmerica&Caribbean,0,0,0,0,0,0,0,0,0,0,0,0,0,0,0,0,0,0,0,0,0,0,0,0,0,0,0,0,0,0,0,0,0,0,0,0,0,0,0,0,0,0,0,0,0,0,7.80833333333333,5.91666666666667,0,1.13166666666667,0.735833333333333,0.28166666666666695,0.4541666666666671,0.683333333333333,2.61416666666667,4.28583333333333,5.635,0
root/LatinAmerica&Caribbean/Honduras,root/LatinAmerica&Caribbean,0,0,0,0,0,0,0,0,0,0,0,0,0,0,0,0,0,0,0,0,0,0,0,0,0,9.925,9.7,9.61666666666667,8.625,8.575,8.775,11.45,12.341666666666699,11.6,11.558333333333302,11.966666666666699,16.7,21.283333333333303,18.5825,19.9658333333333,15.934166666666698,14.476666666666699,13.7446810536932,11.483802234117501,11.0947345018684,10.8975,9.33166666666667,7.7833333333333306,9.490833333333331,10.816666666666698,9.81368916666667,8.1821625,8.934915,11.647428333333302,10.822678333333302,9.70041916666667,8.64420583333333,8.25449166666667
root/LatinAmerica&Caribbean/Jamaica,root/LatinAmerica&Caribbean,0,0,0,0,0,0,0,0,0,0,0,0,0,0,0,0,0,0,0,8.28333333333333,9.53333333333334,10.55,10.7083333333333,13.6,15.858333333333302,19.575,18.7583333333333,15.641666666666698,15.8,15.95,23.875,24.6666666666667,33.625,27.591666666666697,36.410833333333294,23.2066666666667,25.1675,13.868333333333302,16.4025,14.1166666666667,14.663024573014901,13.3176343728229,11.508834176766,11.794252111136801,10.7510684121957,9.8152818062486,9.2564324553746,8.88666856588463,9.12340753351861,9.67356520930568,6.4420387964087595,4.279065868288471,3.75100946327855,3.69570341658073,4.5224800638036,3.8946519643190096,3.55582802276644,0
root/LatinAmerica&Caribbean/Mexico,root/LatinAmerica&Caribbean,0,0,0,0,0,0,0,0,0,0,0,0,0,0,0,0,9.94,10.0666666666667,10.971666666666698,15.569166666666698,22.415833333333303,28.1016666666667,41.0525,59.9075,51.3566666666667,57.7441666666667,78.4333333333333,94.9591666666666,55.2241666666667,33.3716666666667,30.404166666666697,17.965,15.881666666666698,16.685833333333303,15.029166666666699,39.8225,26.404166666666697,16.3633333333333,15.454166666666698,11.601666666666699,8.25666666666667,6.2341666666666695,3.7575,3.0858333333333303,2.695,3.4566666666666697,3.29666666666667,3.205,3.0425,2.01083333333333,1.2125,0.955833333333333,1.0816666666666699,1.3316666666666699,0.84,0.5891666666666671,1.2875,2.69583333333333
root/LatinAmerica&Caribbean/Nicaragua,root/LatinAmerica&Caribbean,0,0,0,0,0,0,0,0,0,0,0,0,0,0,0,0,0,0,0,0,0,0,0,0,0,0,0,0,107379.12,1585.895,9.5,11.625,12.010833333333302,11.61,11.6958333333333,11.146666666666698,12.345,12.406666666666698,10.768016666666698,11.828333333333301,10.7982988572193,11.559491657668099,7.78905065834981,5.551707097300481,4.71597047096443,4.02968832420311,4.86527738443551,6.075202459198559,6.57258715229673,6.0080096975618495,2.9913282922327205,1.84691917709322,0.9958377110577059,1.01051054660565,1.0477467465547,1.047305628517,1.10226695489182,1.2542725434655801
root/LatinAmerica&Caribbean/Panama,root/LatinAmerica&Caribbean,0,0,0,0,0,0,0,0,0,0,0,0,0,0,0,0,0,0,0,0,0,0,0,0,0,0,0,0,0,0,0,0,0,0,0,0,0,7.03166666666667,6.7625,6.9216666666666695,7.0691666666666695,6.8283333333333305,4.965,3.97583333333333,2.23416666666667,2.695,3.83083333333333,4.7566666666666695,3.5310643658326604,3.48893459661483,3.0433333333333303,2.31916666666667,2.14333333333333,2.11625,2.15916666666667,2.135,2.12111154252153,2.15666666666667
root/LatinAmerica&Caribbean/Paraguay,root/LatinAmerica&Caribbean,0,0,0,0,0,0,0,0,0,0,0,0,0,0,0,0,0,0,0,0,0,0,0,0,0,0,0,0,0,0,22.9166666666667,22.529166666666697,20.1475,22.099166666666697,23.1183333333333,21.155,17.155,12.999166666666698,16.685,19.7491666666667,15.720833333333301,16.224166666666697,22.8608333333333,15.8308333333333,5.10833333333333,1.66166666666667,6.72,5.0025,3.0775,1.4558333333333302,1.2125,4.025,3.91583333333333,4.24,4.30666666666667,3.5125,3.7558333333333302,0
root/LatinAmerica&Caribbean/Peru,root/LatinAmerica&Caribbean,0,0,0,0,0,0,0,0,0,0,0,0,0,0,0,0,0,0,0,0,0,0,0,0,0,0,0,0,161.784025731452,1135.59454168681,2439.5627871550896,170.544317815613,59.6502559605338,15.458333333333302,9.9,9.63333333333333,10.2,10.3466666666667,10.898333333333301,11.8041666666667,9.795,5.06,3.6464343899619704,2.54113054441212,2.4864516,2.59,3.19,3.34774,3.8354800000000004,1.5558100000000001,1.8019999999999998,2.4681,0,0,0,0,0,0
root/LatinAmerica&Caribbean/StKittsandNevis,root/LatinAmerica&Caribbean,0,0,0,0,0,0,0,0,0,0,0,0,0,0,0,0,0,0,0,0,0,6.0,6.0,6.5,6.5,6.54166666666667,6.5,6.58333333333333,7.5,7.41666666666667,7.5,4.52406261716071,4.34772277562923,4.39210350152686,3.9914226821924,4.52162161940397,4.26598991133415,4.269379569433069,4.2183034547814,4.3136289085076704,4.32232209770158,4.226800433103,4.01062105825657,4.492767061621469,4.54373894239835,4.50966193235682,4.56113925921092,4.595707192312651,4.5493046014204,4.5906545096741,4.59337940425058,4.465355664840071,4.274618506824931,3.7362458644477003,3.18368773945204,2.7230000000000003,2.5,2.2675
root/LatinAmerica&Caribbean/StLucia,root/LatinAmerica&Caribbean,0,0,0,0,0,0,0,0,0,0,0,0,0,0,0,0,0,0,0,0,0,0,8.0,9.91666666666667,9.5,9.58333333333333,8.0,5.75,5.5625,5.54166666666667,6.125,4.13859569352651,4.30621158940887,4.03785817917992,3.83234278409019,4.425073402805401,4.5022343940796,4.65155769755,4.80048792284387,4.75862498807052,4.79586774024925,4.881739952910401,4.26508438695872,5.465758165019911,3.0472099809363997,2.83366905161996,2.9509960862164197,3.1007836937929603,3.25983350492109,3.2512915515276597,3.32395058557246,3.49423406657196,3.0580538339724903,2.9342381851395603,2.8002281288107502,2.27358333333333,1.8675,1.6575
root/LatinAmerica&Caribbean/StVincentandtheGrenadines,root/LatinAmerica&Caribbean,0,0,0,0,0,0,0,0,0,0,0,0,0,0,0,0,0,0,0,0,0,0,0,6.375,6.0,6.125,5.875,5.85416666666667,6.0,5.5,4.875,4.05711156692755,3.9385512285814204,3.8953554558865,3.88522827226236,4.338390284337001,4.139276438963329,4.21058473420125,4.27321433997699,4.458647135479151,4.5385766336113,4.557268497171361,4.35438513265039,4.560889836855059,3.29959153269029,2.89357837353902,2.9230645270407005,2.82009823367523,2.7915665635301203,2.93935813963752,2.8595905388021703,2.9920547400428505,2.87588175810801,2.7331220152054,2.63710122473827,2.11941666666667,1.895,1.865
root/LatinAmerica&Caribbean/Suriname,root/LatinAmerica&Caribbean,0,0,0,0,0,0,0,0,0,0,0,0,0,0,0,0,0,0,0,0,0,0,0,0,0,0,0,0,0,0,0,0,0,0,0,0,0,0,0,0,0,11.858333333333302,9.0,8.275,8.34166666666667,7.26666666666667,6.625,6.41666666666667,6.3416666666666694,6.375,6.16643465068186,6.388802255960491,6.79166666666667,7.0916666666666694,7.35,7.5333333333333306,8.075,9.05
root/LatinAmerica&Caribbean/TrinidadandTobago,root/LatinAmerica&Caribbean,0,0,0,0,0,0,0,0,0,0,0,0,0,0,0,0,0,0,0,0,0,0,0,0,0,0,0,0,0,6.27583333333333,5.9575,5.7925,6.9875,7.0625,6.90583333333333,0,0,6.90916666666667,7.9533333333333305,8.51,8.15083333333333,7.6625,4.76,2.9141666666666697,2.7916666666666696,0,0,5.9,7.37,3.4183333333333303,1.505,1.5,1.5,1.5,1.5,1.5,1.5,1.5
root/LatinAmerica&Caribbean/Uruguay,root/LatinAmerica&Caribbean,0,0,0,0,0,0,0,0,0,0,0,0,0,0,0,0,0,35.6166666666667,47.6083333333333,42.0083333333333,50.0583333333333,46.0916666666667,50.125,71.4,68.3916666666667,81.9,61.7,60.8333333333333,67.8166666666667,84.7,97.825,75.2333333333333,54.4666666666667,39.3833333333333,36.9833333333333,38.2416666666667,28.1333333333333,19.608333333333302,15.091666666666699,14.247833333333302,12.107916666666698,14.317916666666699,62.576329166666696,29.687934166666697,6.19863558333333,2.84322266666667,1.8312959999999998,2.36118066666667,3.23125725,4.40058373693104,4.165799861992769,4.5546312278437195,4.44982667719485,4.64794078959411,4.898054981720599,5.602304100307441,5.56579577494518,5.06613181686738
root/LatinAmerica&Caribbean/VenezuelaRB,root/LatinAmerica&Caribbean,0,0,0,0,0,0,0,0,0,0,0,0,0,0,0,0,0,0,0,0,0,0,0,0,0,10.5166666666667,8.92583333333333,8.9425,8.94833333333333,28.9108333333333,27.821666666666697,31.1041666666667,35.4316666666667,53.745,39.0212333333333,24.7185333333333,27.5783333333333,14.6958333333333,34.8416666666667,21.2783333333333,16.3,15.511666666666699,29.0008333333333,17.2083333333333,12.599166666666699,11.625833333333302,10.2625,10.706666666666699,16.1533333333333,16.4091666666667,14.800833333333301,14.59,14.5091666666667,14.503333333333302,14.681666666666699,14.886666666666699,15.085,14.7325
root/MiddleEast&NorthAfrica,root,0,0,0,0,0,0,0,0,3.5,3.5,4.0,4.0,4.0,4.0,4.0,4.0,13.5,20.16666666666667,21.375,27.333333333,41.70833333333333,50.70583333333333,68.61333333300003,62.139166666666696,64.26166666666667,66.65416666633335,68.3041666666667,71.41,72.2558333333333,63.940000000000026,64.5075,65.3941666666667,66.25166666666667,62.612500000000004,72.7691666666666,92.48500000000003,89.78916666666673,84.3679166666667,84.81500000000005,84.92817500000007,80.16594166666665,70.20532402639077,62.8923131163948,67.22900444753897,58.42669999999999,71.938625,81.40750833333334,82.88523206547964,77.04060736932175,68.78675317315209,60.132958910674944,52.091736522489654,56.1481694741071,56.118619883247355,55.76620054750687,48.94728319316489,42.941153926143784,33.46417533375208
root/MiddleEast&NorthAfrica/Algeria,root/MiddleEast&NorthAfrica,0,0,0,0,0,0,0,0,0,0,0,0,0,0,0,0,0,0,0,0,0,0,0,0,0,0,0,0,0,0,0,0,0,0,16.0,16.5833333333333,14.5,12.604166666666698,9.125,8.25,7.5,6.25,5.33333333333333,5.25,3.6458333333333304,1.9375,1.75,1.75,1.75,1.75,1.75,1.75,1.75,1.75,1.75,1.75,1.75,1.75
root/MiddleEast&NorthAfrica/Bahrain,root/MiddleEast&NorthAfrica,0,0,0,0,0,0,0,0,0,0,0,0,0,0,0,0,6.5,6.5,6.5,6.833333333,7.875,9.0,8.583333332999999,7.0,7.0,6.708333333,5.58333333333333,5.0,5.5,7.33333333333333,7.5,0,3.625,3.025,4.0,5.7,5.175,5.275,4.735,4.795,5.8175,2.7075,1.335,1.475,1.5425,3.1425,4.37,4.485,1.6475,1.5816666666666699,1.225,1.0225,1.08416666666667,1.05833333333333,0.9816666666666679,0.993333333333333,0,0
root/MiddleEast&NorthAfrica/Djibouti,root/MiddleEast&NorthAfrica,0,0,0,0,0,0,0,0,0,0,0,0,0,0,0,0,0,0,0,0,0,0,0,0,0,0,0,0,0,0,0,0,0,0,0,0,0,0,0,0,0,0,2.74791666666667,0.775,0,0,0,0,0,0,0,0,0,0,0,0,0,0
root/MiddleEast&NorthAfrica/EgyptArabRep,root/MiddleEast&NorthAfrica,0,0,0,0,0,0,0,0,0,0,0,0,0,0,0,0,3.0,4.66666666666667,5.875,7.0,8.33333333333333,10.0,11.0,11.0,11.0,11.0,11.0,11.0,11.0,11.666666666666698,12.0,12.0,12.0,12.0,11.833333333333302,10.916666666666698,10.5416666666667,9.83541666666667,9.3625,9.2175,9.45666666666667,9.45833333333333,9.33333333333333,8.225,7.725,7.225,6.01666666666667,6.1,6.58333333333333,6.49166666666667,6.23333333333333,6.74166666666667,7.64166666666667,7.68333333333333,6.91666666666667,6.9083333333333306,7.85833333333333,12.091666666666699
root/MiddleEast&NorthAfrica/IranIslamicRep,root/MiddleEast&NorthAfrica,0,0,0,0,0,0,0,0,0,0,0,0,0,0,0,0,0,0,0,0,0,0,0,0,0,0,0,0,0,0,0,0,0,0,0,0,0,0,0,0,0,0,0,11.675,11.7,11.777000000000001,11.56,11.6014212321463,13.304851227605699,13.14,11.94,11.1615765030269,14.811843017501399,14.7627730560652,16.942107230527302,16.3,12.8,0
root/MiddleEast&NorthAfrica/Iraq,root/MiddleEast&NorthAfrica,0,0,0,0,0,0,0,0,0,0,0,0,0,0,0,0,0,0,0,0,0,0,0,0,0,0,0,0,0,0,0,0,0,0,0,0,0,0,0,0,0,0,0,0,0,6.55833333333333,6.61666666666667,10.43,10.54,7.8191666666666695,6.0575,5.9125,5.87416666666667,5.74666666666667,5.1583333333333306,4.85666666666667,0,0
root/MiddleEast&NorthAfrica/Israel,root/MiddleEast&NorthAfrica,0,0,0,0,0,0,0,0,0,0,0,0,0,0,0,0,0,0,0,0,0,0,0,0,0,0,0,0,0,0,0,0,0,0,0,14.081666666666699,14.48,13.073333333333302,10.994166666666699,11.344841666666698,8.62985833333333,6.17919166666667,6.03364166666667,6.647125,3.61819166666667,3.23813333333333,4.30955,3.49633583333333,3.29795666666667,1.07415855833333,1.554359325,2.5207887,2.2033164000000003,1.43149969764995,0.7976823796828578,0.45712636411190005,0.48386616508166,0.5191941360632579
root/MiddleEast&NorthAfrica/Jordan,root/MiddleEast&NorthAfrica,0,0,0,0,0,0,0,0,0,0,0,0,0,0,0,0,0,0,0,0,0,0,0,0,0,0,0,0,0,0,8.15,8.13,7.2,6.88,7.0925,7.6825,8.5025,9.098333333333331,8.20583333333333,8.30416666666667,6.96833333333333,5.805,4.42583333333333,3.14333333333333,2.49166666666667,2.9125,4.62083333333333,5.44666666666667,5.46083333333333,4.9441666666666695,3.5275,3.395,3.77166666666667,4.8475,4.51916666666667,3.4991666666666696,3.02666666666667,0
root/MiddleEast&NorthAfrica/Kuwait,root/MiddleEast&NorthAfrica,0,0,0,0,0,0,0,0,0,0,0,0,0,0,0,0,0,0,0,0,4.5,9.20583333333333,9.21333333333333,7.13,7.73166666666667,7.24583333333333,6.80416666666667,5.7325,5.2975,7.4025,0,0,7.5916666666666694,7.0725,5.70083333333333,6.5333333333333306,6.04833333333333,5.925,6.31833333333333,5.76416666666667,5.8908333333333305,4.47451666666667,3.15190833333333,2.41753333333333,2.65475833333333,3.468575,4.92445833333333,5.44664166666667,4.805675,2.83054166666667,2.33673333333333,2.1612833333333303,2.0418,2.020675,2.02425,1.899,1.624425,1.61905488669999
root/MiddleEast&NorthAfrica/Lebanon,root/MiddleEast&NorthAfrica,0,0,0,0,0,0,0,0,0,0,0,0,0,0,0,0,0,0,0,0,0,0,12.941666666666698,10.0091666666667,11.53,13.2416666666667,16.4166666666667,21.1775,21.9583333333333,17.5375,16.8575,16.7641666666667,17.085,15.56,14.800833333333301,16.3,15.541666666666698,13.369166666666699,13.6066666666667,12.496666666666698,11.21,10.82,10.46,8.19,7.38,8.11,8.02,7.94,7.62,7.07,5.97,5.91,5.78,5.83,5.93,5.97,5.93,6.91
root/MiddleEast&NorthAfrica/Libya,root/MiddleEast&NorthAfrica,0,0,0,0,0,0,0,0,3.5,3.5,4.0,4.0,4.0,4.0,4.0,4.0,4.0,4.0,4.0,4.0,5.125,5.5,5.5,5.5,5.5,5.5,5.5,5.5,5.5,5.5,5.5,5.5,5.5,5.5,0,0,0,0,0,3.2083333333333304,3.0,3.0,3.0,3.0,2.0833333333333304,2.125,2.5,2.5,2.5,2.5,2.5,2.5,2.5,2.5,2.5,0,0,0
root/MiddleEast&NorthAfrica/Malta,root/MiddleEast&NorthAfrica,0,0,0,0,0,0,0,0,0,0,0,0,0,0,0,0,0,5.0,5.0,5.0,5.0,5.0,5.0,5.0,5.0,4.95833333333333,4.5,4.5,4.5,4.5,4.5,4.5,4.5,4.5,4.5,4.5,4.5,4.5625,4.64416666666667,4.66,4.8591666666666695,4.84169902639076,4.2960131163948,3.43784611420563,2.6283333333333303,2.7133333333333303,3.03333333333333,0,0,0,0,0,0,0,0,0,0,0
root/MiddleEast&NorthAfrica/Morocco,root/MiddleEast&NorthAfrica,0,0,0,0,0,0,0,0,0,0,0,0,0,0,0,0,0,0,0,4.5,4.875,6.0,6.375,6.5,6.5,8.0,8.5,8.5,8.5,0,0,8.5,0,0,0,0,0,0,7.260833333333331,6.3875,5.1583333333333306,5.03833333333333,4.54416666666667,3.77916666666667,3.605,3.5233333333333303,3.6666666666666696,3.66916666666667,3.9141666666666697,3.8091666666666697,3.69416666666667,3.75666666666667,3.83416666666667,3.9141666666666697,3.8925,3.80166666666667,3.4625,3.1225
root/MiddleEast&NorthAfrica/Oman,root/MiddleEast&NorthAfrica,0,0,0,0,0,0,0,0,0,0,0,0,0,0,0,0,0,0,0,0,0,0,0,0,0,0,0,0,0,0,0,0,0,0,0,0,0,0,0,0,7.67525,6.13075,3.33116666666667,2.5140000000000002,2.25208333333333,2.82241666666667,3.7876666666666696,4.18241666666667,3.89575,4.42841666666667,3.76216666666667,3.0119166666666697,2.6881666666666697,2.55583333333333,2.202,0,2.55733333333333,3.4455833333333303
root/MiddleEast&NorthAfrica/Qatar,root/MiddleEast&NorthAfrica,0,0,0,0,0,0,0,0,0,0,0,0,0,0,0,0,0,0,0,0,6.0,6.0,6.0,6.0,6.0,6.0,6.0,6.0,6.0,6.0,6.0,6.0,4.75,4.075,4.8416666666666694,6.1875,6.5,6.625,6.5625,6.5,0,0,0,0,0,3.185,4.23166666666667,4.425,2.965,4.23666666666667,2.89854191794078,1.74783798612941,1.66721005660568,1.4178387961988799,1.35182760396337,1.61199016238632,2.44802942772879,2.9061763109888
root/MiddleEast&NorthAfrica/SyrianArabRepublic,root/MiddleEast&NorthAfrica,0,0,0,0,0,0,0,0,0,0,0,0,0,0,0,0,0,0,0,0,0,0,4.0,4.0,4.0,4.0,4.0,4.0,4.0,4.0,4.0,4.0,4.0,4.0,4.0,4.0,4.0,4.0,4.0,4.0,4.0,4.0,4.0,6.0,6.0,7.0,9.0,8.41258333333333,7.9555411417160595,6.7111362814854,6.38365766773417,0,0,0,0,0,0,0
root/MiddleEast&NorthAfrica/WestBankandGaza,root/MiddleEast&NorthAfrica,0,0,0,0,0,0,0,0,0,0,0,0,0,0,0,0,0,0,0,0,0,0,0,0,0,0,0,0,0,0,0,0,0,0,0,0,0,0,0,0,0,1.5,0.9,0.7,1.1,2.2,3.0,3.0,0.8,0.4,0.3,0.5,0.5,0.6,0.8,0.9,1.0,1.1
root/NorthAmerica,root,0,0,0,0,0,0,0,0,0,0,0,4.7475,5.35833333333333,6.87416666666667,9.3125,7.35416666666667,8.64583333333333,6.95833333333333,8.1875,11.3125,11.520833333333302,15.958333333333302,12.916666666666698,7.33333333333333,8.9375,7.79166666666667,7.08333333333333,5.6875,6.64583333333333,9.08333333333333,9.85416666666667,5.75,3.9166666666666696,3.2083333333333304,3.9808333333333303,5.2825,3.0025,1.9033333333333302,3.0791666666666697,2.87916666666667,3.4833333333333303,2.25416666666667,0.829166666666667,1.1,0.783333333333333,0.791666666666667,1.825,2.0833333333333304,1.5,0.0958333333333333,0.2,0.475,0.4833333333333329,0.55,0.55,0.075,0.1,0
root/NorthAmerica/Canada,root/NorthAmerica,0,0,0,0,0,0,0,0,0,0,0,4.7475,5.35833333333333,6.87416666666667,9.3125,7.35416666666667,8.64583333333333,6.95833333333333,8.1875,11.3125,11.520833333333302,15.958333333333302,12.916666666666698,7.33333333333333,8.9375,7.79166666666667,7.08333333333333,5.6875,6.64583333333333,9.08333333333333,9.85416666666667,5.75,3.9166666666666696,3.2083333333333304,3.9808333333333303,5.2825,3.0025,1.9033333333333302,3.0791666666666697,2.87916666666667,3.4833333333333303,2.25416666666667,0.829166666666667,1.1,0.783333333333333,0.791666666666667,1.825,2.0833333333333304,1.5,0.0958333333333333,0.2,0.475,0.4833333333333329,0.55,0.55,0.075,0.1,0
root/SouthAsia,root,0,0,0,0,0,0,0,0,0,0,0,0,0,0,0,13.625,21.3333333333333,19.1666666666667,25.0,25.0,26.25,30.0,32.2916666666667,39.0,39.0,39.67499999991666,31.0,31.0,31.0,31.0,30.4566666666667,18.55,18.4658333333333,16.17833333333333,23.15333333333333,14.04333333333333,31.9175,32.95583333333334,33.26833333333334,31.92708333333333,29.769999999999996,28.68458333333333,31.83666666666666,26.655,26.154999999999998,27.016666666666673,30.21083333333334,34.63166666666666,36.25000000000003,38.105833333333294,32.13775833333333,32.169990212170475,35.38370657808878,37.63902972248036,33.24305595842629,28.32041654916653,25.91240151677146,13.657163255516142
root/SouthAsia/Bangladesh,root/SouthAsia,0,0,0,0,0,0,0,0,0,0,0,0,0,0,0,0,6.75,7.0,7.0,7.0,8.25,12.0,12.0,12.0,12.0,12.0,12.0,12.0,12.0,12.0,12.04,12.05,10.4658333333333,8.178333333333331,6.40333333333333,6.04333333333333,7.28416666666667,8.11416666666667,9.30166666666667,9.4375,8.68666666666667,9.15333333333333,7.9075,7.11,5.801666666666669,5.53416666666667,5.985,6.9933333333333305,7.5466666666666695,7.81416666666667,7.21083333333333,8.8375,10.2158333333333,11.721666666666698,9.8,8.24416666666667,6.19916666666667,5.60583333333333
root/SouthAsia/Bhutan,root/SouthAsia,0,0,0,0,0,0,0,0,0,0,0,0,0,0,0,0,0,0,0,0,0,0,0,5.5,5.5,6.08333333333333,6.5,6.5,6.5,6.5,6.5,6.5,8.0,8.0,8.0,8.0,8.20833333333333,8.25,8.25,8.25,8.25,7.8125,7.20833333333333,6.04166666666667,4.5,4.5,4.5,4.5,2.0,2.0,2.2083333333333304,4.5,4.79166666666667,4.70833333333333,4.54166666666667,4.0,4.0,0
root/SouthAsia/Maldives,root/SouthAsia,0,0,0,0,0,0,0,0,0,0,0,0,0,0,0,0,0,0,6.0,6.0,6.0,6.0,8.0,9.0,9.0,9.09166666658333,0,0,0,0,0,0,0,0,0,0,6.8,6.8,6.8,6.92708333333333,6.875,6.96875,7.5,7.5,6.5,6.5,6.5,6.5,6.5,6.5,4.049425,4.17332354550381,3.7307640053363595,3.80652972248036,4.138889291759621,4.1170832158331905,3.78406818343812,3.5738299221828105
root/SouthAsia/Nepal,root/SouthAsia,0,0,0,0,0,0,0,0,0,0,0,0,0,0,0,13.625,14.583333333333302,12.166666666666698,12.0,12.0,12.0,12.0,12.291666666666698,12.5,12.5,12.5,12.5,12.5,12.5,12.5,11.916666666666698,0,0,0,8.75,0,9.625,9.79166666666667,8.91666666666667,7.3125,5.95833333333333,4.75,0,0,2.6458333333333304,2.25,2.25,2.25,2.3958333333333304,2.5,3.625,0,0,0,0,0,0,0
root/SouthAsia/Pakistan,root/SouthAsia,0,0,0,0,0,0,0,0,0,0,0,0,0,0,0,0,0,0,0,0,0,0,0,0,0,0,0,0,0,0,0,0,0,0,0,0,0,0,0,0,0,0,0,0,1.6341666666666699,2.59583333333333,4.17416666666667,5.30833333333333,6.91833333333333,8.68083333333333,8.145,8.22583333333333,7.97916666666667,7.1716666666666695,7.265,5.9725,4.83416666666667,4.4775
root/SouthAsia/SriLanka,root/SouthAsia,0,0,0,0,0,0,0,0,0,0,0,0,0,0,0,0,0,0,0,0,0,0,0,0,0,0,0,0,0,0,0,0,0,0,0,0,0,0,0,0,0,0,9.22083333333333,6.00333333333333,5.073333333333331,5.63666666666667,6.801666666666669,9.08,10.889166666666698,10.6108333333333,6.89916666666667,6.43333333333333,8.666275906085781,10.230833333333301,7.4975,5.98666666666667,7.095,0
root/Sub-SaharanAfrica,root,0,0,0,0,0,0,0,3.5,3.5,3.5,6.5,6.5,6.54166666666667,6.5,18.33583333283333,20.088333332333328,19.54666666566667,26.71333333233333,34.192499999,67.254999999,106.42416666566668,142.93749999966667,162.77666666583335,166.83166666533336,170.88749999966672,225.52166666566666,245.82500000000007,234.71166666666667,236.72166666666658,254.92083333333338,273.54208333333344,304.98916666666673,377.5766666666666,292.6408333333334,347.0941666666667,505.03750000000036,512.5233333333333,365.5957916666666,349.7874166666668,345.7992083333334,353.016405,328.01631384808377,318.41329393559363,300.9604953248833,323.4860560508017,351.8774656609639,450.4071743846405,398.108433364028,284.12342374356655,290.7970642372543,258.6368401458531,251.54073455918171,273.78656554985366,270.0508414042634,249.73927902581633,239.19850779798122,224.25611033146333,119.06996118634845
root/Sub-SaharanAfrica/Angola,root/Sub-SaharanAfrica,0,0,0,0,0,0,0,0,0,0,0,0,0,0,0,0,0,0,0,0,0,0,0,0,0,0,0,0,0,0,0,0,0,0,0,125.916666666667,147.125,29.25,36.875,36.5725,39.5784,47.9087916666667,48.6908333333333,26.1725,15.439345526974302,13.3984966156938,4.50032920949549,6.7564336854282105,6.53807760064286,7.58936660757563,12.7562991888339,6.30923166027609,3.6036402667495495,3.14507073587628,3.52696441746378,3.31462018020741,5.5443181248823095,6.33304616150034
root/Sub-SaharanAfrica/Benin,root/Sub-SaharanAfrica,0,0,0,0,0,0,0,0,0,0,0,0,0,0,0,0,0,0,0,0,0,0,0,0,0,0,0,0,0,0,0,0,0,0,0,0,0,0,0,0,0,0,0,0,0,7.6075,7.82166666666667,7.81333333333333,8.12416666666667,8.57916666666667,8.38666666666667,8.50083333333333,7.9925,7.6541666666666694,7.25833333333333,6.99833333333333,6.925,0
root/Sub-SaharanAfrica/Botswana,root/Sub-SaharanAfrica,0,0,0,0,0,0,0,0,0,0,0,0,0,0,0,0,0,0,0,0,5.0,8.66666666666667,10.75,11.875,10.0,9.0,8.66666666666667,7.5,5.0,5.58333333333333,6.11458333333333,11.4,12.5,13.4908333333333,10.585,9.785,9.67583333333334,9.514375,8.43208333333333,9.09895833333333,9.41645833333333,10.0858333333333,10.45375,9.94510416666667,9.85104166666667,9.253825,8.87126785714286,8.61863916666667,8.673225,7.4695208333333305,5.59788333333333,5.1477375,3.6075875,3.1096525,2.534375,2.50229166666667,2.1230083333333303,1.4585166666666698
root/Sub-SaharanAfrica/BurkinaFaso,root/Sub-SaharanAfrica,0,0,0,0,0,0,0,0,0,0,0,0,0,0,0,0,0,0,0,0,0,0,0,0,0,0,0,0,0,0,0,0,0,0,0,0,0,0,0,0,0,0,0,0,0,7.6075,7.82166666666667,7.81333333333333,8.12416666666667,8.57916666666667,8.38666666666667,8.50083333333333,7.9925,7.6541666666666694,7.25833333333333,6.99833333333333,6.925,0
root/Sub-SaharanAfrica/Burundi,root/Sub-SaharanAfrica,0,0,0,0,0,0,0,0,0,0,0,0,0,0,0,0,0,0,0,0,0,0,0,0,0,4.5,5.95833333333333,5.33333333333333,4.0,0,0,0,0,0,0,0,0,0,0,0,0,0,0,0,0,0,0,0,0,0,0,0,0,0,0,0,0,0
root/Sub-SaharanAfrica/CaboVerde,root/Sub-SaharanAfrica,0,0,0,0,0,0,0,0,0,0,0,0,0,0,0,0,0,0,0,0,0,0,0,0,0,0,0,0,0,0,0,0,0,0,0,0,0,0,0,0,0,0,0,0,0,0,0,3.28646181457333,3.8101638557391806,2.884593535114,3.11427888142532,3.35121566636517,3.78753893040724,4.174495351028971,3.48231365022497,2.8678810276626803,2.63376353974346,2.5300289492736097
root/Sub-SaharanAfrica/Cameroon,root/Sub-SaharanAfrica,0,0,0,0,0,0,0,0,0,0,0,0,0,0,0,0,0,0,0,6.5,7.5,7.5,7.5,7.5,7.5,7.5,7.35416666666667,7.14583333333333,7.20833333333333,7.5,7.875,7.5,7.5,7.75,8.08333333333333,5.5,5.375,5.04166666666667,5.0,5.0,5.0,5.0,5.0,5.0,5.0,4.91666666666667,4.33333333333333,4.25,3.75,3.25,3.25,3.25,3.25,3.2083333333333304,2.6,2.45,2.45,0
root/Sub-SaharanAfrica/CentralAfricanRepublic,root/Sub-SaharanAfrica,0,0,0,0,0,0,0,0,0,0,0,0,0,0,0,0,0,0,0,4.0,5.5,7.5,7.5,7.5,7.5,7.5,7.35416666666667,7.1875,7.4375,7.5,7.5,7.5,7.5,7.75,8.08333333333333,5.5,5.45833333333333,5.0,5.0,5.0,5.0,5.0,5.0,5.0,5.0,4.91666666666667,4.33333333333333,4.25,3.75,3.25,3.25,3.25,3.25,3.2083333333333304,2.6,2.45,2.45,0
root/Sub-SaharanAfrica/Chad,root/Sub-SaharanAfrica,0,0,0,0,0,0,0,0,0,0,0,0,0,0,0,0,0,0,0,4.5,5.5,5.5,5.5,5.5,5.5,5.5,5.5,5.33333333333333,4.3125,4.25,5.0625,7.5,7.5,7.75,8.08333333333333,5.5,5.45833333333333,5.0,5.0,5.0,5.0,5.0,5.0,5.0,5.0,4.91666666666667,4.33333333333333,4.25,3.75,3.25,3.25,3.25,3.25,3.2083333333333304,2.6,2.45,2.45,0
root/Sub-SaharanAfrica/Comoros,root/Sub-SaharanAfrica,0,0,0,0,0,0,0,0,0,0,0,0,0,0,0,0,0,0,0,0,0,0,0,0,0,0,0,0,0,0,0,0,0,0,0,0,0,0,0,0,3.0,3.0,3.1666666666666696,3.5,3.5,3.0,2.5,2.5,2.5,1.875,1.75,1.75,1.75,1.75,1.75,1.75,1.75,1.75
root/Sub-SaharanAfrica/CongoDemRep,root/Sub-SaharanAfrica,0,0,0,0,0,0,0,0,0,0,0,0,0,0,0,0,0,0,0,0,0,0,0,0,0,0,0,0,0,0,0,0,0,0,0,0,0,0,0,0,0,0,0,0,0,0,0,14.387583333333302,7.7975,16.075,16.7733333333333,13.3566666666667,7.71916666666667,4.709,4.0066666666666695,3.65833333333333,3.375,4.185
root/Sub-SaharanAfrica/CongoRep,root/Sub-SaharanAfrica,0,0,0,0,0,0,0,0,0,0,0,0,0,0,0,0,0,0,0,5.5,6.5,6.5,6.5,7.5,7.5,8.25,8.10416666666667,7.79166666666667,7.8125,8.0,7.6875,7.5,7.5,7.75,8.08333333333333,5.5,5.45833333333333,5.0,5.0,5.0,5.0,5.0,5.0,5.0,5.0,4.91666666666667,4.33333333333333,4.25,3.75,3.25,3.25,3.25,3.25,3.2083333333333304,2.6,2.45,2.45,0
root/Sub-SaharanAfrica/CotedIvoire,root/Sub-SaharanAfrica,0,0,0,0,0,0,0,0,0,0,0,0,0,0,0,0,0,0,0,0,0,0,0,0,0,0,0,0,0,0,0,0,0,0,0,0,0,0,0,0,0,0,0,0,0,7.6075,7.82166666666667,7.81333333333333,8.12416666666667,8.57916666666667,8.38666666666667,8.50083333333333,7.9925,7.6541666666666694,7.25833333333333,6.99833333333333,6.925,0
root/Sub-SaharanAfrica/EquatorialGuinea,root/Sub-SaharanAfrica,0,0,0,0,0,0,0,0,0,0,0,0,0,0,0,0,0,0,0,0,0,0,0,0,0,7.5,8.25,7.875,6.33333333333333,6.5,6.75,7.5,7.5,7.75,8.08333333333333,5.5,5.45833333333333,5.0,5.0,5.0,5.0,5.0,5.0,5.0,5.0,4.91666666666667,4.33333333333333,4.25,3.75,3.25,3.25,3.25,3.25,3.2083333333333304,2.6,2.45,2.45,0
root/Sub-SaharanAfrica/Gabon,root/Sub-SaharanAfrica,0,0,0,0,0,0,0,0,0,0,0,0,0,0,0,0,0,0,0,6.5,7.5,7.5,7.5,7.5,7.5,7.66666666666667,8.0,7.9375,8.16666666666667,8.75,8.4375,7.5,7.5,7.75,8.08333333333333,5.5,5.45833333333333,5.0,5.0,5.0,5.0,5.0,5.0,5.0,5.0,4.91666666666667,4.33333333333333,4.25,3.75,3.25,3.25,3.25,3.25,3.2083333333333304,2.6,2.45,2.45,0
root/Sub-SaharanAfrica/GambiaThe,root/Sub-SaharanAfrica,0,0,0,0,0,0,0,0,0,0,0,0,0,0,0,0,0,0,0,0,0,0,0,0,0,15.5,18.0,15.0,15.0,12.5,12.5,13.5,14.5,13.0,12.5,12.5,12.5,12.5,12.5,12.5,12.5,12.5,15.0,22.0,22.0,14.0,10.0,12.9,15.5,15.5,12.0,11.5,11.5,16.85,15.55,0,0,0
root/Sub-SaharanAfrica/Ghana,root/Sub-SaharanAfrica,0,0,0,0,0,0,0,0,0,0,0,0,0,0,0,0,0,0,0,11.5,11.5,11.5,11.5,11.5,15.0,15.75,17.0,17.5833333333333,16.5,0,0,21.323333333333302,16.323333333333302,23.6291666666667,23.146666666666697,28.7341666666667,34.4975,35.7591666666667,32.0491666666667,23.5625,28.6041666666667,30.8541666666667,16.2083333333333,14.323333333333302,13.625,10.1625,8.88541666666667,8.89583333333333,11.285,17.064166666666697,12.878333333333302,8.90833333333333,10.05,12.35,12.904166666666699,13.3391666666667,0,0
root/Sub-SaharanAfrica/GuineaBissau,root/Sub-SaharanAfrica,0,0,0,0,0,0,0,0,0,0,0,0,0,0,0,0,0,0,0,0,0,0,0,0,0,0,0,0,0,0,0,0,0,0,0,0,0,0,0,0,0,0,0,0,0,7.6075,7.82166666666667,7.81333333333333,8.12416666666667,8.57916666666667,8.38666666666667,8.50083333333333,7.9925,7.6541666666666694,7.25833333333333,6.99833333333333,6.925,0
root/Sub-SaharanAfrica/Kenya,root/Sub-SaharanAfrica,0,0,0,0,0,0,0,3.5,3.5,3.5,3.5,3.5,3.5,3.5,4.3149999994999995,5.129999999,5.129999999,5.129999999,5.129999999,5.129999999,5.75333333266667,8.84666666666667,12.1975,13.27,11.770833333333302,11.25,11.25,10.3125,10.3333333333333,12.0,13.666666666666698,0,0,0,0,13.5975,17.5908333333333,16.7216666666667,18.400833333333303,9.55083333333333,8.10083333333333,6.63916666666667,5.48666666666667,4.13333333333333,2.43333333333333,5.0825,5.13870295130725,5.162251046342799,5.30213063373777,5.96701675024746,4.5573666666666695,5.62856339761252,11.572144657289801,8.641769671057009,8.37337960777482,9.18894521073093,8.6886255727196,7.67412325789829
root/Sub-SaharanAfrica/Lesotho,root/Sub-SaharanAfrica,0,0,0,0,0,0,0,0,0,0,0,0,0,0,0,0,0,0,0,0,0,0,0,0,0,0,10.0416666666667,7.0,9.58333333333333,12.816666666666698,13.0,13.0,10.6083333333333,8.0625,8.425,13.341666666666699,12.733333333333302,11.8125,10.7333333333333,7.45416666666667,4.91666666666667,4.83333333333333,5.1875,5.16166666666667,4.24166666666667,4.2166666666666694,4.54333333333333,6.45833333333333,7.64166666666667,4.85,3.68333333333333,2.695,2.85,2.85,2.725,2.3358333333333303,1.10666666666667,1.2175
root/Sub-SaharanAfrica/Liberia,root/Sub-SaharanAfrica,0,0,0,0,0,0,0,0,0,0,0,0,0,0,0,0,0,0,0,0,10.3,11.5,10.2083333329167,10.2499999995833,9.80833333308333,9.33999999983333,7.25,5.88333333333333,5.43333333333333,6.76666666666667,0,0,0,0,6.3416666666666694,6.36666666666667,0,6.425,6.21916666666667,6.25166666666667,6.1808333333333305,5.94333333333333,6.24583333333333,5.28666666666667,3.83964027503918,3.43333333333333,3.44416666666667,3.7685357991592996,3.99583333333333,4.10833333333333,3.5416666666666696,3.03333333333333,3.5,3.87170393303303,4.16083333333333,4.05083333333333,3.84833333333333,0
root/Sub-SaharanAfrica/Madagascar,root/Sub-SaharanAfrica,0,0,0,0,0,0,0,0,0,0,0,0,0,0,0,0,0,0,0,0,0,0,0,0,0,0,0,0,0,0,0,0,0,0,0,0,0,0,0,0,0,0,0,0,0,0,0,0,0,0,0,0,10.4,10.1458333333333,10.954166666666698,14.666666666666698,15.0,15.0
root/Sub-SaharanAfrica/Malawi,root/Sub-SaharanAfrica,0,0,0,0,0,0,0,0,0,0,0,0,0,0,0,0,0,0,0,0,7.91666666666667,9.75,9.75,9.91666666666667,11.75,12.5,12.75,14.25,13.5,12.75,12.104166666666698,12.5,16.5,21.75,25.0,37.2708333333333,26.3333333333333,10.2083333333333,19.0625,33.2083333333333,33.25,34.9583333333333,28.0833333333333,25.125,13.729166666666698,10.916666666666698,11.0,5.973888888888889,3.5,3.5,3.6041666666666696,4.1128472222222205,11.0761237373737,18.4097222222222,13.1745580808081,11.594696969696901,11.573545454545501,0
root/Sub-SaharanAfrica/Mali,root/Sub-SaharanAfrica,0,0,0,0,0,0,0,0,0,0,0,0,0,0,0,0,0,0,0,0,0,0,0,0,0,0,0,0,0,0,0,0,0,0,0,0,0,0,0,0,0,0,0,0,0,7.6075,7.82166666666667,7.81333333333333,8.12416666666667,8.57916666666667,8.38666666666667,8.50083333333333,7.9925,7.6541666666666694,7.25833333333333,6.99833333333333,6.925,0
root/Sub-SaharanAfrica/Mauritius,root/Sub-SaharanAfrica,0,0,0,0,0,0,0,0,0,0,0,0,0,0,0,0,0,0,0,0,0,9.25,11.145833333333302,12.0625,10.2916666666667,9.45833333333333,9.5,9.375,10.0,11.0625,12.5625,12.3125,10.065,8.39583333333333,11.0425,12.229166666666698,10.770833333333302,9.08333333333333,9.28166666666667,10.916666666666698,9.61416666666667,9.78166666666667,9.875,9.525,8.14583333333333,7.25,9.55,11.770833333333302,10.1083333333333,8.44583333333333,8.35,7.10833333333333,6.23333333333334,6.8125,6.78416666666667,6.08583333333333,5.1541666666666694,3.05416666666667
root/Sub-SaharanAfrica/Mozambique,root/Sub-SaharanAfrica,0,0,0,0,0,0,0,0,0,0,0,0,0,0,0,0,0,0,0,0,0,0,0,0,0,0,0,0,0,0,0,0,0,0,33.381666666666696,38.838333333333296,18.141666666666698,25.4325,8.223333333333331,7.86,9.695,15.011277777777801,17.988125,12.149166666666698,9.904953426248868,7.801575726989619,10.3690113573382,11.850537092014001,10.9847672018614,9.522995982439491,9.68444213399616,12.9827651515151,11.432474596198402,8.79509633298215,8.57801807367278,8.53188151095179,10.751365164695,17.0904244877525
root/Sub-SaharanAfrica/Namibia,root/Sub-SaharanAfrica,0,0,0,0,0,0,0,0,0,0,0,0,0,0,0,0,0,0,0,0,0,0,0,0,0,0,0,0,0,0,0,12.774166666666698,11.361666666666698,9.61166666666667,9.18083333333333,10.843333333333302,12.56,12.700833333333302,12.94,10.815833333333302,7.39,6.79416666666667,7.80916666666667,8.755,6.35166666666667,6.24,6.29833333333333,7.5466666666666695,8.384166666666669,6.24166666666667,4.99666666666667,4.2825,4.20875,3.9775,4.24833333333333,4.71333333333333,5.646592667473089,5.90036908760148
root/Sub-SaharanAfrica/Niger,root/Sub-SaharanAfrica,0,0,0,0,0,0,0,0,0,0,0,0,0,0,0,0,0,0,0,0,0,0,0,0,0,0,0,0,0,0,0,0,0,0,0,0,0,0,0,0,0,0,0,0,0,7.6075,7.82166666666667,7.81333333333333,8.12416666666667,8.57916666666667,8.38666666666667,8.50083333333333,7.9925,7.6541666666666694,7.25833333333333,6.99833333333333,6.925,0
root/Sub-SaharanAfrica/Nigeria,root/Sub-SaharanAfrica,0,0,0,0,0,0,0,0,0,0,3.0,3.0,3.0416666666666696,3.0,3.0,3.0,2.6666666666666696,2.8333333333333304,4.14583333333333,0,5.266666666333331,5.715833333,7.59999999958333,7.41166666591667,8.25416666658333,9.11666666583333,9.235,13.0875,12.95,14.675,19.783333333333303,14.916666666666698,18.0416666666667,23.2416666666667,13.091666666666699,13.530833333333302,13.059166666666698,7.16916666666667,10.1083333333333,12.810833333333301,11.690833333333302,15.255833333333301,16.67,14.2175,13.6983396127821,10.5325,9.7425,10.2883333333333,11.970833333333301,13.296666666666699,6.52083333333333,5.69916666666667,8.4075,7.945,9.339166666666669,9.14833333333333,7.49669708286334,9.5535555104154
root/Sub-SaharanAfrica/Rwanda,root/Sub-SaharanAfrica,0,0,0,0,0,0,0,0,0,0,0,0,0,0,0,0,0,0,0,0,0,0,0,0,0,0,0,0,0,0,0,0,0,0,0,0,11.0125,8.37975,8.84466666666667,8.45275,9.4855,9.97916666666667,9.64833333333333,9.165,9.23133333333333,8.67275,8.20333333333333,7.62,6.07666666666667,8.10833333333333,6.76416666666667,7.74916666666667,8.84583333333333,9.92485859542517,8.24148079681899,8.23843666450833,7.91393326930495,5.947062100568401
root/Sub-SaharanAfrica/SaoTomeandPrincipe,root/Sub-SaharanAfrica,0,0,0,0,0,0,0,0,0,0,0,0,0,0,0,0,0,0,0,0,0,0,0,0,0,0,0,0,0,16.0,16.0,35.0,35.0,35.0,35.0,35.0,31.0,36.75,38.2916666666667,27.0,21.4166666666667,15.0,15.0,9.49,11.49,12.2375,10.75,12.75,12.75,11.920833333333302,11.115,12.3575,12.89,12.5975,8.92416666666667,6.89666666666667,4.13416666666667,0
root/Sub-SaharanAfrica/Senegal,root/Sub-SaharanAfrica,0,0,0,0,0,0,0,0,0,0,0,0,0,0,0,0,0,0,0,0,0,0,0,0,0,0,0,0,0,0,0,0,0,0,0,0,0,0,0,0,0,0,0,0,0,7.6075,7.82166666666667,7.81333333333333,8.12416666666667,8.57916666666667,8.38666666666667,8.50083333333333,7.9925,7.6541666666666694,7.25833333333333,6.99833333333333,6.925,0
root/Sub-SaharanAfrica/Seychelles,root/Sub-SaharanAfrica,0,0,0,0,0,0,0,0,0,0,0,0,0,0,0,0,0,0,0,0,0,9.0,9.0,9.08333333333333,9.5,9.6,10.0,10.0,10.0,9.7325,9.55083333333333,9.50166666666667,9.55833333333333,9.365,8.84583333333333,9.2225,9.90416666666667,9.19583333333333,7.53416666666667,5.1325,4.7675,4.92083333333333,4.93333333333333,3.98916666666667,3.5458333333333303,3.72,2.45556333333333,3.0685928204492496,3.9661661550384104,9.76746400687392,2.85994658221167,2.08331761975456,3.29824626380438,3.42883588986758,2.33304983891299,3.16129128718516,3.4876616007153998,3.60741142824611
root/Sub-SaharanAfrica/SierraLeone,root/Sub-SaharanAfrica,0,0,0,0,0,0,0,0,0,0,0,0,0,0,0,0,0,7.0,7.0,7.25,9.16666666666667,10.0,10.0,11.0,12.0,11.333333333333302,14.166666666666698,12.666666666666698,16.3333333333333,20.0,40.5,47.8,54.6666666666667,27.0,11.6333333333333,7.0291666666666694,13.955,9.905,7.12333333333333,9.50166666666667,9.245,7.765,9.39583333333333,9.67,11.168333333333301,11.7975,11.14,10.7875,10.5925,9.7225,9.46666666666667,10.311388888888901,10.39,8.90916666666667,6.60590277777778,4.48583333333333,4.19083333333333,4.07
root/Sub-SaharanAfrica/SouthAfrica,root/Sub-SaharanAfrica,0,0,0,0,0,0,0,0,0,0,0,0,0,0,0,0,0,0,0,0,0,0,0,0,0,0,0,0,0,0,0,0,0,0,0,0,0,0,0,0,0,0,0,0,0,0,0,0,11.6125,8.53666666666667,6.465,5.6725,5.43666666666667,5.1525,5.80083333333333,6.15333333333333,7.1716666666666695,7.245
root/Sub-SaharanAfrica/SouthSudan,root/Sub-SaharanAfrica,0,0,0,0,0,0,0,0,0,0,0,0,0,0,0,0,0,0,0,0,0,0,0,0,0,0,0,0,0,0,0,0,0,0,0,0,0,0,0,0,0,0,0,0,0,0,0,0,0,0,0,0,1.9791885016055801,1.3627299734591898,1.3930815772703702,1.19666338224756,1.0195162978418701,0.7117237650654309
root/Sub-SaharanAfrica/Swaziland,root/Sub-SaharanAfrica,0,0,0,0,0,0,0,0,0,0,0,0,0,0,7.02083333333333,7.95833333333333,7.75,7.75,7.66666666666667,5.625,4.5,6.58333333333333,11.666666666666698,11.166666666666698,15.0,14.381666666666698,7.59,4.88833333333333,6.74,9.07583333333333,8.740833333333331,10.599166666666699,10.4933333333333,7.89,7.535,9.43833333333333,11.083333333333302,12.0,11.916666666666698,9.85916666666667,6.53,6.15,8.01666666666667,7.58833333333333,4.63083333333333,4.0125,4.93,7.05416666666667,8.16666666666667,5.40333333333333,3.85333333333333,2.85,2.465,2.08,2.14,2.27,2.94,3.2
root/Sub-SaharanAfrica/Tanzania,root/Sub-SaharanAfrica,0,0,0,0,0,0,0,0,0,0,0,0,0,0,4.0,4.0,4.0,4.0,4.0,4.0,4.0,4.0,4.0,4.0,4.0,4.5,8.5,15.75,17.4583333333333,17.0,0,0,0,0,0,24.625,13.591666666666699,7.83333333333333,7.75333333333333,7.75,7.38666666666667,4.81082773697271,3.2890281022604198,3.04789465378034,4.20066614744214,4.73280324664541,6.72651692296632,8.67953680782008,8.25265193666667,7.97180226069304,6.62351402473116,6.77759280422915,9.545066517464651,9.96804030723581,9.85526139258425,9.89652810538646,10.494630347386801,0
root/Sub-SaharanAfrica/Togo,root/Sub-SaharanAfrica,0,0,0,0,0,0,0,0,0,0,0,0,0,0,0,0,0,0,0,0,0,0,0,0,0,0,0,0,0,0,0,0,0,0,0,0,0,0,0,0,0,0,0,0,0,7.6075,7.82166666666667,7.81333333333333,8.12416666666667,8.57916666666667,8.38666666666667,8.50083333333333,7.9925,7.6541666666666694,7.25833333333333,6.99833333333333,6.925,0
root/Sub-SaharanAfrica/Uganda,root/Sub-SaharanAfrica,0,0,0,0,0,0,0,0,0,0,0,0,0,0,0,0,0,0,0,0,0,0,0,0,0,20.0,23.3333333333333,20.0,21.5,32.1666666666667,31.25,31.1666666666667,35.8333333333333,16.2583333333333,9.9925,7.60833333333333,10.6183333333333,11.84,11.355666666666698,8.7275,9.83938,8.46833333333333,5.5648908333333305,9.84916317110295,7.740508789588111,8.7925226473926,9.08536608639042,9.26209470422399,10.6705362316752,9.75250938918253,7.687276001321631,13.343507981651301,16.798304578960302,12.1156726815361,10.8095065889367,12.7676244043396,13.2379552257376,9.69723419871754
root/Sub-SaharanAfrica/Zambia,root/Sub-SaharanAfrica,0,0,0,0,0,0,0,0,0,0,0,0,0,0,0,0,0,0,6.25,6.75,7.0,6.16666666666667,6.0,7.0,7.70833333333333,15.333333333333302,17.7416666666667,13.234166666666699,11.44,11.44,25.654166666666697,0,48.5,0,46.1416666666667,30.2416666666667,42.125,34.475,13.083333333333302,20.266666666666698,20.2416666666667,23.408333333333303,23.325,21.95,11.5102272727273,11.1888257575758,10.325,9.215544871794869,6.550705128205121,7.0901282051282,7.4,7.0234,7.0,6.490859877206599,7.877220556904089,8.99228440691621,10.782830983554401,8.844798905975999
root/Sub-SaharanAfrica/Zimbabwe,root/Sub-SaharanAfrica,0,0,0,0,0,0,0,0,0,0,0,0,0,0,0,0,0,0,0,0,3.5208333333333304,7.45833333333333,14.458333333333302,12.7958333331667,10.3041666666667,10.0416666666667,10.2791666666667,9.57666666666667,9.67916666666667,8.85166666666667,8.8025,14.195,28.625,29.4458333333333,26.7508333333333,25.9183333333333,21.579166666666698,18.5983333333333,29.059166666666698,38.5066666666667,50.1666666666667,13.947916666666698,18.375,35.9166666666667,103.208333333333,91.075,203.375,121.5,0,0,0,0,0,0,0,6.70452964814815,4.09083333333333,0
