root/EastAsia&PacificAustralia,root,5.1722240563442305,5.31420905995253,5.02734024320575,5.614191251271619,5.56913593368052,6.0381116190648605,5.09230578614794,5.799848369977259,5.39267015706806,5.37201554691838,5.243919919728611,4.68041506801535,4.846042365646901,5.1493358152127895,5.1351595696591605,4.49831146468759,4.54048074263795,4.24926689437788,4.11222136817832,3.39586607515865,3.5722089841108002,3.50742604639745,3.2239704421142,3.1137839872542297,2.5013589997761603,2.44837604678293,2.56484271593117,2.31456285814899,2.21318590412052,2.4121118809340496,2.6562197520046498,2.60645885461731,2.44996143337125,2.22297743038202,1.85602279768906,1.96753463528626,1.9378424291874798,2.0351367706401797,1.8965676141824601,1.81352299903718,2.01423578190669,2.17585574084417,2.3784652882321,2.7386862047731,3.40435734490642,0
root/EastAsia&PacificCambodia,root,0,0,0,0,0,0,0,0,0,0,0,0,0,0,0,0,0,0,0,0,0,0,0,0,0,0,0,0,0,0,22.3627104549884,25.4894615337179,25.4958550664632,20.6723825476067,21.5640072604034,21.8467728840407,19.0335953172916,16.6958031454689,14.930595381482698,15.6310197847394,12.7926199040944,15.1932279140412,19.1041333216997,14.466910194123399,12.3379484869732,0
root/EastAsia&PacificChina,root,0,0,0,0,0,0,0,0,0,0,0,0,0,0,0,0,0,0,0,0,0,0,0,0,0,0,0,0,0,0,0,0,0,15.8416948621915,5.031339922975941,3.14964158077656,4.83561449933386,3.708439005455,4.43867415605105,4.7209375352172,4.70879547674531,4.11621496859936,2.8375641474794198,2.3597175794216603,0,0
root/EastAsia&PacificFiji,root,0,0,0,0,0,0,0,0,0,0,0,0,0,0,0,0,0,0,31.634697436278,29.1263277544781,25.989917115269602,21.443091007836102,21.0309903047091,22.7365573978334,21.3352685050798,0,0,0,0,0,0,0,18.3314753733139,17.9670383571499,15.927931875433801,0,0,0,19.7566450123212,17.6046397548643,19.0716176342094,20.2456777852222,20.7010985782265,19.7365885653245,0,0
root/EastAsia&PacificIndonesia,root,17.3913043478261,19.8039215686275,12.6568466993999,10.260869565217401,10.781671159029699,10.099064391854698,10.5299223389676,10.014184397163099,7.23620987891601,4.831795393446201,4.72103004291846,4.26149184449745,3.3165990173039903,3.2338919742468195,4.87244419433502,8.252290060933781,5.59614745931584,6.0461279345547,6.39412627002982,5.0736767652953,5.25343074341001,5.1528818494975,6.081110263313231,3.99815947868477,3.18643467089014,2.74677930640133,4.407133761847031,2.53510248409834,0,3.1075460568277595,3.3276127933191098,3.1818133347518702,3.01996970312772,0,0,0,3.7679886624942305,2.20373674076832,2.9059565350228302,4.47111452576272,3.7112886590232996,3.2986376589977096,2.77757645550129,2.28440172449563,2.2227204640417,0
root/EastAsia&PacificJapan,root,3.47775963108848,3.33708814418474,2.269743012568,2.58679373723622,3.0898707544334196,2.87176724137931,2.6352623196100198,2.91506668318263,2.33926470063831,2.1830607143987097,2.11385072635186,1.91551627302019,1.9101521047046297,1.66156754471059,1.34437642539911,1.34727997963167,1.39603656194792,1.3226467311217298,1.3311656955220001,1.13112028544208,1.12841036653814,1.20519309268255,1.62975420100575,1.6499054433611298,1.7498998299475301,1.5881911543545402,1.52219208890065,1.48732493322794,1.40285276608823,1.5049541970461802,1.54459935855939,1.60166497338772,1.5532349750018897,1.5211469346510198,1.48222905469367,1.5038723514426597,1.6075771476837502,1.5177467919739198,1.55780159486851,1.6740359739645503,1.6467854461756999,1.7480384419745503,1.6440257565567198,1.5374082642108,1.40018430541017,0
root/EastAsia&PacificKiribati,root,0,0,0,0,0,0,0,0,0,0,0,0,0,0,0,0,0,0,0,0,0,0,0,0,0,0,0,0,0,0,0,0,0,0,0,0,0,0,12.355364375464198,17.3883145953534,13.574556725376999,11.849731056758499,3.17916536354923,1.13276759019451,1.3696569481284198,0
root/EastAsia&PacificKoreaRep,root,10.225303292894301,12.1481481481481,12.3781676413255,13.015463917525802,14.8660328435609,16.1674608577263,18.9764936336925,16.9828869047619,15.048975957257301,13.9325052730255,13.336708860759499,15.755824137327002,15.3544880505155,14.194205852380302,14.941797595572801,17.3149648838466,14.0437982090611,10.8697357070034,11.7611387718626,9.163235785022811,7.2964777233496605,5.787329681134991,5.781498534951861,6.538059891055861,6.39862120499934,6.38968481375358,4.02308804282253,4.42171465154684,4.3073456560071,4.1753984836545595,4.24671833412696,4.07055581974911,3.87816863601698,3.3507899499107903,3.32796012503627,3.14007070812863,3.5585513662131203,3.73523161609048,4.01320534152715,3.82393979177076,2.49506271891902,2.7621190729820198,2.1876184474668,2.04789718590996,1.79894202143476,0
root/EastAsia&PacificLaoPDR,root,0,0,0,0,0,0,0,0,0,0,0,0,0,0,0,0,0,0,0,0,0,0,0,0,0,0,0,0,0,0,0,0,0,0,0,0,9.03501545734409,9.48239453851424,7.362202902383389,7.77325096273813,6.78185541771616,6.62046593172305,7.414895634655089,6.64937817164734,8.577459213762861,0
root/EastAsia&PacificMalaysia,root,0,0,0,0,0,0,0,0,0,0,0,0,0,0,0,0,0,0,0,0,0,0,0,0,12.1456872904602,11.469875870420802,7.90348978406631,9.12214134487316,7.435102984379769,5.08037230319667,5.35359340948823,5.48008811333794,5.507153061429809,5.14566851358852,4.07957563292933,3.39314247366737,3.3881812494467205,2.05902157944516,2.36540720299119,2.2149833620071298,2.0441340567162998,2.08735802844071,2.06802524368789,1.72121831766999,1.82905644922112,0
root/EastAsia&PacificMarshallIslands,root,0,0,0,0,0,0,0,0,0,0,0,0,0,0,0,0,0,0,0,0,0,0,0,0,0,0,0,0,0,0,0,0,0,0,0,0,8.70300577298563,7.309768674058451,7.64232815265414,7.71026263213657,7.24951200789595,7.24401021280247,7.06761947323926,7.131427263712911,6.667127310388071,0
root/EastAsia&PacificMicronesiaFedSts,root,0,0,0,0,0,0,0,0,0,0,0,0,0,0,0,0,0,0,0,0,0,0,0,0,0,0,0,0,0,0,0,0,0,0,0,0,6.6239869631634996,5.15755894889915,4.75000158534661,4.55627748533175,3.68559437407188,4.03092666597503,3.3284499643172096,3.8966583071721,3.94474490273779,0
root/EastAsia&PacificMongolia,root,0,0,0,0,0,0,0,0,0,0,0,0,0,0,0,0,0,0,0,0,14.6422797089733,13.5862382289774,11.6744589280738,8.715128559982519,11.2026014375518,5.3032908032455595,0.840495273954672,4.430037551854981,7.35656900122686,7.44262665384817,6.098993068121151,5.66100554027768,0,0,4.72770904226369,5.34520164645244,7.40853347678886,6.10019662889937,6.44376932967057,8.49100817084133,7.09428246052592,7.04963067374007,6.1550992146552,5.90756669841398,6.08505493849827,0
root/EastAsia&PacificMyanmar,root,0,12.7296587926509,14.992577931717,20.414328873543397,12.796486090776,13.5632183908046,13.8972205558888,14.8677864626642,13.938657758882501,16.0919540229885,17.6027650907295,15.230635335074,14.1594007122682,14.7489029741589,12.922061436912902,13.2182427209482,15.122956854660599,14.622069523039599,13.6737747848859,16.233066938729202,14.758076748066099,15.563997442359,13.261558743212301,11.9093637149687,14.688231850117099,9.80385429175959,4.626172636060111,4.37329644847647,4.08509751066697,3.87672733089692,1.8952884453623602,1.1977450536408603,3.6790276867558096,2.25103534447625,0,0,0,0,0,0,3.63403275261554,3.08958104135359,3.39939199371704,3.39185581184318,3.29254335270263,3.2741737196742005
root/EastAsia&PacificNewZealand,root,4.11022886501635,4.56968773800457,4.54982377443127,3.57551487414188,3.5538929155950405,3.2038834951456296,3.36402266288952,3.45888905173677,3.1889213568796895,3.6934441366574298,3.40057122456266,4.021859789941081,4.78556294293856,3.4752234918003704,3.7037037037037,3.51741780151983,2.02720231256717,0,0,0,0,0,0,0,0,0,0,0,0,3.2939386847648002,2.94412431179423,2.9757749382098995,2.8457272076298703,1.60609994253817,1.69831736423654,2.78777388056302,2.8706592991129907,2.80645230785809,2.92597652822536,2.71366601739834,2.87307654178221,2.77235778851498,2.78852669897763,2.9169542411388796,2.8222666469357205,0
root/EastAsia&PacificPalau,root,0,0,0,0,0,0,0,0,0,0,0,0,0,0,0,0,0,0,0,0,0,0,0,0,0,0,0,0,0,0,0,0,0,0,0,0,10.4811604360664,9.66513471845109,8.8927821481712,8.27965983617603,9.762094991591288,10.2714252435063,10.6440495167364,12.348330738893699,12.149589032253198,0
root/EastAsia&PacificPapuaNewGuinea,root,0,0,0,0,0,0,0,0,0,0,0,0,0,0,0,0,0,0,19.5483451003956,17.158762886597902,20.06823432491,20.764797923901803,27.223618330632,26.6972625715449,27.117903525198198,24.9030931890265,21.802014408547503,22.163969844533803,24.2303961983137,20.8805629892546,26.4229436763456,0,0,0,0,0,0,0,0,0,0,0,4.6736842105263205,5.13720162922894,5.11971225425332,0
root/EastAsia&PacificPhilippines,root,0,0,0,0,0,0,0,0,0,0,0,0,0,0,0,0,0,0,24.729515617926698,28.0358428895906,28.458370011127897,29.967378868927998,25.221880449050797,28.950238038245697,25.9023837110198,20.5847561173405,16.5334918988364,18.2585981164575,18.3259616182152,17.4547530468697,16.6875758244182,16.6497857421114,17.346291098354,17.519617459539003,20.315078969652603,19.9944247518108,22.1904462253782,19.616130838908,21.461076079568898,19.500261123493,18.984973978562,17.796704640362698,19.367346392902103,17.9569122831018,18.0514959380548,0
root/EastAsia&PacificSamoa,root,0,0,0,0,0,0,0,0,0,0,0,0,0,0,0,0,0,0,0,0,0,0,0,0,0,0,0,0,0,0,0,0,0,0,0,0,0,0,9.12661263281291,7.55110462350953,7.50217488984276,9.11482390437269,9.494523135428391,9.371410058790131,9.1361137188754,8.89322315713244
root/EastAsia&PacificSingapore,root,11.029825548677499,11.184210526315802,8.62002319288751,7.56516211061666,8.16876122082585,8.040071923966089,8.10488676996424,8.0622058522611,6.8656716417910495,5.502116198537901,5.38988292467418,4.71879286694101,4.55855383809274,3.63112927191679,3.05446162712516,2.72650034757087,2.74249422632794,2.4506683640993,1.9975380483437801,2.17380390581857,1.93456992341405,1.59814913685709,1.3505196936542698,1.22062192098905,1.1941164065795,1.12328561041045,1.16544079560758,1.26456731961319,1.4269929708253997,1.5546422280652499,1.997150997151,0.051443442474127,0.0657210142943206,0.0620748519256136,0.061515165854350996,0.0476235831983998,0,0,0,0,0,0,0,0,0,0
root/EastAsia&PacificSolomonIslands,root,0,0,0,0,0,0,0,0,0,0,0,0,0,0,0,0,0,0,0,0,0,0,0,0,0,0,0,0,0,0,0,0,0,0,0,0,0,0,0,30.0655537553295,31.6828308145332,23.091628322054895,24.690531137947197,25.0136936466172,28.0645097026301,0
root/EastAsia&PacificThailand,root,27.4232962259028,27.2964885033524,34.3670618120237,26.843824762688797,24.4609402615765,25.879647374473,25.208915849169898,25.072252453979697,25.627290086184697,23.0625909257195,19.544469623037898,19.996031854629,21.897332630335196,20.169029280426802,18.1357495584877,19.255426118945397,22.3375391624103,21.727488877002397,21.7363068758103,18.9180106141266,16.6111674723001,18.113168023879997,17.1597659584929,16.3654403089134,14.576427129850302,12.0488522694089,8.947133515734759,9.16679117888165,11.0585285213714,10.3177930191379,10.397093767824499,9.72208261429379,8.40067953113699,7.439172829917071,6.20693673913133,5.5203623465771905,5.27668416447944,4.55694869591237,4.516951915467231,4.42951625265686,4.93824909571407,4.1468521263198195,4.062585806007459,3.57717274225582,3.3432349446119303,0
root/EastAsia&PacificTimorLeste,root,0,0,0,0,0,0,0,0,0,0,0,0,0,0,0,0,0,0,0,0,0,0,0,0,0,0,0,0,0,0,0,0,0,0,0,0,0,0,0.20580474345456898,0.395284406729105,0.322291626633399,0.34580234377144103,0.569811028811428,0.7702239535815291,1.5055663291603,0
root/EastAsia&PacificVanuatu,root,0,0,0,0,0,0,0,0,0,0,0,0,0,0,0,0,0,0,56.498049656367996,0,0,0,0,46.670997076973,49.4962216624685,53.1990330378727,46.441947565543096,36.2446064573724,0,0,0,0,0,0,0,0,0,23.056804733727798,15.829399764285,15.0936258747872,16.3420143809444,16.2348257037474,14.1481594670841,11.162659282139199,11.742577789067,0
root/EastAsia&PacificVietnam,root,0,0,0,0,0,0,0,0,0,0,0,0,0,0,0,0,0,0,0,0,0,0,23.778648616553898,24.974128360961103,24.357010400709502,20.9953657062261,22.6258957903054,19.8036490903008,15.090478361935698,17.0739053133714,18.3115526219775,15.6451691851562,12.3234638432285,11.116889345885198,10.0281230085895,12.9096981626368,15.207348936159502,18.544409786273,13.7963663185972,12.1942122205761,10.3601848890956,10.007366162203901,0,0,0,0
root/Europe&CentralAsiaAlbania,root,0,0,0,0,0,0,0,0,0,0,0,0,0,0,0,0,0,0,0,0,0,0,0,13.7832404087301,17.3394533739183,17.8355329466901,14.0738679073682,0,0,0,8.903341383941669,8.30558773998592,7.5643547967599405,0,0,0,0,0,0,3.44894327789941,3.89082209684152,3.5648915641057797,2.9020730113831603,2.91030192689484,1.65802000478809,0
root/Europe&CentralAsiaArmenia,root,0,0,0,0,0,0,0,0,0,0,0,0,0,0,0,0,0,0,0,0,0,0,0,0,0,0,0,0,0,0,0,0,3.1556818210153903,3.43863654511225,3.1606855790598303,3.43756344968819,4.48593155670185,3.47576747734569,3.6030549328651498,3.9343899760087098,4.36176967057779,0,4.01128389567427,5.13354500553615,4.648717549500129,0
root/Europe&CentralAsiaAustria,root,5.29629888756733,4.70695970695971,4.1791989868608495,3.2313007932259397,2.73930304367005,2.28220665774769,1.5585669459673799,1.48539778449144,1.54475762291775,1.41975631438582,1.34064441482003,1.38396705296428,1.38739961047771,1.37780391497942,1.3910945823700902,1.4718698557180199,1.56174268942862,1.57489760594999,1.4832969936179998,1.4887644577693502,1.4131305044035198,1.31585690856909,1.2462581709328602,0.0139337462131515,0.130420662906983,0.0235715509127633,0.000263838925189046,0.00752571450827928,0.005350234543433,0.00578372436195815,0.00149623146543272,0.001263639285029,0.00369640101552769,0.00129344179202049,6.90943126139354e-05,0.0062242902683953,0.0159813810716182,6.29016911827319e-05,7.72101144323385e-05,5.8859035259210794e-05,4.94363165254801e-05,0,0,0,0,0
root/Europe&CentralAsiaAzerbaijan,root,0,0,0,0,0,0,0,0,0,0,0,0,0,0,0,0,0,0,0,0,0,0,50.844687557327006,33.4469820257311,21.0325535376408,8.18757126781461,8.9086179424656,8.37235501625361,0,0,0,0,0,0,0,0,2.2113965757716603,2.7958289254949396,1.45708683191714,1.8114061187711799,2.57045415337795,2.8448800241610597,2.88475015396377,3.0698194445191,0,0
root/Europe&CentralAsiaBelarus,root,0,0,0,0,0,0,0,0,0,0,0,0,0,0,0,0,0,0,0,0,4.40677966101695,17.3030707610147,9.83156476334849,5.87822193936335,5.41126095441019,7.67465037389915,7.439103095744519,6.676860340718861,5.412668239317809,6.13463060321823,7.522390890204901,8.904132762855848,6.9561570238009205,7.6540668811952495,7.02472937601199,16.9002858367694,21.0241347134791,16.4481143807248,11.174463223768198,17.5670409656775,16.0193930552237,12.1096264457318,8.34062244997476,14.1143339316776,11.302578449401901,0
root/Europe&CentralAsiaBosniaandHerzegovina,root,0,0,0,0,0,0,0,0,0,0,0,0,0,0,0,0,0,0,0,0,0,0,0,0,0,0,0,0,0,0,0,0,0,26.352053784280702,0.0261402378859229,0.0589130965817025,0.0333477803506421,0.0077643577269471,0.000682464036368725,0,0,0,0,0.00011232490253125201,0.0345252085585058,0
root/Europe&CentralAsiaBulgaria,root,0,0,0,0,0,0,0,0,0,0,0,0,0,0,0,0,0,0,1.77861094600155,3.04148944707487,6.10845539559322,9.134123593477339,7.884771172296669,10.853003748353801,10.5903741534362,10.4768765722749,7.36235829473366,4.482437279981429,3.65200538127783,2.44851897425611,2.39959777912539,2.50594163772236,2.65347295090419,2.3699123623946603,2.62773177562327,0.0107370789806721,0.00952029882040743,0.0113544608822403,0.0141511313590081,0.0119604489061349,0.0640199500259272,0.041728356898999,0.0557010146234003,0.0504870013153053,0.0454690608915585,0
root/Europe&CentralAsiaCroatia,root,0,0,0,0,0,0,0,0,0,0,0,0,0,0,0,0,0,0,0,3.4409340659340697,10.7385449401194,8.71221805403193,9.54535698759651,9.26224425659732,8.411960527627901,8.884984778403199,6.776190668749889,7.2597912395477,6.128098653579969,6.45959318306762,2.73180219545987,2.24158739393339,1.82798528602276,1.6870245157724801,1.5827796758738202,1.4481505653255302,1.5836783658372,1.5086745279256397,1.48373568015258,1.59987124047389,1.55413674474462,1.03468161819172,0.359542685480414,0,0,0
root/Europe&CentralAsiaCyprus,root,27.2397325692455,27.391808986901,18.6354712041884,11.8826698593235,14.129606099110598,20.417916041979,20.1835672050128,18.8534192414702,18.9713759143005,18.585769117212898,18.7557000674095,19.081272084805697,19.010666434155898,18.078284512389104,16.5525328330207,17.0194750211684,17.2203971927729,16.6872271778326,15.6072213147074,15.532117564228301,14.088179790701599,10.2692125356815,8.51616173976889,7.6602165808627705,7.0418283742992696,5.6183077892084805,3.76293508936971,3.6444286728176003,3.6184011152191,3.56237564392597,3.42061369834,2.63666193479323,0.9246604595541128,0.0280741156653565,0.0256607646907878,0.00432239287669654,0.0151751348517665,0.0105536123507418,0.0171914844846853,0.0271006575475331,0.0203633401695975,0.0373575742481788,0.0014741869858772901,0.057993427411559995,0.00145429161455455,0
root/Europe&CentralAsiaCzechRepublic,root,0,0,0,0,0,0,0,0,0,0,0,0,0,0,0,0,0,0,0,0,0,3.9415804256491103,4.079364184127161,3.2987600996466897,3.39167752079582,2.41899108649137,2.03683712078438,1.71870674663733,1.84821538000626,1.2313078748460902,1.1310242471715601,1.04517057896671,0.38476458899066607,0,0,0,0,0,0,0,0,0,0,0,0,0
root/Europe&CentralAsiaDenmark,root,3.05966248506571,1.11359334231484,0.68532861581459,0.6541085314842371,0.46290729830467703,0.264985878324591,0.10580128085090401,0.0991088395255881,0.0909554761851942,0.0769729379355048,0.0770124001997509,0.0744047619047619,0.0761249703336513,0.0692722039309985,0.0663574690978914,0.0580966715023935,0.0600712366512897,0.0585695109287541,0.0581269303639374,0,0,0,0,0,0,0,0,0,0,0,0,0,0,0,0,0,0,0,0,0,0,0,0,0,0,0
root/Europe&CentralAsiaEstonia,root,0,0,0,0,0,0,0,0,0,0,0,0,0,0,0,0,0,0,0,0.7998270644185029,2.31125766012381,1.81599170529397,1.82450949712194,0.0446189541317152,0.0022166395744052,0.00296401683561563,0.00053450211128334,0,0.10513094850444199,0.109284951974386,0.0911390521538576,0.11179594780670099,0.0229993513003479,0,0,0,0,0,0,0,0,0,0,0,0,0
root/Europe&CentralAsiaFinland,root,3.0690537084399,2.8754484879548996,2.83699919787224,3.09157811479073,1.83684642759376,1.86368342634915,1.5580736543909401,1.5003931161002901,1.96619654403145,1.5104966717869899,1.4670171128189098,1.2701046719428102,1.1858152198371001,0.7987888687476371,0.772497329366375,0.868438441273139,1.07314441520191,0.9609447360296379,0.883224225578756,0.815155574653085,0.878011406115804,0.8027446740397559,0.888108668124787,0.10799156486329302,0.0269334030269191,0.0015453873546999901,0.00139957576009649,0.0118910243387103,0.0149241374345314,0.003918686361680771,0,0.00172571487738796,0.00165898005905969,0.00159101395319237,0,0,0,0,0,0,0,0.00128343344114174,0,0,0,0
root/Europe&CentralAsiaFrance,root,0.329538645895745,0.26816840976133,0.0874316939890711,0.0387296669248645,0.0318572793883403,0.0429184549356222,0.037821482602118,0.0318437533170577,0.0533665391799343,0.0388289197794518,0.0334224598930481,0.029893578859261,0.0326939843068875,0.0303122158229767,0.0333190537388737,0.0263461443517368,0.0188145960767771,0.00811849035681754,0.0111846781131934,0.0100784271975584,0,0,0.00659565346436698,0.0040211705052888,0.00181874728324625,0.00687351844834727,0.00646929637889647,0.0038956675307473703,0.00298174388075535,0.0010486074493073199,0.00073605831937276,0.000724099329049562,0.00152720719620031,0.009679746258048771,0.0319732129932088,0.0118875630617025,0.0128872378511181,0.0119889108754253,0.0125021126255131,0.0019198214791885698,0.0137284961086251,0.00400270498589573,0.0119865791646388,0.0121935358002211,0.0113462700894247,0
root/Europe&CentralAsiaGeorgia,root,0,0,0,0,0,0,0,0,0,0,0,0,0,0,0,0,0,0,0,0,0,0,0,0,0,10.1206896551724,10.1217391304348,3.6984352773826497,6.872852233676981,5.20059435364042,6.34109879157842,7.10382513661202,7.60574759074384,5.61229100768188,4.02028360610937,1.21110490031675,0.9406093118509521,0.7301199918649579,1.29853361615789,1.4588029050838998,1.27652942676603,1.3071130930623602,1.27646410028784,0.848173306407197,0.8170163170163169,0
root/Europe&CentralAsiaGermany,root,0.8116415329939449,0.416907454800627,0.218927638654172,0.0293051027510165,0.0330873837805645,0.0303702128951924,0.025539160045403,0.0238334833960066,0.0187930183936668,0.0177175381480743,0.0208146868430365,0.0182278481012658,0.015180265654648998,0.0108266118118335,0.0104273474565962,0.00845522955948253,0,0,0,0,0,0,0,0,0,0,0,0,0,0,0,0,0,0,0,0,0,0,0,0,0,0,0,0,0,0
root/Europe&CentralAsiaGreece,root,6.69103462280435,7.148666232921281,6.74227664903981,5.62611408199643,4.796893917254629,4.73322768092974,5.32183183355302,5.819994383600099,4.96483637957652,3.2572693530400496,1.7783182845538703,1.36745114149892,0.903508771929824,0.499263480717682,0.143356543440366,0.12537245388084697,0.152628944837059,0.13320124767399902,0.0768598153827236,0,0,0,0,0.00599484443378694,0.0105224391013837,0.00688736856604986,0.0223468226881196,0.0037843667808284,0.0170727126833183,0.0282007896221094,0.025179403248142995,0.0324900683768257,0.0299931833674165,0.0143683791162141,0.007200201605644959,0.007636252563599079,0.00208424519060422,0.00222501585323795,0.0011036431259587901,0.004519467606715929,0,0.00582384047336175,0.00618888476296571,0,0,0
root/Europe&CentralAsiaHungary,root,0,0,0,0,0,0,0,0,0,6.90978886756238,6.4964668338272205,7.058823529411759,6.2593423019431995,5.903100055689619,6.3612392880685595,6.3900666262870995,5.4310672236992,5.2956465237167,5.79618410344516,5.126530612244901,7.21070811744387,7.55539839698256,7.26702076291646,10.2423698900252,8.40865177371504,4.71656320735655,3.3311242021508995,3.19639130996264,2.68274444731639,2.17547468271826,2.04078670188603,1.9276335906263,0.420336150526989,0.00990378910024014,0.00222291430220782,0.00203003792854528,0.00046014615505030705,0.000514362422518419,8.25087273606366e-05,0,0,0,0,0,0,0
root/Europe&CentralAsiaIceland,root,28.9405684754522,27.7057793345009,27.4915743861338,22.258677257813897,20.9049180327869,21.684151367553397,21.612489805429302,19.709085370497302,18.2058305615339,19.0992405598418,17.626343811267102,15.732154903328302,15.901531117487199,14.3671812211624,12.773391567277,13.0443070030371,9.967902187513301,9.22987905229905,9.08452693612581,9.434552961983881,8.37994194282148,5.131383729575179,1.4991642976197699,1.32206529117787,1.20957982420053,1.18879211239064,1.2883094554368701,1.1559994669103701,1.19022328811857,1.2494618573191298,0.976171562373037,0.997911031427306,1.00338297409216,0.9709187714087101,1.11586072294026,1.1927163338541598,1.22208461657206,1.19377432538026,1.27399981134232,1.4798966939820302,1.4224700818573301,0.995325642741611,0.8882235920594409,0.724674114814466,0.44444908795662796,0
root/Europe&CentralAsiaIreland,root,16.5467625899281,15.9144893111639,15.2719665271966,13.8130686517783,14.2418661755678,12.0020693222969,7.57978723404256,7.441348973607039,8.84507042253522,10.8651456968602,9.34546103085429,7.15162676488644,6.997774067890919,6.99856640166818,0,0,0,0,0,0,0,0,0,0,0,0,0,0,0,0,0,0,0,0,0,0,0,0,0,0,0,0,0,0,0,0
root/Europe&CentralAsiaItaly,root,0,0.37247758994720004,0.16775337089320802,0.38124285169653105,0.801169831527783,0.14336917562724,0.09821253191907302,0.0792887272573501,0.0517481160451502,0.0302838421936514,0.0354638510518256,0.030335729855992002,0.0288389365148342,0.0287258299071796,0.0293097260436505,0.0257252159671916,0.0379902175191346,0.0136979037789005,0,0,0,0,0,0,0,0,0,0,0,0,0,0,0,0,0,0,0,0,0,0,0,0,0,0,0,0
root/Europe&CentralAsiaKazakhstan,root,0,0,0,0,0,0,0,0,0,0,0,0,0,0,0,0,0,0,0,0,0,0,0,0,0,3.30712930333424,4.73101166012412,5.402555339001401,5.1630990529662695,5.68749847218636,7.033643852109019,6.06685459997846,5.26744628548667,0,0,0,0,0,17.2483560907993,23.8871669914255,10.874313118269301,23.4269756332715,22.8159990024018,19.2741595366235,16.3032957583485,0
root/Europe&CentralAsiaKyrgyzRepublic,root,0,0,0,0,0,0,0,0,0,0,0,0,0,0,0,0,0,0,0,0,0,0,0,0,0,0,0,0,0,0,0,0,0,0,0,0,0,0,0,0,0,13.315271975013301,10.7622040814075,6.951457091215531,9.59825012458896,0
root/Europe&CentralAsiaLatvia,root,0,0,0,0,0,0,0,0,0,0,0,0,0,0,0,0,0,0,0,0,0,0,4.464319768107099,2.26456525219062,2.1403275642969097,1.91483933178862,1.5202178261306998,1.2209842724198998,1.08708210859267,1.11053278811551,0.9721474414562831,1.09020375222672,0.329042027748032,0,0,0.514734473924477,0.504771630849426,0.4883778126897921,0.256296561382485,0.0146336211278822,0.0144872375022546,0.0237650539412647,0.0239942324301009,0.0299312879384487,0.0562530113056093,0
root/Europe&CentralAsiaLithuania,root,0,0,0,0,0,0,0,0,0,0,0,0,0,0,0,0,0,0,0,0.696806800595127,0,3.8409832917226803,7.07576706324358,2.17369145303501,2.06436141877326,1.79761456446445,1.49875004006282,1.2189099187749801,0.896421762378828,0.8815872528447379,0.832236196798494,0.877686397569751,0.441809872212796,0,0,0,0,0,0,0,0,0,0,0,0,0
root/Europe&CentralAsiaLuxembourg,root,0.36698058982181603,0.18539387109673197,0.09900701785038302,0,0,0,0,0,0,0.0998156183716188,0.0980540051289791,0.0863854340868064,0.0887613660993508,0.0570803405793655,0,0.0526477427280307,0,0,0,0,0.000541216329579095,0.000493922286267478,0.000457915294828762,0,0,0,0,0,0,0,0,0,0,0,0,0,0,0,0,0,0,0,0,0,0,0
root/Europe&CentralAsiaMacedoniaFYR,root,0,0,0,0,0,0,0,0,0,0,0,0,0,0,0,0,0,0,0,0,0,0,0,0,0,0,0,0,0,0,0,0,0,5.33361582639869,5.16376960309437,5.19488735522846,4.654008751761481,4.11427762128818,3.68228564283705,2.8499245852187003,3.0566766626832904,3.0069091075855603,2.8689354428643297,2.6858980261512597,2.8428657597209197,0
root/Europe&CentralAsiaMoldova,root,0,0,0,0,0,0,0,0,0,0,0,0,0,0,0,0,0,0,0,0,0,0,0,0,4.725907913516941,3.6653685864589702,3.77873811581677,7.23805939724653,5.25344992485312,5.21636436561344,5.87871724235361,6.46079600910964,5.28826146803675,5.50271520838019,4.14925334270723,4.6715631569385705,5.07744202885753,4.348680301316819,4.38163146111165,4.3909849463646795,4.42724554092234,4.40163865689767,3.7872352585134195,3.30597230380201,3.44250362175376,0
root/Europe&CentralAsiaNetherlands,root,0,0.51800051800052,0.167205439750306,0.0867720786733513,0.00836890116327726,0.007518231711901359,0.0069584580057059295,0.00646705037832245,0.00590249085113919,0,0,0,0,0,0,0,0,0,0,0,0,0,0,0.0398982984549188,0.0431708224786007,0.0506098126011305,0.0510666112877638,0.0529157191183233,0.0852007469654529,0.0832276695693946,0.0711944104109408,0.0455561099420787,0.0287640355418883,0.0289312881905474,0.0180595876093169,0.0202941354266518,0.0236776627337668,0.0287212198373607,0.0239491287472128,0.0110557414103031,0.0173579574124533,0.0374857963974588,0.0414274042278968,0,0,0
root/Europe&CentralAsiaNorway,root,1.50849364985799,1.4776143752767599,1.40138302429472,1.2631654495541202,1.04804682183204,1.05206147180286,0.852602554179567,0.6901080918134449,0.682129400457588,0.706776404868747,0.6292687663872071,0.572823102735315,0.542827943570545,0.530842388879967,0.58462616517828,0.644990521714421,0.556731778264632,0.46682415234098606,0.524565609107406,0.581755167718777,0.5882095414404721,0.5918513659868511,0.568894169120356,0.682976349619564,0.537575547685811,0.50903543086139,0.543596067925307,0.442074121094303,0.270984445773626,0.241988950276243,0.21786851738068397,0.20404277471166,0.18090303549565803,0.16160434718815697,0.14878537998662802,0.18406895884828797,0.167678866835971,0.18675656852995898,0.20905409172145803,0.19157003853395,0.202033657475245,0.214280360528983,0.219946359597801,0.22903073993298395,0.24137950705812197,0
root/Europe&CentralAsiaPoland,root,0,0,0,0,0,0,0,0,0,0,0,0,6.21467420283673,6.928162185985019,6.91093677895708,6.58746154662141,6.25715064015255,0,0,0,0,0,8.5125468377427,6.125867432400099,4.58967447059906,5.31384673037287,3.9696332821383304,3.62239084269954,3.0271166683690898,2.35482208531472,2.06259046449406,1.9952841608859,0.836101541994751,0.0566796342799641,0.0947455030515255,0.11744602899464199,0.0402065641283077,0.0653152681993673,0,0,0,0,0,0,0,0
root/Europe&CentralAsiaPortugal,root,0,0,0,9.61337513061652,9.89010989010989,9.48372615039282,7.3597056117754995,5.62613430127042,5.01858736059479,4.96933812645382,4.69332429684851,3.9218127490039905,3.12203354076575,2.98727162524895,2.4175412293853102,2.9998575338014,3.5845451099703998,2.24963206952133,2.14340923955051,0,0,0,0,0.00406718168671427,0.00238394376624314,0.00437885886937864,0.0061040434999141795,0.0012492640795486,0.00144169262650274,0.0009663230724981039,0.00099527492743175,0.000782014922892863,0.0007863285493190331,0.000723331226493151,0.000734205357635398,0.0013872165136742099,0.00166109565441484,0.00158837103398499,0.0016518461445473,0.00162803925846578,0.00158515480064922,0.0006813752073132099,0.000254009201211686,0.00022931899944399501,0.000250924091762175,0
root/Europe&CentralAsiaRomania,root,0,0,0,0,0,0,0,0,0,0,0,0,0,0,0,0,0,0,0.541711809317443,3.1258725283651,3.62551376003384,4.7538117898417,4.36259545320398,5.73233053707454,6.42443573830739,5.771358421363731,5.755246988970519,4.95112596635928,3.62351950224285,2.71795599716111,2.15801856415452,2.34293338318901,2.33912053223583,2.47823242918973,2.43490861323294,0.0457803720787164,0.0333653938230658,0.0320053206381085,0.0159534528754097,0.00553883752933585,0.0519193706206524,0.00816203749095887,0.000432688147229354,0.00112376305023869,0.00200114520082174,0
root/Europe&CentralAsiaRussianFederation,root,0,0,0,0,0,0,0,0,0,0,0,0,0,0,0,0,0,0,0,0,0,0,0,0,0,0,6.89420569225536,8.642643655378949,12.7922070004423,13.7082422394605,9.4744563820999,12.424208899961,18.6586341869436,24.186287118719303,29.175732429287,22.5242177824288,25.166167632881,25.5306609565158,25.5836898417345,25.6131535605617,26.4850299716335,25.405913388119103,25.107388194177197,13.226539517467,10.1105910778044,0
root/Europe&CentralAsiaSanMarino,root,0,0,0,0,0,0,0,0,0,0,0,0,0,0,0,0,0,0,0,0,0,0,0,1.41076886903362,0,0,0,0,0,0,1.01040457488103,0.846699183721195,1.19349684648169,1.6912349309226298,1.8714568309428101,1.6248044343985701,1.5503452006834,0.695933061000703,0.7227369156737851,0.699907650304189,0.5624124094671751,0.546645191634319,0,0.517215751911618,0.47301255211323795,0
root/Europe&CentralAsiaSerbia,root,0,0,0,0,0,0,0,0,0,0,0,0,0,0,0,0,0,0,0,0,0,0,0,0,0,0,0,0,0,0,0,0,0,0,0,6.275520560373981,6.172587907825201,4.52565792120141,3.93042832213957,3.2494645761625804,2.85397470485488,0,0,0,0,0
root/Europe&CentralAsiaSlovakRepublic,root,0,0,0,0,0,0,0,0,0,0,0,0,0,0,0,0,0,0,0,0,0,0,0,3.5405507177136295,3.6663535330912698,4.34912988263647,3.7502980021240098,3.79704981259018,3.6766878546670596,1.05970665219643,1.02829292041298,0.939222685234135,0.345448284681128,0.0049022509341259,0.00616807199976644,0.0035444998623415202,0.000148427398222433,0.000126280615100248,0.000134654763365125,0.00024109060892009903,0.000357305580298186,0.000339824711764927,1.41321557950053e-05,6.6195875297184e-05,0.000135394768214064,0
root/Europe&CentralAsiaSlovenia,root,0,0,0,0,0,0,0,0,0,0,0,0,0,0,0,0,0,0,0,0,8.006906758756749,8.74363327674024,8.7056593555375,11.640394143599998,10.113131827881599,6.87804449532575,4.86687232915241,4.12500759146632,3.18367783134619,2.1119046474401797,1.4068634142346201,1.37848645810191,0.42797899067955203,0,0,0,0,0,0,0,0,0,0,0,0,0
root/Europe&CentralAsiaSpain,root,9.93270918665885,10.2927063339731,9.6637412483976,9.0360489121804,10.8669516430671,11.0315323976158,8.53016398375208,8.67830893900368,3.78051767779865,3.7996420451797004,4.172754017651661,4.20295536277334,4.01730344556373,4.707416926037389,2.72323651891961,2.56491795533427,2.4625013311925,2.05561852838297,1.6164897422511002,1.06975347150019,0.541813155917114,0.0518996809696081,0.00981450583963095,0.00220395389328455,0.0163415381472781,0.0020019018067163803,0,0,0,0,0,0,0,0,0,0,0,0,0,0,0,0,0,0,0,0
root/Europe&CentralAsiaSweden,root,1.4442605686776,1.3900709219858198,1.2886923562855301,1.93128467776355,1.5055338541666698,1.46337998153016,1.11865502748141,1.06261631746413,1.14591700133869,1.15125421190565,0.5634736493205171,0.609868106837136,0.532756449581867,0.545293630627801,0.479559123546088,0.489671350809666,0.577731092436975,0.539453404007368,0.531232826525005,0.48664591184663303,0.7848213261678109,0.9243791068047671,0.8808479532163741,0,0,0,0,0,0,0,0,0,0,0,0,0,0,0,0,0,0,0,0,0,0,0
root/Europe&CentralAsiaSwitzerland,root,16.292949576082098,13.7675147492625,11.2911025145068,11.277387667395699,9.74955277280859,9.85387912124996,9.48634157175037,9.348821276198189,9.16951014978891,8.77041202552179,8.141389969089639,8.037645269387081,7.43068634750996,0,0,0,0,0,2.22684736137855,2.1733951940439598,2.09047559899726,1.9221749187076398,1.8994192829132,1.7674839834613898,1.94503545822839,1.5460177122296699,1.36360491645241,1.43997881061524,1.27720329999564,1.27394408479776,1.2989991187838799,1.2954392328577,1.235604559437,1.09429641359582,1.09353058958432,1.05897742599592,0.9730229483905269,1.00569803815587,1.02239540886381,0.9592932537457791,0.953652131785348,0.941902026382346,0.948158233585368,0.8989609019320591,0.963144820737031,0
root/Europe&CentralAsiaTurkey,root,13.9240506329114,14.6711635750422,14.2458100558659,13.235294117647099,16.910229645093903,15.890850722311402,16.2663006177076,10.8516206965975,5.95578123347086,5.34118462071354,0,7.19246462366525,9.100630554223981,7.517892334820041,6.63036971580058,7.449768458346571,6.60264654605733,6.28609706223598,6.031075642467389,4.64140373666744,4.40747572870303,4.28482191595806,3.1937982002126097,3.69884912312783,2.33457035140659,2.3282308529414104,1.7040168706549499,0,0,0,0,0,0,0,0,0,0.9696755437533321,0.8172227760010229,0.911486140762001,1.1173635599427099,1.0884838997881,1.20459021511507,1.08694274902617,1.14632682663909,1.1356148181386798,0
root/Europe&CentralAsiaUkraine,root,0,0,0,0,0,0,0,0,0,0,0,0,0,0,0,0,0,0,0,0,0,0,0,0,0,0,0,4.106995911543629,4.1408351854018,4.24837002566212,4.1597801508677295,5.41053475059517,5.45546886984172,4.89724862124637,4.25644106462348,4.4515543370698,3.74104110256889,2.2014835494774,2.4532487645335,2.5267644163665697,2.53681390968548,2.54641317838627,2.08030148537018,5.71266542596177,2.80306123303074,0
root/Europe&CentralAsiaUnitedKingdom,root,1.6532807289465001,1.2275242047026298,1.14532354540511,0.542091836734694,0.487086542818305,0.329032644026562,0.259995272813222,0.0668469981034108,0.0611082593923395,0.124492557510149,0.18524896902897897,0.0740969435010806,0.0156580931738955,0.00969324604440998,0.0842309641590109,0.0326923846759451,0.00419277166165531,0,0.0177759343475491,0.000457577948403511,0,0.000456437595851895,0,0,0,0,0,0,0,0,0,0,0,0,0,0,0,0,0,0,0,0,0,0,0,0
root/Europe&CentralAsiaUzbekistan,root,0,0,0,0,0,0,0,0,0,0,0,0,0,0,0,0,0,0,0,0,0,0,0,0,0,0,0,0,0,0,0,0,0,0,0,0,0,0,0,6.70513161428554,7.86914705152287,10.9337745731527,10.319222428423199,15.254093980929598,15.2213577106417,0
root/LatinAmerica&CaribbeanAntiguaandBarbuda,root,0,0,0,0,0,0,0,0,0,0,0,0,0,0,0,0,0,0,0,0,0,0,0,0,0,0,0,0,45.76126092101621,53.1971049194602,49.111274591233794,51.9752696404371,57.2570602318248,54.3964487984116,47.91083874571589,40.1995627960925,32.0117850771654,34.899012693993804,35.5748879746106,37.3080224632625,35.7737486381519,34.7196373954855,30.7146608172125,0,0,0
root/LatinAmerica&CaribbeanArgentina,root,0,0,0,0,0,0,0,0,0,0,0,0,0,0,0,0,0,0,14.220664031399698,7.878367670364501,7.82248155041211,7.61693810345214,7.29586703427369,5.22403936748977,6.55441159067471,7.56897491068223,6.58282207097124,5.56478572579346,4.8933693691010705,4.28447556301105,13.638532318527801,16.470868921766698,15.7995448676603,15.8235331040068,14.646726075415401,15.728660258631999,20.124051841440302,13.684638787432,15.670198312605699,15.326104507233,13.8779429492198,10.717348850163301,10.756430888943301,8.04531805696767,7.1125257663523795,0
root/LatinAmerica&CaribbeanBahamasThe,root,0,71.7472118959108,72.5021349274125,64.8054145516074,68.3420855213803,67.2514619883041,66.1980440097799,66.58391261171799,64.9028524183547,58.1618168914124,61.560589715929495,66.9035532994924,64.9048625792812,68.435083977606,66.1612332575183,0,67.1441360787825,69.0069991251094,0,62.2172406765845,58.054256314312404,59.736594543744104,59.888396520597404,56.9135241556868,57.401195858247,58.580806416172294,57.268511514402,56.6979527095002,56.1056211259325,57.4551386623165,57.084981929285405,58.706025968261,51.20751157006679,54.957561187109995,58.577063739428795,44.7714947332496,43.3118593862427,50.5005803389666,49.2941493547128,50.7630464321574,56.005073910382,55.7601646268178,49.6380888774511,42.665098243417,33.2510836584511,0
root/LatinAmerica&CaribbeanBarbados,root,0,0,0,0,0,0,0,0,0,0,0,0,0,0,0,0,0,0,0,0,0,0,0,0,0,0,0,0,0,0,0,9.11769212248561,9.91013731825525,9.46695473487838,8.13005823553368,8.56962843719305,8.38877349186412,7.32777556528052,8.39279584407183,7.7374407515748,8.36324130695416,8.42935406201342,9.4009030688617,9.15021772465383,0,0
root/LatinAmerica&CaribbeanBelize,root,0,0,0,0,0,0,0,0,0,0,0,0,0,0,0,0,0,0,48.8208595401958,49.793356533859104,46.6172774910616,48.80491889601979,48.807794971347505,52.602316661493795,29.1714556907412,32.016983276396395,30.807621090170002,30.296185310940498,32.082386551655695,36.370874500735795,39.6383559010465,36.7192469861366,36.290993061772106,28.6299810384271,27.533707856117502,23.1206822048037,20.501224021115398,23.3912513487257,20.8600772393868,23.693844138600003,23.372294681622602,20.6898243025093,20.0276561419682,0,0,0
root/LatinAmerica&CaribbeanBolivia,root,0,0,0,0,0,0,0,0,0,0,0,0,0,20.559139784946197,12.396367943150402,15.271522053199599,9.78797358359402,8.64508736751647,6.38821719059134,5.38758084557301,6.09540636042403,4.7021943573667695,5.6583589820584,6.03082652322334,5.01379822745847,5.984683268245679,6.1985035407295195,5.006352975483759,5.0930508325085,4.44604623283906,3.9006932069747204,3.2230373988643395,3.1062218511506496,3.22882901492821,2.09976063258368,3.34222124340069,0,0,0,0,0,0,0,0,0,0
root/LatinAmerica&CaribbeanBrazil,root,0,0,0,0,0,0,0,0,0,0,0,0,0,0,0,0,0,0,2.09140949411618,2.3264962555645896,1.7754112304234901,1.7940876656473002,1.94469940339605,0,0,2.5114336991954302,3.5663620977546096,3.7869207170031296,3.62938294602632,3.36743836025238,2.49458058672488,2.28992201494625,2.20024370664357,1.8666651010243502,1.61673396866419,1.7541472320880902,2.05718426570015,1.9977380179382198,1.9095153674543,2.13196558637412,2.24112218409153,2.4880910700612997,2.40461349423656,2.27363058599165,1.7298633004641102,0
root/LatinAmerica&CaribbeanChile,root,14.285714285714299,12.5,7.00389105058366,8.42787682333874,7.364438839848679,7.61808594188264,6.25121587445691,4.45668106009587,4.15911688456499,5.25901316598991,3.56231333152321,6.9107775498788,9.7517046185514,10.896903070116599,8.848008924567711,10.3999510549408,8.66360496451209,10.3093559003291,11.691109628127197,10.3211874633401,9.64258252913682,9.938819159250631,8.93562280002415,9.343030802082321,9.31926886952842,8.39498362506442,7.95078149427778,6.92687899143793,6.24909579091382,5.39020458353317,4.46691200919983,2.99812587613402,2.02574910635592,1.8162189623420302,1.56522606051543,1.2765510313992,1.35449276166394,0.886803803701555,1.1268448789165602,1.06364772839178,1.0893369663697,1.0500433500953699,1.10279124532183,0.9642313765594169,0.874926531906745,0
root/LatinAmerica&CaribbeanColombia,root,0,0,0,0,0,0,0,0,0,0,0,0,0,0,0,0,0,0,0,0,0,0,0,0,0,0,6.44530144826576,5.03024687181043,5.39792394187555,0,0,3.1210305737551804,0,0,0,0,5.210600919090821,4.26925718799465,4.63035589008967,3.55024244450256,2.61246082507443,2.06796958472249,2.37779110867088,2.6909929413830094,2.28508923787998,0
root/LatinAmerica&CaribbeanCostaRica,root,18.2539682539683,17.9012345679012,24.4897959183673,22.112211221122102,20.2739726027397,22.5512528473804,19.478260869565197,20.0949367088608,18.8346883468835,27.3797841020608,29.3599530240752,22.3763785129847,21.0280373831776,21.116800780297503,21.059384164222898,23.0165525114155,34.2111263109895,32.4236017682106,22.9577464788732,19.652965788826002,16.552704022733298,14.9591565007737,14.4333057420522,14.892372484791801,8.382829105500491,9.1126902891417,8.49703246042154,5.720296755619531,4.84461315909554,4.58711784405461,4.392685667586069,4.53969861972901,5.07413039753491,5.07622328841168,4.9528047018898,5.07997987279224,5.08175189827645,4.01517548166066,4.12335139790043,4.95646267055104,4.87051798659225,5.06985742398358,5.21498306224433,5.1594489073277,5.55766728727354,0
root/LatinAmerica&CaribbeanDominica,root,0,0,0,0,0,0,0,0,0,0,0,0,0,0,0,0,0,0,0,0,0,0,0,0,0,0,0,0,37.0045890696704,37.554776511831705,41.27597873368779,38.8047138047138,35.3433835845896,42.743161094224895,20.0120192307692,16.319350473613,16.518393844674197,16.891694997571598,18.6461974095727,18.012942127802802,16.829838571967002,14.782157469230098,14.924894604568602,0,0,0
root/LatinAmerica&CaribbeanDominicanRepublic,root,40.321654221711704,43.2124352331606,46.62392306151071,48.9405231623557,41.750405186385706,44.6745121406227,37.632508833922294,38.4615384615385,31.1660852098531,28.482877756325603,23.8700219887613,26.3104532089628,28.1584158415842,33.698119797427104,29.5886269863965,39.0794106141609,40.3119851515088,40.6020916821425,40.0511529939546,42.9989115820475,44.1692689870164,43.2900453455521,38.105088953247794,36.3820113097967,36.551721662473,35.930113840098294,36.8051519365131,39.1738956970282,42.425538213575,30.7860089393121,31.6343110148669,20.865426479748002,28.0020675879518,22.954998976363502,13.659360491717598,9.454657614708161,9.52284876559499,8.83307023410127,8.17577925374555,7.22900666957983,6.627835828744691,5.97010939525872,5.9943064103485,5.506766708469289,6.28658357997212,0
root/LatinAmerica&CaribbeanElSalvador,root,0,0,0,0,0,0,0,0,0,0,0,0,0,0,0,0,0,0,0,0,0,0,0,0,0,0,7.99596672548525,8.089922194544389,5.56747119883438,5.72880572880573,6.71670933310192,7.7870978900034595,6.99418488068979,6.56171787152236,5.97367633861801,5.16642583719928,4.033294985450359,4.940023562172,4.77072267433361,4.39977143688125,4.37199880106336,4.55758812907278,3.91794058817684,3.5943050397768803,3.5395564997522495,0
root/LatinAmerica&CaribbeanGrenada,root,0,0,0,0,0,0,0,0,0,0,0,0,0,0,0,0,0,0,0,0,0,0,0,0,0,0,0,48.7626350644824,45.5646364015988,43.3889210694796,47.8674935138898,45.6687565308255,42.9350603381634,40.5322399094805,43.26836422660911,50.78997565594279,45.460089094537004,45.9195924512663,26.0160741501856,25.6150881149721,27.257219383873895,26.7029053226197,23.805581509296697,0,0,0
root/LatinAmerica&CaribbeanGuatemala,root,0,0,0,0,0,0,0,0,0,0,0,0,0,0,0,0,0,0,18.9839284561708,15.5392458489405,20.0692132239205,19.7075052789823,20.960735868005198,23.207709425143598,17.668376712006395,15.878876256197698,14.143569246935801,12.8402865987801,11.6195580334985,10.883945008847599,10.9296428438678,10.9936458110061,10.381275404429301,15.0029941945334,9.64075251267073,8.60015214116313,7.490062993147769,6.96082102140231,6.95045455673897,6.4204172632181296,5.5645726285172,4.500036919972611,4.40595505203458,4.57668862784635,4.52607993131071,0
root/LatinAmerica&CaribbeanHonduras,root,28.1128404669261,28.039702233250605,28.7410071942446,27.311060655206,33.4016393442623,44.160201300062894,43.22866499711039,40.737808739708704,37.195936915263296,42.4177010253643,0,0,0,0,0,0,0,0,0,0,0,0,0,0,0,0,0,0,0,0,0,6.14382985285786,5.6005930039651295,5.41415125524104,5.050322929612291,5.21174031283563,4.567615691685861,3.3685615063020897,3.81880821353984,3.56829588093418,3.6642710518463395,3.04781208790379,2.99879892613199,3.31083254464234,0,0
root/LatinAmerica&CaribbeanJamaica,root,0,0,0,0,0,0,0,0,0,0,0,0,0,0,0,0,24.8130184569305,25.3802406487084,21.9125565931028,23.898356239049896,25.0374417513057,29.375987280666,27.2409024065162,27.1497232244439,26.007316999759897,26.364920259947702,27.1991875970998,25.839520114728103,24.678868531221198,25.8371380818609,24.0432908209169,23.746845217437603,23.7016511049513,24.6314417780327,25.3473721291948,24.840631951074098,25.187750295104298,25.5056154319449,30.4340004009236,30.6784172202366,31.1676107632473,29.2146253649677,31.478536599719,32.3147369538333,34.8053419254476,0
root/LatinAmerica&CaribbeanMexico,root,13.7931034482759,10.294117647058801,11.5789473684211,10.4477611940299,8.823529411764712,11.203319502074699,11.1801242236025,14.3507972665148,6.98365527488856,7.6659038901601795,5.71049136786189,3.3130493576740996,3.4653465346534698,4.25356750823271,6.02502571134727,5.37444083287742,3.27000575705239,5.17995716950284,6.244096225998679,7.65131732586035,8.11178413144837,6.791801763785251,6.00456889851864,3.9878173744734102,3.8777941972276606,3.87061874736745,4.28905889796595,4.30623745183793,4.05430411290124,0,0,0,0,0,0,0,1.4867415144191,1.47368192231204,1.1006572042571101,1.07946381599869,1.05070741176662,1.05605642476601,1.14788131264502,1.28402745684464,1.30191062091723,0
root/LatinAmerica&CaribbeanNicaragua,root,0,0,0,0,0,0,0,0,0,0,0,0,0,0,0,0,0,0,18.916246607212102,11.647411322927198,15.950810126914801,17.7431054632403,19.9892787524366,7.30209788567873,7.013719115188481,9.83623981996643,13.1645847431278,6.75945159950145,6.91179017586287,7.89783050122903,6.364888723711901,5.13664949459746,4.68622022888936,5.15174115082325,4.58382456967696,4.4641522645647305,4.37544372394988,3.60142431139244,3.91595611979254,4.03713736620461,4.15183516495773,4.03777618761278,3.67916408707048,3.76870111964731,3.84290751905358,0
root/LatinAmerica&CaribbeanParaguay,root,0,0,0,0,0,0,0,0,0,0,0,0,0,0,0,0,0,0,0,0,0,0,0,0,0,0,0,0,0,0,0,0,0,8.39479392624729,8.201112529799909,6.5792086315696,7.00933230318663,5.94097849420749,7.91791289966511,7.517084403727571,6.56907678001953,6.30901984435346,5.88763052175545,4.97386303488726,4.44821410519162,5.60813090939718
root/LatinAmerica&CaribbeanPeru,root,13.4615384615385,17.307692307692303,13.4328358208955,22.4719101123595,21.9298245614035,24.528301886792498,27.3764258555133,28.312159709618896,27.0853778213935,28.693368351937,23.9034205231388,21.722846441947603,19.468285534854502,22.057719128848802,20.8227301896395,21.5404070817777,14.3920595533499,18.322442992399,16.5116756629899,9.54503800334214,9.48115334391268,11.4809771650069,10.2019221322255,9.91579468763544,8.9042461955763,8.03059537410646,8.834552161954301,8.72782824112304,8.10376219172036,7.89704178257149,6.70457403284078,6.2602601480152495,6.07517932112607,5.68725589094954,4.08725349531018,2.3748409910101,2.55073932856752,2.14876600922347,2.1212741466823997,1.39271121705591,1.39014241468909,1.4508843076303704,1.43950697002825,1.4910484579301297,1.35957204762365,0
root/LatinAmerica&CaribbeanStKittsandNevis,root,0,0,0,0,0,0,0,0,0,0,0,0,0,0,0,0,0,0,50.260174688719594,51.369262255140804,47.378390012914295,46.6431637032495,43.4059892633077,0,0,0,0,0,35.7441948991245,32.5621546961326,40.551458349338,41.1897945018715,40.1806164708485,40.9951037026446,40.8110240774891,23.9738476844734,16.7451096920896,15.2287050393738,16.426430490460998,16.2819092035785,16.2494596277544,16.7823071185208,15.502909752864099,0,0,0
root/LatinAmerica&CaribbeanStLucia,root,0,0,0,0,0,0,0,0,0,0,0,0,0,0,0,0,0,0,0,0,0,0,0,0,0,0,0,0,47.380941252357104,45.2222386483624,46.4853068379595,50.303369243146705,51.6561291557686,52.9493455295761,53.017182655214995,50.213883584704504,45.5261753594387,48.4619702351781,44.918220725043,45.7476881692737,39.2333044679518,24.9260929017538,25.5405358985817,0,0,0
root/LatinAmerica&CaribbeanStVincentandtheGrenadines,root,0,0,0,0,0,0,0,0,0,0,0,0,0,0,0,0,0,0,36.1275088547816,34.009900990099,36.5597054182009,40.8405172413793,39.6177685950413,41.859321200196796,39.256572982774294,39.1321656050955,36.449250087199204,37.9492600422833,37.8941524796447,38.5149118306377,40.551830097786606,41.1901227988089,40.179857685423706,40.829634375143,40.728777034115204,23.9729953063192,16.745714455795,15.228638202580099,16.426430490460998,16.2819092035785,16.2494596277544,16.7823071185208,15.502909752864099,0,0,0
root/LatinAmerica&CaribbeanSuriname,root,0,0,0,0,0,0,0,0,0,0,0,0,0,0,0,0,0,0,0,0,0,0,0,0,0,0,0,0,0,19.9360950259229,20.5116616362985,16.9677859461041,17.696767709253198,16.484305386399697,13.086002843145199,10.480162797982,12.3135408696254,8.79495282381121,10.260205415540499,10.145681222754401,9.01420681154352,0,0,0,0,0
root/LatinAmerica&CaribbeanTrinidadandTobago,root,0,0,0,0,0,0,0,0,0,0,0,0,0,0,0,0,0,0,0,0,0,9.560056384004751,8.09266183997666,6.19710362986647,5.55823461578782,6.622205728257071,7.1511616252731205,7.743912787389309,6.43564764108603,5.439002838322709,5.83926657610365,5.606190225497941,5.66741476480617,4.7740932138865,4.55529839027766,4.8125469202338,3.71922605661372,4.3956836434703,4.09638709621941,4.61088848617882,4.4429205201094195,0,4.60423528503137,0,0,0
root/LatinAmerica&CaribbeanUruguay,root,6.137184115523469,12.3636363636364,10.5610561056106,6.543291473892929,8.48853868194842,10.3991130820399,8.50354918151528,13.791108907618598,14.223759867459302,11.7088607594937,10.2439558834271,11.7033227650598,12.794351343542301,12.2196641014117,13.657825839499099,11.9970076583659,10.431065760317098,9.28819444444444,9.795603548013881,8.211551844119692,7.137360523278179,5.007604348560809,4.13075667261475,3.53919450773829,3.49525281519099,3.61393347951993,3.6994416741252203,3.5866715444180204,2.77891895064264,3.8743373446660097,4.19785166747752,4.90843989758285,5.39066965517021,5.0781368737769,5.11954021071806,5.216545241302001,4.211783774499589,3.37215335714337,3.5075106958157702,3.79088849067257,3.73934678321479,3.5534326207455598,3.94086891006281,3.48304917020649,2.67989379552131,0
root/MiddleEast&NorthAfricaAlgeria,root,0,0,0,0,0,0,0,0,0,0,0,0,0,0,0,0,0,0,0,0,0,0,16.8192464745428,18.470592347136602,15.4923244909757,12.646708422002302,16.3969265768982,14.049191159142199,8.922727148877712,10.926602457655301,12.9428642714571,7.19558837054009,6.177242276393889,4.66485153683669,3.1221500110918496,3.39341125431611,3.31882052925363,4.45032905250093,3.92340879475528,3.7895168783955198,0,0,0,0,0,0
root/MiddleEast&NorthAfricaBahrain,root,0,0,0,0,0,0,0,0,0,0,0,0,0,0,0,0,0,0,7.9597638311830305,8.681672025723469,10.477624784853699,9.68429207824908,10.8946917808219,9.52190438087618,8.339185393258429,8.57805255023184,13.161718912186,9.605348988910631,5.5516794577893,6.16195289816109,4.830917874396139,4.569645806570009,4.44669418269605,3.55151370108891,3.72810593952836,3.9308703175835,3.68420069837357,4.877691776250309,4.64281446208437,3.60640828838549,0,3.9122896481387,0,0,0,0
root/MiddleEast&NorthAfricaEgyptArabRep,root,0,0,0,23.982102908277398,20.049504950495102,36.897909724326,25.833774483853897,22.1178088471235,0,20.0557455973648,20.447564721368998,16.175098002613403,17.0194962764622,15.673839184598,13.5401603785987,11.6395418927064,13.037668944961199,13.347950599606198,12.9280639809418,9.535486387828461,10.134345195364599,9.46848779807072,9.76988471981128,10.0737168068839,12.192420169556598,11.992855320234801,0,0,0,0,7.592960692691151,7.55000779580494,7.448996878100719,5.826611477484231,5.48716992628903,5.0421921026809,5.634643011748639,4.883473819991781,4.84635486712129,4.588579460511871,4.238888968512169,4.15497092684764,3.40362837993991,4.06163687662409,0,0
root/MiddleEast&NorthAfricaIranIslamicRep,root,14.658385093167698,12.7551020408163,4.51264802746829,5.66142119498402,6.4672680276415,7.797893200784349,8.624064478986758,6.026397079472059,11.6713286713287,8.88946684005202,8.03468850757885,11.5872803794509,12.6271413276231,12.035631136754699,13.206424747174301,12.4840713603058,12.1724397590361,15.2872062663185,13.474384162007,16.9172035313768,18.5443141088302,4.42772457820337,4.07728095115017,9.17999198253975,14.6616358719414,21.8842261423892,17.5231470141576,5.4346781426484405,5.97752248403715,7.33523577757056,7.006122975183111,7.399174175015559,8.18606931368815,5.728381958537169,5.44112271704588,5.282358565465911,5.5157154792186605,6.00145828536342,0,0,0,0,0,0,0,0
root/MiddleEast&NorthAfricaIraq,root,0,0,0,0,0,0,0,0,0,0,0,0,0,0,0,0,0,0,0,0,0,0,0,0,0,0,0,0,0,0,0,0,0,0,0,0,0,0,0,0,0,0,0.540770314701738,1.26666568889509,1.10088534775323,0
root/MiddleEast&NorthAfricaIsrael,root,20.0,15.7894736842105,19.2307692307692,9.52380952380952,9.677419354838712,6.66666666666667,4.16666666666667,3.6065573770491803,3.012912482066,3.35443037974684,4.56213948610383,4.25877469999098,3.4430362261283998,3.55149912405902,3.6359513190717405,3.3719252283295,3.10199590747279,2.00616361970765,1.43317406919864,1.6141595984074801,1.6098053033757498,0.9154214242880401,0.563812366560952,0.793900605043192,0.714447637642688,0.6886110880438461,0.6375349423777671,0.6716474228360121,0.6405765812374461,0.603145306308032,0.6015310350632671,0.6160091764181209,0.689940698050499,0.7228911463350992,0.7063995103538381,0.790173074964299,0.8597582215801999,0.897194736859039,0.9104543303776291,0.917864019891354,0.775085223372927,0.648568738740677,0.740741181290336,0.724331205311195,0.7956092372092579,0
root/MiddleEast&NorthAfricaJordan,root,0,0,0,0,0,0,0,0,0,0,0,0,0,0,0,0,0,0,0,0,0,0,0,0,0,0,0,0,0,0,0,0,0,0,0,0,5.39984164687253,4.95122117614954,4.59807125722474,4.070864243060379,4.13547443564385,5.150554675118861,0,0,0,0
root/MiddleEast&NorthAfricaKuwait,root,1.48026315789474,1.7291066282420802,0.6607929515418499,0,0,1.3716962194713997,1.47783251231527,1.26269558056547,0.780798149219202,1.08867150520669,2.03651685393258,1.93003618817853,1.5374024782010098,1.6078017923036398,1.26475548060708,0,0,0,2.02182284980745,2.2900763358778597,0,2.6907807675341897,2.67190569744597,2.1768251841928996,2.15892053973014,1.98137980424922,2.39884393063584,0,0,1.63996948893974,1.66446934739618,2.17134416543575,1.89324817518248,1.2874273523136899,1.2348888600026,1.19325413661434,1.0345491290539899,1.0918029038527501,1.02453238086286,0.743011361743245,0.8169316174615191,0.8759680081249209,1.18220597196831,2.3884632717440297,0,0
root/MiddleEast&NorthAfricaLebanon,root,0,0,0,0,0,0,0,0,0,0,0,0,0,0,0,0,0,0,0,0,0,0,0,0,0,45.5233379648934,43.7002164120284,27.9992951151892,25.5561415284303,20.106577773604396,11.0595313254354,7.69168540780171,7.565390054711941,7.01912459929057,5.9277119708722195,6.68126652869388,6.9348782697101,6.468351707000519,6.9395996160702005,5.899927830744099,6.01639554826864,6.23970838841807,5.29386652864262,5.3514867800058,4.99719374440951,0
root/MiddleEast&NorthAfricaMalta,root,24.3382352941177,18.6490710192742,18.4331797235023,14.9413955526345,16.151370330635,18.608198284080103,18.538296007013603,0,25.1564367573648,19.657213041536398,17.281321421151098,14.6264877184097,14.5157959942185,17.3241939578573,19.9430949997366,21.823672777365697,22.378429194086,25.1391970527902,22.8104915754733,22.979861548143397,25.8176621520673,25.0112084167737,18.9198265006297,3.56811888809587,3.57344919393527,3.60014496880582,3.74659084645006,3.77149145205613,3.43749424202352,3.35030817446508,4.307739918377431,3.37788641258512,0.707683531325403,0.718572918848259,0.11201052747592699,0.38485541449347205,0.0407138174716762,0.00319810740268053,0,0,0,0,0.9635062683357991,0,0,0
root/MiddleEast&NorthAfricaMorocco,root,13.002309468822201,14.346728790526099,14.427742928157198,16.1741340959644,17.508488964346302,19.9443489647271,19.4948039141318,18.937154607376897,20.783289817232397,20.970796371972497,20.5274086378738,18.3815028901734,17.8675662358337,16.1861118544287,14.256494795005601,12.7230810957418,16.276131148994697,17.4412875677451,17.836049242154697,18.4213485853831,17.6295020806428,16.3898480889671,16.478372531407,15.1839173301537,0,15.860409681767,16.1762856783604,15.905541020734901,0,0,10.923227558339,9.7038945396177,9.460545453656731,8.439207871534691,7.52655695449309,6.885966975475251,5.804565081589071,5.994333007440691,5.55084421779406,5.064542454338969,0,0,0,0,0,0
root/MiddleEast&NorthAfricaOman,root,0,0,0,0,0,0,0,0,0,0,0,0,0,0,0,0,0,0,2.06276891926095,3.0457250234888797,3.5904754750995296,3.18364366557138,2.94347116816796,3.0414932187457997,2.9716568860032497,2.3332610626139703,4.33469158353239,5.73530462109849,2.0463423295454497,2.32789099431931,2.0377077480283,1.9791127485308897,1.76858886536306,1.9915387731221001,2.33268197361993,2.73353201109855,2.98810559907166,2.32260907888938,1.9842892024173897,1.28588636019177,1.6937444552048302,1.44919803928107,0,0,0,0
root/MiddleEast&NorthAfricaQatar,root,0,0,0,0,0,0,0,0,0,0,0,0,0,0,0,0,0,0,0,0,0,0,0,0,0,0,0,0,0,0,0,0,2.22095053738907,2.67900136124019,3.1509489605438197,3.35708661776431,2.5149939791157405,1.8417116953138999,2.57831010282742,0,0,0,0,0,0,0
root/MiddleEast&NorthAfricaSyrianArabRepublic,root,0,0,0,0,0,0,0,0,0,0,0,0,0,0,0,0,0,0,7.2977340830275095,7.450592885375491,9.354831699950019,13.6390771132034,13.0731026193927,12.778055770367999,12.2265723913594,0,8.79674216462237,7.99256591295846,5.98833114152053,6.696671318042751,8.39095929827818,8.96961727929607,9.14750412450907,8.60647225574672,7.56027732744645,7.280474249722119,6.74510698629467,6.17777711203317,0,0,0,0,0,0,0,0
root/MiddleEast&NorthAfricaTunisia,root,20.4190476190476,22.4114441416894,22.483304476873602,24.6977205153617,23.6561153774115,25.134792261338397,24.621838057709397,24.644699442046498,24.175143741707203,25.3656341408535,27.1366489618542,31.2992338405093,28.3412861708182,28.125402067161303,25.2131597554382,24.6072675341162,26.4902102973169,26.6060724524368,27.471620227038198,28.1359306128253,28.853909515313,27.579683048432997,26.668393679134397,27.642638571483896,25.501266357112698,14.311718980616,13.3803339517625,11.970422282616198,10.6501769493171,10.2485162770553,8.72760984008211,7.59858056547089,7.25611990972048,6.6703567928568805,6.24752736384017,6.1214201516825195,5.91360619672392,5.81118656945109,6.225297250180461,5.05199757954434,5.87188847154765,0,0,0,0,0
root/MiddleEast&NorthAfricaUnitedArabEmirates,root,0,0,0,0,0,0,0,0,0,0,0,0,0,0,0,0,0,0,0,0,0,0,0,0,0,0,0,0,0,0,0,0,0,0,0,0,0,0,0,0.008876352355205609,0.00791003525101045,0.214300856248501,0.255427820564014,0.20015809227043102,0.186508205851348,0
root/MiddleEast&NorthAfricaWestBankandGaza,root,0,0,0,0,0,0,0,0,0,0,0,0,0,0,0,0,0,0,0,0,0,0,0,0,0,0,0,0,0,0,0,0,0,20.0187480538473,14.5220958458326,13.4342044933517,10.519737923842401,0.6742829569803649,14.444340951847698,18.3100985327337,18.7679805700816,17.2371680720628,19.2427239226339,23.3238796917944,0,0
root/NorthAmericaCanada,root,0,0,0,0,0,0,0,0,0,0,0,0,0,0,0,0,0,0,3.0875173067113595,2.6021529303774598,2.77510545400725,2.2767217370143,2.47799281263394,1.87476079360964,1.55623050305783,1.44796138769633,1.37426570845678,1.09871121031032,1.0545050824466602,1.2831697878515702,1.37359552987711,1.24204710695938,1.16577830263956,1.25311008764964,1.26429385395734,1.28172644565838,1.3538285082284498,1.3230727204761799,1.21743813600159,1.27494511990595,1.28395568716654,1.2925784172483898,1.32851237236035,1.4567252005850602,1.5307899764018402,1.49308425413995
root/NorthAmericaUnitedStates,root,1.6363551358174802,1.3937853570550098,1.29313450039623,1.4950450913829199,2.00604385006108,1.4758557539522201,1.6683870657992699,1.60247226883877,1.39224738037664,1.28792259960299,1.36141053046497,1.33778240372253,1.61487916249026,1.56169056794491,1.65842516432381,1.68714690817964,1.72143324641325,1.58903062443266,1.5741866548763899,1.4098473743209499,1.5402720570419899,1.5552916272794097,1.54985155398549,1.3806994800596597,1.24572720796324,1.10543349685663,1.09346480879669,1.04080829287495,1.01741843110854,0.9992649330449879,1.0476279135327,1.11451147818897,1.1302528336480602,1.08287637835017,1.03579467439878,1.06518062869091,1.1167844800472702,1.01653780324338,1.1574294375046799,1.2271913567530401,1.22986107539837,1.1192385541316698,1.12528373780684,1.09821892304603,1.07776033959098,0
root/SouthAsiaAfghanistan,root,0,0,0,0,0,0,0,0,0,0,0,0,0,0,0,0,0,0,0,0,0,0,0,0,0,0,0,0,0,0,0,0,0,0,11.1855199886133,8.46396731117203,3.16148854243017,4.84404133483751,4.55485875503042,3.83063551305111,4.224652213221851,3.70364318455009,3.8065492380086403,4.57093222159508,0,0
root/SouthAsiaBangladesh,root,0,0,0,0,0,0,0,0,0,0,0,0,0,0,0,0,0,0,0,0,0,0,0,0,0,0,0,0,0,31.0618016199126,29.930696503653802,25.1306239493369,32.558433829489395,32.388647432923,30.915205261609696,27.0926738359197,26.547633451163897,24.346461981699502,24.295352174232697,24.555880940862604,23.4235997424692,20.565611702414998,20.4469220851395,23.725919294548397,24.546591619762303,0
root/SouthAsiaBhutan,root,0,0,0,0,0,0,0,0,0,0,0.120578778135048,0.23756495916852302,0.483153210425938,0.41395011901065903,0.367416435164441,0,0.255464093102469,0.36664180959483006,0.218957479870038,0.375918107686079,0.554148195060165,0.488714792016415,1.0169940702951599,1.1586802827965401,0.691562932226833,1.0501546908362,1.06522320016131,0.9863607094772578,0.905215582547957,1.09864419641203,1.21489341446878,1.6524060253051,1.48301924595696,2.31100637741967,1.2885877287793,1.01928180587697,0.832365634901812,0.9884742651657951,0.673453894531151,1.01647002584153,1.16596918332964,0.936627575492299,0.824211958380943,1.2747902555866102,1.3917536629191798,0
root/SouthAsiaIndia,root,0,0,19.820651457206896,15.901324220418598,16.1980616063717,16.2585446050013,18.0956747669265,19.997264396115398,21.434248334046604,22.3654051851475,23.6189801699717,22.549635093777,23.708667250319902,26.3666306844917,28.170824604837197,28.679964000920897,28.342658345886196,26.6954797075279,28.6034943815554,25.7953847402033,24.1400316776997,21.861147776749,21.7372606296657,24.1951199707685,24.929170229971298,21.628093436721397,20.773462601331197,20.7096694168923,18.9218878107413,15.646808312221198,15.420212125900301,14.596246259316098,14.864899732689302,14.4257054111638,15.168772293581199,14.663222869890099,14.1393149628036,11.4110733590522,13.4578911382621,14.8246284585373,14.8663024955806,13.210333664811802,0,0,0,0
root/SouthAsiaMaldives,root,0,0,0,0,0,0,0,25.1046025104603,22.982456140350898,22.0551378446115,24.610051993067604,29.0322580645161,32.6605504587156,36.7758186397985,28.6878565607172,33.0808080808081,35.6366272046388,29.3354374890409,32.7158206743238,29.827434185665698,35.275080906148894,34.815783736647,29.7907730018384,29.2811387900356,28.8079258549057,30.370288979233102,29.8999014573933,28.294242110475803,27.5533037787629,26.404628890662398,25.534976387249102,26.6991242974775,33.3695652173913,27.211166692151398,27.5853031270988,27.691878906924,33.0285128537131,32.316593542974,31.6393745382911,27.603634076856498,0,0,13.456425518643698,0,0,0
root/SouthAsiaNepal,root,0,0,0,0,0,0,0,0,0,0,0,0,0,0,0,0,0,0,25.6286450049231,24.20675944334,22.9424219657127,21.8003978779841,24.760872638175602,25.951262803683,23.315089416406803,23.5537541452907,23.1195953662914,24.3738796414853,23.498859067695303,23.728236828673502,23.041080431735896,21.8961239904703,21.888438590566203,19.042230905620197,18.2445286958466,16.3498809545944,17.4574678117991,16.1475157552238,16.286235515210098,14.4618636324548,15.221372669391199,17.204310157260498,16.8006144298729,16.6315973219489,15.6828246209845,15.992581320827
root/SouthAsiaPakistan,root,0,32.3381377259208,40.9546925566343,38.846758215481294,30.111247138979103,30.4537643397891,33.1390698205919,34.8962108731466,32.8391103987177,32.1517192484934,29.858303419610802,31.5320575918851,30.110001506870002,29.936257398694803,31.3554645214697,0,30.348358037311502,28.0170104695075,0,0,0,0,0,0,0,22.404967431160397,17.1793854753757,14.06027925887,10.830840466475001,11.1789574990977,6.73284474201111,9.16964636257519,10.8867003743718,13.578561154078699,10.322308152325801,10.322308152325801,10.689155702610801,8.04113511990719,7.565219625345,7.63102308109272,0,0,0,0,0,0
root/SouthAsiaSriLanka,root,0,0,0,0,0,0,0,0,0,0,0,0,0,0,0,0,0,0,26.0197492331701,23.4338114049136,23.009037745879898,19.4198106117541,19.1030897332939,16.7870844209961,16.536783042394,15.5384990819718,15.455219169434303,13.6783514921838,11.077272874314302,10.9124740809966,11.9116997131065,13.956638612886,15.2024546394748,13.6691833997482,14.5608102776156,14.1855485753276,14.3097915310111,18.9176449833647,15.6738049914235,16.641453937554502,20.312365238586302,16.6316948608787,16.7211700560909,16.719059454217,21.5142132662693,0
root/Sub-SaharanAfricaAngola,root,0,0,0,0,0,0,0,0,0,0,0,0,0,0,0,0,0,0,0,0,0,0,0,0,0,0,0,1.9943370746875602,1.5626257467367801,3.2383770647421404,4.51136912550104,4.46534077988746,4.6389132320074005,4.23118264300053,2.2539622983584304,2.6332137726114304,3.7915231993678,8.5665592264303,3.78238688013654,2.3979575493154504,2.51380816250954,2.64070688268218,4.11500237570181,4.98051531369722,3.43629474473578,0
root/Sub-SaharanAfricaBenin,root,0,0,0,0,0,0,0,0,0,0,0,0,0,0,0,0,0,0,0,0,0,0,0,0,0,0,0,0,0,21.121299995078303,22.458701841498605,21.316861698954398,20.5468638740595,21.594446159461604,22.551635771633602,19.2241179180117,22.92817419472,18.3785473203017,22.013906839371,19.6585029588494,23.367575482071,24.1967621419676,0,0,0,0
root/Sub-SaharanAfricaBotswana,root,0,0,0,0,0,0,0,0,0,0,0,0,0,0,0,0,0,0,12.937048760247901,18.9248913718187,21.8754790530627,15.6192499573193,16.161753693239802,15.362259820073302,12.2621766902381,0,0,0,0,0,0,0,0,0,24.158206278289104,27.458769353696898,25.542825152225,26.510235799394998,19.4992747801255,21.9532791538898,34.185951284460394,26.946041706293503,28.1010780996662,32.5813822967567,20.541572200382102,0
root/Sub-SaharanAfricaBurkinaFaso,root,0,0,0,0,0,0,0,0,0,0,0,0,0,0,0,0,0,0,0,0,0,0,0,0,0,0,0,0,0,0,12.7148917643852,10.3002518395007,13.5412666385444,12.5728810064077,13.6787552155428,12.8757709321541,12.9721217740086,11.6301719014554,10.992687758728199,10.6920719189527,11.6436445691094,11.6968986494454,10.8798519834932,11.184154409969699,11.2796880538816,0
root/Sub-SaharanAfricaBurundi,root,0,0,0,0,0,0,0,0,0,0,0,0,0,0,0,0,0,0,0,20.4241171713541,23.672055427251703,16.6320126294713,23.314069473294502,26.571002374099198,18.813443557314102,17.420116632126803,28.5254842055755,19.739502219606,0,0,0,0,0,0,0,0,0,0,3.48121458428051,6.38754671290869,5.75146839614753,5.039598179433161,0,0,0,0
root/Sub-SaharanAfricaCaboVerde,root,0,0,0,0,0,0,0,0,0,0,0,0,0,0,0,0,0,0,0,0,0,0,0,0,0,0,0,0,0,0,0,0,0,0.0946538082883212,13.7845001395452,13.8025905395752,12.9962575962944,11.984100037885598,0,0,15.4225930663923,0,0,0,0,0
root/Sub-SaharanAfricaCentralAfricanRepublic,root,0,0,0,0,0,0,0,0,0,0,0,0,0,0,0,0,0,0,0,0,0,0,0,0,0,0,0,0,0,0,0,0,0,0,0,0,15.035640676673,16.2770319949271,16.1126272312706,0,0,0,0,0,0,0
root/Sub-SaharanAfricaCongoDemRep,root,0,0,0,0,0,0,0,0,0,0,0,0,0,0,0,0,0,0,46.3883933773766,31.5223707147007,28.901785714285698,30.1153880749559,44.1468073058134,32.641509433962305,29.4237633860275,27.6558319294421,33.2239035650167,20.647149460708803,14.4723272089176,14.651350861357699,14.3697488101806,12.023364839997098,15.622953275959,10.484910968569599,13.4576910909569,15.7029640355095,17.5907571322648,14.036317863606902,14.2715523116767,0,0,0,0,0,0,0
root/Sub-SaharanAfricaCongoRep,root,0,0,0,0,0,0,0,0,0,0,0,0,0,0,0,0,0,0,0,0,21.158256880733898,19.9781659388646,13.2697311361665,18.3591949608235,16.087160650667,8.71557348473529,13.0444561061549,5.5069153660703005,0,6.8459817133733,5.98544312229876,6.64859523095335,4.29162543829992,2.60395401027521,2.43459302325581,2.67074942604616,1.94633141688878,4.21944258227282,1.9207632805741,3.0784670840033104,3.53057975311608,0,0,0,0,0
root/Sub-SaharanAfricaCotedIvoire,root,0,0,0,0,0,0,0,0,0,0,0,0,0,0,0,0,0,0,0,0,0,0,0,58.3326012474743,0,0,0,0,0,43.7249784404964,47.05572513857761,49.845249148870295,49.568073106304,43.9621860336738,47.163115818792896,42.829705505761794,37.9768248329527,34.6229252895672,42.3748189924548,40.956077416656896,39.184663207088796,39.8346267139162,41.160530695763505,25.8528778033818,26.8620312386269,0
root/Sub-SaharanAfricaEquatorialGuinea,root,0,0,0,0,0,0,0,0,0,0,0,0,0,0,0,0,0,0,0,0,0,0,0,0,0,0,0,0,0,0,0,0,0,0,0.48556611352217205,0.553383414351842,0.238745364601134,0.42489939149272204,0.5692882892168621,0.487154976609302,0.464193649715736,1.24290644618851,1.3829732048092198,1.6936947808881,0,0
root/Sub-SaharanAfricaEthiopia,root,0,0,0,0,0,0,0,0,0,0,0,0,0,0,0,0,0,0,14.328235331370099,16.7844268204758,18.4711442570351,21.301446051168,27.3482152485711,27.231326868862098,24.9470373830546,26.152714465633103,25.0513010827803,24.8730336962904,0,25.855346658509603,33.4703802997053,31.265487334801804,32.6880757897878,33.8579494869031,48.132488183783394,48.8580144024267,30.228676859432998,24.814760518544897,29.088918254103103,29.6593225906755,38.3117968712752,33.1935474114121,0,0,0,0
root/Sub-SaharanAfricaGambiaThe,root,0,0,0,0,0,0,0,0,0,0,0,0,0,0,0,0,0,0,32.4396782841823,37.359585817383106,40.034212319334294,41.6401891371244,0,0,0,0,0,0,0,27.4755543313593,21.7613089509143,23.476861167002,26.5215194524827,22.282526760138698,26.3219993564303,16.211258697027198,18.9028949898515,23.511466011466,0,0,0,0,0,0,0,0
root/Sub-SaharanAfricaGhana,root,0,0,0,0,0,0,0,0,0,0,0,0,0,0,0,0,0,0,0,0,0,0,0,0,0,0,0,0,0,0,0,0,0,0,0,0,0,0,16.6394947472947,0,0,0,0,0,0,0
root/Sub-SaharanAfricaKenya,root,0,0,0,0,0,0,0,0,0,0,0,0,0,0,0,0,0,0,0,0,0,0,0,0,0,0,0,0,0,0,0,0,0,0,0,0,0,0,0,0,0,0,7.84333818358788,7.427626482572559,0,0
root/Sub-SaharanAfricaLesotho,root,0,0,0,0,0,0,0,0,0,0,0,0,0,0,0,0,0,0,0,0,0,0,0,0,0,0,0,0,0,0,0,39.445195891240395,45.543917587489005,50.0588486126927,62.0148825372328,57.5438325727832,56.769085216137704,58.0441649741446,33.1819751324241,30.165347946002804,47.4992696479142,49.00889558954739,49.900807366925896,43.4556887234289,33.9307251441223,41.436754745258
root/Sub-SaharanAfricaLiberia,root,0,0,0,0,0,0,0,0,0,0,0,0,0,0,0,0,0,0,0,0,0,0,0,0,0,0,0,0,0,0,0,0,0,36.6358494996884,41.350452420676795,47.0992010656189,38.6342842857938,0,32.112596764698,29.6355514668406,33.0957219102137,30.007977431900898,0,0,0,0
root/Sub-SaharanAfricaMadagascar,root,0,0,0,0,0,0,0,0,0,0,0,0,0,0,0,0,0,0,34.3775317310289,35.160680529300606,33.0720170077066,31.3736903376019,32.3938223938224,41.110462476487,35.889218406199205,38.1758117798727,0,0,39.6288454352971,36.008133508567504,36.048359240069104,33.1797872278614,26.8544026600137,29.1377366328408,24.7822831697994,34.7388549431365,0,0,0,0,0,0,0,0,0,0
root/Sub-SaharanAfricaMalawi,root,0,0,0,0,0,0,0,0,0,0,0,0,0,0,0,0,0,0,0,0,0,0,0,0,0,0,0,0,0,0,0,0,0,0,0,0,0,6.52820101118947,5.84806283837549,6.42493255209864,6.970555614028269,6.951660714275099,7.975607909618829,7.585271755954349,6.86803403953902,6.979801181995231
root/Sub-SaharanAfricaMali,root,0,0,0,0,0,0,0,0,0,0,0,0,0,0,0,0,0,0,0,0,0,0,0,0,0,0,0,0,11.3333992566694,11.0371564986135,11.636748539639699,10.9912292323466,12.144488573869,12.3524148305231,3.7523335571029706,11.135371179039302,8.545849880118869,9.90219156424231,10.0900747156167,11.071622649712,11.137233100803002,9.482776175123028,12.9907901114881,11.205465589196802,9.30419627295884,0
root/Sub-SaharanAfricaMauritius,root,0,38.6024232178078,41.2698412698413,43.982827863176794,36.53028441840689,40.4023184452779,44.769467628231105,43.3779971791255,51.563965355547,47.59286058851911,47.1359286931446,47.48902810814429,49.054656914812895,46.4452958705832,50.4413821566964,48.724560785114,49.0675327785428,48.0209402320053,45.742789850242204,46.3744189931507,40.2308124035359,41.1463524418866,40.5717222057975,33.9650702687952,33.3478565739222,30.3704632699354,29.971279754661,26.2930844741823,27.4675221799747,24.8293959148876,20.9213576482199,19.55585137481,19.9095827705845,19.595839765574897,16.8328412817981,13.6282308958779,11.434361924686199,2.17488623571699,2.17614814928958,2.08575901015008,1.8468530893919097,1.63839316247379,1.36342473096384,1.09998925123711,1.3514095591000501,0
root/Sub-SaharanAfricaMozambique,root,0,0,0,0,0,0,0,0,0,0,0,0,0,0,0,0,0,0,0,0,0,0,0,0,0,0,0,0,0,0,0,0,0,0,0,0,0,0,4.68405110254885,5.25028460554097,5.476772108541991,5.63903702693068,6.736542935882519,7.24262453652013,7.01831295573866,0
root/Sub-SaharanAfricaNamibia,root,0,0,0,0,0,0,0,0,0,0,0,0,0,0,0,0,0,0,25.2852374072044,39.30087958750379,28.307555737648897,28.9559569586713,24.8136577880083,28.368028279654396,28.930885065854397,27.638733903678897,29.4385283997326,30.8921456440517,35.0419691813413,29.7109165202771,24.807496033460897,31.1643069317722,37.1255411421324,29.7651242768991,38.10814414888971,39.116098679291504,36.292364390172,35.75769458067771,25.5705761506354,23.8556360779765,36.311329635920295,34.7691521119544,36.2668858271579,33.237030282912,27.5898025127097,0
root/Sub-SaharanAfricaRwanda,root,0,0,0,0,0,0,0,0,0,0,0,0,0,0,0,0,0,0,20.489402033431002,20.831445971110803,22.5714213416331,0,0,0,0,0,0,0,0,0,0,0,0,0,0,0,0,0,0,0,0,0,3.7066307822084097,4.03386204385571,4.32173488945301,0
root/Sub-SaharanAfricaSaoTomeandPrincipe,root,0,0,0,0,0,0,0,0,0,0,0,0,0,0,0,0,0,0,0,0,0,0,0,0,0,0,0,0,0,0,12.1386522699702,10.9146015727331,12.1434018007251,15.3197541270385,24.124846160468003,4.80477293138251,17.518708261624802,16.5478282190222,21.3599890354118,16.9738883835719,20.721370660083,0,0,0,0,0
root/Sub-SaharanAfricaSenegal,root,0,0,0,0,0,0,0,0,0,0,0,0,0,0,0,0,0,0,0,0,0,0,0,0,35.9403346099577,36.359983929288894,35.1073762838469,32.5650950035187,29.549166938908897,33.1123832479663,0,0,0,0,0,0,0,12.4290752952001,12.9884778744031,13.358678552700601,11.809546857039098,0,11.293004570577901,11.175872616108599,10.046195901501198,0
root/Sub-SaharanAfricaSeychelles,root,0,0,0,0,0,0,0,0,0,0,0,0,0,31.4341498047568,34.4399731723675,41.0116943160185,50.606435643564396,44.189339536765395,0,0,0,48.9444106925881,46.052420003216,45.4986472618714,40.6038795751777,41.370358716173705,42.294961382861295,38.1685950413223,40.978376462247404,0,0,0,0,16.535587118905898,11.472183596062601,14.8628834612645,12.3901802732582,11.898467709335801,17.9789918720183,23.9302002221099,20.902708950978,7.8814153467369295,6.4236995796876,5.21036220804863,5.0965870102203095,0
root/Sub-SaharanAfricaSierraLeone,root,0,0,0,0,0,0,0,0,0,0,0,0,0,0,0,0,0,0,38.1306736947272,32.5940070505288,30.458620434170605,30.5084745762712,33.8821611847551,38.6546526964744,44.2524475345722,41.836766919667795,42.9852992825247,27.0973778445189,29.3933462424354,35.4758810440529,30.174018126670102,30.870636481492895,26.9552704367124,23.4956742282519,23.5025635726833,32.43817784065,33.7164201635268,14.3529929225479,15.8641513811727,13.009867511839198,9.45224993715259,9.503184668324131,8.947540242585571,0,0,0
root/Sub-SaharanAfricaSouthAfrica,root,4.64339908952959,4.731182795698929,4.96675791943684,5.2438209752839,4.73834158044684,8.02737202263456,6.252791424743191,4.93311036789298,3.2921239060980696,4.47798428339778,4.8804625240898,3.26376758297325,2.4967893027121,2.89457004014367,3.7545011650074103,3.7949122644137,5.895876594482349,8.80543061342752,3.6123875603691804,3.71667209529571,2.3282782224924303,3.50905318747642,1.6978233034571102,4.11141162100855,3.8361221962324303,2.52735633587447,2.6440691492014703,2.6156417789936803,2.9588260611153196,2.7372009522555603,2.7336946003483598,2.35616987238506,3.25625010969503,3.8298222932035397,4.2281089779439105,4.120966999496,3.1552594995037095,2.70208986264966,3.43482270208784,3.9338157032852203,4.1590240099993805,4.17706412916654,3.40306420195393,3.55643177570198,3.3555118974574305,0
root/Sub-SaharanAfricaSwaziland,root,0,0,0,0,0,0,0,0,0,0,0,0,0,0,0,0,0,0,0,0,0,0,0,0,0,0,0,45.8843409688321,58.687889266092206,57.9230595583396,57.8380120063719,57.89572967255771,66.02537022577489,67.12185822792,74.08270049805321,69.757515779258,70.1427223603872,63.7375749508751,47.1791600524978,47.9348926759254,60.9660426847552,0,0,0,0,0
root/Sub-SaharanAfricaTogo,root,0,0,0,0,0,0,0,0,0,0,0,0,0,0,0,0,0,0,0,0,0,0,0,0,0,0,0,0,0,0,0,0,20.047653778248197,21.6905660499515,19.1663842161794,19.5784428508077,21.292193225016803,18.2928623885064,18.8389226698173,18.3211624255415,19.084293354038202,18.3419554237751,0,19.5516665646905,18.2281920779385,0
root/Sub-SaharanAfricaUganda,root,0,0,0,0,0,0,0,0,0,0,0,0,0,0,0,0,0,0,0,0,0,0,0,0,0,0,0,0,0,0,0,0,0,0,0,0,0,0,0,0,0,0,0,9.397451761161632,10.409935343345,0
root/Sub-SaharanAfricaZambia,root,0,0,0,0,0,0,0,0,0,0,0,0,0,0,0,0,0,0,17.1580042821438,27.585598305682996,12.881451508219099,30.4137356307753,34.844391056676805,35.7756672681509,11.680726800778698,13.0210526315789,12.018822299196101,12.7954890479289,0,13.0515072720207,12.3719956027114,8.83879918887835,8.51375581072808,9.355509649374449,9.12130713830778,8.13637653871417,10.492074819377699,7.56850105796505,8.311774001227679,7.076609707274719,8.36599844924973,6.687956467134071,5.945728262240349,5.7163238378152,4.7572224659358895,0
root/Sub-SaharanAfricaZimbabwe,root,0,0,0,0,0,0,0,0,0,0,0,0,0,0,0,0,0,0,0,0,0,0,0,0,0,0,0,0,0,0,0,0,0,0,0,0,0,41.732472863660604,30.8951171669506,22.2823212095149,19.492500473944602,0,0,0,0,0
