root/EastAsia&Pacific,root,528114000000.0,688835000000.0,896279000000.0,1260093000000.0,1986209000000.0,2797508000000.0,3788106000000.0,5107772000000.0,6705540000000.0,8180395000000.0,9251917000000.0,11276313000000.0,12696489000000.0,13773886000000.0,15287298000000.0,16412616000000.0,17715722000000.0,18118155000000.0,19495087620000.0,5926224630000.0,6997871750000.0,7658604380000.0,23288982430000.0,23504989370000.0,22712599920000.0,26497539550000.0,48349395830000.0,62559872050000.0,21513692269000.0,21754858677000.0,102584296490505.53,87052042292294.0,86762829881627.0,24758217281723.28,28815660226979.4,35265616595428.266,129165740663308.58,135061886845072.7,136757292651831.81,147396458959823.06,171295472293220.88,198941936420870.66,165958224653877.88,189087858392958.16,215080319112080.22,1325067217934.1575
root/EastAsia&Pacific/Australia,root/EastAsia&Pacific,613000000.0,672000000.0,709000000.0,886000000.0,967000000.0,1416000000.0,1660000000.0,1980000000.0,2227000000.0,2570000000.0,2885000000.0,3378000000.0,4314000000.0,5657000000.0,7070000000.0,7963000000.0,7654000000.0,7468000000.0,7364000000.0,6192000000.0,5748000000.0,5413000000.0,6630000000.0,8162000000.0,9276000000.0,9613000000.0,8555000000.0,11810000000.0,10459000000.0,6400000000.0,5700000000.0,5100000000.0,4300000000.0,4300000000.0,4200000000.0,4100000000.0,4200000000.0,4800000000.0,7000000000.0,10000000000.0,13000000000.0,13100000000.0,13700000000.0,15300000000.0,16165000000.0,0
root/EastAsia&Pacific/Cambodia,root/EastAsia&Pacific,0,0,0,0,0,0,0,0,0,0,0,0,0,0,0,0,0,0,0,0,0,0,0,0,0,0,0,0,0,0,27625155271.0,34056995994.0,48598839627.0,55233907575.0,49979049282.0,69721000000.0,76061796608.0,86311495699.0,109295686002.0,139232560331.0,168363600000.0,204277500000.0,228280009050.0,217431574009.0,291394999587.0,0
root/EastAsia&Pacific/China,root/EastAsia&Pacific,0,0,0,0,0,0,0,0,0,0,0,0,0,0,0,0,0,0,0,0,0,0,0,0,0,0,0,0,0,0,0,0,0,0,0,0,127000000000.0,132070250000.0,150888430000.0,181996000000.0,206041000000.0,231540610000.0,260360270000.0,357839940000.0,0,0
root/EastAsia&Pacific/Fiji,root/EastAsia&Pacific,0,0,0,0,0,0,0,0,0,0,0,0,0,0,0,0,0,0,68510000.0,68670000.0,67860000.0,71350000.0,73240000.0,87730000.0,84070000.0,0,0,0,0,0,0,0,119020000.0,128090000.0,141481579.0,0,0,0,222552277.4,262790111.1,257650268.4,260206022.6,264182909.91,290683402.43,0,0
root/EastAsia&Pacific/Indonesia,root/EastAsia&Pacific,17000000000.0,29000000000.0,35000000000.0,39000000000.0,91000000000.0,123000000000.0,238000000000.0,418000000000.0,401000000000.0,464000000000.0,680000000000.0,1195000000000.0,1492000000000.0,1619000000000.0,2525000000000.0,3435000000000.0,4403000000000.0,4819000000000.0,5031000000000.0,4562000000000.0,5385700000000.0,6344000000000.0,7565000000000.0,7130000000000.0,6426000000000.0,10817600000000.0,31264000000000.0,42910000000000.0,0,0,81121600000000.0,65350600000000.0,62485700000000.0,0,0,0,88352300000000.0,93781900000000.0,88381000000000.0,93260300000000.0,100516000000000.0,113033000000000.0,133132268135776.0,155885608310931.0,182728457494927.0,0
root/EastAsia&Pacific/Japan,root/EastAsia&Pacific,491000000000.0,635000000000.0,826000000000.0,1167000000000.0,1796000000000.0,2536000000000.0,3352000000000.0,4394000000000.0,5857000000000.0,7131000000000.0,7898000000000.0,9365000000000.0,10314000000000.0,11121000000000.0,11581000000000.0,11790000000000.0,12101000000000.0,12432000000000.0,13081000000000.0,0,0,0,11549800000000.0,11438600000000.0,11514300000000.0,11377000000000.0,11500200000000.0,11249500000000.0,10851500000000.0,9772900000000.0,8948300000000.0,8329200000000.0,7919800000000.0,7562600000000.0,8177000000000.0,8683600000000.0,8752200000000.0,8351000000000.0,8435100000000.0,8530900000000.0,8466700000000.0,8545400000000.0,8622900000000.0,8648000000000.0,8488300000000.0,0
root/EastAsia&Pacific/Kiribati,root/EastAsia&Pacific,0,0,0,0,0,0,0,0,0,0,0,0,0,0,0,0,0,0,0,0,0,0,0,0,0,0,0,0,0,0,0,0,0,0,0,0,0,0,1424704.39,3875441.58,6428618.2,1837633.08,174691.60509628302,166484.74,150000.0,0
root/EastAsia&Pacific/KoreaRep,root/EastAsia&Pacific,17000000000.0,21000000000.0,31000000000.0,49000000000.0,94000000000.0,132000000000.0,190000000000.0,285000000000.0,434000000000.0,567000000000.0,652000000000.0,687000000000.0,857000000000.0,993000000000.0,1134000000000.0,1134000000000.0,1158000000000.0,814000000000.0,1262000000000.0,1245000000000.0,1495000000000.0,1204000000000.0,1830000000000.0,1943000000000.0,1964000000000.0,2258000000000.0,3398650000000.0,5883834000000.0,6888293000000.0,7197713000000.0,6845839000000.0,6597578000000.0,8710042000000.0,10094100000000.0,12150100000000.0,13443750000000.0,14355939000000.0,11519009828260.0,13386577000000.0,14566086000000.0,20161700000000.0,20294100000000.0,20942433177887.0,20761012461333.0,19643443592065.0,0
root/EastAsia&Pacific/LaoPDR,root/EastAsia&Pacific,0,0,0,0,0,0,0,0,0,0,0,0,0,0,0,0,0,0,0,0,0,0,0,0,0,0,0,0,0,0,0,0,0,0,0,0,361375000000.0,263774000000.0,397809000000.0,446510000000.0,590950000000.0,1005120000000.0,880528000000.0,1125750000000.0,1387422100000.0,0
root/EastAsia&Pacific/MacaoSARChina,root/EastAsia&Pacific,0,0,0,0,0,0,0,0,0,0,0,0,0,0,0,0,0,0,0,0,0,0,0,0,3960000.0,190000.0,1130000.0,0,0,0,0,0,0,0,0,0,0,0,0,0,0,0,0,0,0,0
root/EastAsia&Pacific/Malaysia,root/EastAsia&Pacific,0,0,0,0,0,0,0,0,0,0,0,0,0,0,0,0,0,0,0,0,0,0,0,0,6795000000.0,6425000000.0,6928000000.0,7941000000.0,9055000000.0,9634000000.0,9669000000.0,10546000000.0,10919000000.0,11604000000.0,12495400000.0,12910815525.25,12796817899.53,14221506993.47,15621083000.0,17715930000.0,19537323000.0,20775664000.0,22588223000.0,24283204000.0,26479700000.0,0
root/EastAsia&Pacific/MarshallIslands,root/EastAsia&Pacific,0,0,0,0,0,0,0,0,0,0,0,0,0,0,0,0,0,0,0,0,0,0,0,0,0,0,0,0,0,0,0,0,0,0,0,0,1318809.0,896686.0,892842.0,1422706.0,1431816.0,1172736.0,749571.0,733114.0,763251.0,0
root/EastAsia&Pacific/MicronesiaFedSts,root/EastAsia&Pacific,0,0,0,0,0,0,0,0,0,0,0,0,0,0,0,0,0,0,0,0,0,0,0,0,0,0,0,0,0,0,0,0,0,0,0,0,539227.0498,548804.50425,603838.8215,637396.7226,563988.8176,732888.20461,788313.938946,788313.938946,653641.97775844,0
root/EastAsia&Pacific/Mongolia,root/EastAsia&Pacific,0,0,0,0,0,0,0,0,0,0,0,0,0,0,0,0,0,0,0,0,62000000.0,2028000000.0,1705000000.0,1798000000.0,3933000000.0,18131000000.0,11094000000.0,17298000000.0,18191000000.0,16449000000.0,20043896607.79,17649384300.0,0,0,18081688118.4,18575489903.01,19840380500.0,29621621013.6,41919731520.0,37320968675.59,125913367670.55,269670883562.0,500351207241.6,731011102947.29,986099800000.0,0
root/EastAsia&Pacific/Myanmar,root/EastAsia&Pacific,0,0,0,0,0,0,0,0,0,0,0,0,0,0,0,0,0,0,0,0,0,0,0,0,0,0,0,0,0,0,0,0,0,0,0,0,0,0,0,0,682648091000.0,769170761000.0,879160514000.0,866662116000.0,1077668300000.0,1325050067000.0
root/EastAsia&Pacific/NewZealand,root/EastAsia&Pacific,185000000.0,200000000.0,221000000.0,270000000.0,367000000.0,464000000.0,591000000.0,758000000.0,892000000.0,1203000000.0,1476000000.0,2015000000.0,2530000000.0,3302000000.0,4070000000.0,4948000000.0,4487000000.0,0,0,0,0,0,0,0,0,0,0,0,0,2544100000.0,2192314000.0,2493512000.0,2518712000.0,2658047000.0,2456000000.0,2254000000.0,1337000000.0,2294787646.1367197,2511120413.2804,3238184229.93265,3621153314.6231203,3777702183.79989,3544404466.4094296,3668836888.6304703,3560687501.00865,0
root/EastAsia&Pacific/Palau,root/EastAsia&Pacific,0,0,0,0,0,0,0,0,0,0,0,0,0,0,0,0,0,0,0,0,0,0,0,0,0,0,0,0,0,0,0,0,0,0,0,0,810265.0,571970.0,683456.0,637486.0,579149.0,588696.0,541943.0,748299.0,448604.0,0
root/EastAsia&Pacific/PapuaNewGuinea,root/EastAsia&Pacific,0,0,0,0,0,0,0,0,0,0,0,0,0,0,0,0,0,0,116610000.0,95960000.0,137890000.0,157030000.0,183190000.0,299640000.0,260890000.0,293360000.0,338700000.0,384050000.0,406269000.0,419577000.0,530716000.0,0,0,0,0,0,0,0,0,0,0,0,933100000.0,1135400000.0,1248100000.0,0
root/EastAsia&Pacific/Philippines,root/EastAsia&Pacific,0,0,0,0,0,0,0,0,0,0,0,0,0,0,0,0,0,0,71114000000.0,74922000000.0,79540000000.0,76491000000.0,79123000000.0,72658000000.0,76522000000.0,77971000000.0,99792000000.0,106290000000.0,162992000000.0,199580000000.0,200723000000.0,241830000000.0,278430000000.0,315570000000.0,323299000000.0,277303000000.0,282855000000.0,288885000000.0,302835000000.0,282990000000.0,316508000000.0,324764000000.0,324026000000.0,313694000000.0,308160000000.0,0
root/EastAsia&Pacific/Samoa,root/EastAsia&Pacific,0,0,0,0,0,0,0,0,0,0,0,0,0,0,0,0,0,0,0,0,0,0,0,0,0,0,0,0,0,0,0,0,0,0,0,0,0,0,12633777.9,12835054.38,13366557.08,14873529.03,14883808.0263664,17920219.631841,18441960.6919328,17150934.1575421
root/EastAsia&Pacific/Singapore,root/EastAsia&Pacific,100000000.0,150000000.0,178000000.0,218000000.0,313000000.0,432000000.0,534000000.0,636000000.0,740000000.0,770000000.0,942000000.0,1608000000.0,1894000000.0,1198000000.0,1190000000.0,3796000000.0,1419000000.0,1589000000.0,2021000000.0,2629000000.0,1980000000.0,1231000000.0,1136000000.0,1224000000.0,1114000000.0,992000000.0,990000000.0,838000000.0,531000000.0,499000000.0,447000000.0,380000000.0,291000000.0,203000000.0,141000000.0,55000000.0,33000000.0,33678000.0,5400000.0,4300000.0,3200000.0,2600000.0,900000.0,2400000.0,2788586.0,0
root/EastAsia&Pacific/SolomonIslands,root/EastAsia&Pacific,0,0,0,0,0,0,0,0,0,0,0,0,0,0,0,0,0,0,0,0,0,0,0,0,0,0,0,0,0,0,0,0,0,0,0,0,0,0,0,22594059.9,18345397.352156896,14744619.8921659,13421219.4,11505456.9622406,10765245.57,0
root/EastAsia&Pacific/Thailand,root/EastAsia&Pacific,2216000000.0,2813000000.0,3171000000.0,3719000000.0,3562000000.0,4196000000.0,5321000000.0,7398000000.0,9681000000.0,13852000000.0,16614000000.0,22312000000.0,24751000000.0,30729000000.0,34968000000.0,36909000000.0,40162000000.0,44098000000.0,40211000000.0,35317000000.0,29636000000.0,25213000000.0,21332000000.0,14005000000.0,10150000000.0,15368000000.0,8686000000.0,44730000000.0,58265000000.0,63720000000.0,71626408626.73,67608400000.0,85111310000.0,90820237148.28,112766608000.0,93347290000.0,89800000000.0,97554860000.0,126157910000.0,133392236550.23,139723492000.0,142387554000.0,146282670000.0,135436648558.54,120977270000.0,0
root/EastAsia&Pacific/TimorLeste,root/EastAsia&Pacific,0,0,0,0,0,0,0,0,0,0,0,0,0,0,0,0,0,0,0,0,0,0,0,0,0,0,0,0,0,0,0,0,0,0,0,0,0,0,0,487780.64,440.83,0,0,119000.0,0,0
root/EastAsia&Pacific/Vanuatu,root/EastAsia&Pacific,0,0,0,0,0,0,0,0,0,0,0,0,0,0,0,0,0,0,192500000.0,0,0,0,0,155000000.0,161000000.0,146000000.0,161000000.0,247000000.0,0,0,0,0,0,0,0,0,0,317800000.0,333500000.0,467500000.0,464700000.0,554990000.0,573300000.0,699734000.0,908056711.0,0
root/EastAsia&Pacific/Vietnam,root/EastAsia&Pacific,0,0,0,0,0,0,0,0,0,0,0,0,0,0,0,0,0,0,0,0,0,0,2234000000000.0,2895000000000.0,2700000000000.0,1916000000000.0,2050000000000.0,2327000000000.0,3514000000000.0,4485000000000.0,5330000000000.0,6395000000000.0,7217000000000.0,6621000000000.0,7965000000000.0,12660000000000.0,16730000000000.0,20490090000000.0,25400000000000.0,29786000000000.0,39884000000000.0,54084000000000.0,0,0,0,0
root/Europe&CentralAsia,root,8461211193.640066,11687941175.135866,14528118932.767344,19226219930.7321,25003713271.969894,32066628808.932453,39045099928.747536,51653723844.00887,68316647532.51201,96442625903.00684,114191854187.37143,148934051232.88235,186405779133.12848,246441870310.67444,267406799799.38947,271022670091.82812,288357908838.8246,318626890688.33386,366798932712.8247,408528493257.9219,504814256538.3556,565403630723.6704,739338621522.0684,1013450077118.6637,1168384334369.102,1306526984525.516,1304792444983.2761,1433315549804.7275,1462217347383.5825,1439766905080.7783,1427684274619.6985,1462844422876.3962,1569592099032.201,1547795803301.5696,1550402230906.8005,1657560854270.2935,1784906297784.769,1943569012908.3838,2040102481562.6777,2315868289244.9736,2567367088446.4043,2594653821335.6323,2726705105610.522,2955423129411.878,3098320827311.571,0
root/Europe&CentralAsia/Albania,root/Europe&CentralAsia,0,0,0,0,0,0,0,0,0,0,0,0,0,0,0,0,0,0,0,0,0,0,0,5282000000.0,8570621000.0,18779195000.0,35892130000.0,0,0,0,24762410000.0,29823720000.0,28422970000.0,0,0,0,0,0,0,40907370000.0,41277240000.0,43133460000.0,39742070000.0,38526250000.0,36197910000.0,0
root/Europe&CentralAsia/Armenia,root/Europe&CentralAsia,0,0,0,0,0,0,0,0,0,0,0,0,0,0,0,0,0,0,0,0,0,0,0,0,0,0,0,0,0,0,0,0,9834977870.0,9933181440.0,9024646500.0,9956767600.0,11053766570.0,16281591800.0,30436021340.0,35532215290.0,40666765520.0,0,61644111250.0,74084107100.0,98276372290.0,0
root/Europe&CentralAsia/Austria,root/Europe&CentralAsia,225285785.92036498,244907451.145687,275430041.496188,366271084.20601296,586469771.7346281,741989636.8538481,969455607.7992481,1122795287.89343,1283402251.4044,1499967297.2246199,1850250357.91371,1969433805.949,2454888338.1903,2792817017.07085,3103130018.9676104,3593671649.6006603,3864741321.0467796,4226652035.20272,4695391815.585421,5318924732.74565,5725165875.74399,6071088566.383,6071815294.72468,6863630000.0,7080850000.0,6809730000.0,6923720000.0,6927100000.0,7419560000.0,7486010000.0,7580690000.0,7273790000.0,7303000000.0,8080530000.0,8132870000.0,8404170000.0,8040800000.0,8682550000.0,8322050000.0,8387860000.0,8495440000.0,8224500000.0,7918740000.0,7866180000.0,7294920000.0,0
root/Europe&CentralAsia/Azerbaijan,root/Europe&CentralAsia,0,0,0,0,0,0,0,0,0,0,0,0,0,0,0,0,0,0,0,0,0,0,200000.0,1171000.0,9832800.0,14240000.0,12278400.0,16367200.0,0,0,0,0,0,0,0,0,32700000.0,78700000.0,39500000.0,169600000.0,90200000.0,154500000.0,84200000.0,211400000.0,0,0
root/Europe&CentralAsia/Belarus,root/Europe&CentralAsia,0,0,0,0,0,0,0,0,0,0,0,0,0,0,0,0,0,0,0,0,60.0,770.0,3920.0,28930.0,122680.0,237370.0,508680.0,1932510.0,7532000.0,12188000.0,14228000.0,18395420.0,23393400.0,22600100.0,26706300.0,34388100.0,69320000.0,100266000.0,90708552.83176,256220000.0,600890000.0,543931000.0,725194900.0,1348508104.37,1728984567.0,0
root/Europe&CentralAsia/Belgium,root/Europe&CentralAsia,0,0,0,0,0,0,0,0,0,0,0,0,0,0,0,0,0,0,0,0,0,0,0,17207700000.0,16784800000.0,15958000000.0,15917900000.0,15382400000.0,15756300000.0,15751900000.0,14553900000.0,13628600000.0,12902800000.0,12355600000.0,12285100000.0,12340900000.0,12469100000.0,11768900000.0,11495600000.0,11917300000.0,12309800000.0,11728100000.0,11687400000.0,10817700000.0,10314200000.0,0
root/Europe&CentralAsia/BosniaandHerzegovina,root/Europe&CentralAsia,0,0,0,0,0,0,0,0,0,0,0,0,0,0,0,0,0,0,0,0,0,0,0,0,0,0,0,0,0,0,0,0,0,93521744.79,104465269.619999,104669492.57,114508956.89,112561480.43,108153529.898086,143771982.7,181053249.2,179476393.5,214366922.96066,239610820.887586,231345764.34,0
root/Europe&CentralAsia/Bulgaria,root/Europe&CentralAsia,0,0,0,0,0,0,0,0,0,0,0,0,0,0,0,0,0,0,2386000.0,8761000.0,13880000.0,29172000.0,76411000.0,123930000.0,342290000.0,1233050000.0,953650000.0,888490000.0,1134497000.0,1283298000.0,742723000.0,795705000.0,758402000.0,726713000.0,687118000.0,702533000.0,597742000.0,514797000.0,501020000.0,549969000.0,631427000.0,577635000.0,695006000.0,795716000.0,810409000.0,0
root/Europe&CentralAsia/Croatia,root/Europe&CentralAsia,0,0,0,0,0,0,0,0,0,0,0,0,0,0,0,0,0,0,0,600000.0,64290000.0,381860000.0,1137010000.0,1400170000.0,1234480000.0,1790910000.0,2026070000.0,2227400000.0,2764000000.0,3260000000.0,3646200000.0,3956000000.0,4343700000.0,5004600000.0,5397000000.0,5461000000.0,4901000000.0,5509800000.0,6551772800.0,7444623000.0,8713979400.0,9685242800.0,10425675000.0,0,0,0
root/Europe&CentralAsia/Cyprus,root/Europe&CentralAsia,3810181.21426887,4596137.87730191,4168987.51695787,5074546.28088724,7056523.95288361,11242597.484255198,13002456.9688727,19119250.128999397,25099355.173816,35829372.2256584,50506258.6070798,71675830.4657306,89616145.6001804,99474775.91692099,107214740.446355,123822346.456531,142651134.340497,167152479.009831,333035898.454731,377993409.291011,418425975.85480803,475119148.61069006,541562846.444048,234420117.756811,291487405.898776,316945567.375281,430225842.93852097,455171423.98261297,549827943.834853,591005238.5720191,578019867.6175599,685832618.5683969,684636597.5594339,750588613.196554,763403124.006876,797233432.546124,801504936.1495639,406300000.0,364700000.0,401900000.0,592000000.0,600100000.0,490900000.0,501900000.0,460900000.0,0
root/Europe&CentralAsia/CzechRepublic,root/Europe&CentralAsia,0,0,0,0,0,0,0,0,0,0,0,0,0,0,0,0,0,0,0,0,0,17739000000.0,15030000000.0,15098000000.0,18567000000.0,18959000000.0,20797000000.0,18173000000.0,16326000000.0,22789000000.0,31510000000.0,29134000000.0,31772000000.0,33483000000.0,34358000000.0,38373000000.0,38236000000.0,46579000000.0,50823000000.0,52830000000.0,56094000000.0,53443000000.0,53914000000.0,47632000000.0,43475000000.0,0
root/Europe&CentralAsia/Denmark,root/Europe&CentralAsia,670000000.0,804000000.0,939000000.0,1176000000.0,1711000000.0,3118000000.0,3961000000.0,8013000000.0,10057000000.0,15581000000.0,21520000000.0,29154000000.0,41531000000.0,47869000000.0,46338000000.0,46551000000.0,46360000000.0,46688000000.0,49312000000.0,49491000000.0,46229000000.0,52838000000.0,54767000000.0,57610000000.0,58626000000.0,55260000000.0,51394000000.0,49287000000.0,47550000000.0,44430000000.0,41840000000.0,38043000000.0,35936000000.0,30443000000.0,27520000000.0,25248000000.0,22172000000.0,29657000000.0,31637000000.0,33328000000.0,31364000000.0,30187000000.0,27282000000.0,30366000000.0,26672000000.0,0
root/Europe&CentralAsia/Estonia,root/Europe&CentralAsia,0,0,0,0,0,0,0,0,0,0,0,0,0,0,0,0,0,0,0,4084.6988187249895,0,0,0,824460.266128105,1335753.4544246001,875589.584957754,1188756.66278936,901154.244372579,709419.298761392,632725.320516917,869198.420104048,888371.914665167,977848.222617054,875589.584957754,830851.4309818109,766939.782444748,901154.244372579,850024.9255429291,747766.28788363,850024.9255429291,1284624.13559495,1393273.93810796,1808699.65359887,1655311.69710992,1469967.91635243,0
root/Europe&CentralAsia/Finland,root/Europe&CentralAsia,46924431.4827616,50288190.0119918,43728860.879992895,44233424.659377396,48101746.96799221,73834499.7166033,103771950.626752,162974100.741204,201489135.90089,263214104.912265,360594914.33348,512300424.001763,635413986.171589,763741374.0617219,766264192.958644,800406342.030331,870036143.585397,826475470.631865,795024328.383563,972798966.65338,1404537373.88008,3021664286.8075104,3723176128.07847,3603000000.0,4017000000.0,4395000000.0,4020000000.0,3597000000.0,3578000000.0,3552000000.0,2948000000.0,2720000000.0,2618000000.0,2495000000.0,2365000000.0,2340000000.0,2361000000.0,2253000000.0,2415000000.0,2564000000.0,2682000000.0,2461000000.0,2437000000.0,2328000000.0,2199000000.0,0
root/Europe&CentralAsia/France,root/Europe&CentralAsia,701265479.292088,655530774.120865,899449201.7007211,1707428993.059,1768408599.9539602,2149531143.0474896,2652612899.9309397,3308143674.0518103,3582551905.0791397,6296144411.90505,7439512041.18563,10930594535.9223,12272145887.6115,14238738209.9741,15366860937.531,15351616035.8072,15932294342.4645,18080453444.3569,21266637904.6187,23294209833.8763,27090190363.0878,30261129921.626,33081436740.5181,34174000000.0,36523000000.0,38090000000.0,38801000000.0,37250000000.0,38175000000.0,39977000000.0,41460000000.0,41238000000.0,42405000000.0,43420000000.0,43143000000.0,46288000000.0,50201000000.0,42740000000.0,45037000000.0,50321000000.0,50578000000.0,45258000000.0,44157000000.0,42067000000.0,40197000000.0,0
root/Europe&CentralAsia/Georgia,root/Europe&CentralAsia,0,0,0,0,0,0,0,0,0,0,0,0,0,0,0,0,0,0,0,0,0,0,0,0,0,70100000.0,128100000.0,148600000.0,169800000.0,115000000.0,146700000.0,168500000.0,142400000.0,120100000.0,100500000.0,97400000.0,119300000.0,167200000.0,200700000.0,282700000.0,248300000.0,233000000.0,244900000.0,326600000.0,397700000.0,0
root/Europe&CentralAsia/Germany,root/Europe&CentralAsia,1559440237.64847,1809973259.4346101,2397958922.8102603,2888799128.7586303,3742656570.3563204,4596514011.954,5092467136.71434,5920759984.252211,7219441362.490609,9315738075.3951,11519406083.3508,13845784142.7936,14454221481.4171,15190481790.3397,15742677022.0316,16141484689.3646,16785712459.6719,16688567002.2446,17823634978.5002,25478000000.0,34318000000.0,35447000000.0,39538000000.0,44438000000.0,44649000000.0,44752000000.0,45805000000.0,43927000000.0,44697000000.0,43029000000.0,42394000000.0,40227000000.0,39151000000.0,38522000000.0,38827000000.0,40527000000.0,41583000000.0,39449000000.0,37303000000.0,41214000000.0,37793000000.0,32874000000.0,30881000000.0,27969000000.0,24549000000.0,0
root/Europe&CentralAsia/Greece,root/Europe&CentralAsia,13793103.4482759,15994130.594277302,22890682.318415303,28495964.7835657,40645634.629493795,43697725.6052825,56551724.137931004,91181217.9016875,137138664.710198,185033015.40719,152252384.446075,252795304.47542202,524167278.063096,737314746.881878,1005311812.1790199,1315069699.19296,1736199559.79457,2117182685.25312,4019075568.5986795,0,0,0,0,9928000000.0,10540000000.0,9527000000.0,9610000000.0,10103000000.0,9663000000.0,9524000000.0,9058000000.0,8735000000.0,9210000000.0,9305000000.0,9572000000.0,10397000000.0,11567000000.0,11884000000.0,13161000000.0,14969000000.0,9656000000.0,7198000000.0,7091000000.0,6319000000.0,5651000000.0,0
root/Europe&CentralAsia/Hungary,root/Europe&CentralAsia,0,0,0,0,0,0,0,0,0,13300000000.0,14200000000.0,8600000000.0,12700000000.0,11100000000.0,22700000000.0,24600000000.0,41000000000.0,54400000000.0,62900000000.0,89900000000.0,158300000000.0,158900000000.0,289300000000.0,499160000000.0,640443000000.0,752041000000.0,741286000000.0,785250000000.0,708855000000.0,713897000000.0,686559000000.0,751194000000.0,892561000000.0,900705000000.0,917746000000.0,1003424000000.0,1058311000000.0,1150656000000.0,1094298000000.0,1134358000000.0,1277898000000.0,1337821000000.0,1291801420000.0,1195653989000.0,1124980253183.0,0
root/Europe&CentralAsia/Iceland,root/Europe&CentralAsia,5600000.0,9800000.0,15600000.0,39500000.0,42400000.0,65000000.0,130200000.0,209600000.0,242700000.0,423800000.0,779000000.0,1638100000.0,2425400000.0,3597700000.0,4516700000.0,4340000000.0,7133000000.0,9644000000.0,11370000000.0,12962000000.0,12875000000.0,13678300000.0,14795000000.0,16499000000.0,15812000000.0,15606400000.0,18832600000.0,20155100000.0,19665400000.0,21710939536.4436,19969689450.7366,18869011953.7424,18505689001.9954,18352397274.428,20250478050.7986,27874085319.8032,41316537795.7928,91844581302.7928,77581592962.7928,75573706518.7928,86209610438.7928,83205442230.0,87289530971.3802,92776639820.566,86529676878.1512,0
root/Europe&CentralAsia/Ireland,root/Europe&CentralAsia,99039570.11747621,121894855.529201,142210664.784068,206967306.783957,293309496.117141,375842471.215038,485039945.959947,601855849.1754321,763112585.1359379,1050073390.8609301,1502100146.78172,1712876667.8009698,1927462403.0555,2289337755.40781,2280449588.85881,2399804968.23115,2444245800.97617,2458212919.8389,2840404081.44608,2853101462.23037,2815009319.8775,2848022509.91665,2797232986.77949,2785400000.0,2621610000.0,2537560000.0,2660100000.0,2164270000.0,2071380000.0,1714540000.0,1741770000.0,1728150000.0,1676530000.0,1714120000.0,1820560000.0,1969520000.0,2385090000.0,3393810000.0,4725360000.0,5746070000.0,7275450000.0,7751990000.0,7590620000.0,6842660000.0,6171930000.0,0
root/Europe&CentralAsia/Italy,root/Europe&CentralAsia,0,919809737.278375,1355699360.1099,2171701260.67129,3233536645.1992803,4202409787.89115,4684780531.64073,5905684641.08828,8652718887.345259,0,0,0,0,29403440635.8617,37832533685.9012,37550548218.9984,44954474324.3453,53934110428.8142,66398797688.3389,74575343314.7237,88497471943.479,95798623125.907,93767914598.6872,107781000000.0,112686000000.0,97824000000.0,87991000000.0,74007000000.0,74508000000.0,77096000000.0,71746000000.0,67441000000.0,64640000000.0,65014000000.0,65966000000.0,72112000000.0,75628000000.0,66012000000.0,66036000000.0,72930000000.0,80482000000.0,74958000000.0,72008000000.0,66348000000.0,64824000000.0,0
root/Europe&CentralAsia/Kazakhstan,root/Europe&CentralAsia,0,0,0,0,0,0,0,0,0,0,0,0,0,0,0,0,0,0,0,0,0,0,0,0,0,9299000000.0,13725000000.0,21412000000.0,35058443000.0,37112417000.0,38346510000.0,34338034000.0,34121377000.0,0,0,0,0,0,84841311729.3125,111450468079.89099,115063325858.949,154928371557.1,201557799235.11,257952423248.9,466347607617.14294,0
root/Europe&CentralAsia/KyrgyzRepublic,root/Europe&CentralAsia,0,0,0,0,0,0,0,0,0,0,0,0,0,0,0,0,0,0,0,0,0,0,0,0,0,0,0,0,0,0,0,0,0,0,0,0,0,0,0,0,0,2962151000.0,3064763000.0,4097000000.0,5125600000.0,0
root/Europe&CentralAsia/Latvia,root/Europe&CentralAsia,0,0,0,0,0,0,0,0,0,0,0,0,0,0,0,0,0,0,0,0,0,0,12407442.188718302,59999658.510765396,84029117.6487328,59571374.095765,58360510.18491639,56981747.40041321,91376827.6788408,93862584.7320163,89337852.3742039,93932305.4507373,105476064.450402,97083966.5112891,105836051.018492,119844223.99417199,163957518.739222,345073448.642865,418836546.17788196,495350054.922852,504184665.995071,472103175.280733,478198758.117484,464571914.78705305,398643149.441381,0
root/Europe&CentralAsia/Lithuania,root/Europe&CentralAsia,0,0,0,0,0,0,0,0,0,0,0,0,0,0,0,0,0,0,0,0,0,115848.007414272,5329008.34105653,0,0,0,0,0,0,0,0,0,49584105.65338279,47639596.8489342,48679622.33549579,54496061.1677479,57078892.4930491,92230943.00278041,147606290.546803,165337696.941613,195342910.101946,186298076.923077,187204587.581094,185301784.05931398,173749131.139944,0
root/Europe&CentralAsia/Luxembourg,root/Europe&CentralAsia,16484919.3974204,17600440.2589,17798755.0787186,17773965.726241298,19831481.9818592,23054097.803911302,26698132.6180779,28879595.636082396,30218220.669857897,33465625.8443873,18195384.7183558,20971792.1958161,27813653.479557503,33589572.6067739,34680304.115776196,39861278.783536896,31804739.228406604,27342655.7824883,20128954.211587,15493345.2983275,11378312.787091698,21269264.4255439,21368421.835453197,71501000.0,79015000.0,72451000.0,81383000.0,77363000.0,69017000.0,66611000.0,63164000.0,55273000.0,46341000.0,50362000.0,61416000.0,85801000.0,111557000.0,132029000.0,155455000.0,188693000.0,221194000.0,248200000.0,203387000.0,175668000.0,166983000.0,0
root/Europe&CentralAsia/MacedoniaFYR,root/Europe&CentralAsia,0,0,0,0,0,0,0,0,0,0,0,0,0,0,0,0,0,0,0,0,0,0,0,0,0,0,0,0,0,0,0,0,0,2619750253.0,3140066325.33,2918446501.5,2646000000.0,2445000000.0,3174000000.0,3471000000.0,4216000000.0,4605616288.0,5090421192.0,6457092957.0,6871340885.0,0
root/Europe&CentralAsia/Moldova,root/Europe&CentralAsia,0,0,0,0,0,0,0,0,0,0,0,0,0,0,0,0,0,0,0,0,0,0,0,262590000.0,199400000.0,379000000.0,427200000.0,878800000.0,1020700000.0,797200000.0,486300000.0,579500000.0,772700000.0,470500000.0,428600000.0,609800000.0,721600000.0,834200000.0,547600000.0,662400000.0,666400000.0,492600000.0,591800000.0,1043300000.0,1747200000.0,0
root/Europe&CentralAsia/Netherlands,root/Europe&CentralAsia,0,998316475.398306,1111761529.42084,1256971198.56968,1597306360.63729,1828734270.84326,2119153609.14095,2436799760.40405,3076629865.09114,3984190297.2714205,5295615121.77192,6507208298.73259,7718801475.693259,8803336192.1487,9547535746.53652,9683669811.36356,9865181897.79962,9778963656.74249,10309886509.568,11285513974.1618,12075091550.1586,12923660554.2472,13191390881.7403,14529000000.0,14272000000.0,14215000000.0,14335000000.0,13800000000.0,12589000000.0,11953000000.0,11291000000.0,10808000000.0,10735000000.0,10400000000.0,10057000000.0,10354000000.0,11350000000.0,11268000000.0,10284000000.0,10527000000.0,10091000000.0,9582000000.0,9340000000.0,8599000000.0,7818000000.0,0
root/Europe&CentralAsia/Norway,root/Europe&CentralAsia,950000000.0,1117000000.0,1413000000.0,1379000000.0,2737000000.0,3580000000.0,4640000000.0,6107000000.0,7822000000.0,8437000000.0,8770000000.0,10240000000.0,11222000000.0,13300000000.0,17812000000.0,18923000000.0,16456000000.0,17853000000.0,18667000000.0,17380000000.0,17961000000.0,20340000000.0,21071000000.0,20619000000.0,20265000000.0,18702000000.0,18468000000.0,16707000000.0,18949000000.0,22937000000.0,21581000000.0,25736000000.0,24103000000.0,28360000000.0,47273000000.0,51208000000.0,41765000000.0,25764000000.0,21617000000.0,19451000000.0,13844000000.0,13140000000.0,12386000000.0,12200000000.0,10130000000.0,0
root/Europe&CentralAsia/Poland,root/Europe&CentralAsia,0,0,0,0,0,0,0,0,0,0,0,0,770000.0,2980000.0,2340000.0,3620000.0,5730000.0,0,0,0,0,0,8731000000.0,17059000000.0,10975000000.0,29967000000.0,29282000000.0,16125000000.0,18998000000.0,21825000000.0,20435000000.0,23901000000.0,23771000000.0,23118300000.0,24302000000.0,24340000000.0,25540000000.0,32014000000.0,33896000000.0,36840000000.0,39770000000.0,38719000000.0,31390200000.0,29799600000.0,29952000000.0,0
root/Europe&CentralAsia/Portugal,root/Europe&CentralAsia,0,0,0,14963936.912042001,28930278.029947802,0,107241547.869634,146646581.738011,190540796.680001,385071976.536547,504783471.832883,728244929.719376,1009068145.7687,1340269949.42189,2002174758.83122,2027763090.9508102,2316257818.6570396,2533394519.20871,3429235542.34295,4097125926.51709,5026386408.7549,4445785656.56767,3814307518.8795,0,0,0,0,0,0,0,0,0,0,0,0,0,0,0,5512327000.0,7800446000.0,8273507000.0,8330790000.0,8582661000.0,8242798000.0,7812666000.0,0
root/Europe&CentralAsia/Romania,root/Europe&CentralAsia,0,0,0,0,0,0,0,0,0,0,0,0,0,1091000.0,715000.0,711000.0,379000.0,103000.0,0,88000.0,1475000.0,15790000.0,64940000.0,0,0,0,0,0,0,0,0,0,0,0,0,2726800000.0,3577600000.0,7053500000.0,7466100000.0,8641000000.0,10154300000.0,10785400000.0,10759600000.0,11457900000.0,11243300000.0,0
root/Europe&CentralAsia/RussianFederation,root/Europe&CentralAsia,0,0,0,0,0,0,0,0,0,0,0,0,0,0,0,0,0,0,0,0,0,0,0,0,0,0,0,162862000000.0,257853000000.0,231110000000.0,222632000000.0,218455642800.0,185864250700.0,208340000000.0,172900000000.0,140700000000.0,155500000000.0,177100000000.0,198000000000.0,272300000000.0,335300000000.0,380800000000.0,433751204686.51,677649557504.02,669833000000.0,0
root/Europe&CentralAsia/SanMarino,root/Europe&CentralAsia,0,0,0,0,0,0,0,0,0,0,0,0,0,0,0,0,0,0,0,0,0,0,0,3000000000.0,0,0,0,0,0,0,9895342.0,3953088.3,3663270.14,2772541.76,10968413.65,12737658.97,5969375.64,6445021.86,4650997.9,4889664.5,5064407.0,3676831.4,0,6293477.18,7122416.46,0
root/Europe&CentralAsia/Serbia,root/Europe&CentralAsia,0,0,0,0,0,0,0,0,0,0,0,0,0,0,0,0,0,0,0,0,0,0,0,0,0,0,0,0,0,0,0,0,0,0,0,16965800000.0,15185400000.0,21131000000.0,32558800000.0,42191924303.1,64135247101.0,0,0,0,0,0
root/Europe&CentralAsia/SlovakRepublic,root/Europe&CentralAsia,0,0,0,0,0,0,0,0,0,0,0,0,0,0,0,0,0,0,0,0,0,0,0,449974000.0,525932000.0,555401000.0,639915000.0,923615000.0,1230136000.0,1318603000.0,1276049000.0,994019000.0,964289000.0,840677000.0,785624000.0,849974000.0,860325000.0,893444000.0,860081000.0,1042260000.0,1246569000.0,1356110000.0,1420131000.0,1353334000.0,1308885000.0,0
root/Europe&CentralAsia/Slovenia,root/Europe&CentralAsia,0,0,0,0,0,0,0,0,0,0,0,0,0,0,0,0,0,0,0,0,20030045.067601398,73443498.58120508,110165247.871808,215970000.0,243410000.0,318180000.0,325410000.0,394130000.0,439550000.0,479330000.0,503380000.0,486450000.0,457350000.0,443640000.0,428020000.0,423370000.0,401230000.0,464370000.0,577680000.0,679130000.0,712580000.0,912330000.0,1200670000.0,1235790000.0,1205130000.0,0
root/Europe&CentralAsia/Spain,root/Europe&CentralAsia,98565985.1189403,135227723.486351,130419626.651281,140035820.321421,152056062.409097,221773466.517616,307117185.340113,397269000.99768,223576502.830767,250021035.42365298,497638022.42977196,1593884100.82579,2752635438.0777197,5083961390.98241,6489127691.0317,6477708461.04841,7144831896.9144,7780101691.248059,9001358287.35591,11064632841.7054,12606829901.5542,15955669347.1807,17970862933.1795,18975000000.0,20632000000.0,19777000000.0,19337000000.0,17296000000.0,17059000000.0,17306000000.0,16917000000.0,16155000000.0,15306000000.0,14572000000.0,14102000000.0,14366000000.0,14466000000.0,16483000000.0,18348000000.0,22836000000.0,27223000000.0,31532000000.0,32078000000.0,29807000000.0,28114000000.0,0
root/Europe&CentralAsia/Sweden,root/Europe&CentralAsia,1990000000.0,2290000000.0,2700000000.0,3740000000.0,4130000000.0,5420000000.0,6920000000.0,8800000000.0,14510000000.0,23760000000.0,27720000000.0,48200000000.0,60390000000.0,75230000000.0,66510000000.0,63810000000.0,53410000000.0,53180000000.0,63700000000.0,61030000000.0,60040000000.0,73090000000.0,94740000000.0,86783000000.0,91410000000.0,94371000000.0,84816000000.0,79721000000.0,71649000000.0,57321000000.0,65157000000.0,47611000000.0,40305000000.0,44295000000.0,42844000000.0,45170000000.0,42314000000.0,32415000000.0,31179000000.0,32642000000.0,24273000000.0,23649000000.0,21690000000.0,17784000000.0,17030000000.0,0
root/Europe&CentralAsia/Switzerland,root/Europe&CentralAsia,318000000.0,360000000.0,435000000.0,568000000.0,585000000.0,801000000.0,790000000.0,797000000.0,881000000.0,1033000000.0,1027000000.0,1002000000.0,980000000.0,0,0,0,0,0,1828448655.42,2036304766.02,2565088408.11,2594889225.41,3292623552.8,3294495952.13,3034232612.1,3200879624.46,3487110793.49,3713727769.1,3654618192.77,3537367995.71,3492259908.55,3093247318.42,3162391174.18,3599750181.45,4057142398.61,3738550939.96,3462083988.82,3043930430.73,2881435170.93,2662765049.2,2407746348.23,2145639428.49,2008330731.43,1925526497.45,1702563826.14,0
root/Europe&CentralAsia/Turkey,root/Europe&CentralAsia,1500.0,2000.0,2300.0,3300.0,4100.0,5100.0,7200.0,14900.0,28000.0,77300.0,0,181400.0,374900.0,595900.0,1084300.0,1912500.0,3368400.0,6178700.0,12486500.0,18597600.0,27006000.0,69027000.0,177463000.0,211272000.0,495886000.0,2279258000.0,6176594000.0,0,0,0,0,0,0,0,0,0,46650424596.0,46035682456.0,44704170876.0,42027169580.0,45120540923.0,42557930535.0,44778206575.7788,44960541127.7307,49879846690.8387,0
root/Europe&CentralAsia/Ukraine,root/Europe&CentralAsia,0,0,0,0,0,0,0,0,0,0,0,0,0,0,0,0,0,0,0,0,0,0,0,0,0,0,0,3010200000.0,4304500000.0,3925000000.0,2750179000.0,2519778000.0,3054200000.0,3265500000.0,3377200000.0,3735800000.0,4418800000.0,9907200000.0,16639500000.0,24591200000.0,25753346000.0,34409256546.0,51018200000.0,86808300000.0,97374400000.0,0
root/Europe&CentralAsia/UnitedKingdom,root/Europe&CentralAsia,1763000000.0,2133000000.0,2624000000.0,3475000000.0,4280000000.0,4814000000.0,5986000000.0,7585000000.0,9418000000.0,10609000000.0,10985000000.0,11954000000.0,13290000000.0,14564000000.0,15248000000.0,17287000000.0,17901000000.0,18237000000.0,18074000000.0,16368000000.0,16729000000.0,18385000000.0,21509000000.0,25729000000.0,27368000000.0,29366000000.0,30151000000.0,26376000000.0,26361000000.0,23765000000.0,21402000000.0,22333000000.0,23878000000.0,26731000000.0,28390000000.0,32729000000.0,33748000000.0,28049000000.0,45161000000.0,51467000000.0,48115000000.0,49324000000.0,48556000000.0,43341000000.0,47405000000.0,0
root/Europe&CentralAsia/Uzbekistan,root/Europe&CentralAsia,0,0,0,0,0,0,0,0,0,0,0,0,0,0,0,0,0,0,0,0,0,0,0,0,0,0,0,0,0,0,0,0,0,0,0,0,0,0,0,33903100000.0,36235300000.0,33292577200.0,48246384100.0,56855214743.23,55710717945.0,0
root/LatinAmerica&Caribbean,root,20307003.0,171714007.0,280212006.0,1475334011.0,3539725011.0,9008166024.0,8710163072.0,9136760138.0,9729829214.072727,6517308382.181818,8723594557.581818,23632692412.854546,32247345113.418182,58997677686.70909,72569567226.2,135661623281.45454,210137413111.52728,200569038040.2909,260178192000.0,342331810545.4546,300736403018.1818,314827578727.2727,370843570165.0,368488915167.0,392973338380.4,394841299023.0,4795941142895.349,5705902911001.404,7560576460317.741,867161479003.3201,963050962261.569,14144571124539.373,1145380448603.3472,1756744724024.132,1841754978571.32,1805849328804.3901,16871412026114.13,18326207735486.156,17272765302749.707,18447706920646.258,18567890628757.312,20324308194089.797,22544247873699.914,25053229094111.773,25746337426106.832,1276366966555.0
root/LatinAmerica&Caribbean/AntiguaandBarbuda,root/LatinAmerica&Caribbean,0,0,0,0,0,0,0,0,0,0,0,0,0,0,0,0,0,0,0,0,0,0,0,0,0,0,0,0,113190000.0,75280000.0,94830000.0,77469000.0,109055336.0,89262227.0,98085378.0,104494259.3,102573598.0,95646797.797,72639819.55,77259207.0,80024048.0,65996454.0,88876032.0,0,0,0
root/LatinAmerica&Caribbean/Argentina,root/LatinAmerica&Caribbean,0,0,0,0,0,0,0,0,0,0,0,0,0,0,0,0,0,0,615900000.0,2240200000.0,2621800000.0,2569900000.0,3192000000.0,4083100000.0,4628100000.0,5731600000.0,6640400000.0,8200600000.0,9617700000.0,10170000000.0,21087600000.0,22377352017.27,21543400000.0,0,0,0,0,0,0,0,0,0,87281800000.0,109811400000.0,245356900000.0,0
root/LatinAmerica&Caribbean/BahamasThe,root/LatinAmerica&Caribbean,0,5900000.0,7900000.0,10000000.0,9900000.0,13000000.0,16200000.0,20100000.0,22100000.0,23200000.0,35900000.0,40200000.0,43400000.0,49600000.0,46900000.0,0,46000000.0,54100000.0,61800000.0,72900000.0,71200000.0,77100000.0,79100000.0,81200000.0,87400000.0,93981000.0,99073000.0,95600000.0,92200000.0,100700000.0,98300000.0,107000000.0,113941000.0,121247000.0,116574000.0,127166000.0,143124000.0,154223000.0,178463000.0,210761000.0,186101000.0,198024000.0,211791000.0,233363000.0,274996000.0,0
root/LatinAmerica&Caribbean/Barbados,root/LatinAmerica&Caribbean,0,0,0,0,0,0,0,0,0,0,0,0,0,0,0,0,0,0,0,0,0,0,0,0,0,0,0,0,0,0,0,274300000.0,271700000.0,295102387.91,324803617.87,388975598.0,394830315.0,430316130.0,488499084.0,527213136.0,565047575.0,597934271.0,644966516.0,663885280.0,0,0
root/LatinAmerica&Caribbean/Belize,root/LatinAmerica&Caribbean,0,0,0,0,0,0,0,0,0,0,0,0,0,0,0,0,0,0,11022000.0,10826000.0,12752000.0,17876000.0,22550000.0,25716000.0,28322000.0,24408000.0,24597000.0,30205000.0,41577000.0,53634000.0,63916000.0,81336000.0,175868000.0,153740000.0,170217000.0,111188000.0,102344000.0,95790000.0,103376000.0,102342000.0,58942000.0,84060000.0,87404000.0,0,0,0
root/LatinAmerica&Caribbean/Bolivia,root/LatinAmerica&Caribbean,0,0,0,0,0,0,0,0,0,0,0,0,0,0,50900000.0,102600000.0,99200000.0,125000000.0,145700000.0,204900000.0,318200000.0,450300000.0,610300000.0,727700000.0,749500000.0,709200000.0,775700000.0,627600000.0,890500000.0,1102970000.0,1333991588.22,1566203978.05,1774000000.0,2007900402.01,2810887455.95,2142386179.88,0,0,0,0,0,0,0,0,0,0
root/LatinAmerica&Caribbean/Brazil,root/LatinAmerica&Caribbean,0,0,0,0,0,0,0,0,0.0727272727272727,0.18181818181818202,0.581818181818182,1.8545454545454498,9.41818181818182,55.709090909090904,161.2,405.454545454545,5111.52727272727,103040.290909091,3122000.0,4944545.45454545,89501018.1818182,2724472727.27273,51919400000.0,0,0,29788600000.0,43674756124.7137,47802388039.1597,43092682874.8309,49507396653.43,49598025476.887,113024448787.37401,85694321853.5753,130159048862.797,194758000000.0,191925000000.0,234464000000.0,214837000000.0,290068623184.522,351898693493.025,348603414965.20197,384057746680.30396,447143974008.483,728508337679.2521,638692946667.442,0
root/LatinAmerica&Caribbean/Chile,root/LatinAmerica&Caribbean,0,0,70000000.0,1230000000.0,3210000000.0,8590000000.0,8110000000.0,8260000000.0,8540000000.0,5160000000.0,6600000000.0,19430000000.0,26340000000.0,50850000000.0,55010000000.0,93480000000.0,138320000000.0,129480000000.0,179430000000.0,261680000000.0,215610000000.0,228740000000.0,210900000000.0,192360000000.0,165940000000.0,140780000000.0,233230000000.0,120710000000.0,495620000000.0,521790000000.0,542380000000.0,587040000000.0,560980000000.0,556000000000.0,539000000000.0,521302000000.0,441928000000.0,511016830530.85706,500725636340.0,667174818934.937,788226119472.905,807255000000.0,806428713243.61,1045176107528.1,1282110306360.0,0
root/LatinAmerica&Caribbean/Colombia,root/LatinAmerica&Caribbean,0,0,0,0,0,0,0,0,0,0,0,0,0,0,0,0,0,0,0,0,0,0,0,0,0,0,4267272601249.53,5193621746449.14,6663821667342.91,0,0,12993936884000.0,0,0,0,0,14918226000000.0,16242574000000.0,15208950000000.0,16155843000000.0,16105530000000.0,17492556000000.0,19321241000000.0,20801629000000.0,20782849092000.0,0
root/LatinAmerica&Caribbean/CostaRica,root/LatinAmerica&Caribbean,0,140000000.0,170000000.0,200000000.0,230000000.0,320000000.0,450000000.0,620000000.0,900000000.0,910000000.0,1600000000.0,2460000000.0,3520000000.0,3670000000.0,5830000000.0,6470000000.0,8600000000.0,10720000000.0,16210000000.0,27700000000.0,33100000000.0,33510000000.0,52860000000.0,91290000000.0,114010000000.0,113670000000.0,116090000000.0,164250000000.0,176000000000.0,213900000000.0,260552000000.0,298500000000.0,333800000000.0,394600700000.0,438200000000.0,421435800000.0,342583511577.02,364773347205.17,409774488961.4,456654121679.49,478154685601.03,635370000000.0,699956104252.02,808409060585.31,883348117309.751,0
root/LatinAmerica&Caribbean/Dominica,root/LatinAmerica&Caribbean,0,0,0,0,0,0,0,0,0,0,0,0,0,0,0,0,0,0,0,0,0,0,0,0,0,0,0,0,42500000.0,40200000.0,40100000.0,44500000.0,41600000.0,25900000.0,34600000.0,28200000.0,24500000.0,14060000.0,21013424.0,24608782.67,20425548.14,28062487.77,25586685.436,0,0,0
root/LatinAmerica&Caribbean/DominicanRepublic,root/LatinAmerica&Caribbean,2500000.0,4400000.0,6500000.0,6100000.0,9500000.0,8400000.0,12400000.0,57600000.0,64800000.0,74400000.0,69400000.0,97200000.0,79100000.0,52900000.0,22800000.0,22900000.0,24100000.0,343100000.0,281100000.0,734200000.0,648300000.0,1639900000.0,1300600000.0,1511600000.0,1054100000.0,1113300000.0,1300600000.0,1778500000.0,2458300000.0,3070817740.89,4607842710.51,7874367535.68,15507871570.7717,12560851714.4151,16454250715.7214,16835180388.7795,25260295631.5253,32006430811.8384,35820272614.1719,44858981309.1718,57194179058.0,59241678802.8733,70041879871.9031,80139019717.7793,95636443042.77301,0
root/LatinAmerica&Caribbean/ElSalvador,root/LatinAmerica&Caribbean,0,0,0,0,0,0,0,0,0,0,0,0,0,0,0,0,0,0,0,0,0,0,0,0,0,0,127080000.0,146320000.0,156980000.0,193800000.0,288900000.0,260000000.0,360000000.0,375400000.0,513100000.0,427100000.0,432400000.0,459400000.0,478900000.0,506600000.0,497483132.53,537300000.0,597535266.61,567622301.38,610560507.68,0
root/LatinAmerica&Caribbean/Grenada,root/LatinAmerica&Caribbean,0,0,0,0,0,0,0,0,0,0,0,0,0,0,0,0,0,0,0,12850000.0,10440000.0,14100000.0,15660000.0,14590000.0,0,0,0,23000000.0,24150000.0,27890000.0,51780000.0,63050000.0,71839000.0,27760176.0,29027786.2,33015019.0,34875462.0,45312443.0,43011982.0,51602679.0,73639330.0,70581632.0,86783764.0,0,0,0
root/LatinAmerica&Caribbean/Guatemala,root/LatinAmerica&Caribbean,0,0,0,0,0,0,0,0,0,0,0,0,0,0,0,0,0,0,388880000.0,752600000.0,529920000.0,578820000.0,664660000.0,799140000.0,975500000.0,728280000.0,1263920000.0,1528610000.0,1672730000.0,2111170000.0,2191490000.0,2207420000.0,2547120000.0,2868680000.0,3128200000.0,3831300000.0,3961800000.0,4295376770.07,4832235158.1,5349720170.78,5894731859.86,6442650568.0,6583210965.97,7616761762.34,7724214409.79,0
root/LatinAmerica&Caribbean/Honduras,root/LatinAmerica&Caribbean,12800000.0,14400000.0,14800000.0,15200000.0,16800000.0,0,0,0,0,0,0,0,0,0,0,0,0,0,0,0,0,0,0,0,0,0,0,0,0,0,0,2053100000.0,2183900000.0,2271100000.0,1803140000.0,1433500000.0,1625500000.0,1774850000.0,2554600000.0,4066207268.0,5538930000.0,7777241753.0,7568711082.0,8268835734.05,0,0
root/LatinAmerica&Caribbean/Jamaica,root/LatinAmerica&Caribbean,0,0,0,0,0,0,0,0,0,0,0,0,0,0,0,0,1885400000.0,2344600000.0,2926000000.0,4140600000.0,6872900000.0,9876200000.0,15015080165.0,17971129167.0,27280386380.4,24563740023.0,34588975521.105,41783981513.1043,42920301100.0,51010378500.0,62120550000.0,88169574000.0,92784164000.0,88295660000.0,97817876000.0,101723408000.0,125305200759.67,188715629540.33,128354653000.0,120635009800.0,126937670821.0,109919523526.0,124512684706.0,125679549640.0,139356191524.1,0
root/LatinAmerica&Caribbean/Mexico,root/LatinAmerica&Caribbean,5000000.0,7000000.0,11000000.0,14000000.0,20000000.0,32000000.0,41000000.0,53000000.0,75000000.0,169000000.0,417000000.0,1603000000.0,2259000000.0,4364000000.0,11591000000.0,35559000000.0,61117000000.0,57396000000.0,59466000000.0,43244000000.0,37943000000.0,30421000000.0,28490000000.0,53008000000.0,72287000000.0,70709000000.0,82917000000.0,115894000000.0,113161000000.0,0,0,0,0,0,0,0,302998937151.98804,300526091463.234,314150705743.0,322243147483.886,355664692526.67,367399367755.923,402737757972.741,400292932881.055,465694962804.35,0
root/LatinAmerica&Caribbean/Nicaragua,root/LatinAmerica&Caribbean,0,0,0,0,0,0,0,0,0,0,0,0,0,0,0,0,0,0,8000.0,84820000.0,267310000.0,426730000.0,578960000.0,570840000.0,496130000.0,898690000.0,1045340000.0,742660000.0,1044260000.0,1285000000.0,1286824200.0,1918936700.0,1478088800.0,1561000000.0,1684360500.0,1579796100.0,1447419260.0,1711257006.04,1990641257.8079998,2261906237.0,2466262235.0,2519578676.0,2639111955.6075397,3049823984.7718897,3754980480.03347,0
root/LatinAmerica&Caribbean/Paraguay,root/LatinAmerica&Caribbean,0,0,0,0,0,0,0,0,0,0,0,0,0,0,0,0,0,0,0,0,0,0,0,0,0,0,0,0,0,0,0,0,0,539700000000.0,516700000000.0,512833296727.0,445146685085.0,434505996000.0,346399271962.0,284143650820.0,259303785322.0,416038000000.0,526712571571.0,893350719320.0,1151443499748.0,1276366966555.0
root/LatinAmerica&Caribbean/Peru,root/LatinAmerica&Caribbean,3.0,7.0,6.0,11.0,11.0,24.0,72.0,138.0,214.0,382.0,557.0,1411.0,3104.0,8631.0,10065.0,15876.0,131000.0,2135000.0,420040000.0,1040000000.0,1998000000.0,2902000000.0,3569000000.0,4038900000.0,3443900000.0,3025500000.0,3465100000.0,3947700000.0,4404600000.0,4049800000.0,4098300000.0,4426900000.0,4716100000.0,4900800000.0,5503908218.57864,5884991211.70874,5718140398.58714,4863144265.25907,4953560162.4272,5401437084.29338,5431725620.55011,5931872074.92504,6008287879.531179,6274474697.73774,6878039252.91095,0
root/LatinAmerica&Caribbean/StKittsandNevis,root/LatinAmerica&Caribbean,0,0,0,0,0,0,0,0,0,0,0,0,0,0,0,0,0,0,12620000.0,13970000.0,14080000.0,13180000.0,12260000.0,0,0,0,0,0,42600000.0,52400000.0,26080000.0,27842000.0,27562000.0,38035834.0,43211572.0,45271865.0,46810608.0,51019142.0,52401852.0,46037953.0,44387657.0,47909668.0,45788930.0,0,0,0
root/LatinAmerica&Caribbean/StLucia,root/LatinAmerica&Caribbean,0,0,0,0,0,0,0,0,0,0,0,0,0,0,0,0,0,0,0,0,0,0,0,0,0,0,0,0,27806000.0,40775000.0,43762000.0,51323000.0,61893945.0,70000000.0,79129973.0,81071228.0,78394041.0,89846982.0,92823272.0,100183655.0,123178292.0,134809072.0,143945067.0,0,0,0
root/LatinAmerica&Caribbean/StVincentandtheGrenadines,root/LatinAmerica&Caribbean,0,0,0,0,0,0,0,0,0,0,0,0,0,0,0,0,0,0,0,0,0,0,0,0,0,0,0,0,24716000.0,24639000.0,26080000.0,27842000.0,27562000.0,36906170.0,43211263.0,45271865.0,46810608.0,51023029.0,52401852.0,46037953.0,44387657.0,47909668.0,45788930.0,0,0,0
root/LatinAmerica&Caribbean/Suriname,root/LatinAmerica&Caribbean,0,0,0,0,0,0,0,0,0,0,0,0,0,0,0,0,0,0,0,0,0,0,0,0,0,0,0,0,0,33084109.0,59691718.0,65984521.0,68199098.0,97325250.0,108407091.0,97170176.19,61640618.34,133286528.96,103573000.48,139840000.0,140561157.0,0,0,0,0,0
root/LatinAmerica&Caribbean/TrinidadandTobago,root/LatinAmerica&Caribbean,0,0,0,0,43500000.0,44700000.0,80300000.0,125700000.0,127600000.0,180300000.0,0,0,0,0,0,0,0,0,0,0,0,0,0,0,0,0,0,0,0,2382700000.0,2409000000.0,2591900000.0,2396300000.0,2541500000.0,2453300000.0,2698100000.0,2967300000.0,3499900000.0,3290300000.0,2866400000.0,2937100000.0,0,3122600000.0,0,0,0
root/LatinAmerica&Caribbean/Uruguay,root/LatinAmerica&Caribbean,7000.0,14000.0,12000.0,34000.0,25000.0,66000.0,263000.0,360000.0,329000.0,408000.0,1294000.0,2291000.0,5842000.0,11169000.0,17957000.0,27107000.0,45577000.0,104000000.0,206000000.0,395000000.0,629000000.0,866000000.0,1614000000.0,2007000000.0,1993000000.0,3005000000.0,3426000000.0,4720000000.0,5307000000.0,6138844000.0,10591898567.952,17803391000.0,18645962000.0,17946804000.0,19880688000.0,20735646186.531998,18310933000.0,19487957840.6,19213211080.246998,22477340000.0,24173153878.421,27986947000.0,30291000000.0,33558200000.0,42606176000.0,0
root/MiddleEast&NorthAfrica,root,15382428627.999067,19595865571.861168,28607051921.733055,33647618984.3932,27616238271.60494,39258991684.13697,10679945096.668997,38873500000.0,37122184859.07291,24392968390.40298,20543151921.733055,15479791684.136967,13866134265.082693,22252613789.89052,20774786489.63429,22026553552.294434,23752623876.077335,26086986629.39669,26784197152.168747,30611393461.12928,36897412250.40422,57476851642.653175,108532053750.6737,118743059841.60262,136985844723.96925,3731340819147.449,3976582692546.005,3800411086908.9214,4210428819147.449,4303923338369.228,6336029021919.88,7375256062082.85,6925506911797.985,7893399151178.096,10002274151987.107,12631271853441.295,13111809045853.838,11837449322097.102,6039629195128.392,5817762389527.501,5592744288349.031,5889065535589.385,7223743591103.428,7594444887526.581,8623034767385.379,0
root/MiddleEast&NorthAfrica/Algeria,root/MiddleEast&NorthAfrica,0,0,0,0,0,0,0,0,0,0,0,0,0,0,0,0,0,0,0,0,0,0,41088000000.0,62202000000.0,88959000000.0,109381000000.0,110793000000.0,126432000000.0,162251000000.0,147500000000.0,137200000000.0,113971000000.0,143470000000.0,101232000000.0,97440000000.0,77700000000.0,63910000000.0,35906650579.85,30200000000.0,37709600793.0,0,0,0,0,0,0
root/MiddleEast&NorthAfrica/Bahrain,root/MiddleEast&NorthAfrica,0,0,0,0,0,0,0,0,0,0,0,0,0,0,0,0,0,0,17800000.0,8400000.0,12500000.0,15900000.0,17200000.0,20500000.0,19900000.0,21500000.0,24100000.0,30400000.0,47300000.0,51600000.0,35900000.0,49400000.0,45900000.0,62130000.0,73670000.0,65900000.0,53610000.0,50050000.0,90560000.0,114507947.1,0,192262000.0,0,0,0,0
root/MiddleEast&NorthAfrica/EgyptArabRep,root/MiddleEast&NorthAfrica,0,0,0,83000000.0,100000000.0,169000000.0,296000000.0,462000000.0,0,466000000.0,516000000.0,899000000.0,1128000000.0,1272000000.0,1567000000.0,1886000000.0,2428000000.0,3089000000.0,3760000000.0,5880000000.0,8788000000.0,13433000000.0,16651000000.0,14930000000.0,16032000000.0,15455000000.0,0,0,0,0,20303000000.0,23727000000.0,27517000000.0,29806000000.0,34811700000.0,38367300000.0,40956600000.0,43755100000.0,62199000000.0,76361800000.0,93401000000.0,135331000000.0,159330000000.0,179035000000.0,0,0
root/MiddleEast&NorthAfrica/IranIslamicRep,root/MiddleEast&NorthAfrica,15100000000.0,19300000000.0,28300000000.0,33200000000.0,27000000000.0,38300000000.0,9300000000.0,37000000000.0,35300000000.0,20900000000.0,16700000000.0,10500000000.0,6300000000.0,9600000000.0,4600000000.0,4100000000.0,4600000000.0,3100000000.0,3000000000.0,3000000000.0,3000000000.0,15000000000.0,19000000000.0,7000000000.0,12000000000.0,87000000000.0,465000000000.0,58000000.0,75000000.0,115000000.0,1744200000000.0,2220300000000.0,2752100000000.0,4263604000000.0,5452400000000.0,7736500000000.0,7974100000000.0,5896700000000.0,0,0,0,0,0,0,0,0
root/MiddleEast&NorthAfrica/Iraq,root/MiddleEast&NorthAfrica,0,0,0,0,0,0,0,0,0,0,0,0,0,0,0,0,0,0,0,0,0,0,0,0,0,0,0,0,0,0,0,0,0,0,0,0,0,0,0,0,0,0,711542000000.0,655702087224.974,1402474153180.2,0
root/MiddleEast&NorthAfrica/Israel,root/MiddleEast&NorthAfrica,200000.0,200000.0,400000.0,400000.0,600000.0,1700000.0,2200000.0,3400000.0,8800000.0,33400000.0,82700000.0,408300000.0,1834500000.0,4952800000.0,6669800000.0,8584800000.0,7032300000.0,8422500000.0,9620300000.0,8927000000.0,11689000000.0,13168000000.0,14648000000.0,16962000000.0,18753000000.0,19576000000.0,22799000000.0,22956000000.0,41620000000.0,40359384560.7025,40513310445.8523,44828576917.4638,43501892326.2747,45220516046.9726,39811962880.0,38428083061.12,36671590939.8874,35882938481.6221,37278397511.5769,38430840252.5435,40043777858.5048,38732584012.1141,38358878377.7563,37686785487.8832,35002696205.1792,0
root/MiddleEast&NorthAfrica/Jordan,root/MiddleEast&NorthAfrica,0,0,0,0,0,0,0,0,0,0,0,0,0,0,0,0,0,0,0,0,0,0,0,0,0,0,0,0,0,0,0,0,0,0,0,0,377800000.0,392300000.0,397600000.0,429600000.0,583100000.0,736600000.0,0,0,0,0
root/MiddleEast&NorthAfrica/Kuwait,root/MiddleEast&NorthAfrica,0,0,0,0,0,0,0,0,0,0,0,0,0,0,0,0,0,0,0,0,0,323000000.0,417000000.0,178000000.0,200000000.0,151000000.0,134000000.0,0,0,61000000.0,31000000.0,18000000.0,13000000.0,13000000.0,13000000.0,5000000.0,0,0,0,0,0,0,0,0,0,0
root/MiddleEast&NorthAfrica/Lebanon,root/MiddleEast&NorthAfrica,0,0,0,0,0,0,0,0,0,0,0,0,0,0,0,0,0,0,0,0,0,0,0,0,0,3482000000000.0,3352460000000.0,3624000000000.0,3983900000000.0,4091200000000.0,4366100000000.0,4942000000000.0,3922100000000.0,3408703000000.0,4334468000000.0,4694550000000.0,4957351000000.0,5784054000000.0,5893300000000.0,5654800000000.0,5457160000000.0,5713770000000.0,6314257000000.0,6721763000000.0,7185336000000.0,0
root/MiddleEast&NorthAfrica/Malta,root/MiddleEast&NorthAfrica,4728627.99906825,4565571.86116935,4751921.73305381,4518984.39319823,4938271.60493827,4891684.13696716,4845096.66899604,0,4984859.07290939,4868390.4029816,4751921.73305381,4891684.13696716,5334265.08269276,5613789.89051945,5986489.63428838,5753552.294432799,7523876.0773352,11786629.3966923,29897152.1687454,49593461.12928,58112250.404222,71351642.6531763,96853750.6737032,126759841.60260901,146044723.969252,194619147.44933602,243992546.005125,343386908.9215,394619147.449336,373053808.525507,410505474.02748704,398530165.385511,426785464.709993,457030048.91684103,467670626.60144407,470789657.58211,206794000.0,204857000.0,207876000.0,216769000.0,221127000.0,224772000.0,236152000.0,234096000.0,221918000.0,0
root/MiddleEast&NorthAfrica/Morocco,root/MiddleEast&NorthAfrica,265000000.0,278000000.0,285000000.0,344000000.0,493000000.0,762000000.0,1047000000.0,1360000000.0,1758000000.0,2924000000.0,3144000000.0,3549000000.0,4442000000.0,6234000000.0,7715000000.0,7191000000.0,9409000000.0,11147000000.0,9905000000.0,12272000000.0,12814000000.0,14853000000.0,15960000000.0,16573000000.0,0,16667000000.0,16680000000.0,16904000000.0,0,0,12550406000.0,12120355000.0,12139331964.0,12264241950.0,10084167000.0,12061985000.0,9350585303.542221,7664836379.2312,9205980000.0,8454427337.58514,0,0,0,0,0,0
root/MiddleEast&NorthAfrica/Oman,root/MiddleEast&NorthAfrica,0,0,0,0,0,0,0,0,0,0,0,0,0,0,0,0,0,0,92400000.0,69400000.0,98500000.0,100300000.0,100700000.0,115700000.0,121200000.0,106000000.0,101600000.0,98800000.0,107100000.0,94300000.0,69800000.0,59900000.0,74400000.0,66800000.0,55600000.0,77700000.0,77700000.0,45000000.0,37400000.0,38100000.0,45300000.0,53600000.0,0,0,0,0
root/MiddleEast&NorthAfrica/Qatar,root/MiddleEast&NorthAfrica,0,0,0,0,0,0,0,0,0,0,0,0,0,0,0,0,0,0,0,0,0,0,0,0,0,0,0,0,0,0,0,0,1879602043.0,1898320130.0,2006195377.0,1855162812.0,2100114623.0,3598936005.0,5548230000.0,0,0,0,0,0,0,0
root/MiddleEast&NorthAfrica/SyrianArabRepublic,root/MiddleEast&NorthAfrica,0,0,0,0,0,0,0,0,0,0,0,0,0,0,0,0,0,0,0,0,0,0,0,0,0,0,7577000000.0,8750000000.0,21146000000.0,23284000000.0,13700000000.0,16879000000.0,21250000000.0,29000000000.0,29500000000.0,30000000000.0,25500000000.0,28000000000.0,0,0,0,0,0,0,0,0
root/MiddleEast&NorthAfrica/Tunisia,root/MiddleEast&NorthAfrica,12500000.0,13100000.0,16900000.0,15700000.0,17700000.0,21400000.0,29900000.0,48100000.0,50400000.0,64700000.0,95700000.0,118600000.0,156300000.0,188200000.0,217000000.0,259000000.0,275800000.0,316700000.0,358800000.0,405000000.0,437300000.0,512300000.0,553300000.0,635100000.0,754700000.0,788700000.0,770000000.0,838500000.0,887800000.0,885000000.0,915100000.0,904300000.0,989000000.0,1062100000.0,1129800000.0,1181900000.0,1142500000.0,1180100000.0,1152000000.0,1190100000.0,1272100000.0,0,0,0,0,0
root/MiddleEast&NorthAfrica/WestBankandGaza,root/MiddleEast&NorthAfrica,0,0,0,0,0,0,0,0,0,0,0,0,0,0,0,0,0,0,0,0,0,0,0,0,0,0,0,0,0,0,0,0,0,10013002.2060298,12386103.5055433,8032910.5912709,10750987.408026801,14553651.3989268,12151616.8146563,16644197.2722954,17883490.5262066,24717577.2709649,19560725.6714833,23918813.723371398,0,0
root/NorthAmerica,root,14820000000.0,15680000000.0,23000000000.0,24550000000.0,28700000000.0,33440000000.0,34280000000.0,47070000000.0,61320000000.0,78470000000.0,96860000000.0,106980000000.0,123580000000.0,152190000000.0,154700000000.0,156240000000.0,168230000000.0,180800000000.0,238484000000.0,260261000000.0,256356000000.0,250479000000.0,254745000000.0,280749000000.0,297987000000.0,298175000000.0,297450000000.0,285088000000.0,281986000000.0,373397000000.0,339778000000.0,328130000000.0,339882000000.0,376896000000.0,404875000000.0,440148000000.0,418609000000.0,381319000000.0,408855000000.0,454541000000.0,450212000000.0,443487000000.0,465784000000.0,462253000000.0,497441000000.0,21775000000.0
root/NorthAmerica/Canada,root/NorthAmerica,0,0,0,0,0,0,0,0,0,0,0,0,0,0,0,0,0,0,42144000000.0,41311000000.0,39796000000.0,39489000000.0,40425000000.0,46579000000.0,45667000000.0,43735000000.0,44250000000.0,44028000000.0,45626000000.0,42172000000.0,37108000000.0,35527000000.0,33808000000.0,32467000000.0,32529000000.0,31932000000.0,30645000000.0,27703000000.0,28280000000.0,28870000000.0,27334000000.0,27290000000.0,25214000000.0,23812000000.0,22324000000.0,21775000000.0
root/NorthAmerica/UnitedStates,root/NorthAmerica,14820000000.0,15680000000.0,23000000000.0,24550000000.0,28700000000.0,33440000000.0,34280000000.0,47070000000.0,61320000000.0,78470000000.0,96860000000.0,106980000000.0,123580000000.0,152190000000.0,154700000000.0,156240000000.0,168230000000.0,180800000000.0,196340000000.0,218950000000.0,216560000000.0,210990000000.0,214320000000.0,234170000000.0,252320000000.0,254440000000.0,253200000000.0,241060000000.0,236360000000.0,331225000000.0,302670000000.0,292603000000.0,306074000000.0,344429000000.0,372346000000.0,408216000000.0,387964000000.0,353616000000.0,380575000000.0,425671000000.0,422878000000.0,416197000000.0,440570000000.0,438441000000.0,475117000000.0,0
root/SouthAsia,root,0,1171000000.0,9349000000.0,11301000000.0,14128000000.0,16121000000.0,19909000000.0,22733300000.0,27410600000.0,33264100000.0,42425600000.0,55130300000.0,70054100000.0,86829300000.0,105505200000.0,107036100000.0,163486000000.0,203154000000.0,220201800000.0,271677900000.0,316571000000.0,373919400000.0,452854900000.0,513210700000.0,605727500000.0,818112900000.0,974281600000.0,1135007000000.0,1290481600000.0,1506896640000.0,1638533104000.0,1646975657000.0,1737861974000.0,1757919502000.0,2074197902007.0,2326232085854.0,2721041468253.0,3301785575500.96,3631349889122.74,3686879123758.0,3756681498274.15,4344735332864.0,731887536965.21,831381672717.66,952256692899.8,10023699196.54
root/SouthAsia/Afghanistan,root/SouthAsia,0,0,0,0,0,0,0,0,0,0,0,0,0,0,0,0,0,0,0,0,0,0,0,0,0,0,0,0,0,0,0,0,0,0,169353007.0,106722854.0,103089253.0,108627500.96,86638122.74,91977758.0,118236274.15,268060864.0,351774772.0,676278879.0,0,0
root/SouthAsia/Bangladesh,root/SouthAsia,0,0,0,0,0,0,0,0,0,0,0,0,0,0,0,0,0,0,0,0,0,0,0,0,0,0,0,0,0,41456340000.0,49216850000.0,56159770000.0,56864210000.0,67575155000.0,83735932000.0,103516769000.0,135769443000.0,151532016000.0,148159011000.0,155878100000.0,202938400000.0,241641100000.0,280034000000.0,309742900000.0,330580000000.0,0
root/SouthAsia/Bhutan,root/SouthAsia,0,0,0,0,0,0,0,0,0,0,0,600000.0,1000000.0,0,0,0,700000.0,18400000.0,41300000.0,33400000.0,59500000.0,62400000.0,217800000.0,199200000.0,205500000.0,201800000.0,103000000.0,84300000.0,80200000.0,77800000.0,115754000.0,168887000.0,220264000.0,405447000.0,382117000.0,443294000.0,1719236000.0,1733832000.0,1743182000.0,1794047000.0,1886035000.0,2642474000.0,2090487312.0,2024940000.0,2109082000.0,0
root/SouthAsia/India,root/SouthAsia,0,0,7840000000.0,9620000000.0,11950000000.0,13400000000.0,16720000000.0,18900000000.0,22540000000.0,27630000000.0,35160000000.0,44500000000.0,56460000000.0,70900000000.0,86480000000.0,107020000000.0,133470000000.0,165250000000.0,199480000000.0,249550000000.0,290550000000.0,344900000000.0,414550000000.0,471280000000.0,552650000000.0,612180000000.0,732280000000.0,868750000000.0,977690000000.0,1053520000000.0,1148030000000.0,1201330000000.0,1236590000000.0,1288690000000.0,1459140000000.0,1659450000000.0,1874640000000.0,2078370000000.0,2303510000000.0,2303510000000.0,3128080000000.0,3642440000000.0,0,0,0,0
root/SouthAsia/Maldives,root/SouthAsia,0,0,0,0,0,0,0,300000.0,600000.0,3100000.0,5600000.0,5700000.0,6100000.0,9300000.0,10200000.0,16100000.0,15300000.0,8600000.0,12500000.0,21500000.0,21500000.0,31000000.0,56100000.0,76500000.0,81000000.0,87100000.0,81600000.0,98700000.0,106400000.0,116500000.0,136500000.0,135200000.0,138600000.0,154900000.0,198800000.0,234300000.0,280000000.0,617900000.0,675800000.0,725800000.0,0,0,978347369.4,0,0,0
root/SouthAsia/Nepal,root/SouthAsia,0,0,0,0,0,0,0,0,0,0,0,0,0,0,0,0,0,0,0,0,0,0,0,3430000000.0,3868000000.0,4074000000.0,3752000000.0,4080000000.0,4820000000.0,4698000000.0,5770000000.0,6621800000.0,6543900000.0,6218000000.0,6158700000.0,6164000000.0,6373700000.0,8154200000.0,9981258000.0,12519199000.0,15160827000.0,13736698000.0,12037868000.0,9263198371.82,8673040021.09,10023699196.54
root/SouthAsia/Pakistan,root/SouthAsia,0,1171000000.0,1509000000.0,1681000000.0,2178000000.0,2721000000.0,3189000000.0,3833000000.0,4870000000.0,5631000000.0,7260000000.0,10624000000.0,13587000000.0,15920000000.0,19015000000.0,0,30000000000.0,37877000000.0,0,0,0,0,0,0,0,146324000000.0,183167000000.0,199871000000.0,236585000000.0,312721000000.0,318749000000.0,257434000000.0,317723000000.0,274717000000.0,373636000000.0,373636000000.0,489681000000.0,751593000000.0,814603000000.0,855464000000.0,0,0,0,0,0,0
root/SouthAsia/SriLanka,root/SouthAsia,0,0,0,0,0,0,0,0,0,0,0,0,0,0,0,0,0,0,20668000000.0,22073000000.0,25940000000.0,28926000000.0,38031000000.0,38225000000.0,48923000000.0,55246000000.0,54898000000.0,62123000000.0,71200000000.0,94307000000.0,116515000000.0,125126000000.0,119782000000.0,120159000000.0,150777000000.0,182681000000.0,212475000000.0,309676000000.0,352591000000.0,356896000000.0,408498000000.0,444007000000.0,436395059511.81,509674355466.84,610894570878.71,0
root/Sub-SaharanAfrica,root,779000000.0,1217100000.0,411100000.0,466900000.0,608400000.0,694300000.0,930800000.0,1316400000.0,1763900000.0,2002400000.0,2638200000.0,3350400000.0,4372800000.0,5452700000.0,6520200000.0,7739800000.0,81169200000.0,78833000000.0,31070010900.27688,53552600001.96333,148097300380.0,155321268540.0,263220827240.0,678614010000.0,422154290000.0,349024000000.0,299784757000.0,340089314108.8638,270332529369.75543,666288223640.333,758597884963.2588,1041639104030.1788,1178625018535.1477,1319822340613.5605,1285864263072.04,957754152934.045,1196451249906.1628,972090762274.3198,1304308451977.794,1482974822551.9875,1766710567043.5442,1892930283857.9338,2181733588102.8943,2547167633194.2715,3335227241915.5913,185448578065.77118
root/Sub-SaharanAfrica/Angola,root/Sub-SaharanAfrica,0,0,0,0,0,0,0,0,0,0,0,0,0,0,0,0,0,0,0,0,0,0,0,0,0,0,0,17405636.4,174545324.6,2096511046.0,4919234320.0,6934539227.0,17750870341.0,18069136424.0,10664391829.0,23459740342.0,135479000000.0,104791000000.0,115831000000.0,81456387937.0,102804000000.0,99104966331.0,147161321043.55,248469366541.24,356489902694.13,0
root/Sub-SaharanAfrica/Benin,root/Sub-SaharanAfrica,0,0,0,0,0,0,0,0,0,0,0,0,0,0,0,0,0,0,0,0,0,0,0,0,0,0,0,0,0,13178000000.0,13780000000.0,12266000000.0,6970000000.0,6890000000.0,10147600000.0,5128873000.0,10347508294.0,15599462895.0,17734934621.0,14973871230.0,23143174724.0,19900000000.0,0,0,0,0
root/Sub-SaharanAfrica/Botswana,root/Sub-SaharanAfrica,0,0,0,0,0,0,0,0,0,0,0,0,0,0,0,0,0,0,52320000.0,60700000.0,68000000.0,78700000.0,84500000.0,91600000.0,91400000.0,0,0,0,0,0,0,0,0,0,235520000.0,248440000.0,282080000.0,369820000.0,523540000.0,586570000.0,671980000.0,687470000.0,701700000.0,826750000.0,877830000.0,0
root/Sub-SaharanAfrica/BurkinaFaso,root/Sub-SaharanAfrica,0,0,0,0,0,0,0,0,0,0,0,0,0,0,0,0,0,0,0,0,0,0,0,0,0,0,0,0,0,0,16671046796.0,16785510278.7,19127173615.0,18169721978.0,17348165834.0,13054658756.3,12693275000.0,16870967228.0,21354239663.0,28291579336.0,41805614512.0,34755278004.0,44011188207.0,43752144897.0,65300000000.0,0
root/Sub-SaharanAfrica/Burundi,root/Sub-SaharanAfrica,0,0,0,0,0,0,0,0,0,0,0,0,0,0,0,0,0,0,0,3309000000.0,3882000000.0,3952000000.0,4005000000.0,3717000000.0,4419000000.0,6069000000.0,6839500000.0,9507000000.0,0,0,0,0,0,0,0,0,0,0,28064884018.0,32667912939.0,33452309182.0,30041474360.0,0,0,0,0
root/Sub-SaharanAfrica/CaboVerde,root/Sub-SaharanAfrica,0,0,0,0,0,0,0,0,0,0,0,0,0,0,0,0,0,0,0,0,0,0,0,0,0,0,0,0,0,0,0,0,0,1927507073.0,1920075551.0,1885255273.0,1845435032.33,1818254300.03185,0,0,2857729387.0,0,0,0,0,0
root/Sub-SaharanAfrica/CentralAfricanRepublic,root/Sub-SaharanAfrica,0,0,0,0,0,0,0,0,0,0,0,0,0,0,0,0,0,0,0,0,0,0,0,0,0,0,0,0,0,0,0,0,0,0,0,0,10622359022.6276,10832508806.6431,9511550000.0,6983069494.86775,0,0,0,0,0,0
root/Sub-SaharanAfrica/CongoDemRep,root/Sub-SaharanAfrica,0,0,0,0,0,0,0,0,0,0,0,0,0,0,0,0,0,0,0.276876666666667,1.96333333333333,380.0,3040.0,427240.0,210000.0,10090000.0,800000.0,27757000.0,296000000.0,0,0,4624489000.0,6875567000.0,39042560000.0,99878099000.0,113097292000.0,34396000000.0,41015365000.0,63111000000.0,51512400000.0,0,0,0,0,0,0,0
root/Sub-SaharanAfrica/CongoRep,root/Sub-SaharanAfrica,0,0,0,0,0,0,0,0,0,0,0,0,0,0,0,0,0,0,0,0,61300000000.0,56100000000.0,119000000000.0,148900000000.0,155800000000.0,180600000000.0,160000000000.0,168100000000.0,0,152008129188.0,177803747000.0,117803467139.0,33732000000.0,86384000000.0,200622000000.0,112765000000.0,183719000000.0,49177744901.0,56468820894.0,11057446367.0,13090079837.0,0,0,0,0,0
root/Sub-SaharanAfrica/CotedIvoire,root/Sub-SaharanAfrica,0,0,0,0,0,0,0,0,0,0,0,0,0,0,0,0,0,0,0,0,0,0,0,343200000000.0,0,0,0,0,0,259700000000.0,265617000000.0,218000000000.0,186100000000.0,177100000000.0,131900000000.0,166200000000.0,181900000000.0,168430000000.0,194330000000.0,219250000000.0,232921000000.0,214779000000.0,138501000000.0,297665000000.0,360135000000.0,0
root/Sub-SaharanAfrica/EquatorialGuinea,root/Sub-SaharanAfrica,0,0,0,0,0,0,0,0,0,0,0,0,0,0,0,0,0,0,0,0,0,0,0,0,0,0,0,0,0,0,0,0,0,0,813000000.0,727000000.0,1597000000.0,449000000.0,18487000000.0,26468451000.0,31436732715.0126,36814634659.0173,47496357109.1212,30364713574.6,0,0
root/Sub-SaharanAfrica/Ethiopia,root/Sub-SaharanAfrica,0,0,0,0,0,0,0,0,0,0,0,0,0,0,0,0,0,0,227700000.0,267900000.0,307300000.0,530500000.0,956900000.0,838600000.0,931700000.0,935000000.0,899900000.0,1002500000.0,0,1069900000.0,996400000.0,1016900000.0,1104300000.0,1114000000.0,2427800000.0,2427800000.0,1578150000.0,1383800000.0,1577700000.0,2004210000.0,2530700000.0,3139033514.28,0,0,0,0
root/Sub-SaharanAfrica/GambiaThe,root/Sub-SaharanAfrica,0,0,0,0,0,0,0,0,0,0,0,0,0,0,0,0,0,0,91720000.0,0,0,0,0,0,0,0,0,0,0,293700000.0,370600000.0,607400000.0,1003100000.0,1130900000.0,921400000.0,815000000.0,713300000.0,741500000.0,0,0,0,0,0,0,0,0
root/Sub-SaharanAfrica/Ghana,root/Sub-SaharanAfrica,0,0,0,0,0,0,0,0,0,0,0,0,0,0,0,0,0,0,0,0,0,0,0,0,0,0,0,0,0,0,0,0,0,0,0,0,0,0,1458708886.0,0,0,0,0,0,0,0
root/Sub-SaharanAfrica/Kenya,root/Sub-SaharanAfrica,0,0,0,0,0,0,0,0,0,0,0,0,0,0,0,0,0,0,0,0,0,0,0,0,0,0,0,0,0,0,0,0,0,0,0,0,0,0,0,0,0,0,132288230089.47,167998298811.91,218165865080.99,0
root/Sub-SaharanAfrica/Lesotho,root/Sub-SaharanAfrica,0,0,0,0,0,0,0,0,0,0,0,0,0,0,0,0,0,0,0,0,0,0,0,0,0,0,0,0,0,0,0,216390000.0,157050101.21,225132456.13,308113484.05,292505660.76,118400000.0,136953254.81,96049353.74,137077171.49,165885278.214637,188593003.75,177225857.14285702,274100000.0,254647450.07799998,307182275.720165
root/Sub-SaharanAfrica/Liberia,root/Sub-SaharanAfrica,0,0,0,0,0,0,0,0,0,0,0,0,0,0,0,0,0,0,0,0,0,0,0,0,0,0,0,0,0,0,0,0,0,846232.52,1199240.0,1350766.0,4429800.0,0,13445441.7,17650109.94,3405671.0,0,0,0,0,0
root/Sub-SaharanAfrica/Madagascar,root/Sub-SaharanAfrica,547000000.0,817000000.0,0,0,0,0,0,0,0,0,0,0,0,0,0,0,71900000000.0,65100000000.0,13900000000.0,19880000000.0,38340000000.0,51680000000.0,98360000000.0,137580000000.0,151840000000.0,42920000000.0,0,0,74480000000.0,63020000000.0,72960000000.0,113157800000.0,239475800000.0,266600000000.0,284800000000.0,155668000000.0,0,0,0,0,0,0,0,0,0,0
root/Sub-SaharanAfrica/Malawi,root/Sub-SaharanAfrica,0,0,0,0,0,0,0,0,0,0,0,0,0,0,0,0,0,0,0,0,0,0,0,0,0,0,0,0,0,0,0,0,0,0,0,0,0,17863523420.0,21497865000.0,22818775000.0,23764952000.0,33211117018.3763,90521625666.865,94274797496.95,125673681959.607,185141395790.05103
root/Sub-SaharanAfrica/Mali,root/Sub-SaharanAfrica,0,0,0,0,0,0,0,0,0,0,0,0,0,0,0,0,0,0,0,0,0,0,0,0,0,0,0,0,16000000000.0,14600000000.0,18381000000.0,18788580000.0,17579154981.4462,18661149054.2646,15222900000.0,14000000000.0,14073000000.0,15497000000.0,19127000000.0,30562000000.0,26889199000.0,38557000000.0,41700000000.0,51861533000.0,44200000000.0,0
root/Sub-SaharanAfrica/Mauritius,root/Sub-SaharanAfrica,0,35100000.0,31100000.0,33900000.0,51400000.0,73300000.0,116800000.0,179400000.0,323900000.0,461400000.0,642200000.0,717400000.0,783800000.0,889400000.0,935000000.0,920900000.0,879300000.0,879700000.0,1337300000.0,1564000000.0,1469800000.0,1182300000.0,1324900000.0,1652500000.0,1954300000.0,2300800000.0,2706000000.0,2985000000.0,3013000000.0,3443300000.0,3533100000.0,4439600000.0,5077700000.0,4669400000.0,5139300000.0,6822600000.0,7970600000.0,8065400000.0,7437700000.0,6377500000.0,6610700000.0,6350706000.0,6813900000.0,4872900000.0,10126290000.0,0
root/Sub-SaharanAfrica/Mozambique,root/Sub-SaharanAfrica,0,0,0,0,0,0,0,0,0,0,0,0,0,0,0,0,0,0,0,0,0,0,0,0,0,0,0,0,0,0,0,0,0,0,0,0,0,0,2672857190.0,3501045060.0,4125408100.0,0,0,0,0,0
root/Sub-SaharanAfrica/Namibia,root/Sub-SaharanAfrica,0,0,0,0,0,0,0,0,0,0,0,0,0,0,0,0,0,0,26800000.0,20900000.0,21600000.0,70000000.0,117500000.0,145100000.0,250500000.0,350100000.0,488700000.0,512900000.0,510428469.0,647290000.0,823096376.0,864375148.87,997155000.0,1160233000.0,1261732000.0,1180869923.0,1104673414.0,1196355204.0,965496000.0,1141984820.0,1718590353.78,1788490410.36,2060351550.35,2623431939.32,4310116976.21,0
root/Sub-SaharanAfrica/Nigeria,root/Sub-SaharanAfrica,0,0,0,0,0,0,0,0,0,0,0,0,0,0,0,0,0,0,0,0,0,0,0,0,0,0,0,0,0,0,0,366500000000.0,382500000000.0,394000000000.0,249300000000.0,213700000000.0,381200000000.0,251700000000.0,415700000000.0,527200000000.0,679300000000.0,828100000000.0,0,0,0,0
root/Sub-SaharanAfrica/Rwanda,root/Sub-SaharanAfrica,0,64000000.0,71000000.0,88000000.0,91000000.0,65000000.0,94000000.0,240000000.0,325000000.0,0,0,0,0,0,0,0,0,2030000000.0,2131000000.0,4292000000.0,4800000000.0,0,0,0,0,0,0,0,0,0,0,0,0,0,0,0,0,0,0,0,0,0,43500000000.0,45872275573.0839,56998212948.4964,0
root/Sub-SaharanAfrica/SaoTomeandPrincipe,root/Sub-SaharanAfrica,0,0,0,0,0,0,0,0,0,0,0,0,0,0,0,0,0,0,0,0,0,0,0,0,0,0,0,0,0,0,25851545175.6999,26145037869.1123,30139305538.04,33729577804.5657,55686460190.31,26018785923.76,23482787487.76,23009500000.0,16224837610.0,23823896689.55,29500435543.0,0,0,0,0,0
root/Sub-SaharanAfrica/Senegal,root/Sub-SaharanAfrica,0,0,0,0,0,0,0,0,0,0,0,0,0,0,0,0,0,0,0,0,0,0,0,0,57200000000.0,58600000000.0,34800000000.0,42500000000.0,45300000000.0,30300000000.0,0,0,0,0,0,0,0,45300000000.0,60080007000.0,102700000000.0,107300000000.0,113200000000.0,138961335110.325,159754852429.934,187650262709.21698,0
root/Sub-SaharanAfrica/Seychelles,root/Sub-SaharanAfrica,0,0,0,0,0,0,0,0,0,0,0,0,0,51300000.0,38200000.0,120900000.0,137900000.0,147300000.0,0,0,0,209800000.0,229600000.0,244000000.0,254300000.0,283300000.0,288900000.0,303700000.0,262800000.0,0,0,0,0,260334376.0,405900000.0,416927924.0,448870146.0,682606532.59,624864577.16,371827018.21,561752224.26,426808434.1,476177397.52,613474227.35,617931220.93,0
root/Sub-SaharanAfrica/SierraLeone,root/Sub-SaharanAfrica,0,0,0,0,0,0,0,0,0,0,0,0,0,0,0,0,0,0,1489500000.0,9726000000.0,20193000000.0,19652000000.0,15538000000.0,12582000000.0,16055000000.0,17932000000.0,50644000000.0,70237808472.4638,83914677736.1454,77995753300.0,104797574903.35,83771362002.66,129563793855.465,125587000000.0,119954430000.0,112142000000.0,119495000000.0,103247000000.0,159179000000.0,250219000000.0,290831000000.0,301158000000.0,221359000000.0,0,0,0
root/Sub-SaharanAfrica/SouthAfrica,root/Sub-SaharanAfrica,232000000.0,301000000.0,309000000.0,345000000.0,466000000.0,556000000.0,720000000.0,897000000.0,1115000000.0,1541000000.0,1996000000.0,2633000000.0,3589000000.0,4512000000.0,5547000000.0,6698000000.0,8252000000.0,10676000000.0,11812000000.0,14418000000.0,17694000000.0,21827000000.0,23604000000.0,29663000000.0,33348000000.0,39033000000.0,42884000000.0,44298000000.0,46594500000.0,47684000000.0,46909000000.0,46402800000.0,48911000000.0,51072000000.0,52376000000.0,53081000000.0,54635000000.0,57535000000.0,67150976829.75,78499296348.0,90516206192.5,102613833814.05,117345039071.55,131823042542.25,148693268124.0,0
root/Sub-SaharanAfrica/Swaziland,root/Sub-SaharanAfrica,0,0,0,0,0,0,0,0,0,0,0,0,0,0,0,0,0,0,0,0,0,0,0,0,0,0,0,69700000.0,82577840.01,115009348.33,140260103.75,113091360.18,134132823.92,176799215.08,191377154.68,153135249.74,227051795.03,322010254.2,227539291.58,261039430.93,270125488.5,0,0,0,0,0
root/Sub-SaharanAfrica/Tanzania,root/Sub-SaharanAfrica,0,0,0,0,0,0,0,0,0,0,0,0,0,0,0,0,0,0,0,0,0,0,0,0,0,0,0,0,0,0,0,0,0,0,0,0,0,0,0,0,0,0,1003825030000.0,0,0,0
root/Sub-SaharanAfrica/Togo,root/Sub-SaharanAfrica,0,0,0,0,0,0,0,0,0,0,0,0,0,0,0,0,0,0,0,0,0,0,0,0,0,0,0,0,0,0,0,0,17922517463.0,11590000000.0,10494405789.0,12442161113.42,10807028672.0,12794999455.0,15056432300.0,11570000000.0,18587822650.6667,25698222309.0,0,45402421509.3333,62911573524.2231,0
root/Sub-SaharanAfrica/Uganda,root/Sub-SaharanAfrica,0,0,0,0,0,0,0,0,0,0,0,0,0,0,0,0,0,0,0,0,0,0,0,0,0,0,0,0,0,0,0,0,0,0,0,0,0,0,0,0,0,0,0,1213521530651.3,1682182259227.71,0
root/Sub-SaharanAfrica/Zambia,root/Sub-SaharanAfrica,0,0,0,0,0,0,0,0,0,0,0,0,0,0,0,0,0,0,1670900.0,14100000.0,21600000.0,38965500.0,0,0,0,0,206000000.0,259300000.0,0,136630758.003,419791288.45886,950684004.65641,1337404816.06649,1426504000.0,625200000.0,727049002.065,1091936242.4152699,1144260581.24504,1368831853.86384,0,1829958000.0,2415656000.0,4834107000.0,7197000000.0,10640400000.0,0
root/Sub-SaharanAfrica/Zimbabwe,root/Sub-SaharanAfrica,0,0,0,0,0,0,0,0,0,0,0,0,0,0,0,0,0,0,0,0,0,0,0,0,0,0,0,0,0,0,0,0,0,0,0,0,0,21095441.8,30771448.0,34232600.0,21806184.61,0,0,0,0,0
