root/EastAsia&Pacific,root,51603.0,52029.0,56514.0,76025.0,76645.0,81927.0,99997.0,105351.0,125617.0,151939.0,162032.0,176583.0,213185.0,237562.0,205668.0,193832.0,162822.0,176960.0,170642.0,175263.0,208436.0,209603.0,220832.0,252378.0,278310.0,311194.0,325634.0,338669.0,351211.0,365142.0,392021.0,402331.0,492274.0,477819.0,534704.0,553992.0,584994.0,517574.0,461635.0,524379.0,663893.0,695729.0,792860.0,907939.0,1081882.0,1174213.0,1288312.0,1252669.0,1209066.0,1323722.0,1601520.0,1949914.0,2237557.0,2477484.0,2750350.0,703803.0,753105.0
root/EastAsia&Pacific/Australia,root/EastAsia&Pacific,6090.0,6209.0,5828.0,6411.0,6280.0,6583.0,6714.0,7537.0,8301.0,9246.0,0,8866.0,9204.0,10026.0,9209.0,9046.0,10195.0,10888.0,11001.0,16127.0,13567.0,14929.0,15737.0,13818.0,15415.0,18459.0,19194.0,21150.0,22256.0,23821.0,22015.0,21810.0,23460.0,26126.0,30051.0,32382.0,24926.0,26997.0,30171.0,36733.0,42890.0,37841.0,39595.0,44202.0,53280.0,55906.0,59280.0,60316.0,57841.0,55649.0,58913.0,60613.0,62759.0,61729.0,64651.0,70756.0,72301.0
root/EastAsia&Pacific/BruneiDarussalam,root/EastAsia&Pacific,0,0,0,0,0,0,0,0,0,0,0,0,0,0,0,0,0,0,0,0,0,0,0,0,0,0,469.0,0,779.0,989.0,880.0,990.0,970.0,1074.0,1011.0,1177.0,1500.0,1713.0,1167.0,1106.0,1423.0,758.0,609.0,818.0,793.0,846.0,685.0,860.0,944.0,649.0,725.0,857.0,1128.0,1135.0,1175.0,0,0
root/EastAsia&Pacific/Cambodia,root/EastAsia&Pacific,0,0,0,0,0,0,0,0,0,0,423.0,622.0,316.0,287.0,0,0,0,0,0,0,0,0,0,0,0,0,0,0,0,0,0,0,0,0,1337.0,1265.0,1708.0,1549.0,1300.0,1343.0,1939.0,1519.0,1569.0,827.0,1577.0,1581.0,1565.0,2758.0,3099.0,3077.0,3969.0,4567.0,5168.0,5854.0,4888.0,677.0,1646.0
root/EastAsia&Pacific/China,root/EastAsia&Pacific,0,0,0,0,0,0,0,0,0,0,0,0,0,0,0,0,0,0,0,0,26177.0,23004.0,18565.0,20807.0,29564.0,49243.0,50970.0,44069.0,47549.0,48737.0,57464.0,67606.0,90818.0,132222.0,141688.0,171030.0,149410.0,145478.0,153250.0,164697.0,212771.0,259417.0,364336.0,446641.0,582748.0,657603.0,739340.0,679935.0,667025.0,806906.0,1056563.0,1386776.0,1618431.0,1847936.0,2104409.0,0,0
root/EastAsia&Pacific/Fiji,root/EastAsia&Pacific,0,0,0,0,0,0,0,0,0,0,0,305.0,400.0,260.0,352.0,648.0,343.0,376.0,492.0,504.0,410.0,370.0,0,0,0,684.0,817.0,0,0,0,0,0,0,0,0,0,0,0,0,0,0,0,0,0,0,0,0,0,0,0,0,0,0,0,0,0,0
root/EastAsia&Pacific/HongKongSARChina,root/EastAsia&Pacific,0,0,0,0,0,0,0,0,0,0,0,0,0,0,0,2968.0,0,0,0,0,0,0,0,6374.0,6409.0,6966.0,7686.0,8510.0,8956.0,10255.0,10530.0,9900.0,16456.0,14284.0,15389.0,16463.0,16289.0,18295.0,17631.0,19885.0,28114.0,20945.0,20446.0,20369.0,19940.0,20877.0,22994.0,23529.0,24230.0,24754.0,28872.0,32542.0,35530.0,37092.0,40063.0,39179.0,36181.0
root/EastAsia&Pacific/Indonesia,root/EastAsia&Pacific,2774.0,4339.0,2507.0,3623.0,0,2448.0,2901.0,0,5734.0,4189.0,4896.0,5944.0,0,5919.0,4787.0,5509.0,5888.0,6142.0,6866.0,8057.0,7095.0,0,12429.0,12992.0,12893.0,12054.0,14388.0,19251.0,19791.0,18842.0,19138.0,15780.0,27488.0,0,25410.0,0,28189.0,0,0,0,0,38648.0,30004.0,36340.0,49311.0,40816.0,52649.0,43259.0,47606.0,42777.0,47794.0,53196.0,62455.0,60983.0,46452.0,47544.0,62939.0
root/EastAsia&Pacific/Japan,root/EastAsia&Pacific,39089.0,37458.0,43985.0,56776.0,59950.0,62123.0,75685.0,82348.0,94243.0,115811.0,139414.0,142518.0,183495.0,200133.0,167265.0,155469.0,124362.0,130218.0,121901.0,118235.0,127151.0,134251.0,139198.0,150318.0,161882.0,161546.0,168890.0,175861.0,172813.0,172780.0,171726.0,167906.0,211011.0,174585.0,172859.0,179689.0,188160.0,133116.0,112469.0,121861.0,146365.0,123149.0,117014.0,123347.0,129828.0,135164.0,134284.0,142496.0,117847.0,109614.0,113175.0,107017.0,119265.0,116139.0,124617.0,144857.0,162984.0
root/EastAsia&Pacific/Kiribati,root/EastAsia&Pacific,0,0,0,0,0,0,0,0,0,0,0,0,0,0,0,0,0,0,0,0,0,0,0,0,0,0,0,0,0,0,0,0,0,0,0,0,0,0,0,105.0,0,0,0,0,0,0,0,0,0,0,0,0,0,0,0,0,0
root/EastAsia&Pacific/KoreaDemPeople’sRep,root/EastAsia&Pacific,0,0,0,0,0,0,0,0,0,0,0,0,0,0,0,0,0,0,0,0,0,0,0,0,0,8536.0,7901.0,7900.0,5066.0,3961.0,13767.0,15834.0,16344.0,2060.0,2057.0,2341.0,2055.0,2223.0,2319.0,1972.0,2382.0,2190.0,1833.0,1595.0,1769.0,1802.0,1790.0,1656.0,1659.0,1149.0,1180.0,1127.0,1131.0,879.0,939.0,792.0,985.0
root/EastAsia&Pacific/KoreaRep,root/EastAsia&Pacific,1209.0,1665.0,1890.0,1295.0,1845.0,2053.0,2752.0,3228.0,6619.0,9111.0,5124.0,5816.0,6878.0,9562.0,9053.0,9476.0,11037.0,9415.0,12040.0,13789.0,13558.0,15755.0,19537.0,23982.0,24764.0,26069.0,28031.0,30762.0,34681.0,39832.0,46826.0,46612.0,45124.0,59593.0,72581.0,71852.0,85062.0,87065.0,57393.0,87332.0,110073.0,107137.0,107876.0,111114.0,113814.0,122133.0,129327.0,140272.0,135882.0,133116.0,128672.0,132506.0,141838.0,157139.0,160309.0,182998.0,181869.0
root/EastAsia&Pacific/LaoPDR,root/EastAsia&Pacific,0,0,0,0,281.0,257.0,0,0,0,282.0,584.0,446.0,471.0,319.0,266.0,74.0,0,0,0,0,0,0,0,0,0,0,0,0,0,0,0,4686.0,4690.0,4821.0,4835.0,884.0,766.0,1015.0,679.0,609.0,701.0,577.0,681.0,1024.0,0,0,0,0,0,0,0,0,0,0,0,0,708.0
root/EastAsia&Pacific/MacaoSARChina,root/EastAsia&Pacific,0,0,0,0,0,0,0,0,0,0,0,0,0,0,0,0,0,0,0,0,0,0,0,0,0,0,0,842.0,0,0,0,694.0,1005.0,827.0,1081.0,1087.0,1399.0,1554.0,1154.0,1119.0,2104.0,1696.0,1705.0,2040.0,2906.0,4651.0,5504.0,7200.0,7678.0,6130.0,6754.0,8590.0,9581.0,10084.0,12287.0,13140.0,11507.0
root/EastAsia&Pacific/Malaysia,root/EastAsia&Pacific,0,0,0,2068.0,1916.0,2026.0,2060.0,2125.0,0,2264.0,0,0,0,0,4033.0,0,0,3553.0,0,0,0,0,0,0,0,5689.0,5563.0,6227.0,7274.0,8047.0,8603.0,8323.0,9275.0,10265.0,12345.0,14103.0,15572.0,22129.0,14876.0,13713.0,18803.0,16603.0,16446.0,17766.0,20743.0,22147.0,24049.0,25894.0,26034.0,24070.0,26370.0,28833.0,31876.0,32225.0,34571.0,35923.0,39107.0
root/EastAsia&Pacific/Mongolia,root/EastAsia&Pacific,0,0,0,0,0,0,0,0,0,0,0,0,0,0,0,0,0,0,0,0,0,0,17.0,65.0,40.0,450.0,957.0,999.0,1069.0,1318.0,1461.0,1544.0,1335.0,1661.0,1641.0,1954.0,5366.0,6716.0,5703.0,2644.0,2955.0,3198.0,3473.0,2827.0,3104.0,3529.0,1993.0,1536.0,1564.0,1791.0,2201.0,1393.0,1675.0,1616.0,3351.0,3429.0,3206.0
root/EastAsia&Pacific/Myanmar,root/EastAsia&Pacific,0,0,0,0,0,0,0,0,0,0,0,0,0,0,0,0,0,0,0,0,0,0,0,0,0,0,0,0,0,0,0,0,0,0,0,0,0,0,0,0,0,0,0,0,0,0,0,0,0,0,5970.0,6385.0,8490.0,0,0,0,0
root/EastAsia&Pacific/NewZealand,root/EastAsia&Pacific,2441.0,2358.0,2304.0,2571.0,2625.0,2658.0,2858.0,2866.0,3058.0,3339.0,3449.0,3492.0,3511.0,4019.0,3779.0,3654.0,3750.0,3848.0,3905.0,4509.0,4671.0,4629.0,4800.0,5104.0,5855.0,6332.0,0,7080.0,12325.0,8329.0,10072.0,7907.0,8671.0,9162.0,11145.0,13007.0,13526.0,15727.0,16558.0,16576.0,24046.0,20614.0,20095.0,23219.0,16290.0,16833.0,18826.0,19610.0,17582.0,16190.0,17124.0,17748.0,18196.0,18906.0,20297.0,20724.0,22640.0
root/EastAsia&Pacific/PapuaNewGuinea,root/EastAsia&Pacific,0,0,0,0,0,0,0,0,0,0,0,0,0,0,0,0,0,0,0,0,0,0,0,0,0,280.0,243.0,286.0,320.0,342.0,253.0,335.0,367.0,438.0,524.0,710.0,723.0,0,0,0,935.0,536.0,460.0,399.0,467.0,517.0,660.0,612.0,0,0,0,0,999.0,969.0,913.0,971.0,861.0
root/EastAsia&Pacific/Philippines,root/EastAsia&Pacific,0,0,0,802.0,931.0,993.0,1663.0,2057.0,2176.0,1737.0,1734.0,1896.0,1800.0,2069.0,2463.0,2486.0,2974.0,3387.0,4212.0,4242.0,4829.0,4857.0,3767.0,3615.0,3123.0,3613.0,3685.0,3880.0,4066.0,4179.0,4340.0,4571.0,5548.0,6664.0,7183.0,7708.0,9283.0,10818.0,9401.0,10048.0,10623.0,9661.0,11021.0,11816.0,12142.0,12732.0,14495.0,15078.0,15847.0,15009.0,16839.0,18611.0,20816.0,23041.0,26017.0,26333.0,32776.0
root/EastAsia&Pacific/Samoa,root/EastAsia&Pacific,0,0,0,0,0,0,0,0,0,0,0,0,0,1052.0,547.0,116.0,68.0,72.0,98.0,113.0,55.0,66.0,0,0,85.0,90.0,0,0,0,0,0,99.0,0,105.0,0,144.0,179.0,0,0,183.0,0,0,0,124.0,133.0,0,248.0,159.0,0,0,0,0,228.0,0,139.0,201.0,127.0
root/EastAsia&Pacific/Singapore,root/EastAsia&Pacific,0,0,0,0,0,0,2461.0,2322.0,2288.0,2607.0,2764.0,2793.0,3042.0,0,0,0,0,3996.0,4547.0,5099.0,5573.0,5876.0,0,6658.0,6591.0,0,5980.0,0,0,8816.0,8791.0,11266.0,9999.0,10311.0,11349.0,12577.0,13899.0,15873.0,13021.0,15753.0,22616.0,16709.0,14841.0,16401.0,18929.0,20522.0,20875.0,22951.0,17069.0,14603.0,16929.0,18202.0,19265.0,20032.0,21295.0,21374.0,22740.0
root/EastAsia&Pacific/SolomonIslands,root/EastAsia&Pacific,0,0,0,0,0,0,0,0,0,0,0,0,0,0,0,0,0,0,0,0,0,0,0,24.0,37.0,39.0,59.0,12.0,51.0,38.0,0,0,0,0,0,0,0,0,0,0,0,0,0,0,0,0,0,0,0,0,0,0,0,0,0,0,0
root/EastAsia&Pacific/Thailand,root/EastAsia&Pacific,0,0,0,2479.0,2817.0,2786.0,2903.0,2868.0,3198.0,3353.0,3644.0,3885.0,4068.0,3916.0,3914.0,4386.0,4205.0,5065.0,5580.0,4588.0,5319.0,5849.0,6744.0,7996.0,8254.0,7878.0,9270.0,10610.0,12505.0,12713.0,12863.0,12338.0,13378.0,15463.0,15869.0,17459.0,19076.0,19909.0,18419.0,22439.0,27055.0,26119.0,30109.0,33049.0,36968.0,36423.0,33947.0,33555.0,35422.0,36087.0,37656.0,38950.0,44963.0,46097.0,45661.0,52344.0,51613.0
root/EastAsia&Pacific/Tonga,root/EastAsia&Pacific,0,0,0,0,0,0,0,0,0,0,0,0,0,0,0,0,0,0,0,0,31.0,17.0,38.0,0,39.0,0,0,0,0,45.0,47.0,56.0,0,45.0,73.0,45.0,0,0,0,0,0,0,106.0,0,0,0,0,0,0,0,0,0,0,0,0,0,0
root/EastAsia&Pacific/Tuvalu,root/EastAsia&Pacific,0,0,0,0,0,0,0,0,0,0,0,0,0,0,0,0,0,0,0,0,0,0,0,0,0,0,0,0,0,0,54.0,0,0,0,0,0,0,0,0,0,0,0,0,0,0,0,0,0,0,0,0,0,0,0,0,0,0
root/EastAsia&Pacific/Vietnam,root/EastAsia&Pacific,0,0,0,0,0,0,0,0,0,0,0,0,0,0,0,0,0,0,0,0,0,0,0,625.0,3359.0,3266.0,1531.0,1230.0,1710.0,2098.0,3191.0,4074.0,6335.0,8113.0,6276.0,8115.0,7906.0,7397.0,6124.0,6261.0,8098.0,8412.0,10641.0,14021.0,17140.0,20131.0,25801.0,30993.0,31737.0,32151.0,31814.0,32001.0,33763.0,35628.0,38316.0,42561.0,48915.0
root/Europe&CentralAsia,root,124187.0,128072.0,134522.0,137921.0,135315.0,161720.0,148602.0,149991.0,176976.0,154359.0,155207.0,139328.0,164478.0,172270.0,156070.0,154906.0,142912.0,147598.0,186756.0,191524.0,196136.0,181809.0,186750.0,180275.0,200754.0,289117.0,322281.0,368549.0,425353.0,458446.0,474837.0,450977.0,479988.0,575179.0,599871.0,642802.0,596213.0,640816.0,695017.0,731314.0,854448.0,758950.0,703070.0,706031.0,739516.0,758035.0,789010.0,828451.0,804882.0,702916.0,752052.0,786763.0,768853.0,779881.0,780670.0,785450.0,810930.0
root/Europe&CentralAsia/Albania,root/Europe&CentralAsia,0,0,0,0,0,0,0,0,0,0,0,0,0,0,0,0,0,0,0,0,0,0,0,0,0,0,0,0,0,0,0,0,0,0,34.0,1258.0,2094.0,2416.0,2364.0,2316.0,2534.0,2524.0,2224.0,2344.0,2710.0,3209.0,3460.0,3671.0,4024.0,3456.0,3365.0,3396.0,2183.0,2941.0,3012.0,3029.0,3271.0
root/Europe&CentralAsia/Andorra,root/Europe&CentralAsia,0,0,0,0,0,0,0,0,0,0,0,0,0,0,0,0,0,0,0,0,0,0,0,0,0,0,0,0,0,0,0,0,0,0,0,0,2449.0,7643.0,2404.0,1141.0,1620.0,1578.0,725.0,859.0,741.0,806.0,876.0,1071.0,1021.0,785.0,948.0,803.0,620.0,0,896.0,1053.0,991.0
root/Europe&CentralAsia/Armenia,root/Europe&CentralAsia,0,0,0,0,0,0,0,0,0,0,0,0,0,0,0,0,0,0,0,0,0,0,0,0,0,0,0,0,0,0,0,0,1.0,0,465.0,3399.0,3928.0,2494.0,3179.0,2983.0,2886.0,2843.0,2328.0,2841.0,4169.0,3566.0,3800.0,4422.0,4191.0,3951.0,4308.0,4378.0,4512.0,4536.0,4506.0,4360.0,4006.0
root/Europe&CentralAsia/Austria,root/Europe&CentralAsia,2596.0,2852.0,2849.0,2987.0,2904.0,2873.0,2940.0,2683.0,3088.0,3186.0,2912.0,2923.0,3051.0,3330.0,3116.0,3135.0,3612.0,3340.0,6057.0,6568.0,6590.0,5862.0,6864.0,5770.0,6366.0,14492.0,10769.0,12259.0,15174.0,16329.0,17154.0,15968.0,15796.0,16235.0,17664.0,19793.0,17198.0,17589.0,18322.0,18488.0,20665.0,19086.0,16962.0,17076.0,16617.0,15267.0,14619.0,14142.0,13335.0,11251.0,10162.0,9367.0,9481.0,8959.0,8718.0,8122.0,8179.0
root/Europe&CentralAsia/Azerbaijan,root/Europe&CentralAsia,0,0,0,0,0,0,0,0,0,0,0,0,0,0,0,0,0,0,0,0,0,0,0,0,0,0,0,0,0,0,0,0,1.0,0,0,1101.0,1992.0,1859.0,2127.0,1746.0,1930.0,4427.0,2378.0,2797.0,3496.0,4202.0,4762.0,4586.0,5839.0,4357.0,4412.0,5106.0,5223.0,5718.0,5301.0,4951.0,4692.0
root/Europe&CentralAsia/Belarus,root/Europe&CentralAsia,0,0,0,0,0,0,0,0,0,0,0,0,0,0,0,0,0,0,0,0,0,0,0,0,0,0,0,0,0,0,0,0,10.0,3238.0,5420.0,5117.0,5286.0,5844.0,5727.0,5076.0,5847.0,6311.0,6080.0,6916.0,7997.0,8175.0,9249.0,10742.0,10417.0,9310.0,10346.0,10379.0,11091.0,11060.0,8314.0,7411.0,7213.0
root/Europe&CentralAsia/Belgium,root/Europe&CentralAsia,3214.0,3498.0,4138.0,3166.0,3238.0,3489.0,3675.0,3320.0,3482.0,3284.0,6323.0,0,8091.0,7663.0,7385.0,7026.0,6357.0,7184.0,7279.0,7956.0,8048.0,8656.0,9289.0,10165.0,10732.0,18104.0,18994.0,33062.0,27845.0,30495.0,33102.0,28975.0,29705.0,30386.0,33775.0,37262.0,34981.0,34286.0,34497.0,36262.0,37104.0,33673.0,31505.0,32016.0,31124.0,37444.0,33313.0,30322.0,28538.0,25166.0,25671.0,25758.0,24459.0,23753.0,23127.0,24616.0,24326.0
root/Europe&CentralAsia/BosniaandHerzegovina,root/Europe&CentralAsia,0,0,0,0,0,0,0,0,0,0,0,0,0,0,0,0,0,0,0,0,0,0,0,0,0,0,0,0,0,0,0,0,0,0,1231.0,2242.0,2720.0,3017.0,3154.0,3554.0,4111.0,4039.0,2938.0,4091.0,4153.0,4360.0,4498.0,4852.0,4914.0,3378.0,4243.0,4071.0,3807.0,3932.0,3774.0,3737.0,3787.0
root/Europe&CentralAsia/Bulgaria,root/Europe&CentralAsia,250.0,318.0,195.0,227.0,304.0,393.0,502.0,617.0,790.0,717.0,576.0,511.0,470.0,580.0,624.0,601.0,581.0,500.0,480.0,584.0,495.0,564.0,544.0,518.0,512.0,1110.0,1824.0,2028.0,2369.0,2941.0,4830.0,5433.0,5667.0,5595.0,7320.0,7966.0,7285.0,7970.0,7407.0,8294.0,8982.0,8820.0,9293.0,11197.0,12510.0,13587.0,14906.0,11348.0,10282.0,7391.0,6921.0,6374.0,6123.0,5868.0,6178.0,5833.0,5951.0
root/Europe&CentralAsia/Croatia,root/Europe&CentralAsia,0,0,0,0,0,0,0,0,0,0,0,0,0,0,0,0,0,0,0,0,0,0,0,0,0,0,0,0,0,0,1.0,5.0,2991.0,5438.0,5197.0,5769.0,5475.0,6498.0,6249.0,6025.0,7031.0,6567.0,6062.0,6931.0,7522.0,7810.0,8434.0,8774.0,9312.0,7140.0,7524.0,7044.0,6843.0,5212.0,3531.0,2905.0,2950.0
root/Europe&CentralAsia/Cyprus,root/Europe&CentralAsia,0,0,0,620.0,463.0,627.0,610.0,769.0,605.0,835.0,707.0,762.0,742.0,798.0,653.0,580.0,796.0,881.0,904.0,893.0,894.0,1063.0,1097.0,1111.0,1381.0,1054.0,1082.0,0,0,0,1721.0,2103.0,2004.0,0,0,0,0,0,0,3161.0,3799.0,3119.0,2860.0,4814.0,3269.0,2733.0,3025.0,2740.0,2989.0,1907.0,2252.0,2088.0,2173.0,1847.0,1918.0,1567.0,2076.0
root/Europe&CentralAsia/CzechRepublic,root/Europe&CentralAsia,0,0,0,0,0,0,0,0,0,0,0,0,0,0,0,0,0,0,0,0,0,0,0,0,0,1.0,0,0,0,2.0,4.0,3.0,144.0,13292.0,15589.0,17214.0,16227.0,16645.0,16111.0,17210.0,19216.0,18219.0,17389.0,18227.0,16787.0,14996.0,14870.0,14144.0,12667.0,10445.0,10893.0,11034.0,11033.0,10895.0,10124.0,9977.0,9756.0
root/Europe&CentralAsia/Denmark,root/Europe&CentralAsia,4584.0,4196.0,4380.0,4611.0,4417.0,4797.0,4932.0,4802.0,4989.0,5344.0,5184.0,5209.0,5227.0,5916.0,5462.0,5638.0,5608.0,5385.0,5557.0,5383.0,5850.0,5631.0,5992.0,6507.0,7110.0,7472.0,8575.0,8795.0,9166.0,9684.0,10034.0,9226.0,9072.0,8339.0,9277.0,10077.0,8493.0,9473.0,10422.0,11011.0,12188.0,11097.0,10153.0,9762.0,10113.0,9548.0,8566.0,8116.0,7557.0,5751.0,5564.0,5349.0,4852.0,4716.0,4480.0,4437.0,4346.0
root/Europe&CentralAsia/Estonia,root/Europe&CentralAsia,0,0,0,0,0,0,0,0,0,0,0,0,0,0,0,0,0,0,0,0,0,0,0,0,0,0,0,0,0,0,0,0,1365.0,11932.0,2733.0,2830.0,2659.0,3101.0,3133.0,4549.0,5903.0,5780.0,5609.0,6365.0,5616.0,4462.0,4366.0,4656.0,4145.0,2840.0,2950.0,2780.0,2530.0,2728.0,2562.0,2365.0,2145.0
root/Europe&CentralAsia/Finland,root/Europe&CentralAsia,2432.0,2450.0,2582.0,2506.0,2683.0,2838.0,2849.0,3005.0,3009.0,3267.0,3225.0,3150.0,3219.0,3362.0,3053.0,3033.0,2829.0,3014.0,3056.0,3200.0,3615.0,3317.0,3577.0,3591.0,3901.0,4604.0,5209.0,5581.0,5829.0,7740.0,6666.0,6281.0,6168.0,5945.0,6602.0,7508.0,6638.0,7659.0,8534.0,8987.0,10278.0,9465.0,8433.0,7720.0,7893.0,6801.0,6911.0,6946.0,6848.0,5236.0,5282.0,5321.0,5204.0,5141.0,4451.0,4280.0,4819.0
root/Europe&CentralAsia/France,root/Europe&CentralAsia,19504.0,20768.0,21952.0,20375.0,21043.0,40121.0,21157.0,20564.0,46800.0,21631.0,21794.0,21392.0,24038.0,26251.0,23076.0,28082.0,35522.0,36598.0,50069.0,38892.0,44730.0,33175.0,33527.0,36486.0,39640.0,53703.0,62743.0,72700.0,88512.0,87622.0,91411.0,80847.0,70757.0,73358.0,76290.0,81694.0,61739.0,62524.0,94109.0,100352.0,112324.0,74652.0,70576.0,69689.0,74696.0,74489.0,76370.0,79827.0,79021.0,83901.0,93141.0,93041.0,89869.0,89414.0,90958.0,94912.0,91781.0
root/Europe&CentralAsia/Georgia,root/Europe&CentralAsia,0,0,0,0,0,0,0,0,0,0,0,0,0,0,0,0,0,0,0,0,0,0,0,0,0,0,0,0,0,0,0,0,1217.0,8058.0,1610.0,1037.0,1088.0,1200.0,1787.0,2340.0,3020.0,2954.0,2388.0,2652.0,3296.0,3490.0,3899.0,4563.0,4697.0,3786.0,3902.0,4419.0,4308.0,4610.0,4444.0,4477.0,4631.0
root/Europe&CentralAsia/Germany,root/Europe&CentralAsia,23161.0,22949.0,23342.0,24478.0,24694.0,24889.0,23389.0,23161.0,21962.0,20687.0,19881.0,18997.0,22482.0,20134.0,16572.0,17334.0,19124.0,18855.0,19243.0,29694.0,21425.0,20978.0,20931.0,22554.0,23618.0,31478.0,32393.0,34961.0,40519.0,42608.0,45144.0,43793.0,44352.0,48128.0,57306.0,59914.0,60966.0,66117.0,78298.0,85719.0,97892.0,77984.0,66642.0,70807.0,75598.0,79223.0,79744.0,83193.0,80841.0,74370.0,74229.0,68741.0,64592.0,64496.0,70880.0,72802.0,73398.0
root/Europe&CentralAsia/Greece,root/Europe&CentralAsia,2531.0,2731.0,2799.0,3235.0,3254.0,3714.0,3964.0,4153.0,4759.0,5428.0,5803.0,5442.0,5507.0,5183.0,4501.0,4552.0,4538.0,5013.0,4778.0,5263.0,5084.0,5297.0,5425.0,5227.0,5844.0,5055.0,0,6126.0,0,0,0,0,0,8835.0,10398.0,11095.0,7850.0,8561.0,8602.0,8714.0,11126.0,11768.0,10829.0,11642.0,4922.0,10524.0,3493.0,10508.0,10107.0,2001.0,6241.0,6133.0,5591.0,6566.0,6781.0,6761.0,6677.0
root/Europe&CentralAsia/Hungary,root/Europe&CentralAsia,363.0,396.0,346.0,342.0,601.0,658.0,679.0,946.0,763.0,457.0,621.0,506.0,455.0,515.0,506.0,397.0,613.0,477.0,412.0,430.0,341.0,411.0,550.0,590.0,549.0,2654.0,3053.0,3155.0,3817.0,5064.0,8819.0,9385.0,9732.0,9784.0,10227.0,13542.0,10522.0,11969.0,12754.0,13436.0,15769.0,14737.0,13402.0,13564.0,11416.0,8971.0,8577.0,8192.0,7491.0,6210.0,6093.0,6146.0,4756.0,5667.0,5362.0,4856.0,5492.0
root/Europe&CentralAsia/Iceland,root/Europe&CentralAsia,0,0,0,0,307.0,0,401.0,368.0,371.0,395.0,556.0,439.0,418.0,478.0,438.0,437.0,382.0,495.0,512.0,446.0,479.0,449.0,542.0,521.0,563.0,636.0,699.0,742.0,991.0,1039.0,1073.0,1228.0,1260.0,1147.0,1392.0,1567.0,1621.0,2193.0,4713.0,6039.0,7284.0,3513.0,3259.0,3220.0,3598.0,3808.0,4184.0,4342.0,4001.0,3247.0,3285.0,3419.0,3374.0,3242.0,3629.0,3386.0,3656.0
root/Europe&CentralAsia/Ireland,root/Europe&CentralAsia,1314.0,1461.0,1633.0,1751.0,1759.0,1948.0,1984.0,2038.0,2163.0,2235.0,2273.0,2346.0,2963.0,3533.0,3681.0,3554.0,3189.0,3319.0,3182.0,3574.0,3823.0,3716.0,3728.0,3530.0,3900.0,4349.0,4143.0,4587.0,5804.0,6873.0,7516.0,6484.0,6686.0,5848.0,6662.0,7301.0,6530.0,4709.0,4910.0,4518.0,4781.0,4192.0,5674.0,5937.0,6303.0,5401.0,5394.0,5365.0,4812.0,3758.0,3567.0,3439.0,3440.0,3381.0,3497.0,3575.0,3570.0
root/Europe&CentralAsia/Italy,root/Europe&CentralAsia,8331.0,8803.0,9150.0,9119.0,9108.0,9416.0,10036.0,10799.0,11955.0,12350.0,11923.0,11192.0,12846.0,11421.0,10800.0,12025.0,0,0,13523.0,13534.0,15535.0,16225.0,15782.0,17157.0,18804.0,24744.0,27251.0,31241.0,39479.0,39691.0,36633.0,34154.0,33159.0,31789.0,34072.0,37518.0,33674.0,34554.0,35835.0,37373.0,45474.0,42130.0,39885.0,40624.0,44210.0,43410.0,44162.0,45962.0,42872.0,40409.0,41833.0,42360.0,39568.0,40622.0,40195.0,39769.0,41849.0
root/Europe&CentralAsia/Kazakhstan,root/Europe&CentralAsia,0,0,0,0,0,0,0,0,0,0,0,0,0,0,0,0,0,0,0,0,0,0,0,0,0,0,0,0,0,0,0,1.0,7.0,6629.0,3924.0,3509.0,3550.0,4205.0,4468.0,3588.0,4766.0,4778.0,4622.0,6035.0,6554.0,2544.0,2914.0,3608.0,7597.0,6615.0,6837.0,8616.0,9442.0,9847.0,9526.0,8842.0,9224.0
root/Europe&CentralAsia/KyrgyzRepublic,root/Europe&CentralAsia,0,0,0,0,0,0,0,0,0,0,0,0,0,0,0,0,0,0,0,0,0,0,0,0,0,0,0,0,0,0,0,0,2.0,60.0,1916.0,2252.0,2333.0,2618.0,2713.0,2145.0,2334.0,2190.0,1817.0,1958.0,2449.0,2651.0,2915.0,3416.0,3443.0,2151.0,2225.0,3140.0,3288.0,3294.0,2979.0,3108.0,2828.0
root/Europe&CentralAsia/Latvia,root/Europe&CentralAsia,0,0,0,0,0,0,0,0,0,0,0,0,0,0,0,0,0,0,0,0,0,0,0,0,0,0,0,0,0,0,0,0,5623.0,9194.0,2862.0,4059.0,4694.0,5643.0,6482.0,5368.0,6548.0,6428.0,6321.0,7142.0,6085.0,4953.0,4910.0,4899.0,4616.0,3173.0,3414.0,3386.0,3286.0,3155.0,2934.0,2988.0,2631.0
root/Europe&CentralAsia/Liechtenstein,root/Europe&CentralAsia,0,0,0,225.0,204.0,208.0,206.0,237.0,283.0,204.0,260.0,248.0,238.0,198.0,197.0,206.0,194.0,179.0,172.0,143.0,160.0,0,157.0,149.0,170.0,2678.0,2975.0,3281.0,4097.0,4314.0,4752.0,4495.0,4742.0,4622.0,4565.0,5108.0,4107.0,4090.0,4219.0,4797.0,5215.0,4950.0,3767.0,3376.0,3638.0,3741.0,3551.0,4001.0,4198.0,2626.0,2513.0,2430.0,2299.0,2587.0,2660.0,2678.0,2678.0
root/Europe&CentralAsia/Lithuania,root/Europe&CentralAsia,0,0,0,0,0,0,0,0,0,0,0,0,0,0,0,0,0,0,0,0,0,0,0,0,0,0,0,0,0,0,0,200.0,2578.0,11445.0,3359.0,3531.0,3158.0,4222.0,6192.0,5807.0,6818.0,6504.0,6496.0,7550.0,6798.0,5391.0,5586.0,5952.0,5758.0,3992.0,4180.0,4108.0,4029.0,4046.0,3942.0,3627.0,3797.0
root/Europe&CentralAsia/Luxembourg,root/Europe&CentralAsia,778.0,851.0,1146.0,1131.0,792.0,1210.0,1179.0,1202.0,1342.0,860.0,1368.0,0,0,0,0,0,0,0,0,0,0,0,0,0,0,0,0,0,0,0,0,0,0,0,0,0,0,0,0,0,0,0,0,0,0,0,0,0,0,0,0,0,0,0,0,0,0
root/Europe&CentralAsia/MacedoniaFYR,root/Europe&CentralAsia,0,0,0,0,0,0,0,0,0,0,0,0,0,0,0,0,0,0,0,0,0,0,0,0,0,0,0,0,0,0,0,1.0,5.0,1248.0,3742.0,4257.0,3727.0,3725.0,3729.0,3549.0,4584.0,3983.0,3711.0,4086.0,4560.0,4757.0,5019.0,5531.0,6241.0,4501.0,4598.0,4335.0,4210.0,4062.0,2714.0,2657.0,2682.0
root/Europe&CentralAsia/Moldova,root/Europe&CentralAsia,0,0,0,0,0,0,0,0,0,0,0,0,0,0,0,0,0,0,0,0,0,0,0,0,0,0,0,0,0,0,0,0,0,617.0,4937.0,2807.0,3132.0,3611.0,3467.0,2990.0,3565.0,3647.0,3920.0,4496.0,5227.0,5522.0,5500.0,6115.0,5956.0,4427.0,5109.0,5147.0,5149.0,5202.0,4919.0,4489.0,4291.0
root/Europe&CentralAsia/Monaco,root/Europe&CentralAsia,183.0,0,170.0,126.0,162.0,485.0,367.0,257.0,245.0,282.0,342.0,342.0,300.0,428.0,207.0,202.0,217.0,249.0,254.0,249.0,208.0,240.0,347.0,250.0,270.0,2984.0,3349.0,4210.0,5020.0,5057.0,5181.0,4793.0,4539.0,4429.0,4656.0,4558.0,4367.0,4715.0,4684.0,4639.0,5521.0,4688.0,3827.0,3696.0,3916.0,3944.0,4215.0,4193.0,4102.0,3029.0,2458.0,3022.0,3046.0,2954.0,2848.0,2757.0,2959.0
root/Europe&CentralAsia/Montenegro,root/Europe&CentralAsia,0,0,0,0,0,0,0,0,0,0,0,0,0,0,0,0,0,0,0,0,0,0,0,0,0,0,0,0,0,0,0,0,0,0,0,0,0,0,0,0,0,0,2.0,0,4.0,10.0,2313.0,4055.0,5538.0,3203.0,3572.0,3656.0,3363.0,3319.0,3249.0,3077.0,3051.0
root/Europe&CentralAsia/Netherlands,root/Europe&CentralAsia,5054.0,5305.0,5730.0,5811.0,5627.0,5770.0,5745.0,5275.0,5421.0,5682.0,6055.0,0,0,0,0,0,0,0,0,0,0,0,0,0,0,0,0,0,0,0,0,0,0,0,0,0,0,0,0,0,0,0,0,0,0,0,0,0,0,0,1.0,0,0,0,0,0,0
root/Europe&CentralAsia/Norway,root/Europe&CentralAsia,3204.0,3276.0,3098.0,3027.0,3199.0,3359.0,3661.0,3407.0,3568.0,3684.0,3782.0,3631.0,3925.0,3903.0,3583.0,3454.0,3441.0,3666.0,3661.0,3659.0,3749.0,3634.0,3958.0,4309.0,4606.0,4993.0,5255.0,5537.0,5986.0,6380.0,6827.0,6514.0,6527.0,6461.0,7455.0,8183.0,9058.0,10570.0,11783.0,13125.0,16286.0,13994.0,12065.0,11985.0,13004.0,13618.0,14087.0,15363.0,15014.0,12814.0,13385.0,14085.0,14059.0,14644.0,14934.0,15030.0,16092.0
root/Europe&CentralAsia/Poland,root/Europe&CentralAsia,0,655.0,602.0,600.0,638.0,723.0,937.0,943.0,1095.0,895.0,1011.0,793.0,927.0,1148.0,1227.0,1052.0,1018.0,1019.0,939.0,797.0,741.0,697.0,634.0,736.0,855.0,910.0,865.0,1019.0,1637.0,2050.0,6108.0,12162.0,18082.0,16121.0,20332.0,19898.0,20275.0,21380.0,22766.0,24207.0,27860.0,24724.0,23144.0,24133.0,22184.0,20373.0,20504.0,19818.0,20127.0,17286.0,17986.0,17933.0,16842.0,17095.0,16422.0,15464.0,16984.0
root/Europe&CentralAsia/Portugal,root/Europe&CentralAsia,2590.0,2468.0,2668.0,2593.0,3240.0,2325.0,2915.0,2287.0,2446.0,3418.0,3668.0,3709.0,4250.0,3693.0,2672.0,2732.0,2756.0,888.0,3298.0,3688.0,4308.0,4590.0,3995.0,3729.0,4057.0,8495.0,10629.0,11047.0,15606.0,17920.0,19110.0,18819.0,18979.0,18388.0,19256.0,18223.0,13938.0,14825.0,12253.0,15288.0,18571.0,16306.0,14334.0,14785.0,15071.0,14382.0,17104.0,20005.0,19852.0,18717.0,19452.0,18349.0,16661.0,16981.0,19668.0,18506.0,18686.0
root/Europe&CentralAsia/Romania,root/Europe&CentralAsia,0,0,0,0,0,0,0,0,1600.0,952.0,582.0,466.0,525.0,499.0,507.0,555.0,375.0,495.0,705.0,823.0,555.0,327.0,372.0,420.0,386.0,2134.0,2324.0,2512.0,2933.0,3327.0,5181.0,6169.0,5710.0,5625.0,7455.0,8331.0,8398.0,10218.0,10287.0,8603.0,11238.0,11916.0,12168.0,13780.0,17871.0,20072.0,21299.0,16302.0,14967.0,12465.0,11811.0,11229.0,10335.0,11468.0,10489.0,10039.0,10304.0
root/Europe&CentralAsia/RussianFederation,root/Europe&CentralAsia,0,0,0,0,0,0,0,0,0,0,0,0,0,0,0,0,0,0,0,0,0,0,0,0,0,0,0,0,0,0,0,0,19850.0,25592.0,22871.0,20578.0,23527.0,26826.0,27674.0,28339.0,42840.0,52287.0,43115.0,34886.0,41345.0,45945.0,50926.0,56187.0,55632.0,47539.0,56070.0,58334.0,62206.0,63016.0,60545.0,58625.0,65822.0
root/Europe&CentralAsia/SanMarino,root/Europe&CentralAsia,0,0,0,0,0,0,0,0,0,0,0,0,0,0,0,0,0,0,0,0,0,0,0,0,0,1423.0,1612.0,1704.0,2095.0,2389.0,2455.0,2430.0,2490.0,2359.0,2132.0,2176.0,2167.0,2173.0,2148.0,2177.0,2640.0,2148.0,1876.0,1833.0,1648.0,1465.0,1563.0,1727.0,1825.0,1266.0,1310.0,1278.0,1119.0,1124.0,1142.0,1261.0,1336.0
root/Europe&CentralAsia/Serbia,root/Europe&CentralAsia,0,0,0,0,0,0,0,0,0,0,0,0,0,0,0,0,0,0,0,0,0,0,0,0,0,0,0,0,0,0,0,0,0,0,0,0,0,0,0,0,0,0,2.0,1.0,5.0,15.0,5922.0,9583.0,8675.0,6461.0,6595.0,6390.0,6073.0,6446.0,6089.0,6025.0,6107.0
root/Europe&CentralAsia/SlovakRepublic,root/Europe&CentralAsia,0,0,0,0,0,0,0,0,0,0,0,0,0,0,0,0,0,0,0,0,0,0,0,0,0,1.0,0,0,0,1.0,2.0,1.0,134.0,7732.0,8703.0,9317.0,8764.0,9856.0,9538.0,9417.0,11156.0,10488.0,9673.0,10326.0,9405.0,7939.0,7423.0,7362.0,6977.0,4982.0,4868.0,4850.0,4606.0,4803.0,4613.0,4538.0,4402.0
root/Europe&CentralAsia/Slovenia,root/Europe&CentralAsia,0,0,0,0,0,0,0,0,0,0,0,0,0,0,0,0,0,0,0,0,0,0,0,0,0,0,0,0,0,0,1.0,5.0,1618.0,5066.0,5914.0,6087.0,6224.0,7099.0,7098.0,6988.0,8345.0,7782.0,7275.0,7870.0,6928.0,5439.0,5205.0,5056.0,4795.0,3629.0,3779.0,3437.0,1620.0,1484.0,1442.0,1179.0,1118.0
root/Europe&CentralAsia/Spain,root/Europe&CentralAsia,17263.0,20194.0,20835.0,23579.0,24687.0,29165.0,27934.0,30326.0,26098.0,27993.0,26968.0,29494.0,35453.0,39715.0,38016.0,31472.0,28333.0,30807.0,30354.0,32175.0,33730.0,30945.0,31839.0,20711.0,24891.0,44731.0,50708.0,60053.0,76276.0,88115.0,80992.0,78012.0,72226.0,70022.0,70873.0,77139.0,71827.0,78265.0,80909.0,85324.0,98981.0,88695.0,78362.0,62632.0,63292.0,63371.0,64902.0,63717.0,55111.0,46309.0,46874.0,47337.0,47050.0,49692.0,52764.0,53113.0,54731.0
root/Europe&CentralAsia/Sweden,root/Europe&CentralAsia,4624.0,4792.0,4677.0,4846.0,4965.0,5575.0,5546.0,5506.0,5601.0,5904.0,5803.0,5439.0,5815.0,6332.0,5997.0,5883.0,5969.0,6315.0,6650.0,6803.0,6926.0,7067.0,7926.0,8816.0,9562.0,9643.0,10121.0,10466.0,11363.0,12225.0,11920.0,11159.0,11438.0,12393.0,13528.0,15012.0,13425.0,14468.0,14815.0,15146.0,16424.0,14360.0,13762.0,13070.0,13904.0,13688.0,13585.0,14564.0,14491.0,12335.0,12419.0,11802.0,11127.0,10360.0,9859.0,10135.0,10498.0
root/Europe&CentralAsia/Switzerland,root/Europe&CentralAsia,5543.0,5658.0,6390.0,6390.0,0,0,5518.0,5643.0,5761.0,5578.0,5096.0,4554.0,4833.0,4687.0,4448.0,4216.0,0,0,4350.0,4590.0,4619.0,4771.0,4945.0,5328.0,5365.0,11539.0,12186.0,13525.0,15931.0,17108.0,17225.0,15892.0,16130.0,20504.0,19820.0,24767.0,20391.0,21135.0,21738.0,22882.0,28654.0,24217.0,21680.0,22175.0,25260.0,26210.0,27365.0,30550.0,30769.0,27952.0,27853.0,28283.0,28506.0,28868.0,29027.0,29983.0,30385.0
root/Europe&CentralAsia/Tajikistan,root/Europe&CentralAsia,0,0,0,0,0,0,0,0,0,0,0,0,0,0,0,0,0,0,0,0,0,0,0,0,0,0,0,0,0,0,0,0,2.0,0,3301.0,2837.0,2228.0,2492.0,2509.0,2021.0,2193.0,2022.0,1670.0,1744.0,2000.0,1998.0,2285.0,2865.0,2634.0,2135.0,2035.0,2726.0,2709.0,2679.0,2027.0,2531.0,2265.0
root/Europe&CentralAsia/Turkey,root/Europe&CentralAsia,1340.0,454.0,1630.0,1152.0,1638.0,2142.0,2608.0,2188.0,1960.0,1952.0,1983.0,2048.0,0,3809.0,1736.0,2081.0,1851.0,2683.0,3171.0,2852.0,4129.0,3313.0,4098.0,0,4876.0,5807.0,6369.0,6559.0,6898.0,9420.0,11343.0,11450.0,12022.0,14850.0,14402.0,16194.0,20662.0,21101.0,19793.0,24848.0,29477.0,27918.0,35616.0,38029.0,47535.0,59521.0,65703.0,70788.0,73139.0,70335.0,84609.0,116631.0,110602.0,107215.0,111231.0,109571.0,108313.0
root/Europe&CentralAsia/Turkmenistan,root/Europe&CentralAsia,0,0,0,0,0,0,0,0,0,0,0,0,0,0,0,0,0,0,0,0,0,0,0,0,0,0,0,0,0,0,0,0,0,0,0,0,1176.0,952.0,815.0,826.0,1725.0,1907.0,1766.0,1893.0,2213.0,2266.0,2540.0,2519.0,2277.0,1877.0,1879.0,2100.0,2327.0,2250.0,2018.0,2067.0,1889.0
root/Europe&CentralAsia/Ukraine,root/Europe&CentralAsia,0,0,0,0,0,0,0,0,0,0,0,0,0,0,0,0,0,0,0,0,0,0,0,0,0,0,0,0,0,0,0,5.0,1223.0,5793.0,6783.0,7457.0,7048.0,8816.0,9990.0,9023.0,11167.0,13688.0,16349.0,19599.0,20667.0,23553.0,28592.0,32654.0,31774.0,25109.0,28307.0,29353.0,31259.0,33357.0,26380.0,31000.0,36068.0
root/Europe&CentralAsia/UnitedKingdom,root/Europe&CentralAsia,15328.0,13997.0,14210.0,15024.0,15388.0,14995.0,14868.0,15495.0,16820.0,17139.0,16511.0,15735.0,18703.0,18694.0,17613.0,16659.0,15607.0,16236.0,18150.0,19328.0,20102.0,20881.0,20631.0,22100.0,22796.0,24323.0,39153.0,33399.0,38006.0,40052.0,39632.0,34983.0,35968.0,34764.0,41044.0,36743.0,33046.0,35944.0,36748.0,37940.0,42550.0,36691.0,35306.0,34194.0,36192.0,35500.0,38056.0,40044.0,35091.0,33846.0,36255.0,39113.0,42912.0,50004.0,54794.0,57885.0,67035.0
root/Europe&CentralAsia/Uzbekistan,root/Europe&CentralAsia,0,0,0,0,0,0,0,0,0,0,0,0,0,0,0,0,0,0,0,0,0,0,0,0,0,0,0,0,0,0,0,1.0,6.0,3918.0,2777.0,4575.0,3576.0,3546.0,3561.0,2983.0,3226.0,3161.0,2830.0,2666.0,3005.0,2885.0,3548.0,5093.0,4362.0,4096.0,4526.0,4747.0,5096.0,4625.0,4817.0,5094.0,5192.0
root/LatinAmerica&Caribbean,root,5850.0,6240.0,5509.0,51822.0,109071.0,53220.0,73835.0,108323.0,94795.0,80035.0,112869.0,72123.0,75093.0,88525.0,90051.0,84108.0,79483.0,111179.0,129037.0,144785.0,151236.0,116938.0,107816.0,115127.0,141203.0,107706.0,230074.0,236645.0,194813.0,226263.0,250325.0,237662.0,243490.0,274493.0,275026.0,297307.0,307768.0,339528.0,322532.0,340171.0,421661.0,357580.0,341483.0,375621.0,382291.0,417176.0,423396.0,446670.0,472985.0,444422.0,505798.0,497855.0,476258.0,499492.0,509299.0,523376.0,544332.0
root/LatinAmerica&Caribbean/AntiguaandBarbuda,root/LatinAmerica&Caribbean,0,0,0,0,0,0,0,0,0,0,0,0,0,0,0,0,0,0,0,0,0,0,0,0,0,0,0,0,0,0,0,0,0,0,0,0,0,0,0,0,622.0,763.0,665.0,694.0,917.0,850.0,865.0,908.0,821.0,585.0,643.0,624.0,638.0,571.0,834.0,904.0,860.0
root/LatinAmerica&Caribbean/Argentina,root/LatinAmerica&Caribbean,0,0,0,24240.0,27206.0,28225.0,0,31279.0,32223.0,40730.0,34384.0,20008.0,21400.0,22135.0,24015.0,27667.0,28020.0,29890.0,25464.0,26911.0,25316.0,29742.0,24616.0,28363.0,55090.0,0,58650.0,53717.0,45257.0,41605.0,67053.0,44357.0,37345.0,37687.0,49867.0,60884.0,47972.0,60194.0,72008.0,64719.0,61847.0,40583.0,42812.0,81216.0,76431.0,79018.0,77711.0,71559.0,89629.0,83683.0,88428.0,77494.0,60170.0,55295.0,58486.0,66278.0,71058.0
root/LatinAmerica&Caribbean/Aruba,root/LatinAmerica&Caribbean,0,0,0,0,0,0,0,0,0,0,0,0,0,0,0,0,0,0,0,0,0,0,0,0,0,0,0,0,0,1895.0,0,0,751.0,0,0,0,0,0,0,0,0,0,580.0,0,0,0,0,0,0,0,0,0,0,0,0,0,0
root/LatinAmerica&Caribbean/BahamasThe,root/LatinAmerica&Caribbean,0,0,0,0,0,0,0,0,0,0,400.0,496.0,364.0,380.0,306.0,302.0,253.0,330.0,401.0,359.0,436.0,326.0,349.0,0,339.0,366.0,413.0,0,470.0,0,588.0,661.0,593.0,0,0,0,0,0,0,0,0,0,0,0,0,0,0,0,0,0,0,0,1196.0,1003.0,1127.0,1164.0,1406.0
root/LatinAmerica&Caribbean/Barbados,root/LatinAmerica&Caribbean,0,0,0,0,0,0,0,0,0,0,0,0,0,328.0,0,0,0,301.0,0,307.0,347.0,340.0,0,0,322.0,384.0,0,0,0,0,0,0,0,0,0,0,0,0,0,1250.0,0,1152.0,1215.0,1103.0,1272.0,1088.0,1305.0,1390.0,1376.0,976.0,1196.0,1371.0,1398.0,1182.0,1583.0,1337.0,1094.0
root/LatinAmerica&Caribbean/Belize,root/LatinAmerica&Caribbean,0,0,0,0,0,0,0,0,0,0,0,0,0,0,0,0,0,0,0,0,0,0,0,0,0,0,0,0,37.0,48.0,0,0,0,0,0,0,0,0,0,0,0,285.0,1048.0,647.0,813.0,764.0,748.0,766.0,805.0,0,0,979.0,992.0,1029.0,1017.0,1033.0,857.0
root/LatinAmerica&Caribbean/Bolivia,root/LatinAmerica&Caribbean,0,0,0,0,0,0,0,0,1548.0,1600.0,1640.0,1261.0,868.0,1197.0,1327.0,1419.0,1710.0,1854.0,1571.0,1620.0,2094.0,1752.0,1323.0,854.0,821.0,822.0,1095.0,1488.0,1414.0,1505.0,1365.0,2380.0,3203.0,2807.0,3491.0,4188.0,4684.0,5554.0,5149.0,4719.0,5371.0,4464.0,4053.0,4272.0,4240.0,5007.0,5365.0,6081.0,6001.0,5221.0,5993.0,7211.0,6966.0,8286.0,8032.0,0,7923.0
root/LatinAmerica&Caribbean/Brazil,root/LatinAmerica&Caribbean,0,0,0,0,57733.0,0,38871.0,49429.0,35594.0,0,32344.0,22791.0,24201.0,26227.0,24571.0,29395.0,0,37916.0,41984.0,33027.0,46711.0,32625.0,32011.0,27933.0,31578.0,52945.0,76875.0,104604.0,81229.0,69080.0,63880.0,56759.0,47691.0,62493.0,57341.0,76816.0,69391.0,77710.0,78095.0,93278.0,108229.0,101615.0,94311.0,95580.0,94040.0,99318.0,95842.0,104219.0,121912.0,112811.0,127692.0,152699.0,151711.0,163422.0,157016.0,158709.0,166368.0
root/LatinAmerica&Caribbean/Chile,root/LatinAmerica&Caribbean,0,0,0,8590.0,0,8963.0,10406.0,8450.0,0,7984.0,7852.0,7902.0,5295.0,4096.0,4838.0,4925.0,9765.0,10132.0,13251.0,17271.0,21509.0,0,0,12314.0,11826.0,0,23705.0,0,0,16861.0,16804.0,19964.0,23883.0,27110.0,25864.0,27231.0,27977.0,30614.0,27825.0,27893.0,34388.0,30381.0,29122.0,29034.0,29744.0,33757.0,31577.0,32081.0,33026.0,39935.0,45104.0,35733.0,33831.0,33564.0,31869.0,31857.0,33642.0
root/LatinAmerica&Caribbean/Colombia,root/LatinAmerica&Caribbean,0,0,0,2201.0,2413.0,2109.0,2132.0,2517.0,2833.0,2888.0,2912.0,2380.0,2385.0,2288.0,2629.0,3160.0,3656.0,0,4493.0,5464.0,5914.0,5335.0,0,0,5072.0,7320.0,3845.0,8401.0,9606.0,11800.0,11427.0,11865.0,11045.0,13100.0,13984.0,13054.0,13674.0,14614.0,13345.0,12757.0,16610.0,14904.0,15296.0,16365.0,16930.0,19937.0,21670.0,23994.0,23464.0,21099.0,25990.0,29084.0,32030.0,25924.0,25688.0,27989.0,27560.0
root/LatinAmerica&Caribbean/CostaRica,root/LatinAmerica&Caribbean,0,0,0,0,0,0,0,0,0,0,2223.0,2065.0,1980.0,2135.0,1810.0,1643.0,0,1691.0,1808.0,1891.0,1645.0,1751.0,1719.0,1716.0,0,0,1263.0,1418.0,1490.0,2084.0,4341.0,4624.0,5048.0,7622.0,8488.0,8845.0,9491.0,9406.0,9716.0,10664.0,9999.0,9564.0,9341.0,9134.0,9450.0,9939.0,12018.0,11754.0,0,0,11265.0,14124.0,11963.0,0,12361.0,13600.0,14173.0
root/LatinAmerica&Caribbean/Cuba,root/LatinAmerica&Caribbean,0,0,0,564.0,617.0,305.0,363.0,474.0,263.0,252.0,331.0,349.0,240.0,228.0,285.0,363.0,588.0,384.0,406.0,568.0,571.0,264.0,423.0,413.0,463.0,468.0,0,369.0,590.0,773.0,1745.0,2081.0,2172.0,2492.0,2863.0,4112.0,3816.0,1868.0,1923.0,4064.0,3895.0,2926.0,2514.0,2279.0,2392.0,2386.0,2337.0,2222.0,2254.0,1849.0,1201.0,1874.0,2603.0,2027.0,2240.0,4018.0,4061.0
root/LatinAmerica&Caribbean/Curacao,root/LatinAmerica&Caribbean,0,0,0,0,0,0,0,0,0,0,0,0,0,0,0,0,0,0,0,0,0,0,0,0,0,0,0,0,0,0,0,0,0,0,0,0,0,0,0,0,0,0,0,0,0,0,0,0,0,0,737.0,1141.0,1096.0,988.0,1253.0,1173.0,1167.0
root/LatinAmerica&Caribbean/Dominica,root/LatinAmerica&Caribbean,0,0,0,0,0,0,0,0,0,0,0,0,0,0,0,0,0,0,0,0,0,0,0,0,0,0,77.0,100.0,76.0,62.0,69.0,85.0,80.0,103.0,226.0,180.0,193.0,220.0,242.0,163.0,156.0,77.0,149.0,213.0,171.0,205.0,220.0,204.0,0,0,0,0,0,0,0,0,0
root/LatinAmerica&Caribbean/DominicanRepublic,root/LatinAmerica&Caribbean,0,376.0,0,752.0,795.0,626.0,810.0,0,0,0,1051.0,1014.0,0,0,0,0,1093.0,1496.0,1168.0,0,0,0,0,1512.0,0,0,0,0,0,0,2240.0,2569.0,3655.0,4651.0,6194.0,5850.0,6249.0,7837.0,7305.0,8688.0,8343.0,8757.0,7643.0,5312.0,6290.0,6012.0,6247.0,6870.0,6983.0,6826.0,6453.0,0,0,9413.0,9738.0,10049.0,10594.0
root/LatinAmerica&Caribbean/Ecuador,root/LatinAmerica&Caribbean,0,0,0,0,0,0,0,0,1178.0,1302.0,1350.0,1181.0,0,1340.0,1517.0,1644.0,1533.0,1884.0,1940.0,2056.0,2404.0,2438.0,0,0,0,0,2888.0,1862.0,3452.0,1749.0,5962.0,4311.0,4703.0,6573.0,14199.0,11420.0,10584.0,9688.0,10998.0,10054.0,10037.0,10093.0,10028.0,10433.0,12108.0,13817.0,13421.0,12605.0,15524.0,14517.0,16195.0,0,0,20110.0,25389.0,17523.0,15890.0
root/LatinAmerica&Caribbean/ElSalvador,root/LatinAmerica&Caribbean,0,0,0,0,0,0,0,0,0,0,0,0,0,0,0,0,1338.0,1295.0,1573.0,1413.0,1315.0,1261.0,1385.0,1660.0,1463.0,0,0,0,0,1409.0,2973.0,3400.0,3749.0,4142.0,4405.0,3777.0,0,5388.0,0,0,0,0,0,0,0,0,0,0,0,0,0,0,7496.0,7524.0,7036.0,11449.0,10620.0
root/LatinAmerica&Caribbean/Grenada,root/LatinAmerica&Caribbean,0,0,0,0,0,0,0,0,0,0,0,0,0,0,0,0,0,0,0,0,52.0,0,0,0,34.0,0,0,0,0,0,0,0,0,0,0,0,0,0,0,0,0,0,0,0,0,0,0,0,0,0,0,0,175.0,457.0,361.0,297.0,273.0
root/LatinAmerica&Caribbean/Guatemala,root/LatinAmerica&Caribbean,0,0,0,1007.0,1400.0,0,1350.0,1577.0,1493.0,1737.0,2110.0,1879.0,2001.0,1710.0,1702.0,1530.0,2068.0,0,0,0,0,0,3856.0,0,0,0,4678.0,5701.0,7027.0,9502.0,4438.0,5429.0,5964.0,6018.0,8800.0,7873.0,8206.0,10588.0,9988.0,8953.0,9821.0,8088.0,7808.0,7138.0,5832.0,9743.0,10879.0,11003.0,9008.0,7816.0,9175.0,0,0,0,0,0,0
root/LatinAmerica&Caribbean/Guyana,root/LatinAmerica&Caribbean,0,0,0,0,0,0,0,0,0,0,0,0,0,0,0,0,0,0,0,0,0,0,238.0,164.0,184.0,176.0,0,184.0,163.0,207.0,142.0,0,0,0,0,0,0,0,0,0,0,0,0,0,0,0,0,0,0,0,0,0,673.0,788.0,748.0,653.0,699.0
root/LatinAmerica&Caribbean/Haiti,root/LatinAmerica&Caribbean,0,0,0,523.0,35.0,0,0,0,0,0,0,0,0,0,0,0,679.0,801.0,772.0,0,614.0,744.0,1004.0,735.0,607.0,0,587.0,640.0,0,0,0,739.0,0,0,0,1549.0,1623.0,0,0,1456.0,0,1648.0,1458.0,1213.0,1082.0,1341.0,1398.0,1368.0,1513.0,1581.0,1774.0,1896.0,1769.0,1736.0,1649.0,0,0
root/LatinAmerica&Caribbean/Honduras,root/LatinAmerica&Caribbean,0,0,0,0,0,0,0,0,0,0,0,1070.0,1019.0,931.0,1093.0,820.0,0,351.0,1677.0,1301.0,1703.0,977.0,1662.0,855.0,2291.0,1430.0,2656.0,2878.0,3211.0,1851.0,2032.0,2752.0,3880.0,4824.0,4174.0,4916.0,5292.0,5323.0,5297.0,5297.0,5920.0,5266.0,5381.0,5770.0,5857.0,6719.0,7005.0,7405.0,7032.0,5629.0,6089.0,7397.0,6938.0,7608.0,6907.0,7754.0,7548.0
root/LatinAmerica&Caribbean/Jamaica,root/LatinAmerica&Caribbean,0,0,0,0,0,0,0,0,0,0,0,0,0,736.0,832.0,607.0,630.0,661.0,586.0,571.0,0,0,872.0,671.0,636.0,718.0,637.0,820.0,762.0,946.0,693.0,1014.0,863.0,1044.0,1256.0,1502.0,1537.0,1883.0,2005.0,1694.0,1775.0,1979.0,1517.0,1369.0,1468.0,1655.0,1804.0,1711.0,1804.0,1818.0,2134.0,2373.0,2258.0,2147.0,2298.0,2867.0,2491.0
root/LatinAmerica&Caribbean/Mexico,root/LatinAmerica&Caribbean,5493.0,5463.0,5509.0,6152.0,6794.0,7495.0,8275.0,8788.0,10242.0,10358.0,9865.0,0,0,9894.0,9516.0,0,6469.0,0,11063.0,25614.0,19341.0,16943.0,15364.0,16014.0,7270.0,15200.0,15013.0,16803.0,19042.0,23830.0,25442.0,26279.0,27572.0,28920.0,33803.0,30201.0,32336.0,35426.0,40042.0,46146.0,59721.0,61488.0,56237.0,53724.0,58553.0,63899.0,69781.0,83217.0,84287.0,81937.0,94457.0,100281.0,105828.0,104362.0,109932.0,120442.0,128902.0
root/LatinAmerica&Caribbean/Nicaragua,root/LatinAmerica&Caribbean,0,0,0,796.0,0,0,0,0,0,0,1666.0,0,0,0,2318.0,0,1388.0,1752.0,1498.0,0,0,0,0,619.0,846.0,666.0,672.0,573.0,605.0,568.0,1099.0,2383.0,2856.0,2895.0,3391.0,3581.0,4332.0,4835.0,4695.0,4892.0,5394.0,4618.0,4221.0,4484.0,5068.0,5804.0,5800.0,5975.0,0,0,0,0,0,7946.0,0,0,0
root/LatinAmerica&Caribbean/Panama,root/LatinAmerica&Caribbean,0,0,0,0,0,0,0,0,0,0,0,1229.0,0,1071.0,980.0,0,0,1019.0,1185.0,0,1677.0,1575.0,2350.0,2245.0,2116.0,2414.0,2494.0,2790.0,2395.0,2961.0,3576.0,4036.0,4707.0,4619.0,4637.0,4921.0,7851.0,6795.0,6181.0,6400.0,7587.0,6695.0,5926.0,7675.0,7353.0,8107.0,10062.0,9609.0,10716.0,8553.0,9629.0,11372.0,11846.0,9157.0,8879.0,9105.0,8862.0
root/LatinAmerica&Caribbean/Paraguay,root/LatinAmerica&Caribbean,0,0,0,0,0,0,0,0,0,0,0,0,0,0,0,0,0,0,0,0,0,2703.0,3876.0,3421.0,2365.0,2854.0,0,0,5406.0,7903.0,0,0,9846.0,9419.0,0,0,0,0,0,0,13953.0,12301.0,11696.0,12620.0,13907.0,15664.0,14860.0,16719.0,20032.0,18435.0,22102.0,0,0,0,0,0,0
root/LatinAmerica&Caribbean/Peru,root/LatinAmerica&Caribbean,0,0,0,3435.0,3786.0,0,0,0,0,0,0,0,2642.0,2890.0,0,2122.0,7198.0,7180.0,6111.0,8891.0,8639.0,0,0,0,0,0,8522.0,10606.0,8525.0,5832.0,7245.0,7531.0,6585.0,15046.0,12377.0,15108.0,16998.0,16893.0,15212.0,14569.0,15955.0,13903.0,14085.0,13888.0,14976.0,18821.0,19596.0,21645.0,24825.0,20945.0,23120.0,24711.0,25295.0,25258.0,25258.0,26354.0,25577.0
root/LatinAmerica&Caribbean/SintMaartenDutchpart,root/LatinAmerica&Caribbean,0,0,0,0,0,0,0,0,0,0,0,0,0,0,0,0,0,0,0,0,0,0,0,0,0,0,0,0,0,0,0,0,0,0,0,0,0,0,0,0,0,0,0,0,0,0,0,0,0,0,108.0,922.0,815.0,821.0,853.0,644.0,672.0
root/LatinAmerica&Caribbean/StLucia,root/LatinAmerica&Caribbean,0,0,0,0,0,0,0,0,0,0,0,0,0,0,0,0,0,0,0,0,126.0,153.0,0,159.0,90.0,0,0,0,0,0,190.0,264.0,224.0,0,287.0,298.0,393.0,0,0,0,517.0,592.0,0,0,0,0,0,0,0,0,0,0,404.0,390.0,433.0,0,0
root/LatinAmerica&Caribbean/StVincentandtheGrenadines,root/LatinAmerica&Caribbean,0,0,0,0,0,0,0,0,0,0,0,0,0,0,0,0,0,0,0,0,0,0,0,0,0,0,0,0,0,0,0,0,0,0,0,0,124.0,0,0,0,0,0,0,0,0,0,0,0,0,0,0,0,0,320.0,273.0,244.0,0
root/LatinAmerica&Caribbean/Suriname,root/LatinAmerica&Caribbean,0,0,0,0,0,0,0,0,0,0,0,0,0,0,0,0,343.0,281.0,236.0,271.0,0,357.0,331.0,0,0,0,0,0,0,0,0,0,0,0,0,0,1531.0,0,0,0,0,534.0,448.0,423.0,489.0,561.0,669.0,570.0,472.0,603.0,583.0,680.0,780.0,701.0,725.0,686.0,636.0
root/LatinAmerica&Caribbean/TrinidadandTobago,root/LatinAmerica&Caribbean,357.0,401.0,0,467.0,514.0,500.0,514.0,652.0,614.0,561.0,732.0,671.0,582.0,536.0,567.0,376.0,509.0,612.0,662.0,681.0,713.0,0,704.0,0,0,0,0,0,0,0,0,0,0,957.0,1107.0,1525.0,1395.0,1699.0,1214.0,1196.0,2120.0,0,1657.0,0,0,0,0,0,0,0,0,0,1544.0,1442.0,1478.0,1676.0,1399.0
root/LatinAmerica&Caribbean/Uruguay,root/LatinAmerica&Caribbean,0,0,0,0,2940.0,0,5773.0,0,3304.0,6258.0,4627.0,0,2381.0,1661.0,4473.0,0,2871.0,2584.0,2854.0,7946.0,0,5796.0,4752.0,3575.0,4765.0,5443.0,7736.0,4341.0,4056.0,4327.0,5251.0,7809.0,10185.0,9136.0,9307.0,9476.0,9811.0,11192.0,11292.0,11319.0,15698.0,14904.0,12272.0,11035.0,12908.0,12764.0,12216.0,12795.0,11501.0,9603.0,5730.0,6302.0,5843.0,6021.0,5836.0,5571.0,0
root/LatinAmerica&Caribbean/VenezuelaRB,root/LatinAmerica&Caribbean,0,0,0,3095.0,4838.0,4997.0,5341.0,5157.0,5503.0,6365.0,9382.0,7827.0,9735.0,8742.0,7272.0,8135.0,9372.0,8765.0,8334.0,8623.0,10109.0,11856.0,10981.0,11904.0,13025.0,16500.0,18268.0,19350.0,0,19465.0,21770.0,26370.0,26890.0,22835.0,8965.0,0,22308.0,21801.0,0,0,23703.0,0,0,0,0,0,0,0,0,0,0,19587.0,0,0,0,0,0
root/MiddleEast&NorthAfrica,root,7706.0,7712.0,8076.0,10511.0,9165.0,11099.0,25959.0,12207.0,12847.0,14150.0,13026.0,14015.0,15444.0,14578.0,13605.0,12668.0,14212.0,13009.0,15179.0,13769.0,14204.0,16818.0,13597.0,9790.0,10070.0,17876.0,20229.0,18228.0,17343.0,23008.0,22851.0,25120.0,25768.0,36876.0,40427.0,40632.0,43542.0,38947.0,45184.0,45032.0,71664.0,63668.0,62523.0,61527.0,82208.0,95827.0,111886.0,123259.0,119768.0,99870.0,105598.0,121495.0,121951.0,133462.0,177570.0,203017.0,164003.0
root/MiddleEast&NorthAfrica/Algeria,root/MiddleEast&NorthAfrica,0,0,0,0,0,0,15215.0,1481.0,1120.0,1162.0,1162.0,963.0,1620.0,753.0,919.0,1256.0,2628.0,1310.0,891.0,908.0,961.0,753.0,1294.0,893.0,852.0,3170.0,4211.0,3393.0,3504.0,3805.0,3723.0,3719.0,3954.0,3627.0,3366.0,3843.0,4214.0,3779.0,3958.0,4032.0,4476.0,4464.0,4257.0,4162.0,4555.0,5261.0,5700.0,2022.0,5670.0,5345.0,5258.0,5758.0,5856.0,3434.0,9817.0,7716.0,7128.0
root/MiddleEast&NorthAfrica/Bahrain,root/MiddleEast&NorthAfrica,0,0,0,0,0,0,0,0,0,0,205.0,0,0,0,142.0,0,0,0,493.0,915.0,790.0,779.0,807.0,696.0,812.0,866.0,809.0,0,0,0,929.0,854.0,1319.0,1404.0,1560.0,1641.0,2103.0,2046.0,2253.0,2180.0,2998.0,2342.0,2378.0,2558.0,2793.0,3358.0,4956.0,5869.0,5452.0,8360.0,1660.0,6738.0,6590.0,7507.0,7226.0,7640.0,7903.0
root/MiddleEast&NorthAfrica/Djibouti,root/MiddleEast&NorthAfrica,0,0,0,0,0,0,0,0,0,0,0,0,0,0,0,0,0,0,0,0,0,0,0,0,0,0,0,0,0,0,0,0,0,0,0,0,0,0,0,0,0,0,0,0,0,0,0,0,0,0,0,0,0,230.0,0,0,0
root/MiddleEast&NorthAfrica/EgyptArabRep,root/MiddleEast&NorthAfrica,1694.0,1102.0,917.0,0,701.0,774.0,741.0,847.0,788.0,1050.0,864.0,786.0,921.0,743.0,1018.0,1047.0,1350.0,1319.0,1391.0,1530.0,1546.0,1655.0,1773.0,1502.0,1722.0,2129.0,2236.0,2280.0,2570.0,2704.0,2709.0,2592.0,2524.0,2483.0,2419.0,2611.0,2559.0,2821.0,2841.0,2679.0,11370.0,11450.0,10443.0,9269.0,9716.0,12573.0,16283.0,18815.0,16808.0,17206.0,21860.0,17710.0,18047.0,17429.0,19260.0,20145.0,22106.0
root/MiddleEast&NorthAfrica/IranIslamicRep,root/MiddleEast&NorthAfrica,1915.0,1854.0,2134.0,1995.0,1877.0,2293.0,2522.0,2349.0,2550.0,2767.0,2622.0,2534.0,2743.0,2761.0,2762.0,3018.0,3665.0,2952.0,3302.0,1701.0,1686.0,2510.0,2676.0,2612.0,1933.0,2036.0,1914.0,1904.0,1757.0,2082.0,2593.0,3043.0,3883.0,5370.0,6765.0,6750.0,5732.0,6940.0,6278.0,9494.0,10220.0,11082.0,13023.0,8762.0,20650.0,24080.0,27809.0,32938.0,34650.0,27299.0,29518.0,31165.0,28856.0,38967.0,55401.0,62945.0,57030.0
root/MiddleEast&NorthAfrica/Iraq,root/MiddleEast&NorthAfrica,0,0,0,1057.0,849.0,783.0,0,810.0,766.0,688.0,669.0,1493.0,630.0,778.0,714.0,742.0,621.0,624.0,767.0,899.0,792.0,573.0,588.0,491.0,994.0,934.0,988.0,0,0,0,0,0,0,0,0,0,0,0,0,0,0,0,0,0,0,0,0,0,0,0,0,0,0,0,0,0,0
root/MiddleEast&NorthAfrica/Israel,root/MiddleEast&NorthAfrica,1986.0,2252.0,2332.0,2414.0,2452.0,2878.0,2712.0,2618.0,3040.0,3470.0,3374.0,3538.0,3824.0,3860.0,3086.0,2952.0,3602.0,3620.0,3662.0,4316.0,4260.0,4190.0,3882.0,2069.0,2022.0,2052.0,2397.0,2844.0,2758.0,3286.0,3229.0,3311.0,3413.0,3908.0,5758.0,6241.0,6902.0,7384.0,8014.0,8759.0,11730.0,8936.0,7669.0,7323.0,7968.0,8975.0,10253.0,10578.0,10742.0,8306.0,8778.0,8270.0,8346.0,8625.0,8955.0,9223.0,9089.0
root/MiddleEast&NorthAfrica/Jordan,root/MiddleEast&NorthAfrica,0,0,0,530.0,0,668.0,535.0,621.0,489.0,332.0,0,306.0,714.0,521.0,555.0,1090.0,535.0,811.0,1260.0,628.0,707.0,691.0,612.0,0,0,0,0,0,0,1197.0,0,0,0,0,0,0,0,0,0,0,6573.0,4975.0,4632.0,5076.0,6257.0,6716.0,8013.0,9145.0,0,0,5971.0,6812.0,6751.0,6510.0,6958.0,7485.0,7346.0
root/MiddleEast&NorthAfrica/Kuwait,root/MiddleEast&NorthAfrica,0,0,0,571.0,485.0,0,0,0,0,0,0,409.0,521.0,811.0,445.0,0,0,0,0,0,0,0,0,0,0,0,0,0,0,0,0,0,0,1546.0,0,0,0,0,0,0,0,0,0,0,0,0,0,0,0,0,0,0,0,0,0,13051.0,0
root/MiddleEast&NorthAfrica/Lebanon,root/MiddleEast&NorthAfrica,1059.0,1035.0,1145.0,1296.0,1312.0,1463.0,1532.0,1447.0,1409.0,1895.0,1442.0,1602.0,1695.0,1656.0,1636.0,0,0,0,0,0,0,0,0,0,0,0,0,0,0,0,0,0,0,0,0,0,0,0,0,0,0,0,0,0,0,0,0,0,0,0,0,0,0,805.0,881.0,1112.0,0
root/MiddleEast&NorthAfrica/Libya,root/MiddleEast&NorthAfrica,0,0,0,364.0,350.0,374.0,692.0,0,1072.0,644.0,463.0,321.0,611.0,498.0,435.0,0,0,0,507.0,255.0,0,0,0,0,0,0,0,0,0,0,0,0,0,0,0,0,0,0,0,0,0,0,0,0,0,0,0,0,0,0,0,0,0,0,0,0,0
root/MiddleEast&NorthAfrica/Malta,root/MiddleEast&NorthAfrica,0,0,0,346.0,266.0,326.0,410.0,467.0,0,456.0,389.0,422.0,304.0,400.0,312.0,330.0,455.0,423.0,394.0,434.0,431.0,449.0,464.0,522.0,503.0,0,623.0,541.0,589.0,585.0,683.0,948.0,880.0,829.0,984.0,1232.0,1416.0,1436.0,1605.0,1478.0,1633.0,2916.0,2233.0,3665.0,1579.0,1674.0,1313.0,1210.0,1236.0,911.0,865.0,822.0,787.0,948.0,762.0,704.0,602.0
root/MiddleEast&NorthAfrica/Morocco,root/MiddleEast&NorthAfrica,735.0,536.0,483.0,549.0,585.0,554.0,671.0,604.0,666.0,725.0,813.0,639.0,616.0,667.0,583.0,756.0,730.0,851.0,932.0,798.0,1030.0,0,0,0,0,3481.0,3642.0,4362.0,4830.0,4907.0,5043.0,4955.0,5198.0,7069.0,7548.0,7513.0,9290.0,3033.0,6588.0,3007.0,7316.0,3104.0,2631.0,2816.0,8713.0,9816.0,9341.0,10192.0,9900.0,10152.0,10536.0,10461.0,10740.0,10871.0,11242.0,11135.0,12771.0
root/MiddleEast&NorthAfrica/Oman,root/MiddleEast&NorthAfrica,0,0,0,0,0,0,0,0,0,0,0,0,0,0,0,0,0,0,0,0,0,0,0,0,0,0,0,0,0,0,0,1295.0,1457.0,1429.0,1638.0,0,0,0,0,0,0,0,0,0,0,0,0,236.0,1576.0,1540.0,1532.0,1689.0,1748.0,1813.0,2017.0,2061.0,2165.0
root/MiddleEast&NorthAfrica/Qatar,root/MiddleEast&NorthAfrica,0,0,0,0,0,0,0,0,0,0,0,0,0,0,0,0,0,0,0,0,0,3489.0,739.0,646.0,752.0,542.0,484.0,606.0,707.0,721.0,0,0,0,0,0,0,0,0,0,0,0,0,0,0,0,0,0,0,0,0,0,7043.0,6773.0,7979.0,7608.0,0,0
root/MiddleEast&NorthAfrica/SaudiArabia,root/MiddleEast&NorthAfrica,0,0,0,0,0,0,0,0,0,0,0,0,0,0,0,0,0,0,0,0,0,0,0,0,0,0,0,0,0,2339.0,0,0,0,0,0,0,0,0,0,0,0,0,0,0,0,0,0,0,0,0,0,0,0,0,15657.0,18254.0,0
root/MiddleEast&NorthAfrica/SyrianArabRepublic,root/MiddleEast&NorthAfrica,0,933.0,1065.0,1053.0,0,682.0,609.0,641.0,703.0,961.0,703.0,634.0,765.0,796.0,674.0,820.0,0,0,940.0,625.0,1200.0,709.0,762.0,0,0,0,0,0,0,0,2509.0,2838.0,3140.0,3071.0,3524.0,2931.0,2918.0,3740.0,4161.0,3956.0,4341.0,3794.0,4745.0,5548.0,5752.0,6658.0,7241.0,7478.0,5458.0,3724.0,1958.0,1829.0,1598.0,1226.0,1239.0,11392.0,8755.0
root/MiddleEast&NorthAfrica/Tunisia,root/MiddleEast&NorthAfrica,317.0,0,0,336.0,288.0,304.0,320.0,322.0,244.0,0,320.0,368.0,480.0,334.0,324.0,657.0,485.0,954.0,640.0,760.0,801.0,928.0,0,359.0,480.0,2666.0,2925.0,2298.0,628.0,1382.0,1433.0,1565.0,0,1966.0,2093.0,2526.0,2884.0,2718.0,2873.0,3122.0,3384.0,3293.0,3186.0,3158.0,3743.0,3864.0,4897.0,4706.0,4476.0,0,0,3906.0,4110.0,4574.0,5631.0,5447.0,5928.0
root/MiddleEast&NorthAfrica/UnitedArabEmirates,root/MiddleEast&NorthAfrica,0,0,0,0,0,0,0,0,0,0,0,0,0,0,0,0,0,0,0,0,0,0,0,0,0,0,0,0,0,0,0,0,0,4174.0,4772.0,5344.0,5524.0,5050.0,4602.0,4764.0,5680.0,5555.0,5392.0,7102.0,8101.0,10262.0,12476.0,15695.0,19282.0,13297.0,13497.0,16059.0,16798.0,18747.0,20321.0,21415.0,18777.0
root/MiddleEast&NorthAfrica/YemenRep,root/MiddleEast&NorthAfrica,0,0,0,0,0,0,0,0,0,0,0,0,0,0,0,0,141.0,145.0,0,0,0,92.0,0,0,0,0,0,0,0,0,0,0,0,0,0,0,0,0,2011.0,1561.0,1943.0,1757.0,1934.0,2088.0,2381.0,2590.0,3604.0,4375.0,4518.0,3730.0,4165.0,3233.0,4951.0,3797.0,4595.0,3292.0,4403.0
root/NorthAmerica,root,28708.0,30063.0,31525.0,30846.0,32662.0,33755.0,35639.0,36006.0,37973.0,41785.0,44039.0,43026.0,45521.0,45862.0,44695.0,46054.0,51009.0,56664.0,59638.0,60593.0,62056.0,69371.0,80147.0,73001.0,82644.0,86572.0,90503.0,90559.0,103179.0,120685.0,153027.0,146832.0,151712.0,175356.0,188785.0,217554.0,245851.0,267366.0,282001.0,301126.0,338716.0,255403.0,249370.0,260451.0,290254.0,305509.0,321141.0,351259.0,338345.0,306899.0,326681.0,353681.0,363434.0,373157.0,393601.0,427425.0,447875.0
root/NorthAmerica/Canada,root/NorthAmerica,5927.0,6281.0,6395.0,6455.0,7088.0,7355.0,7950.0,7988.0,8595.0,9351.0,10713.0,10232.0,10551.0,11442.0,11384.0,11481.0,13201.0,14001.0,15003.0,14422.0,15219.0,16862.0,16402.0,17456.0,20044.0,21472.0,21250.0,19267.0,24834.0,26284.0,25681.0,23513.0,23875.0,24937.0,27730.0,28704.0,33341.0,32756.0,35390.0,40365.0,46252.0,39092.0,36732.0,38712.0,39888.0,41832.0,45031.0,47758.0,45619.0,40956.0,45220.0,48472.0,50110.0,49819.0,51028.0,52461.0,54665.0
root/NorthAmerica/UnitedStates,root/NorthAmerica,22781.0,23782.0,25130.0,24391.0,25574.0,26400.0,27689.0,28018.0,29378.0,32434.0,33326.0,32794.0,34970.0,34420.0,33311.0,34573.0,37808.0,42663.0,44635.0,46171.0,46837.0,52509.0,63745.0,55545.0,62600.0,65100.0,69253.0,71292.0,78345.0,94401.0,127346.0,123319.0,127837.0,150419.0,161055.0,188850.0,212510.0,234610.0,246611.0,260761.0,292464.0,216311.0,212638.0,221739.0,250366.0,263677.0,276110.0,303501.0,292726.0,265943.0,281461.0,305209.0,313324.0,323338.0,342573.0,374964.0,393210.0
root/SouthAsia,root,1037.0,1092.0,1095.0,10033.0,9804.0,9898.0,10191.0,10046.0,10961.0,11565.0,10581.0,11147.0,9820.0,11037.0,16288.0,11725.0,14044.0,13764.0,16481.0,17386.0,5558.0,20076.0,20653.0,22078.0,23591.0,19856.0,24672.0,24928.0,26317.0,25981.0,28481.0,31415.0,33507.0,38844.0,49462.0,57314.0,57719.0,60947.0,69230.0,85333.0,106018.0,109393.0,114053.0,114639.0,107077.0,114161.0,133263.0,154836.0,161567.0,172407.0,206909.0,240659.0,235805.0,249350.0,265893.0,330026.0,361382.0
root/SouthAsia/Bangladesh,root/SouthAsia,0,0,0,0,0,0,0,0,0,0,0,0,0,0,5415.0,0,785.0,817.0,890.0,817.0,1193.0,1141.0,1406.0,1858.0,1863.0,2045.0,1784.0,1749.0,2049.0,2309.0,2474.0,2434.0,3102.0,3274.0,3605.0,3766.0,4444.0,5066.0,5243.0,5435.0,6170.0,5369.0,5411.0,6004.0,6357.0,7425.0,6940.0,8913.0,9862.0,9306.0,10231.0,11645.0,11429.0,11581.0,11541.0,12809.0,12375.0
root/SouthAsia/Bhutan,root/SouthAsia,0,0,0,0,0,0,0,0,0,0,0,0,0,0,0,0,0,0,0,0,0,0,0,0,0,0,0,0,0,0,0,0,0,0,0,0,0,1143.0,408.0,223.0,440.0,660.0,598.0,617.0,1003.0,967.0,861.0,920.0,754.0,497.0,508.0,749.0,783.0,753.0,593.0,653.0,673.0
root/SouthAsia/India,root/SouthAsia,0,0,0,6707.0,6594.0,6654.0,6767.0,6611.0,7466.0,7847.0,7400.0,8423.0,7593.0,8141.0,8595.0,9423.0,10466.0,10401.0,12201.0,12668.0,0,14397.0,14691.0,15870.0,16306.0,15914.0,17810.0,18227.0,19582.0,18846.0,20681.0,21994.0,22982.0,27485.0,37097.0,42723.0,43234.0,43302.0,51704.0,65730.0,84275.0,90236.0,94120.0,92251.0,78996.0,85669.0,103421.0,123514.0,130172.0,141943.0,189926.0,198547.0,190851.0,202818.0,223754.0,274817.0,296302.0
root/SouthAsia/Maldives,root/SouthAsia,0,0,0,0,0,0,0,0,0,0,0,0,0,0,0,0,0,0,0,0,0,0,0,0,0,0,0,0,0,0,0,0,0,0,0,0,0,0,0,0,0,0,13.0,18.0,12.0,55.0,65.0,155.0,0,0,0,0,0,0,0,0,0
root/SouthAsia/Nepal,root/SouthAsia,0,0,0,0,96.0,0,0,0,0,0,0,0,0,330.0,0,0,207.0,214.0,242.0,375.0,466.0,352.0,487.0,0,457.0,0,0,0,0,0,0,0,0,0,0,1167.0,0,0,1159.0,1163.0,1175.0,1361.0,1651.0,1516.0,1174.0,1004.0,723.0,1132.0,0,0,0,3583.0,3961.0,4551.0,4738.0,4276.0,5078.0
root/SouthAsia/Pakistan,root/SouthAsia,0,0,0,2272.0,2031.0,2060.0,2285.0,2257.0,2345.0,2213.0,2167.0,1918.0,1596.0,1814.0,1561.0,1683.0,1793.0,1504.0,2105.0,2138.0,2367.0,2676.0,2687.0,2947.0,3445.0,0,2899.0,2992.0,2702.0,3080.0,3173.0,4686.0,4690.0,4821.0,4835.0,5425.0,5614.0,6510.0,6337.0,7762.0,8320.0,7244.0,6902.0,8471.0,13592.0,12554.0,14040.0,13985.0,14872.0,15734.0,0,18478.0,19665.0,20822.0,25267.0,28056.0,36126.0
root/SouthAsia/SriLanka,root/SouthAsia,1037.0,1092.0,1095.0,1054.0,1083.0,1184.0,1139.0,1178.0,1150.0,1505.0,1014.0,806.0,631.0,752.0,717.0,619.0,793.0,828.0,1043.0,1388.0,1532.0,1510.0,1382.0,1403.0,1520.0,1897.0,2179.0,1960.0,1984.0,1746.0,2153.0,2301.0,2733.0,3264.0,3925.0,4233.0,4427.0,4926.0,4379.0,5020.0,5638.0,4523.0,5358.0,5762.0,5943.0,6487.0,7213.0,6217.0,5907.0,4927.0,6244.0,7657.0,9116.0,8825.0,0,9415.0,10828.0
root/Sub-SaharanAfrica,root,6480.0,6349.0,6543.0,8717.0,10976.0,10821.0,11946.0,7156.0,12238.0,11885.0,12724.0,13388.0,12214.0,12661.0,14386.0,12360.0,12435.0,10363.0,12727.0,12541.0,15826.0,15614.0,16114.0,12230.0,14724.0,7425.0,13443.0,14920.0,15885.0,16220.0,20265.0,19143.0,18709.0,21691.0,22075.0,25839.0,27984.0,27012.0,34705.0,40726.0,40952.0,36084.0,34372.0,36494.0,39852.0,45085.0,50663.0,56336.0,52123.0,47142.0,56706.0,82087.0,88358.0,90017.0,71507.0,76254.0,72143.0
root/Sub-SaharanAfrica/Angola,root/Sub-SaharanAfrica,0,0,0,0,0,0,0,0,0,0,0,0,0,0,0,0,0,0,0,0,0,0,0,0,0,0,0,0,0,0,0,0,1976.0,0,0,0,0,0,0,0,0,0,0,0,0,0,0,0,0,0,0,0,0,0,0,0,0
root/Sub-SaharanAfrica/Botswana,root/Sub-SaharanAfrica,0,0,0,0,0,0,0,0,0,0,0,0,0,301.0,0,0,0,0,0,0,573.0,262.0,570.0,0,0,0,0,0,0,0,0,0,0,0,0,0,0,0,0,0,0,0,0,0,0,0,28.0,665.0,732.0,550.0,600.0,1612.0,1890.0,1721.0,1824.0,1959.0,1948.0
root/Sub-SaharanAfrica/BurkinaFaso,root/Sub-SaharanAfrica,0,0,0,0,0,0,0,0,0,0,0,0,0,0,0,0,0,0,0,0,0,0,0,0,0,0,0,0,0,0,0,0,0,0,0,0,0,0,5.0,1.0,5.0,15.0,0,35.0,42.0,30.0,0,0,0,0,34.0,0,0,0,0,0,0
root/Sub-SaharanAfrica/Burundi,root/Sub-SaharanAfrica,0,0,0,0,22.0,264.0,94.0,71.0,106.0,145.0,104.0,90.0,88.0,94.0,80.0,66.0,73.0,67.0,156.0,89.0,110.0,75.0,97.0,86.0,107.0,0,38.0,0,0,65.0,101.0,90.0,77.0,138.0,100.0,117.0,78.0,0,0,0,0,0,152.0,0,0,0,0,0,0,0,0,0,0,0,0,0,0
root/Sub-SaharanAfrica/CaboVerde,root/Sub-SaharanAfrica,0,0,0,0,0,0,0,0,0,0,0,0,0,0,0,0,0,0,0,0,0,0,0,0,0,0,0,0,0,0,0,0,1.0,0,0,0,0,0,0,0,0,0,0,0,0,0,0,0,0,0,0,0,0,0,0,0,0
root/Sub-SaharanAfrica/Comoros,root/Sub-SaharanAfrica,0,0,0,0,0,0,0,0,0,0,0,0,0,0,0,0,0,0,0,0,0,0,0,0,0,0,0,0,0,0,0,0,0,0,0,0,0,0,0,0,0,0,0,0,0,0,0,0,0,0,0,0,1.0,0,0,0,0
root/Sub-SaharanAfrica/CongoDemRep,root/Sub-SaharanAfrica,0,0,0,0,0,0,0,0,0,0,505.0,421.0,420.0,384.0,366.0,334.0,284.0,225.0,210.0,309.0,274.0,258.0,350.0,424.0,631.0,0,424.0,0,340.0,0,0,0,0,0,524.0,478.0,709.0,0,0,0,0,0,0,0,0,0,0,0,0,0,0,0,0,0,0,0,0
root/Sub-SaharanAfrica/EquatorialGuinea,root/Sub-SaharanAfrica,0,0,0,0,0,0,0,0,0,0,0,0,0,0,0,0,0,0,0,0,0,0,0,0,0,0,0,0,0,0,0,0,0,0,0,0,0,0,0,0,0,0,0,0,0,0,0,0,0,0,9.0,0,0,0,0,0,0
root/Sub-SaharanAfrica/Ethiopia,root/Sub-SaharanAfrica,0,0,0,0,0,0,0,0,0,0,0,0,0,0,0,0,0,0,0,0,0,195.0,0,0,77.0,249.0,117.0,0,316.0,506.0,466.0,452.0,0,473.0,417.0,342.0,0,0,692.0,679.0,659.0,588.0,753.0,520.0,510.0,574.0,546.0,719.0,0,0,0,0,0,0,0,0,0
root/Sub-SaharanAfrica/GambiaThe,root/Sub-SaharanAfrica,0,0,0,0,0,0,0,0,0,0,0,133.0,145.0,0,104.0,0,0,0,0,0,0,121.0,98.0,0,116.0,207.0,0,0,92.0,0,0,0,0,0,0,0,0,0,272.0,309.0,415.0,419.0,412.0,298.0,550.0,421.0,319.0,327.0,517.0,375.0,516.0,407.0,441.0,406.0,562.0,527.0,487.0
root/Sub-SaharanAfrica/Ghana,root/Sub-SaharanAfrica,0,0,0,790.0,870.0,652.0,639.0,647.0,790.0,774.0,786.0,725.0,562.0,579.0,544.0,409.0,496.0,467.0,445.0,390.0,408.0,455.0,254.0,0,0,312.0,0,284.0,0,254.0,289.0,424.0,457.0,505.0,529.0,0,0,0,0,0,0,0,0,0,0,0,0,0,116.0,594.0,751.0,813.0,3546.0,3832.0,4213.0,3464.0,3596.0
root/Sub-SaharanAfrica/Guinea,root/Sub-SaharanAfrica,0,0,0,0,0,0,0,0,0,0,0,0,0,0,0,0,0,0,0,0,0,0,0,0,0,0,0,0,0,0,0,20.0,0,0,0,0,0,0,0,0,0,0,0,0,0,0,0,0,0,0,0,0,0,0,0,0,0
root/Sub-SaharanAfrica/GuineaBissau,root/Sub-SaharanAfrica,0,0,0,0,0,0,0,0,0,0,0,0,0,0,0,0,0,0,0,0,0,0,0,0,0,0,0,0,0,0,0,0,0,0,0,0,0,0,0,0,0,2.0,5.0,0,0,4.0,5.0,6.0,0,0,0,11.0,12.0,14.0,0,0,0
root/Sub-SaharanAfrica/Kenya,root/Sub-SaharanAfrica,0,0,0,0,0,892.0,942.0,794.0,899.0,887.0,980.0,992.0,774.0,805.0,877.0,762.0,1021.0,941.0,1025.0,1280.0,1343.0,1276.0,1235.0,993.0,974.0,1179.0,1153.0,970.0,865.0,932.0,0,712.0,0,0,1024.0,0,0,1674.0,2172.0,2654.0,1409.0,2594.0,2559.0,2461.0,2654.0,2995.0,3169.0,3542.0,3516.0,3680.0,4167.0,4866.0,5086.0,5362.0,1621.0,6260.0,1899.0
root/Sub-SaharanAfrica/Lesotho,root/Sub-SaharanAfrica,0,0,0,0,0,0,0,0,0,0,0,0,0,0,0,0,0,0,0,0,0,0,0,0,0,0,0,0,0,98.0,0,0,0,581.0,0,668.0,918.0,0,1.0,703.0,1019.0,823.0,663.0,665.0,854.0,810.0,784.0,830.0,739.0,528.0,513.0,946.0,1131.0,925.0,654.0,657.0,654.0
root/Sub-SaharanAfrica/Liberia,root/Sub-SaharanAfrica,0,0,0,0,0,0,0,0,0,0,0,0,0,0,0,0,0,0,0,0,0,0,0,0,0,0,0,0,0,0,0,683.0,0,370.0,0,7.0,1031.0,1229.0,1256.0,1128.0,1117.0,869.0,715.0,627.0,702.0,621.0,638.0,651.0,617.0,422.0,593.0,681.0,742.0,654.0,733.0,740.0,792.0
root/Sub-SaharanAfrica/Madagascar,root/Sub-SaharanAfrica,0,0,0,0,0,0,0,0,0,0,0,0,0,0,0,0,0,0,0,0,0,0,0,0,0,0,0,0,0,0,0,0,0,0,771.0,1048.0,500.0,473.0,420.0,510.0,635.0,572.0,455.0,831.0,732.0,858.0,878.0,894.0,1386.0,1472.0,1642.0,1650.0,1879.0,1729.0,1945.0,1818.0,2139.0
root/Sub-SaharanAfrica/Malawi,root/Sub-SaharanAfrica,0,0,0,0,406.0,457.0,472.0,528.0,542.0,469.0,458.0,367.0,426.0,386.0,302.0,226.0,317.0,224.0,340.0,300.0,368.0,326.0,281.0,218.0,214.0,253.0,358.0,216.0,218.0,422.0,419.0,452.0,399.0,449.0,632.0,618.0,624.0,721.0,562.0,651.0,723.0,641.0,578.0,588.0,571.0,494.0,804.0,726.0,810.0,666.0,2039.0,1199.0,1164.0,983.0,1059.0,1264.0,1167.0
root/Sub-SaharanAfrica/Mali,root/Sub-SaharanAfrica,0,0,0,0,0,0,0,0,0,0,0,0,0,0,0,0,0,0,0,93.0,0,218.0,394.0,0,0,0,0,3.0,0,0,0,3.0,0,2.0,1.0,1.0,2.0,4.0,7.0,5.0,16.0,18.0,29.0,25.0,28.0,43.0,84.0,33.0,55.0,55.0,36.0,0,0,0,0,0,0
root/Sub-SaharanAfrica/Mauritius,root/Sub-SaharanAfrica,0,0,0,0,0,0,0,0,0,0,0,355.0,308.0,271.0,252.0,279.0,217.0,0,0,0,0,288.0,247.0,348.0,355.0,266.0,351.0,247.0,341.0,0,515.0,513.0,639.0,516.0,832.0,891.0,991.0,1044.0,1108.0,0,0,0,0,0,0,0,0,1468.0,1874.0,1796.0,2032.0,1884.0,1836.0,1758.0,1855.0,2049.0,2328.0
root/Sub-SaharanAfrica/Mozambique,root/Sub-SaharanAfrica,0,0,0,0,0,0,0,0,0,0,0,0,0,0,0,0,0,0,0,0,0,0,0,0,0,0,0,0,0,0,0,0,0,0,0,0,0,0,150.0,4153.0,2980.0,1947.0,1725.0,1547.0,2063.0,2135.0,2493.0,2252.0,3298.0,2592.0,2838.0,2962.0,3431.0,3160.0,3654.0,3730.0,3425.0
root/Sub-SaharanAfrica/Namibia,root/Sub-SaharanAfrica,0,0,0,0,0,0,0,0,0,0,0,0,0,0,0,0,0,0,0,0,0,0,0,0,0,0,0,0,0,0,2103.0,1454.0,0,1314.0,0,0,0,0,0,0,0,0,0,0,342.0,857.0,897.0,982.0,908.0,701.0,719.0,746.0,2659.0,2339.0,2562.0,3946.0,3090.0
root/Sub-SaharanAfrica/Nigeria,root/Sub-SaharanAfrica,0,0,0,0,1443.0,0,1262.0,814.0,1130.0,0,1139.0,1163.0,0,0,1393.0,1346.0,1722.0,0,2021.0,0,0,0,0,0,0,1631.0,0,0,0,0,2006.0,0,0,0,0,0,0,0,0,0,0,0,0,0,0,0,0,0,0,0,0,20560.0,17182.0,19332.0,0,0,0
root/Sub-SaharanAfrica/Rwanda,root/Sub-SaharanAfrica,0,0,0,0,0,0,0,0,79.0,0,125.0,96.0,77.0,95.0,57.0,54.0,83.0,99.0,94.0,89.0,88.0,62.0,108.0,86.0,125.0,78.0,0,75.0,144.0,81.0,85.0,73.0,68.0,0,45.0,0,0,0,140.0,129.0,126.0,202.0,147.0,207.0,285.0,208.0,280.0,238.0,0,0,0,0,517.0,146.0,1224.0,1337.0,1226.0
root/Sub-SaharanAfrica/SaoTomeandPrincipe,root/Sub-SaharanAfrica,0,0,0,0,0,0,0,0,0,0,0,0,0,0,0,0,0,0,0,0,0,0,0,0,0,0,0,0,0,0,0,0,0,0,0,0,0,0,0,0,0,0,0,0,0,211.0,156.0,128.0,135.0,520.0,470.0,510.0,571.0,496.0,601.0,660.0,625.0
root/Sub-SaharanAfrica/Seychelles,root/Sub-SaharanAfrica,0,0,0,0,0,0,0,0,0,0,0,0,0,0,0,0,56.0,110.0,33.0,41.0,147.0,208.0,83.0,117.0,144.0,213.0,0,107.0,98.0,125.0,198.0,187.0,118.0,0,0,285.0,374.0,0,0,0,0,0,0,212.0,0,0,0,0,0,0,0,91.0,0,106.0,0,0,0
root/Sub-SaharanAfrica/SierraLeone,root/Sub-SaharanAfrica,0,0,0,323.0,291.0,359.0,305.0,277.0,0,0,328.0,362.0,237.0,292.0,216.0,0,0,236.0,319.0,232.0,248.0,252.0,177.0,0,160.0,0,0,0,0,0,0,0,0,0,0,212.0,0,249.0,934.0,1033.0,1147.0,867.0,710.0,686.0,839.0,848.0,805.0,915.0,815.0,664.0,641.0,637.0,1057.0,1056.0,1245.0,764.0,751.0
root/Sub-SaharanAfrica/Somalia,root/Sub-SaharanAfrica,0,0,0,28.0,81.0,0,0,0,83.0,152.0,0,121.0,102.0,0,147.0,232.0,202.0,0,136.0,0,0,0,0,150.0,73.0,0,0,0,0,0,0,0,0,0,0,0,0,0,0,0,0,0,0,0,0,0,0,0,0,0,0,0,0,0,0,0,0
root/Sub-SaharanAfrica/SouthAfrica,root/Sub-SaharanAfrica,4546.0,4126.0,4538.0,4437.0,4943.0,5354.0,5203.0,0,5956.0,6280.0,5856.0,5876.0,6424.0,6653.0,6688.0,6964.0,6429.0,5756.0,6202.0,6942.0,8582.0,9891.0,10008.0,8290.0,9206.0,0,8659.0,10583.0,10457.0,9661.0,10873.0,10600.0,10991.0,14179.0,14063.0,17087.0,18504.0,20336.0,23600.0,23938.0,25678.0,21901.0,20367.0,22768.0,23826.0,27835.0,31795.0,35001.0,29907.0,26621.0,30549.0,33484.0,34604.0,36070.0,35418.0,36973.0,37976.0
root/Sub-SaharanAfrica/Sudan,root/Sub-SaharanAfrica,0,0,0,700.0,432.0,543.0,583.0,732.0,0,689.0,563.0,529.0,544.0,543.0,609.0,566.0,475.0,781.0,394.0,571.0,584.0,0,462.0,0,505.0,1421.0,1263.0,1282.0,1428.0,1646.0,1620.0,1594.0,1440.0,1475.0,1271.0,1358.0,1310.0,1282.0,2071.0,2259.0,2382.0,1838.0,1759.0,1704.0,1840.0,2074.0,2591.0,2655.0,2510.0,2363.0,2950.0,2799.0,2618.0,2401.0,3840.0,3248.0,3240.0
root/Sub-SaharanAfrica/Swaziland,root/Sub-SaharanAfrica,0,0,0,0,0,0,0,0,0,0,0,0,0,348.0,464.0,306.0,0,413.0,709.0,569.0,552.0,0,0,510.0,881.0,492.0,0,0,0,565.0,0,0,616.0,0,0,0,0,0,18.0,901.0,1104.0,861.0,728.0,692.0,916.0,919.0,878.0,889.0,811.0,573.0,618.0,1163.0,1260.0,1118.0,1195.0,1181.0,745.0
root/Sub-SaharanAfrica/Tanzania,root/Sub-SaharanAfrica,0,466.0,667.0,526.0,501.0,613.0,0,721.0,0,0,0,0,254.0,0,374.0,0,315.0,542.0,0,234.0,386.0,0,281.0,0,0,0,0,0,332.0,377.0,0,0,0,0,0,0,0,0,474.0,713.0,641.0,486.0,478.0,452.0,408.0,325.0,516.0,556.0,0,0,0,0,0,0,0,0,0
root/Sub-SaharanAfrica/Uganda,root/Sub-SaharanAfrica,0,0,0,447.0,516.0,643.0,711.0,551.0,595.0,560.0,0,575.0,394.0,292.0,360.0,346.0,224.0,143.0,290.0,196.0,258.0,215.0,211.0,97.0,156.0,153.0,0,139.0,158.0,98.0,158.0,159.0,249.0,0,0,0,0,0,0,0,896.0,581.0,838.0,838.0,1030.0,1058.0,1104.0,1103.0,1429.0,1183.0,2053.0,3050.0,2306.0,2079.0,2666.0,2815.0,3044.0
root/Sub-SaharanAfrica/Zambia,root/Sub-SaharanAfrica,0,0,0,0,0,0,638.0,768.0,835.0,647.0,686.0,574.0,494.0,618.0,571.0,470.0,521.0,359.0,353.0,402.0,454.0,404.0,309.0,316.0,312.0,261.0,235.0,254.0,264.0,325.0,325.0,472.0,420.0,460.0,0,801.0,753.0,0,823.0,959.0,0,859.0,1299.0,1338.0,1660.0,1765.0,1893.0,1756.0,1948.0,1787.0,2936.0,2016.0,2548.0,2756.0,2644.0,888.0,996.0
root/Sub-SaharanAfrica/Zimbabwe,root/Sub-SaharanAfrica,1934.0,1757.0,1338.0,1466.0,1471.0,1044.0,1097.0,1253.0,1223.0,1282.0,1194.0,1009.0,965.0,1000.0,982.0,0,0,0,0,804.0,1451.0,1108.0,949.0,595.0,688.0,710.0,845.0,760.0,832.0,1065.0,1107.0,1255.0,1258.0,1229.0,1866.0,1926.0,2190.0,0,0,1.0,0,1.0,0,0,0,0,0,0,0,0,0,0,1877.0,1574.0,1992.0,1974.0,2015.0
