root/EastAsia&Pacific,root,0,0,0,0,0,0,0,0,0,0,0,0,0,0,0,0,0,0,0,0,0,0,0,0,0,0,0,0,0,0,0,0,0,14944623700.0,17217420800.0,72964470000.0,63192041600.0,123062853900.0,124475349900.0,114304976000.0,154779795300.0,139078106800.0,151070356000.0,167178767700.0,206161867900.0,252930336500.0,290496263600.0,386175094200.0,420930852700.0,471947672000.0,529147729900.0,568516215200.0,661258984100.0,728663853600.0,848510090800.0,926735076500.0,1037469232900.0,1149243366900.0
root/EastAsia&Pacific/Cambodia,root/EastAsia&Pacific,0,0,0,0,0,0,0,0,0,0,0,0,0,0,0,0,0,0,0,0,0,0,0,0,0,0,0,0,0,0,0,0,0,14944623700.0,17217420800.0,72964470000.0,63192041600.0,123062853900.0,124475349900.0,114304976000.0,154779795300.0,139078106800.0,151070356000.0,167178767700.0,206161867900.0,252930336500.0,290496263600.0,386175094200.0,420930852700.0,471947672000.0,529147729900.0,568516215200.0,661258984100.0,728663853600.0,848510090800.0,926735076500.0,1037469232900.0,1149243366900.0
root/Europe&CentralAsia,root,0,0,0,0,0,0,0,0,0,0,0,0,0,0,0,0,0,0,0,0,0,0,0,0,0,0,0,0,0,0,0,0,6300000.0,2056600000.0,5732100000.0,7125843000.0,28214591000.0,28824873000.0,28677326000.0,37311548000.0,40248546000.0,55159632000.0,71756291000.0,91084340000.0,136175210000.0,194901989000.0,338132082000.0,664044741000.0,813922764000.0,598813195000.0,540759020000.0,107380665000.0,105405389000.0,105231699000.0,116075913000.0,107826091000.0,113285430000.0,119002115000.0
root/Europe&CentralAsia/Armenia,root/Europe&CentralAsia,0,0,0,0,0,0,0,0,0,0,0,0,0,0,0,0,0,0,0,0,0,0,0,0,0,0,0,0,0,0,0,0,0,0,0,0,17016000000.0,20174200000.0,17601400000.0,17881800000.0,15989000000.0,16867000000.0,14937000000.0,18330000000.0,24169000000.0,26249000000.0,28036000000.0,44391000000.0,55013000000.0,50580000000.0,64229000000.0,96186000000.0,92970200000.0,91572000000.0,99958000000.0,89161600000.0,97243900000.0,103512300000.0
root/Europe&CentralAsia/BosniaandHerzegovina,root/Europe&CentralAsia,0,0,0,0,0,0,0,0,0,0,0,0,0,0,0,0,0,0,0,0,0,0,0,0,0,0,0,0,0,0,0,0,0,0,0,0,0,0,0,0,0,0,0,0,0,408025000.0,468589000.0,626870000.0,682945000.0,675832000.0,674924000.0,735407000.0,707773000.0,700964000.0,697988000.0,729866000.0,763531000.0,791915000.0
root/Europe&CentralAsia/Kazakhstan,root/Europe&CentralAsia,0,0,0,0,0,0,0,0,0,0,0,0,0,0,0,0,0,0,0,0,0,0,0,0,0,0,0,0,0,0,0,0,0,1933300000.0,5455600000.0,6696100000.0,10696000000.0,8041400000.0,10370400000.0,18660600000.0,23660000000.0,37339500000.0,55702800000.0,71332100000.0,110000300000.0,165700700000.0,306033900000.0,613954800000.0,751369600000.0,539681800000.0,466859400000.0,0,0,0,0,0,0,0
root/Europe&CentralAsia/KyrgyzRepublic,root/Europe&CentralAsia,0,0,0,0,0,0,0,0,0,0,0,0,0,0,0,0,0,0,0,0,0,0,0,0,0,0,0,0,0,0,0,0,6300000.0,123300000.0,276500000.0,286100000.0,133200000.0,273300000.0,269800000.0,76000000.0,215300000.0,516500000.0,641400000.0,763400000.0,1245700000.0,1735200000.0,2380700000.0,3695500000.0,5373800000.0,6647000000.0,7271200000.0,8344600000.0,9546900000.0,10740700000.0,12731600000.0,13225800000.0,12656400000.0,12656400000.0
root/Europe&CentralAsia/Moldova,root/Europe&CentralAsia,0,0,0,0,0,0,0,0,0,0,0,0,0,0,0,0,0,0,0,0,0,0,0,0,0,0,0,0,0,0,0,0,0,0,0,143643000.0,369391000.0,335973000.0,435726000.0,693148000.0,379546000.0,432932000.0,462691000.0,647040000.0,729810000.0,756864000.0,1116493000.0,1215771000.0,1309119000.0,984763000.0,1498796000.0,1774458000.0,1743116000.0,1710935000.0,2081925000.0,4008625000.0,1996599000.0,2041500000.0
root/Europe&CentralAsia/Tajikistan,root/Europe&CentralAsia,0,0,0,0,0,0,0,0,0,0,0,0,0,0,0,0,0,0,0,0,0,0,0,0,0,0,0,0,0,0,0,0,0,0,0,0,0,0,0,0,4700000.0,3700000.0,12400000.0,11800000.0,30400000.0,52200000.0,96400000.0,160800000.0,174300000.0,243800000.0,225700000.0,340200000.0,437400000.0,507100000.0,606400000.0,700200000.0,625000000.0,0
root/LatinAmerica&Caribbean,root,0,0,0,0,0,0,0,0,0,0,0,0,0,0,0,0,0,8110633.0,9563165.0,11797052.0,14373436.0,16306137.0,19762263.0,21165127.0,25426779.0,27460888.0,34034799.0,37685040.0,190025447.0,257321227.0,364831832.0,461602026.0,607547817.0,6247115037.0,10504819657.0,11454645395.0,14242361561.0,13357307228.0,14155834289.0,17855943049.0,18349221808.0,22539639955.0,24920361714.0,31252384875.0,33010274858.0,47509425035.6494,61167258704.0404,72388043216.3237,81740210722.2775,92924371963.2401,95960639790.2544,103824197061.1238,118506775636.6053,128229360831.8377,133877733083.3654,147324274579.4374,163598885056.0336,177389258984.8469
root/LatinAmerica&Caribbean/AntiguaandBarbuda,root/LatinAmerica&Caribbean,0,0,0,0,0,0,0,0,0,0,0,0,0,0,0,0,0,2214305.0,2382056.0,2952407.0,3455658.0,4395061.0,5669964.0,5703514.0,7344113.0,8739796.0,11346638.0,12812776.0,15278708.0,17254807.0,17073637.0,18781300.0,19502700.0,20683600.0,21394900.0,26055000.0,27457400.0,33902400.0,39163000.0,41149200.0,41608800.0,38607600.0,38709900.0,37180300.0,38680900.0,46906600.0,55020500.0,80416600.0,74738200.0,74933200.0,88165600.0,92003400.0,85109700.0,65166900.0,54062600.0,54851200.0,56687500.0,52727200.0
root/LatinAmerica&Caribbean/Barbados,root/LatinAmerica&Caribbean,0,0,0,0,0,0,0,0,0,0,0,0,0,0,0,0,0,0,0,0,0,0,0,0,0,0,0,0,0,0,49200000.0,49900000.0,52900000.0,46700000.0,58800000.0,65400000.0,72500000.0,77400000.0,95000000.0,110600000.0,105300000.0,98500000.0,111300000.0,108200000.0,120400000.0,137300000.0,181600000.0,179400000.0,185600000.0,211300000.0,190100000.0,191300000.0,180200000.0,157400000.0,138900000.0,147700000.0,164400000.0,0
root/LatinAmerica&Caribbean/Belize,root/LatinAmerica&Caribbean,0,0,0,0,0,0,0,0,0,0,0,0,0,0,0,0,0,0,0,0,0,0,0,0,0,0,0,0,0,0,0,0,0,0,0,0,0,0,0,0,35209600.0,55733500.0,74446100.0,91253900.0,94554800.0,92943100.0,102470600.0,118156700.0,111201700.0,117034700.0,118404800.0,117525600.0,121808500.0,126037000.0,124356400.0,111595300.0,129229200.0,0
root/LatinAmerica&Caribbean/Bolivia,root/LatinAmerica&Caribbean,0,0,0,0,0,0,0,0,0,0,0,0,0,0,0,0,0,0,0,0,0,0,0,0,0,0,0,0,143979000.0,199973000.0,253048000.0,346002000.0,486321000.0,613316000.0,726634000.0,877663000.0,1140670000.0,1684150000.0,2066267000.0,2338006000.0,2322220000.0,2264529000.0,2139219000.0,1995629000.0,1946337000.0,2205199000.0,2659507000.0,3160762000.0,3799711000.0,3951913000.0,4481947000.0,5128340000.0,6775875000.0,7762420000.0,8731549000.0,9268533000.0,10601164000.0,11451441000.0
root/LatinAmerica&Caribbean/Dominica,root/LatinAmerica&Caribbean,0,0,0,0,0,0,0,0,0,0,0,0,0,0,0,0,0,554243.0,665511.0,1037106.0,1419197.0,1511571.0,1517869.0,1549360.0,2105703.0,2072112.0,2174983.0,2529782.0,3230983.0,4431842.0,5901425.0,7230348.0,7303828.0,7366810.0,8555072.0,9724441.0,9648862.0,9207987.0,10902206.0,10939996.0,11332584.0,11201792.0,10381827.0,9385517.0,8712401.0,8274114.0,8011884.0,7521232.0,8367086.0,12445785.0,13679542.0,14101437.0,18367536.0,17114226.0,16093786.0,15729278.0,18390263.0,18851859.0
root/LatinAmerica&Caribbean/Grenada,root/LatinAmerica&Caribbean,0,0,0,0,0,0,0,0,0,0,0,0,0,0,0,0,0,1261886.0,1513664.0,1810402.0,2119130.0,2433852.0,2799529.0,3216161.0,3698735.0,4256243.0,4882690.0,6039669.0,7070759.0,8308667.0,8488508.0,8257712.0,8236730.0,8122831.0,9840315.0,10514720.0,11554802.0,12879632.0,15754095.0,16662294.0,21197291.0,21612506.0,20812751.0,19862908.0,19484684.0,20279309.0,22382220.0,25961345.0,28545658.0,27504945.0,26102334.0,23810886.0,28309948.0,21963852.0,21551537.0,23776049.0,27769524.0,27470585.1
root/LatinAmerica&Caribbean/Guatemala,root/LatinAmerica&Caribbean,0,0,0,0,0,0,0,0,0,0,0,0,0,0,0,0,0,0,0,0,0,0,0,0,0,0,0,0,0,0,0,0,0,0,0,0,0,0,0,0,0,3429600000.0,3699400000.0,3737500000.0,4337100000.0,4789300000.0,5618700000.0,7030100000.0,8220800000.0,9032700000.0,9627200000.0,10646400000.0,11591400000.0,12829900000.0,13788300000.0,14388700000.0,14891000000.0,15596600000.0
root/LatinAmerica&Caribbean/Guyana,root/LatinAmerica&Caribbean,0,0,0,0,0,0,0,0,0,0,0,0,0,0,0,0,0,0,0,0,0,0,0,0,0,0,0,0,0,0,0,0,0,0,0,0,0,0,0,0,0,0,0,0,0,0,7340000000.0,9286000000.0,11257000000.0,13101000000.0,15568000000.0,18094000000.0,19942000000.0,21833000000.0,21065000000.0,21443000000.0,22168000000.0,23055000000.0
root/LatinAmerica&Caribbean/Jamaica,root/LatinAmerica&Caribbean,0,0,0,0,0,0,0,0,0,0,0,0,0,0,0,0,0,0,0,0,0,0,0,0,0,0,0,0,0,0,0,0,0,5510000000.0,9632000000.0,10413000000.0,12925000000.0,11480000000.0,11869000000.0,15277000000.0,15748000000.0,16548000000.0,18756000000.0,25179000000.0,26360000000.0,29433000000.0,31377000000.0,35874000000.0,41586000000.0,48126000000.0,45029000000.0,45766000000.0,47957000000.0,50420000000.0,50736000000.0,56962000000.0,66045000000.0,76067000000.0
root/LatinAmerica&Caribbean/StKittsandNevis,root/LatinAmerica&Caribbean,0,0,0,0,0,0,0,0,0,0,0,0,0,0,0,0,0,1133040.0,1338632.0,1589912.0,1991958.0,1822916.0,2823464.0,3257491.0,4075290.0,3664106.0,6012424.0,5911912.0,7675435.0,10243051.0,9434389.0,10014600.0,9439000.0,11791800.0,14523900.0,18242900.0,19508400.0,20778500.0,21153100.0,21367900.0,21705900.0,23208600.0,20328200.0,19060400.0,24046300.0,22856100.0,28077400.0,31087200.0,27774900.0,24515500.0,15618600.0,17378100.0,19874200.0,28140100.0,23752800.0,16005800.0,16698200.0,17010700.0
root/LatinAmerica&Caribbean/StLucia,root/LatinAmerica&Caribbean,0,0,0,0,0,0,0,0,0,0,0,0,0,0,0,0,0,2218042.0,2653407.0,3168632.0,3709618.0,4224843.0,4508216.0,4791590.0,5512904.0,6002368.0,6672160.0,7444997.0,9274045.0,11360705.0,15755571.0,15191400.0,17296093.0,22440612.0,25694256.0,25864280.0,28502230.0,29926827.0,29460548.0,30483269.0,31477653.0,36534779.0,40331048.0,42794157.0,47974018.0,47395309.0,58031469.0,78334483.0,79048868.0,78436966.0,70969827.0,68749483.0,71405631.0,75025721.0,79053896.0,83555076.0,85158811.0,85271369.4
root/LatinAmerica&Caribbean/StVincentandtheGrenadines,root/LatinAmerica&Caribbean,0,0,0,0,0,0,0,0,0,0,0,0,0,0,0,0,0,729117.0,1009895.0,1238593.0,1677875.0,1917894.0,2443221.0,2647011.0,2690034.0,2726263.0,2945904.0,2945904.0,3516517.0,5749155.0,5930302.0,6224666.0,6548466.0,6693384.0,7377214.0,8181054.0,7519867.0,9061882.0,9134340.0,9734390.0,11169980.0,12112178.0,9432888.0,12518693.0,12984755.0,14125378.0,15639734.0,19937260.0,21500541.0,19229278.0,21003890.0,19052006.0,20327083.0,17205593.0,17628436.0,19392496.0,19854249.0,20453847.0
root/LatinAmerica&Caribbean/TrinidadandTobago,root/LatinAmerica&Caribbean,0,0,0,0,0,0,0,0,0,0,0,0,0,0,0,0,0,0,0,0,0,0,0,0,0,0,0,0,0,0,0,0,0,0,0,0,0,0,0,0,0,0,0,0,0,0,0,0,0,0,0,0,3143600000.0,3360800000.0,3359400000.0,3343600000.0,3380500000.0,3535600000.0
root/LatinAmerica&Caribbean/Uruguay,root/LatinAmerica&Caribbean,0,0,0,0,0,0,0,0,0,0,0,0,0,0,0,0,0,0,0,0,0,0,0,0,0,0,0,0,0,0,0,0,0,0,0,0,0,0,0,0,0,0,0,0,0,10691846125.6494,13700817897.0404,16496366396.3237,16339922769.2775,18147358589.2401,20710448197.2544,23645536149.1238,28551498038.6053,31515187439.8377,35722084628.3654,41445836380.4374,45995033309.0336,47461832424.3469
root/MiddleEast&NorthAfrica,root,2819020247.51787,3179805636.69322,3683686846.89797,4662166507.83701,5276993156.49507,6383311468.15298,7611714512.199359,9089495488.11103,11914705660.9252,15602452697.5219,19726235885.33205,23781668371.941715,35454647869.43241,48735339000.42184,95297866013.66261,126706042342.49301,153676635775.21548,193058790470.14285,244072003352.55588,196702857662.0728,241818872770.90356,197097556545.2042,166906720585.38004,107270938463.0518,133750757718.72958,112088322282.62837,106805487444.88171,94481765839.62198,114104339150.08958,98137271260.08311,243868805025.66412,636800442154.5525,709586953225.1781,1122280979860.0793,1775217108723.1792,1612462955100.4143,2736789617108.0996,4088562746845.6396,4962217192251.56,6123200056331.88,8961358804714.7,11185188517819.8,19967277683759.76,30298198254207.555,43322549017752.73,52796598069859.8,65352261324374.48,82607235324444.77,88472022939412.12,95990552823072.56,138394558776986.81,162421953450806.84,189377678362079.5,187959202549830.97,177915983445401.3,212194964655344.28,262367584045550.6,24278717914.23505
root/MiddleEast&NorthAfrica/IranIslamicRep,root/MiddleEast&NorthAfrica,2819020247.51787,3179805636.69322,3683686846.89797,4662166507.83701,5276993156.49507,6383311468.15298,7611714512.199359,9089495488.11103,11914705660.9252,15602452697.5219,19659761455.9864,23711124079.5749,35384103577.0656,48656654982.0127,95044177885.3435,126103702615.361,152628507462.805,191272416950.90198,241254111109.96802,192633347608.96698,236927807008.53,191711637357.27,160968026510.596,101098971785.125,127380437615.78699,105810221920.997,99486685075.9058,86435904770.5959,105843383638.354,89614645121.032,235253412045.73398,627646544630.304,700540301444.602,1112600009912.35,1764908853535.83,1601823448398.46,2726187704335.91,4077536606357.17,4950480057401.56,6110650069237.88,8947769440224.7,11170949745337.4,19952261293957.2,30282638040289.5,43306264909436.1,52779385750046.2,65334127140334.1,82588173814806.7,88452172360502.7,95970201621740.0,138373837897780.0,162385376666327.0,189338402562974.0,187917558128859.0,177868032646686.0,212144532056955.0,262315000000000.0,0
root/MiddleEast&NorthAfrica/Jordan,root/MiddleEast&NorthAfrica,0,0,0,0,0,0,0,0,0,0,0,0,0,0,0,0,7600000.0,9200000.0,12400000.0,10500000.0,11300000.0,13700000.0,18400000.0,31900000.0,34900000.0,36300000.0,38800000.0,39300000.0,49500000.0,55300000.0,39900000.0,53700000.0,41804799.0,66732000.0,73896600.0,74976301.0,77324100.0,81000000.0,107450700.0,93487094.0,111384540.0,122987655.0,199839400.0,205343301.0,219732600.0,312420299.0,376683500.0,503308100.0,749706398.0,849123151.0,889557354.0,935834127.0,1076873872.23423,1212826735.0353599,1266427518.84484,1315453360.0520802,1388431897.6865401,1452656714.08195
root/MiddleEast&NorthAfrica/Kuwait,root/MiddleEast&NorthAfrica,0,0,0,0,0,0,0,0,0,0,0,0,0,0,0,0,0,0,0,0,0,0,0,0,0,0,0,0,0,0,0,0,0,0,0,0,0,0,0,0,0,0,0,0,0,0,0,0,0,0,0,0,0,0,2009600000.0,2245700000.0,2319700000.0,0
root/MiddleEast&NorthAfrica/Qatar,root/MiddleEast&NorthAfrica,0,0,0,0,0,0,0,0,0,0,0,0,0,0,0,0,0,0,0,0,0,0,0,0,0,0,0,0,0,0,0,0,0,0,0,0,0,0,0,0,0,0,0,0,0,0,0,0,0,0,0,15328000000.0,17214000000.0,18973000000.0,22773000000.0,24488000000.0,26080000000.0,0
root/MiddleEast&NorthAfrica/SaudiArabia,root/MiddleEast&NorthAfrica,0,0,0,0,0,0,0,0,0,0,66474429.34565029,70544292.3668126,70544292.3668126,78684018.4091371,253688128.319114,602339727.132015,1040528312.41049,1777173519.2408602,2805492242.58785,4059010053.1058297,4879765762.37355,5372219187.93419,5920294074.7840395,6140066677.9268,6335420102.94259,6241800361.63138,7280002368.9759,8006561069.026071,8211455511.7355795,8467326139.051121,8575492979.93013,9100197524.24852,9004846981.576,9614237947.72924,10216358587.349,10528630400.9544,10460488672.1895,10860140488.4699,11522684150.0,12340400000.0,13333879950.0,13991084827.4,14714450402.5618,15244170617.053999,15949975716.6237,16739499514.5965,17574800540.3749,18279901538.0547,18825472511.4186,19299378181.5556,19595121852.8098,20076750352.83,20671825233.2879,21215494236.9233,21642371196.4645,22071845029.214,22481613652.8931,22826061200.1531
root/MiddleEast&NorthAfrica/WestBankandGaza,root/MiddleEast&NorthAfrica,0,0,0,0,0,0,0,0,0,0,0,0,0,0,0,0,0,0,0,0,0,0,0,0,0,0,0,0,0,0,0,0,0,0,18000000.0,35900000.0,64100000.0,85000000.0,107000000.0,116100000.0,144100000.0,124700000.0,102100000.0,110700000.0,114400000.0,160400000.0,182700000.0,278300000.0,275400000.0,202700000.0,236200000.0,236200000.0,313100000.0,243100000.0,259400000.0,311600000.0,314300000.0,0
root/SouthAsia,root,0,0,0,0,0,0,0,0,0,0,0,0,0,0,0,0,0,0,0,0,0,0,0,0,0,0,0,0,0,0,0,0,0,0,0,0,0,0,0,0,0,12026000000.0,13655000000.0,13221000000.0,17294000000.0,18094000000.0,19212000000.0,21505000000.0,24185000000.0,29361985500.0,35156285900.0,41660198800.0,49992230000.0,55204919800.0,63434746700.0,72616397300.0,84092840800.0,98632832700.0
root/SouthAsia/Nepal,root/SouthAsia,0,0,0,0,0,0,0,0,0,0,0,0,0,0,0,0,0,0,0,0,0,0,0,0,0,0,0,0,0,0,0,0,0,0,0,0,0,0,0,0,0,12026000000.0,13655000000.0,13221000000.0,17294000000.0,18094000000.0,19212000000.0,21505000000.0,24185000000.0,29361985500.0,35156285900.0,41660198800.0,49992230000.0,55204919800.0,63434746700.0,72616397300.0,84092840800.0,98632832700.0
root/Sub-SaharanAfrica,root,0,0,0,0,0,0,0,0,0,0,0,0,0,0,0,0,0,0,0,0,11588002126.9445,14348598548.9506,15504876293.7179,18916321423.4326,20330204566.9796,25816003705.9784,28625188653.7242,30450324655.1564,33263224600.8794,37855156967.1983,30947751483.2836,31175624109.1329,32925174245.573997,31747832049.3106,41924899654.3711,44931636909.7524,46841972010.5242,51654321336.6893,66817761617.7493,121046683023.67459,130007288787.05359,164902077303.82587,182835297753.022,196565018671.7546,248866258005.0171,511700496682.3208,1047141285633.613,1215629101622.231,1307042258230.3218,1420415150883.3623,1578409862369.8433,2173981972038.9907,2529041121703.313,2918062206633.0645,2124727087970.188,2449204550937.379,2718472280951.7393,3024289270534.427
root/Sub-SaharanAfrica/Benin,root/Sub-SaharanAfrica,0,0,0,0,0,0,0,0,0,0,0,0,0,0,0,0,0,0,0,0,0,0,0,0,0,0,0,0,0,0,0,0,0,0,0,0,0,0,0,0,0,0,0,0,0,0,0,39800000000.0,46600000000.0,49000000000.0,52800000000.0,51500000000.0,54500000000.0,55300000000.0,65000000000.0,71800000000.0,78972102000.0,87339196206.9
root/Sub-SaharanAfrica/BurkinaFaso,root/Sub-SaharanAfrica,0,0,0,0,0,0,0,0,0,0,0,0,0,0,0,0,0,0,0,0,0,0,0,0,0,0,0,0,0,0,0,0,0,0,0,0,0,0,0,16472000000.0,17576000000.0,22485000000.0,26598000000.0,27051000000.0,27433000000.0,38405000000.0,43617999999.9999,48081000000.0,53204000000.0,50894000000.0001,46095000000.0,57619000000.0,85098000000.0,86520000000.0,91456000000.0001,95832000000.0,104643306200.0,116871031400.0
root/Sub-SaharanAfrica/CongoDemRep,root/Sub-SaharanAfrica,0,0,0,0,0,0,0,0,0,0,0,0,0,0,0,0,0,0,0,0,0,0,0,0,0,0,0,0,0,0,0,0,0,0,0,0,0,0,0,0,0,0,0,0,0,20405000000.0,34526000000.0,70364471364.0,108825691411.562,145615000000.0,170884992579.61902,193894006740.135,213797457548.278,203254431959.637,236428141457.92398,258568768423.168,291574554574.849,461848193915.08295
root/Sub-SaharanAfrica/Ethiopia,root/Sub-SaharanAfrica,0,0,0,0,0,0,0,0,0,0,0,0,0,0,0,0,0,0,0,0,0,0,0,0,0,0,0,0,0,0,0,0,0,0,0,0,0,0,0,0,0,0,0,0,0,0,0,0,0,0,0,0,0,0,0,0,17380225000.0,20505064000.0
root/Sub-SaharanAfrica/Ghana,root/Sub-SaharanAfrica,0,0,0,0,0,0,0,0,0,0,0,0,0,0,0,0,0,0,0,0,0,0,0,0,0,0,0,0,0,0,0,0,0,0,0,0,0,0,0,0,0,0,0,0,0,0,406582900.0,502595600.0,689441300.0,1192034500.0,1511644900.0,1457665900.0,2316715200.0,2918948000.0,4353671900.0,5469147600.0,6715924100.0,8136977900.0
root/Sub-SaharanAfrica/Guinea,root/Sub-SaharanAfrica,0,0,0,0,0,0,0,0,0,0,0,0,0,0,0,0,0,0,0,0,0,0,0,0,0,0,0,0,0,0,0,0,0,0,0,0,0,0,0,0,0,0,0,0,0,0,369156000000.0,383059000000.0,375410000000.0,385381000000.0,387689000000.0,712197000000.0,798876000000.0,886631000000.0,0,0,0,0
root/Sub-SaharanAfrica/GuineaBissau,root/Sub-SaharanAfrica,0,0,0,0,0,0,0,0,0,0,0,0,0,0,0,0,0,0,0,0,0,0,0,0,0,0,0,0,0,0,0,0,0,0,0,0,0,0,0,0,0,0,0,0,0,802000000.0,1395000000.0,2303000000.0,5308000000.0,5521000000.0,6579000000.0,9773000000.0,10893000000.0,10216000000.0,10611000000.0,9773000000.0,9773000000.0,9773000000.0
root/Sub-SaharanAfrica/Kenya,root/Sub-SaharanAfrica,0,0,0,0,0,0,0,0,0,0,0,0,0,0,0,0,0,0,0,0,0,0,0,0,0,0,0,0,0,0,0,0,0,0,0,0,0,0,0,0,0,0,0,0,0,0,30692000000.0,35248000000.0,45749000000.0,59373000000.0,71891000000.0,90687000000.0,111573703125.0,124135695300.0,134588093800.0,163306109400.0,200666781300.0,228918109400.0
root/Sub-SaharanAfrica/Lesotho,root/Sub-SaharanAfrica,0,0,0,0,0,0,0,0,0,0,0,0,0,0,0,0,0,0,0,0,0,0,0,0,0,0,0,0,0,0,0,0,0,0,0,0,0,0,0,0,0,0,0,0,0,0,0,150182495.11718798,210961425.78125,178863265.991211,168126113.891602,165826232.910156,184715774.53613302,229997741.699219,298896667.480469,354559448.242188,376534545.898438,0
root/Sub-SaharanAfrica/Mauritania,root/Sub-SaharanAfrica,0,0,0,0,0,0,0,0,0,0,0,0,0,0,0,0,0,0,0,0,0,0,0,0,0,0,0,0,0,0,0,0,0,0,0,0,0,0,3727000000.0,4340000000.0,6414000000.0,7110000000.0,8502000000.0,9685000000.0,11675000000.0,12501000000.0,10888000000.0,16021000000.0,15017000000.0,13832000000.0,19813000000.0,23227000000.0,26221000000.0,23925000000.0,31016000000.0,0,0,0
root/Sub-SaharanAfrica/Mozambique,root/Sub-SaharanAfrica,0,0,0,0,0,0,0,0,0,0,0,0,0,0,0,0,0,0,0,0,0,0,0,0,0,0,0,0,0,0,0,25303200.0,32443100.0,52235500.0,30382500.0,193109000.0,283349300.0,398503500.0,328169000.0,227672700.0,369828600.0,719876500.0,692089900.0,1098311100.0,1181822700.0,1202039300.0,1812940400.0,2043907600.0,4321305200.0,4560873500.0,6625818800.0,9385893600.0,9798163100.0,11519701200.0,11226162100.0,14065356400.0,16694250000.0,16694250000.0
root/Sub-SaharanAfrica/Namibia,root/Sub-SaharanAfrica,0,0,0,0,0,0,0,0,0,0,0,0,0,0,0,0,0,0,0,0,0,0,0,0,0,0,0,0,0,0,0,0,0,0,0,0,0,0,0,0,0,0,0,0,0,0,0,648649226.315235,763773043.758696,794515625.9008781,1011309586.0820699,1099925094.2316,1315442303.99581,1524517333.98438,1773931274.41406,1930705078.125,1937359985.35156,2000966674.80469
root/Sub-SaharanAfrica/Rwanda,root/Sub-SaharanAfrica,0,0,0,0,0,0,0,0,0,0,0,0,0,0,0,0,0,0,0,0,0,0,0,0,0,0,0,0,0,0,0,0,0,0,0,0,0,0,0,47412000000.0,47656000000.0,37198000000.0,40193000000.0,35454000000.0,38243000000.0,53507000000.0,17717000000.0,39888000000.0,44803000000.0,27941000000.0,41007000000.0,2408000000.0,1452000000.0,2000000.0,1000000.0,0,1000000.0,1000000.0
root/Sub-SaharanAfrica/SaoTomeandPrincipe,root/Sub-SaharanAfrica,0,0,0,0,0,0,0,0,0,0,0,0,0,0,0,0,0,0,0,0,0,0,0,0,0,0,0,0,0,0,0,0,0,0,0,0,0,0,0,0,0,6835120458.21535,7527539894.7511,15785832573.0099,24452153876.8455,37548617590.1275,46213330057.5302,54785491241.9535,81789000000.0,92917841354.1592,109622931649.744,123527246466.74301,144770869736.584,168306466349.695,196542887675.332,208028057195.466,237551904658.004,256749566898.28198
root/Sub-SaharanAfrica/Senegal,root/Sub-SaharanAfrica,0,0,0,0,0,0,0,0,0,0,0,0,0,0,0,0,0,0,0,0,11588002126.9445,14348598548.9506,15504876293.7179,18916321423.4326,20330204566.9796,25816003705.9784,28625188653.7242,30450324655.1564,33263224600.8794,37855156967.1983,30947751483.2836,31150320909.1329,32892731145.573997,31695596549.3106,41894517154.3711,44738527909.7524,46558622710.5242,51255817836.6893,62762592617.7493,52595010323.6746,57828440087.0536,71225671045.6105,75075274258.2709,74108347598.7447,86702775028.1716,94672174401.3363,103281029772.465,109902784752.355,132496321863.914,133088068514.892,132724902238.661,151650555272.424,164178018198.136,173528904763.957,171580063714.11,196666101982.837,232047424647.14102,240671644311.589
root/Sub-SaharanAfrica/Seychelles,root/Sub-SaharanAfrica,0,0,0,0,0,0,0,0,0,0,0,0,0,0,0,0,0,0,0,0,0,0,0,0,0,0,0,0,0,0,0,0,0,0,0,0,0,0,0,0,0,0,0,0,0,0,0,0,0,224877977.0,181859717.826684,205324421.0,274732607.0,223681200.0,207677000.0,283098199.167396,333588068.533755,0
root/Sub-SaharanAfrica/SierraLeone,root/Sub-SaharanAfrica,0,0,0,0,0,0,0,0,0,0,0,0,0,0,0,0,0,0,0,0,0,0,0,0,0,0,0,0,0,0,0,0,0,0,0,0,0,0,0,0,0,19152600000.0,24057313000.0,33124566000.0,58970126000.0,65008485000.0,71067846000.0,81356610000.0,102208152000.0,121927541000.0,152963027000.0,186728250000.0,224581520000.0,252005947450.0,281932520000.0,311201313000.0,348305393409.0,393962158055.849
root/Sub-SaharanAfrica/Swaziland,root/Sub-SaharanAfrica,0,0,0,0,0,0,0,0,0,0,0,0,0,0,0,0,0,0,0,0,0,0,0,0,0,0,0,0,0,0,0,0,0,0,0,0,0,0,0,0,163020100.0,175809300.0,190080700.0,257961400.0,208380400.0,249953500.0,372599500.0,472290300.0,620063900.0,609269900.0,605297300.0,484614300.0,526583900.0,580105800.0,639508900.0,703485400.0,746332100.0,0
root/Sub-SaharanAfrica/Tanzania,root/Sub-SaharanAfrica,0,0,0,0,0,0,0,0,0,0,0,0,0,0,0,0,0,0,0,0,0,0,0,0,0,0,0,0,0,0,0,0,0,0,0,0,0,0,0,0,0,0,0,0,0,187399226890.857,315994957003.618,331002119042.49,289026548085.306,327342127045.419,376200311384.019,557921410111.547,638331871309.783,867157491652.148,826396015878.8109,1037814138014.2,1082043966147.04,1073749552954.52
root/Sub-SaharanAfrica/Togo,root/Sub-SaharanAfrica,0,0,0,0,0,0,0,0,0,0,0,0,0,0,0,0,0,0,0,0,0,0,0,0,0,0,0,0,0,0,0,0,0,0,0,0,0,0,0,0,0,0,0,0,0,0,0,0,0,0,0,0,40284000000.0,50005713181.944,60589552602.1162,73315710796.1733,88606283715.9215,106965107817.399
root/Sub-SaharanAfrica/Zimbabwe,root/Sub-SaharanAfrica,0,0,0,0,0,0,0,0,0,0,0,0,0,0,0,0,0,0,0,0,0,0,0,0,0,0,0,0,0,0,0,0,0,0,0,0,0,0,0,0,0,0,0,0,0,0,0,0,0,22138200.0,35641100.0,50253900.0,67328900.0,76604700.0,85965000.0,93000000.0,102350500.0,103451000.0
