root/EastAsia&Pacific,root,0,0,25.20953067,28.219490999999998,52.918301850000006,74.00101691,132.18665258,170.83377605,170.10913823,248.03501183000003,245.66898285,322.71467202,382.582077857,400.84401467000004,405.21615010200003,394.896856506,396.989516057,333.1062717489999,341.05789565799995,392.01781440200006,392.98424004899994,360.36096182299997,363.32519308700006,351.30439325500004,336.42623526799997,373.73096270400004,396.18032397499996,426.48112939,444.66781696500004,428.416163884,499.043501596,542.047863502,588.043892577,620.007466077,628.6964807160001,633.980506033,725.992244207,721.1168803569999,735.1123637579999,695.964114193,729.1852569739999,772.1779918919999,732.27199378,709.472167455,709.1099277689999,658.816033616,553.9575720799999
root/EastAsia&Pacific/Australia,root/EastAsia&Pacific,0,0,0,0,0,0,0,0,0,0,0,0,0,0,0,0,0,0,0,25.9919036,24.64883966,21.05416111,19.55695829,21.21434926,22.03071591,21.31173832,21.67569328,22.55140112,22.24567907,21.40235576,21.97598358,21.46383504,22.39214633,21.64159832,22.12831846,21.74197739,22.78466227,22.77287011,23.3621779,25.31231189,23.47021211,24.981087300000002,25.8184471,25.32660114,24.84018848,23.60243089,21.90645589
root/EastAsia&Pacific/BruneiDarussalam,root/EastAsia&Pacific,0,0,0,0,0,0,0,0,0,0,0,0,0,0,0,0,0,0,0,0,0,0,0,0,0,0,0,0,0,0,0,43.01365891,45.22844844,46.89660797,46.00097433,50.305589700000006,53.41084774,49.68300008,61.57762332,50.64518619,60.59990522,62.46427226,64.20623464,61.12007284,62.30001043,54.01765972,46.75885673
root/EastAsia&Pacific/Cambodia,root/EastAsia&Pacific,0,0,0,0,0,0,0,0,0,0,0,0,0,0,0,0,0,0,0,0,0,0,0,0,0,5.535284054,4.837880607,7.72173579,6.464647981000001,12.02087331,14.42249619,16.98117027,15.82790011,15.72733983,13.45896474,14.15310697,20.26241605,17.32778296,18.95471837,16.50453596,13.66285431,12.08696872,12.18197923,12.00797685,16.39728117,17.68192462,17.82891158
root/EastAsia&Pacific/China,root/EastAsia&Pacific,0,0,0,0,0,0,0,0,0,0,0,0,35.46244776,34.4170822,35.68411573,36.349095399999996,36.30518222,38.67223382,39.08466094,37.16405935,38.34190505,40.02116949,41.77711141,42.99914952,42.9549261,41.04784658,40.51852523,39.67999067,39.80041116,37.91366471,36.905365100000004,38.8036685,40.24081582,44.29063538,47.25956793,48.20456683,50.5920138,51.84850706,51.59647571,51.18876784,51.71836377,49.93305383,49.86711755,49.33111097,49.59357495,48.57642187,46.23855895
root/EastAsia&Pacific/Fiji,root/EastAsia&Pacific,0,0,0,0,0,0,0,0,0,25.87884197,29.33972583,21.44226356,18.7418906,16.52090056,17.73081382,20.93389027,21.6747109,18.95983911,18.57635551,14.78220906,6.0323616929999995,9.987397324,7.1034103470000005,6.542528405,6.287549997999999,21.68501326,20.10309278,20.65007094,30.18041905,21.22455885,18.96498496,13.11929737,23.73256098,18.75857385,6.460234192000001,16.86845041,5.754884917,11.10504719,10.45668484,0,0,20.01101353,15.77728118,20.54369979,9.049450677000001,14.05801151,0
root/EastAsia&Pacific/HongKongSARChina,root/EastAsia&Pacific,0,0,0,0,0,0,0,0,0,0,0,0,0,0,0,0,0,0,0,0,0,0,0,0,0,0,0,0,30.11440444,30.78994877,31.72319502,30.91302751,30.87374235,32.33656072,31.63374502,32.76769494,34.17042266,33.34981867,34.02043311,30.80700185,30.25158788,28.91157898,26.41644324,25.07404068,24.70475499,24.40633743,24.92397013
root/EastAsia&Pacific/Indonesia,root/EastAsia&Pacific,0,0,0,0,0,0,0,0,0,0,0,14.23199723,9.366138367000001,18.275750199999997,20.39267193,18.72984253,17.65486615,23.05320089,24.12449678,27.93007566,26.99550631,26.09985103,28.76029356,23.416852399999996,24.04374147,22.32226769,21.92295437,23.23777318,16.90299518,7.283973986,22.23453886,22.40766887,19.71420899,24.35244329,18.98148141,20.56666191,22.3661787,20.39696528,20.62934455,25.56165486,33.62269258,34.10565897,33.23908748,31.45010396,32.1636074,33.04648008,33.285252299999996
root/EastAsia&Pacific/Japan,root/EastAsia&Pacific,0,0,0,0,0,0,0,0,0,0,0,0,0,0,0,0,0,0,0,0,0,0,0,0,0,0,31.91526267,31.68220766,30.94913314,29.25806842,29.54180521,28.13224182,26.92245852,27.07532029,27.56784408,27.66765265,27.817280699999998,28.27456751,26.65968006,23.50734472,24.49105892,23.50268609,22.94066514,23.25430063,23.79587545,26.23573692,26.48446996
root/EastAsia&Pacific/Kiribati,root/EastAsia&Pacific,0,0,0,0,0,0,0,0,0,46.74516647,61.18919344,22.66232319,45.35439495,62.56043747,52.18679667,37.71837688,51.86501349,3.971617733,7.3791999310000005,5.255224291,11.09157396,37.59634747,12.83738922,0,0,0,0,0,0,0,0,0,0,0,0,0,0,0,0,0,0,0,0,0,0,0,0
root/EastAsia&Pacific/KoreaRep,root/EastAsia&Pacific,0,0,0,0,0,0,25.50031034,29.0630782,31.23380084,31.15131859,25.69970086,24.82392139,26.66776478,30.62341436,32.73903523,33.3054973,36.31836834,40.00837739,41.89258111,39.42616281,39.27713825,39.41416562,38.38253378,38.21712198,38.1279631,37.86013999,36.43460856,36.41562446,38.45934951,36.03510278,34.50285464,32.41346747,31.81716567,33.30315912,35.41647999,33.71726067,32.79780914,33.11209419,32.87663219,32.75004438,34.7875753,34.44763688,34.02503717,34.23001769,34.38440563,35.69395473,35.66188388
root/EastAsia&Pacific/LaoPDR,root/EastAsia&Pacific,0,0,0,0,0,0,0,0,0,0,0,0,0,0,4.997561122,3.410329276,4.560130437,4.7416802030000005,0.612818172,0,0,0,0,0,0,0,0,0,0,0,8.8931056,1.453409873,19.064773000000002,11.19180615,15.35167943,20.74337269,23.88628956,19.83222291,14.72356356,17.10637085,10.33113034,13.75854839,6.9932667120000005,5.744795237000001,10.47521079,10.99372331,19.40692836
root/EastAsia&Pacific/MacaoSARChina,root/EastAsia&Pacific,0,0,0,0,0,0,0,0,0,0,0,0,0,0,0,0,0,0,0,0,0,0,0,0,0,0,0,0,0,0,0,0,42.14662948,45.63277059,52.11241114,52.95443822,53.81155437,58.51940158,51.99542027,51.53069133,59.13075159,63.21249281,63.39292974,64.44844964,62.78430513,54.81198525,53.06449336
root/EastAsia&Pacific/Malaysia,root/EastAsia&Pacific,0,0,0,0,26.16497147,21.89657619,30.13104181,29.33188948,26.54932836,32.38365043,27.75315736,23.07712676,21.72239417,23.96898215,27.69537475,25.09576304,25.11608363,30.7274488,30.51671892,30.67734487,31.73298942,30.8297425,33.47576502,36.46418027,36.86718707,35.55215426,38.84916298,39.11639885,42.12738489,41.16386426,39.08764184,34.77960337,35.02575729,36.83475842,37.04394123,38.51214003,39.95423432,39.59936023,39.70598629,34.03585219,34.56620529999999,34.90894793,32.0999301,30.43507928,30.37187697,28.94059539,29.04804312
root/EastAsia&Pacific/MarshallIslands,root/EastAsia&Pacific,0,0,0,0,0,0,0,0,0,0,0,0,0,0,0,0,0,0,0,0,0,0,0,0,0,0,0,0,0,0,0,0,0,0,0,15.93520553,18.22196009,14.95274839,16.08636665,17.59508981,13.13286796,19.649872600000002,1.7855889919999999,9.240615132,13.87166396,21.51417302,0
root/EastAsia&Pacific/Mongolia,root/EastAsia&Pacific,0,0,0,0,0,0,0,0,0,0,0,22.42263951,31.47895791,21.29097906,20.41026865,19.65705879,12.57954296,9.022206983,8.240597385,9.219463621000001,5.677876776000001,4.048066168,19.24810084,16.281053200000002,15.80869692,29.77702322,23.64770092,34.10134918,23.7820082,26.31489259,23.06146166,20.31109211,17.15968757,26.26151043,34.59275112,40.38644329,47.3773417,43.77181467,32.23433341,28.09216487,28.96675163,33.13398884,30.01644087,27.85313186,25.52028318,22.54484938,31.42607348
root/EastAsia&Pacific/Myanmar,root/EastAsia&Pacific,0,0,0,0,0,0,0,0,0,0,0,0,0,0,0,0,0,0,0,0,0,0,0,0,0,0,0,0,0,0,0,0,0,0,0,0,0,0,16.62172352,20.05574013,23.68853984,29.88769034,29.65311802,32.13729276,33.3774918,30.47682151,0
root/EastAsia&Pacific/NewZealand,root/EastAsia&Pacific,0,0,0,0,0,0,0,0,0,0,0,0,0,0,0,0,0,0,0,0,0,0,0,0,0,0,0,0,0,0,20.96477007,22.94998156,21.96008041,22.39933292,21.223942800000003,18.91378217,18.22199228,19.41471403,16.9010566,18.88096218,18.34748081,18.17912242,17.99710346,20.28543088,19.88227616,20.53633489,20.36823879
root/EastAsia&Pacific/Palau,root/EastAsia&Pacific,0,0,0,0,0,0,0,0,0,0,0,0,0,0,0,0,0,0,0,0,0,0,0,0,0,0,0,0,0,0,0,0,0,0,0,0,0,4.384354847,1.8733662780000002,4.148462459,8.683779097999999,6.637774012,6.324076516,0.18152859600000001,7.489681222000001,6.825322146,0
root/EastAsia&Pacific/PapuaNewGuinea,root/EastAsia&Pacific,0,0,0,0,0,0,23.45566074,30.31524741,27.8451568,29.78730143,20.41820059,11.29568412,11.5416918,15.13595514,18.47005554,12.81285676,15.87041769,14.19852225,19.06127062,11.42148516,17.80182149,21.83631696,22.81792522,27.90893095,30.29680324,37.28889935,28.78267614,15.87349413,19.79643726,20.56634289,34.6292828,30.84609115,18.902457300000002,34.49773119,33.56701427,0,0,0,0,0,0,0,0,0,0,0,0
root/EastAsia&Pacific/Philippines,root/EastAsia&Pacific,0,0,0,0,0,0,0,28.35947489,27.47629173,26.44898608,24.54469298,24.43006453,21.16635877,22.26409772,16.61139064,14.01423042,16.98935661,16.57736157,19.59535383,18.54865254,18.62839873,18.676334,18.87762599,18.20984896,21.48188377,18.37960394,19.14323356,20.28168953,25.57352576,31.457417699999997,34.59541825,35.90405829,36.73523777,36.86426899,37.32029517,38.62467416,38.07116623,37.5594994,36.83450861,38.44067877,39.88828517,37.48360071,35.88890407,37.08423846,38.0400847,36.55965365,36.38194334
root/EastAsia&Pacific/Singapore,root/EastAsia&Pacific,0,0,25.20953067,28.219490999999998,26.75333038,29.42392447,31.51196783,32.33256712,33.46491099,35.8493076,33.81673992,36.6516829,40.15532943,44.29478366,45.28328874,40.80966543,38.25828627,36.98598093,41.2552691,43.72287662,43.96303543,45.32034558,46.74679217,45.00479044,48.1875467,49.91534463,49.8085953,52.43659106,52.35444452,49.13405671,45.98832156,42.05898835,40.09070363,41.94781457,44.44125059,46.52218010000001,49.22678853,50.82663149,47.13820987,46.80820655,51.97551161,50.63406781,49.06234097,49.01560757,49.64965388,46.96951343,45.8347389
root/EastAsia&Pacific/SolomonIslands,root/EastAsia&Pacific,0,0,0,0,0,0,0,0,0,0,0,76.05326133,49.11861758,52.51600897,45.58214492,60.33403861,55.28421052,22.51523904,29.2121363,53.76254863,48.52171759,0,0,0,0,0,0,14.5799652,4.201440498999999,1.719706058,6.288347899,9.470596599,3.3957255269999997,12.15738649,7.574359024,5.141858773,10.19787032,0,0,0,0,0,0,0,0,0,0
root/EastAsia&Pacific/Thailand,root/EastAsia&Pacific,0,0,0,0,0,22.68051625,21.58767186,21.43151895,23.53964951,19.79043926,22.90757187,22.6579527,24.139591199999998,22.94627087,24.75316984,24.68660882,26.98098912,27.63082085,30.48052972,31.97607553,33.24637564,35.61690014,35.08987493,35.03431564,35.76653846,35.20605043,35.0754156,34.05085872,33.488607699999996,30.49193098,29.74338799,27.82680688,26.94706926,27.85054667,28.33230914,28.37934634,29.78127971,33.247880699999996,30.67620828,29.60144906,29.93649032,30.0882719,28.95515055,28.21248378,29.20989294,31.98664696,35.15299075
root/EastAsia&Pacific/TimorLeste,root/EastAsia&Pacific,0,0,0,0,0,0,0,0,0,0,0,0,0,0,0,0,0,0,0,0,0,0,0,0,0,0,0,0,0,0,0,0,0,0,0,0,53.48922696,59.06674933,72.93967755,61.01957125,67.49389839,75.76962365,73.36399712,66.48223978,49.6670285,40.5213092,0
root/EastAsia&Pacific/Tonga,root/EastAsia&Pacific,0,0,0,0,0,0,0,0,0,0,0,22.965754800000003,47.66650054,20.85237345,19.45108049,27.35022855,22.56262612,26.26637192,15.03837276,22.5302728,22.17493937,7.564431851,23.22347133,17.51369747,0,0,0,0,0,0,0,19.91378362,21.43685605,15.88950359,19.53518387,12.64269789,13.79224738,13.78729667,14.876397699999998,6.784182854,9.566757726,18.29995169,20.39645341,0,0,0,0
root/EastAsia&Pacific/Vanuatu,root/EastAsia&Pacific,0,0,0,0,0,0,0,0,0,0,0,0,0,15.17697886,23.22838203,19.68937443,14.9697316,19.77537026,15.98753458,19.60945986,24.84976068,22.29573258,15.42794098,22.49757476,14.57268253,17.84959698,2.717431038,12.07364827,3.749072865,3.70731926,9.763518657,11.96152295,12.69694476,9.763893117,15.3586982,14.1163348,23.61341348,25.87647191,34.28734526,34.81359455,29.19420783,21.12594065,18.52758037,24.58314479,29.50215193,0,0
root/EastAsia&Pacific/Vietnam,root/EastAsia&Pacific,0,0,0,0,0,0,0,0,0,0,0,0,0,0,0,0,0,0,0,0,0,0,0,0,0,0,20.74809094,22.02833063,24.47785574,27.93208685,35.75702171,37.32389299,35.73252332,34.33390418,33.33503458,35.11507057,36.3903633,32.40708115,28.08442986,30.77424965,31.67834927,28.96414158,33.34282015,31.43020514,32.03917743,28.81614771,30.18576256
root/Europe&CentralAsia,root,119.92315902,145.68637451,140.9432047,143.91600738,153.88593883,296.80744045,385.08480215000003,381.44452196,376.85091725999996,377.46331551000003,441.96696802,418.57507801,407.72492284000003,400.35251956,448.6940116200001,442.94426709,452.99283631,452.12187708,466.31646313000005,465.53734407,456.1578340600001,438.321322233,407.3959111649999,493.91773186300003,564.683599027,728.5371083080001,697.8575552379999,722.524910331,787.903039902,830.3886921000001,928.4573719850001,937.1495171289998,952.9753055260003,943.7964266029998,979.4017638289998,1070.426457477,1103.2355382120002,1144.7232143949998,1070.3738690379998,957.0561364039999,1007.2817479789998,1024.2024488670002,980.2655077670003,1009.2791472729999,1005.1099588019999,1037.158470112,1044.335478193
root/Europe&CentralAsia/Albania,root/Europe&CentralAsia,0,0,0,0,0,0,0,0,0,0,0,0,0,0,30.27023062,30.8771207,30.763968699999996,28.65521105,26.40449805,29.39476038,21.62131389,7.2320695729999995,2.149261295,10.66619144,7.756998026000001,20.09100367,18.93730665,9.173705472,18.16464955,17.95744528,28.32726595,33.90877161,29.00238644,32.23839411,31.58877342,29.60685573,31.50635275,27.34675791,20.04361163,19.51525522,19.17600198,18.49520598,18.266502499999998,17.43113636,11.78769598,15.80204856,16.6463675
root/Europe&CentralAsia/Armenia,root/Europe&CentralAsia,0,0,0,0,0,0,0,0,0,0,0,0,0,0,0,0,0,0,0,0,0,0,0,7.22038658,1.658832892,7.341041842,0.677261707,0.18938370000000002,2.626464828,0.404679412,3.109597155,12.89136361,17.16021237,19.1276902,23.30117431,28.29769816,32.30647326,29.57522487,26.29672801,17.30069645,18.94588481,14.19081423,14.79216297,15.0618381,12.86552665,17.42676423,15.86417449
root/Europe&CentralAsia/Austria,root/Europe&CentralAsia,0,0,0,0,0,0,0,0,0,0,0,0,0,0,0,0,0,0,0,0,0,0,0,0,0,0,0,0,0,0,0,0,0,0,0,26.13920564,26.11494344,27.58309408,28.10109727,24.67586891,25.471355600000003,25.84919565,25.55463047,25.29940299,25.89165466,25.67132514,26.02587354
root/Europe&CentralAsia/Azerbaijan,root/Europe&CentralAsia,0,0,0,0,0,0,0,0,0,0,0,0,0,0,0,0,0,0,0,0,0,0,0,0,0,13.41423378,3.163466522,11.150932199999998,2.688137082,13.53854677,18.30463542,20.96885792,23.71811209,27.04151048,30.63581598,48.87175825,54.49087389,57.67874807,58.93300859,45.04919414,49.62922748,50.22998977,46.22318249,43.28097864,41.04603577,28.59109432,22.8174167
root/Europe&CentralAsia/Belarus,root/Europe&CentralAsia,0,0,0,0,0,0,0,0,0,0,0,0,0,0,0,0,0,0,0,0,0,0,0,25.6556331,20.09953781,20.61615912,19.895601100000004,21.12293949,22.00859288,21.8631315,23.14394052,21.1317141,19.63514586,22.48036294,23.69643656,29.84575688,28.340827100000002,27.54277402,29.28165761,24.88034186,26.63185594,30.73582858,33.15711196,29.78949999,28.947518,26.90308894,22.80594633
root/Europe&CentralAsia/Belgium,root/Europe&CentralAsia,0,0,0,0,0,0,0,0,0,0,0,0,0,0,0,0,0,0,0,0,0,0,0,0,0,0,0,0,0,0,0,0,25.72742785,25.43807013,26.42460964,26.49350581,27.0064094,27.86444881,26.33056974,22.39461454,25.44121537,23.77437139,24.12504044,22.93031627,22.91875216,23.188446,23.85386431
root/Europe&CentralAsia/BosniaandHerzegovina,root/Europe&CentralAsia,0,0,0,0,0,0,0,0,0,0,0,0,0,0,0,0,0,0,0,0,0,0,0,0,0,0,0,0,24.75633103,14.97865409,12.06662984,5.6838467989999995,0.934078046,7.392962002999999,0.8569490790000001,9.09685546,13.63353895,15.902860800000001,12.86735677,12.91683689,10.13084311,9.209269312,10.42825351,12.74071277,11.72215623,13.04526282,14.79692774
root/Europe&CentralAsia/Bulgaria,root/Europe&CentralAsia,0,0,0,0,0,0,0,0,0,0,38.33210547,36.42397572,35.20584546,33.43848261,35.40697564,31.966473600000004,32.33158773,30.67610851,33.2986973,29.68516639,15.91802063,19.31189922,13.05080833,6.328194507999999,8.672732895,15.94472578,11.44812332,21.30027642,25.64970746,15.77971707,13.93696347,15.71861477,17.63808812,16.59658483,16.81177085,16.71544744,15.3817587,10.40179507,16.06711229,21.37173905,22.04543417,23.50304152,22.76138017,24.94242506,23.67390315,23.39089711,26.57099023
root/Europe&CentralAsia/Croatia,root/Europe&CentralAsia,0,0,0,0,0,0,0,0,0,0,0,0,0,0,0,0,0,0,0,0,0,0,0,0,0,12.003777900000001,17.2116093,16.49807111,17.48331273,16.17445271,19.65659009,21.39669847,20.801722100000003,22.08257808,23.8626682,23.44887246,24.061737100000002,23.26593848,23.52502591,21.02151209,21.06070089,20.65014849,20.12735771,20.55598755,21.05781206,24.57565539,23.26896758
root/Europe&CentralAsia/Cyprus,root/Europe&CentralAsia,0,0,0,0,0,0,22.46664604,24.35900225,22.71143094,24.28516084,23.29329505,23.6064338,21.62413895,19.01392151,22.37977415,21.40542152,25.98254156,26.44997508,25.89652305,26.15679073,24.92494734,19.07713638,20.218483,26.43114681,27.48471255,24.83543618,22.84428773,21.08185103,26.38007215,21.18085889,20.75636312,20.13323129,21.3021615,20.76146008,20.61652939,19.86372959,19.77366148,18.38664532,14.37175714,15.58030802,12.8791539,14.70599523,10.38761524,8.619365136,8.236823741,12.70479294,11.635809199999999
root/Europe&CentralAsia/CzechRepublic,root/Europe&CentralAsia,0,0,0,0,0,0,0,0,0,0,0,0,0,0,0,0,0,0,0,0,0,0,0,27.50533969,28.592776300000004,30.81085302,30.16304291,27.62771588,29.77334264,28.236818300000003,28.65641049,28.900139799999998,27.24996742,25.68540788,26.67594439,27.56988895,27.77417691,29.30118214,28.1213864,24.40228297,24.35358975,24.63562684,25.71045313,25.75143449,27.15202871,29.17360895,28.68761472
root/Europe&CentralAsia/Denmark,root/Europe&CentralAsia,0,0,0,0,0,21.94212584,21.75081018,22.35026235,22.71504126,21.32735041,19.0559553,16.37522541,16.49868123,18.16385982,19.97815495,20.18367569,21.33749878,22.2948799,22.51266384,22.86368201,24.05729307,23.06119552,23.47266662,23.18707579,22.77824497,23.86744779,23.96183206,24.63439006,24.07741834,24.72299346,25.70556125,26.37719364,25.62939179,25.6371368,26.00810418,26.19684292,27.31529377,26.60711903,26.59177994,22.34355108,24.23115597,25.18413848,25.17329239,26.60945744,27.98558688,27.91040882,27.59938391
root/Europe&CentralAsia/Estonia,root/Europe&CentralAsia,0,0,0,0,0,0,0,0,0,0,0,0,0,0,0,0,0,0,0,0,0,0,0,0,0,0,0,0,0,0,24.26027128,23.89411473,22.9368683,24.28643843,23.85641623,25.6058769,25.71192629,25.93026957,23.4671093,24.03713067,24.34640532,27.93637473,28.26637827,28.08128783,28.08331304,27.46132529,26.65831779
root/Europe&CentralAsia/FaroeIslands,root/Europe&CentralAsia,0,0,0,0,0,0,0,0,0,0,0,0,0,0,0,0,0,0,0,0,0,0,0,0,0,0,0,0,40.39880571,36.90207314,37.91844341,37.61272342,31.83901184,27.12007623,24.63858315,21.45389783,25.88239029,26.79231533,19.09710724,16.37521729,24.96231777,24.06988793,0,0,0,0,0
root/Europe&CentralAsia/Finland,root/Europe&CentralAsia,0,0,0,0,0,30.26339965,27.14317462,29.15046889,27.37844578,28.74827704,29.88121648,28.89955629,28.1906599,27.55430464,28.77148408,26.87604171,26.59779908,26.50166053,28.14454156,28.57460676,26.59963112,20.11298091,17.81717447,18.86445196,21.84820477,25.16601257,24.71395265,27.34549546,28.82911519,29.94268412,32.07454775,31.81400671,30.64243992,27.67077185,29.04721313,28.06352411,27.846586100000003,29.5996221,27.86122601,23.04814657,22.84662843,22.04510648,20.64453243,19.63630487,19.53076855,20.03323117,20.41179139
root/Europe&CentralAsia/France,root/Europe&CentralAsia,0,0,0,0,0,25.26554205,25.02608214,24.84451924,24.85573928,24.8278135,24.07673117,21.80912076,20.72909625,20.47855486,20.3373621,20.2448923,21.36238694,21.15051135,22.42926586,23.0392271,23.18053407,22.87551005,22.31100879,21.16938076,21.26425655,21.73210555,21.47394721,22.36848577,23.31865561,23.76954261,23.35335948,23.13295817,22.09055734,21.4744423,21.83167178,21.55081148,22.20910633,22.74138077,22.28267172,19.4457085,19.78351063,20.65917839,19.56721144,19.44286024,19.66433491,20.46027532,20.3070657
root/Europe&CentralAsia/Georgia,root/Europe&CentralAsia,0,0,0,0,0,0,0,0,0,0,0,0,0,0,0,0,0,0,0,0,0,0,0,0,0,0,0,0.514484327,16.69888657,18.62291162,21.10628953,23.78881642,21.97198996,21.55121668,24.56497063,22.024064000000003,15.25809631,12.39693343,3.1587000069999998,1.74412171,10.44535318,14.32478971,17.42201113,19.38779743,20.23246308,19.77261155,20.88756607
root/Europe&CentralAsia/Germany,root/Europe&CentralAsia,0,29.41447333,28.15744624,27.43232524,25.17104803,21.99140115,22.44552426,22.16637792,23.04664241,23.0250245,21.78588633,19.69327036,19.44572285,20.23837809,20.33714208,20.6069826,22.254795,21.55414761,22.57151699,23.36218711,24.42483758,23.82666591,23.54179769,22.39173669,22.38624934,22.50093172,22.01788359,22.26263526,22.70035102,22.23231227,22.25229503,22.08108725,22.03511597,21.24422094,23.37355203,23.17169734,25.01477959,27.12365166,26.21616422,23.29671929,24.74384789,26.53416993,25.72311753,25.60777468,26.48541896,27.16876491,27.13333408
root/Europe&CentralAsia/Greece,root/Europe&CentralAsia,0,0,0,0,0,0,35.80425174,31.55510154,30.81894444,30.80527341,28.68141384,24.8808428,27.22060808,25.671488600000004,26.77980621,27.36776877,27.50670364,22.351172000000002,24.91292469,23.655561399999996,23.46823323,26.01271281,24.12679423,23.20571378,23.46793263,22.12258615,21.13711253,21.60022516,0,17.20758563,17.98425176,18.38644301,16.88811069,18.15608041,17.73333956,15.52729992,15.65086915,13.07383459,10.41560979,6.062144898,5.694215449,5.007306937,8.462297554,9.678155116000001,9.947653219,9.982244504,10.02243855
root/Europe&CentralAsia/Hungary,root/Europe&CentralAsia,0,0,0,0,0,0,0,0,0,0,0,0,0,0,0,0,0,0,0,0,0,0,0,13.98121946,17.79142283,21.02223675,22.61705802,23.86100444,23.76164991,21.133187699999997,21.49533751,21.93999878,20.33171607,17.66105241,18.04107145,17.34208885,19.03080672,17.97547675,18.51973525,20.06599799,21.54861398,21.98463804,21.91122324,25.19684149,25.43074838,25.46245766,24.44965296
root/Europe&CentralAsia/Iceland,root/Europe&CentralAsia,0,0,0,0,0,0,30.4116652,30.96589677,28.68704167,27.12361426,28.05333922,25.74743442,23.42308071,21.96895571,21.71073042,19.71523723,21.43668932,19.84309346,19.73153749,19.61224473,19.30096851,18.44410816,17.86225433,19.65329471,19.99723131,19.11016185,19.34326621,20.15445086,19.82538483,17.38766092,14.98684524,19.745075399999998,22.354052199999998,18.2095827,17.00730028,14.01257416,13.55576907,16.66347815,4.064417523,6.381264965,8.64657845,11.76935932,13.401362900000002,21.68432825,21.60200315,24.25693461,28.93107422
root/Europe&CentralAsia/Ireland,root/Europe&CentralAsia,0,0,0,0,0,0,0,0,0,0,0,0,0,0,0,0,0,0,0,0,0,0,0,0,0,0,0,0,0,0,0,0,0,0,0,32.28669269,31.23408208,27.21335024,22.05181796,19.55473527,20.09284852,20.221265300000002,22.51473704,25.59758723,28.19467174,40.58138237,43.98158504
root/Europe&CentralAsia/Italy,root/Europe&CentralAsia,26.70455642,25.13633979,24.42601969,24.75023108,25.68051793,23.88747201,25.48430888,25.40014371,25.77775637,25.83134476,24.55964327,22.49022178,22.18469687,22.68608315,22.801834600000003,22.43671289,22.06250124,21.88246433,21.94472128,21.28628355,21.26372355,20.45215707,19.48823316,20.0870835,20.19991548,22.14971001,22.375676199999997,22.29767288,21.50147682,21.1693736,20.85286122,21.25969683,21.23095113,20.56211663,20.85690706,20.16556696,20.31929487,20.77723386,19.14740824,17.52162616,17.14586337,17.50292673,17.52037657,17.94617141,18.90010845,18.87202749,19.60127555
root/Europe&CentralAsia/Kazakhstan,root/Europe&CentralAsia,0,0,0,0,0,0,0,0,0,0,0,0,0,0,0,0,0,0,0,0,0,0,0,0,0,14.996386600000001,19.22194915,16.24906841,15.32519835,14.08134245,21.6328476,22.57031049,24.23185197,26.36981874,29.06492158,32.54469369,35.36448796,31.40706738,37.68501506,28.912445299999998,30.26946939,33.0338352,29.73037298,28.21917881,31.94209226,26.61014557,23.173422199999997
root/Europe&CentralAsia/Kosovo,root/Europe&CentralAsia,0,0,0,0,0,0,0,0,0,0,0,0,0,0,0,0,0,0,0,0,0,0,0,0,0,0,0,0,0,0,0,0,0,0,0,0,15.80250485,16.766857,16.52902256,21.93336424,20.92523276,20.87239188,22.57182046,23.73307556,18.49333677,17.95807857,18.3187558
root/Europe&CentralAsia/KyrgyzRepublic,root/Europe&CentralAsia,0,0,0,0,0,0,0,0,0,0,0,0,0,0,0,0,0,0,0,0,0,0,0,7.076446645,5.191006993999999,8.228266296000001,1.8542239390000002,14.47256756,8.347728208,2.9260804780000003,15.60055036,17.86150611,17.52357705,10.39033648,16.16983226,15.24188437,11.1143682,21.117165399999998,15.24898643,26.16937542,21.28881972,19.474552199999998,13.07560213,9.674726075,12.04369431,15.19117606,24.19559779
root/Europe&CentralAsia/Latvia,root/Europe&CentralAsia,0,0,0,0,0,0,0,0,0,0,0,0,0,0,0,0,0,0,0,0,0,0,0,0,0,13.01354532,12.28129482,14.11633802,16.18608392,12.99834608,18.60209235,19.42086133,20.44727644,21.39648765,20.36001444,22.84756889,18.27639263,21.06233587,22.70821371,27.94073842,21.18313036,22.11456571,22.79166367,22.03908739,21.20732468,21.98097934,21.05101202
root/Europe&CentralAsia/Lithuania,root/Europe&CentralAsia,0,0,0,0,0,0,0,0,0,0,0,0,0,0,0,0,0,0,0,0,0,0,0,0,0,13.35475677,12.570139300000001,15.16494745,13.07971943,10.716526,13.11893303,14.50290355,15.66818891,15.48304547,15.58504197,17.19627025,16.36419027,17.42314596,14.79340863,13.57586121,17.06995579,17.89025086,18.60303575,20.82765977,22.68019355,19.04881096,17.02508244
root/Europe&CentralAsia/Luxembourg,root/Europe&CentralAsia,0,0,0,0,0,0,0,0,0,0,0,0,0,0,0,0,0,0,0,0,0,0,0,0,0,0,0,0,0,37.79270037,38.2319096,36.63661271,33.08127919,32.59362423,39.97395734,42.54545896,39.40692643,45.89924399,41.79142131,21.59403673,32.17457715,30.79495626,27.96223517,27.72959737,28.61607665,31.92321911,31.88028094
root/Europe&CentralAsia/MacedoniaFYR,root/Europe&CentralAsia,0,0,0,0,0,0,0,0,0,0,0,0,0,0,0,0,0,0,0,0,0,0,0,0,0,0,13.56475883,13.95330182,15.89331445,20.78086402,22.31471174,12.73902105,13.21466092,15.90568058,14.66381161,18.8816122,21.98741967,18.50400926,16.39736321,20.56433581,24.13575938,26.34098197,27.25166384,28.04061476,30.29630703,30.13567572,32.15465948
root/Europe&CentralAsia/Moldova,root/Europe&CentralAsia,0,0,0,0,0,0,0,0,0,0,0,0,0,0,0,0,0,0,0,0,0,0,0,0,0,18.07884274,12.74513371,9.352893122000001,6.254138084,16.71152109,16.05591912,17.23405379,16.52638377,14.93123369,19.77348207,19.25356148,19.48177128,23.542969199999998,21.24037082,13.30574919,13.26614722,10.57387156,13.5494036,16.54505538,16.81807377,14.27419023,16.20324954
root/Europe&CentralAsia/Montenegro,root/Europe&CentralAsia,0,0,0,0,0,0,0,0,0,0,0,0,0,0,0,0,0,0,0,0,0,0,0,0,0,0,0,0,0,0,0,0,0,0,0,0,0,5.043588355,8.169944838,0.7607479709999999,1.25269448,1.478936936,1.910878575,5.037853878,4.944476766,6.712144857999999,7.902372163
root/Europe&CentralAsia/Netherlands,root/Europe&CentralAsia,30.99469892,30.71226199,30.7534685,32.12735544,28.85066848,27.52716853,28.131564,26.989819800000003,25.32023047,24.615108,24.82880832,24.944152,24.35880173,24.86610944,27.50165562,25.94794369,26.27031142,25.82092799,27.30176845,28.73550235,27.77247087,27.13491781,26.531362199999997,26.44850338,27.31133784,28.18248249,28.38898632,28.6568173,27.29293149,28.56125846,29.20460581,27.42586794,26.28961424,26.96642435,27.82908658,27.26776241,29.16899055,29.41385053,28.00879353,27.04826717,27.94481073,29.02532174,28.84839459,27.90022567,27.4378311,28.61438241,29.12036752
root/Europe&CentralAsia/Norway,root/Europe&CentralAsia,0,0,0,0,0,30.42077948,28.84105496,26.56290886,27.29313992,27.61306874,31.47865458,32.13691331,30.73538623,31.21926618,33.69440852,32.68961189,27.36444322,27.2360586,26.93379141,27.86623718,27.5744772,26.32658779,25.45736126,25.51486118,26.28834095,27.79224223,29.72281408,31.41039304,28.17265059,30.20210851,36.98583105,36.26910093,32.67153022,31.43872,33.96560454,38.41482612,40.29206324,39.61781115,41.93563146,35.25505021,36.17616835,38.19253648,38.69575469,37.80404918,37.49744013,34.15330008,31.65739546
root/Europe&CentralAsia/Poland,root/Europe&CentralAsia,0,0,0,0,0,0,0,0,0,0,0,0,0,0,0,0,0,0,0,0,0,14.54624894,11.47455972,12.27146588,18.56681902,19.96158764,19.52949602,19.87739789,21.17014929,19.87424675,18.70599481,17.48755659,15.75541013,16.50476338,15.12318743,17.47770191,18.11240493,19.21137586,18.3417602,17.06761734,16.57129198,18.03089592,17.94884042,18.36156724,18.95640394,20.65154987,20.15974992
root/Europe&CentralAsia/Portugal,root/Europe&CentralAsia,0,0,0,0,0,15.5182674,18.74760478,23.20053162,27.92723052,30.36953694,30.40212232,27.339144899999997,25.89648014,23.786343600000002,21.05123816,22.74305552,26.43032558,28.89230453,29.34558522,29.33429789,27.960240600000002,25.28912154,25.30564236,22.77964814,21.7094676,24.44787934,21.16853268,21.46068663,22.02698877,20.17172196,17.92674017,18.09286417,17.34161243,16.302685999999998,15.42819467,13.57477395,12.64813001,13.28463497,10.94499627,10.7115373,10.65311835,12.97483537,13.71170773,15.39677886,14.96096936,14.93064545,15.52081171
root/Europe&CentralAsia/Romania,root/Europe&CentralAsia,0,0,0,0,0,0,0,0,0,0,0,0,0,0,0,0,0,0,0,0,20.77719698,24.90260974,22.98054472,24.35226395,23.35699995,19.04015274,16.45530985,15.57589608,11.4884694,12.02068914,16.25006962,17.33384883,19.37523444,16.51858491,16.75849291,15.776222800000001,17.52388323,18.13316067,22.06080827,22.63006965,22.006739000000003,23.12124805,22.56354306,25.04389091,24.41025705,24.52797089,23.38143386
root/Europe&CentralAsia/RussianFederation,root/Europe&CentralAsia,0,0,0,0,0,0,0,0,0,0,0,0,0,0,0,0,0,0,0,0,0,0,0,0,29.71441685,28.26243445,26.89574271,22.42637929,17.93946568,29.40353716,37.11668237,33.42230944,29.27460739,29.99868055,31.50571065,31.90390307,31.64555174,30.81280297,32.43844796,23.42833872,28.05403092,30.16480462,28.72578465,25.53979449,25.83508563,28.07673496,26.07264424
root/Europe&CentralAsia/Serbia,root/Europe&CentralAsia,0,0,0,0,0,0,0,0,0,0,0,0,0,0,0,0,0,0,0,0,0,0,0,0,0,0,0,0,0,0,0,0,0,0,0,0,0,12.83864404,10.38347289,13.64054442,12.76625358,11.86573865,10.54904799,12.56088248,12.11195829,14.89017123,16.0333027
root/Europe&CentralAsia/SlovakRepublic,root/Europe&CentralAsia,0,0,0,0,0,0,0,0,0,0,0,0,0,0,0,0,0,0,0,0,0,0,0,0,0,29.24245223,26.55240452,27.27712396,25.73547157,25.11976938,25.04847408,24.03612703,23.75974986,20.43590329,21.324434699999998,22.55524091,21.97923911,24.35152357,23.2973413,17.55080172,19.93795299,20.03155604,21.67601017,22.45072912,22.69881828,22.84849105,23.30579665
root/Europe&CentralAsia/Slovenia,root/Europe&CentralAsia,0,0,0,0,0,0,0,0,0,0,0,0,0,0,0,0,0,0,0,0,0,0,0,0,0,24.07994208,24.5455002,25.68592103,26.01676438,25.35825595,25.565126899999996,26.19121634,26.21643335,25.68043215,26.12373527,26.98194154,28.93354667,29.50197027,28.36285976,23.27806898,22.27457413,22.25856931,21.49345436,23.01242931,25.57437677,24.72725826,24.99543255
root/Europe&CentralAsia/Spain,root/Europe&CentralAsia,0,0,0,0,0,26.07032133,23.53191701,23.79393907,24.23548815,23.22840216,21.31664,19.34272962,19.40698276,19.20758839,20.82262047,21.49823135,22.49162748,22.40095606,23.60028639,23.00810098,22.55019389,21.93658868,20.08618728,19.80693313,19.47268065,21.78770007,21.51728257,22.50668961,23.17343024,22.64987962,22.57386834,22.66164807,23.33791369,24.05568345,23.29588637,22.78721662,22.61650963,22.23269627,20.96205892,20.59787072,19.87325147,18.97756587,19.79720065,20.29903747,20.53753082,21.48925139,22.41537823
root/Europe&CentralAsia/Sweden,root/Europe&CentralAsia,32.94736858,31.48999463,30.71268551,31.03878029,30.56579692,31.34215167,28.94757453,24.92200268,23.61299508,24.86525708,25.64490391,23.28174156,22.08753896,24.08477637,26.66767155,27.03822765,26.97674914,27.32666832,28.315575899999995,29.66768315,28.59085238,24.60562243,21.42078438,18.60841003,21.88651469,24.70385216,24.59920739,25.19474438,26.21167583,26.24091831,27.42296794,27.92341854,26.93689734,28.00278234,28.23024745,28.70370606,31.02974592,32.35850334,31.65558541,27.10564506,28.67208202,28.35678632,27.24293407,26.89935762,27.495414899999997,28.55522951,29.3735745
root/Europe&CentralAsia/Switzerland,root/Europe&CentralAsia,0,0,0,0,0,0,0,0,0,0,31.55030963,32.24510304,31.31931862,30.562607399999997,32.39991971,32.80261705,32.39588881,32.04664179,33.50330638,33.66672663,33.61489829999999,31.75333104,29.77031299,30.26268404,30.44247606,30.53699758,29.85433956,31.03192616,31.60644344,31.5389827,34.09309137,31.85425838,30.48786728,33.01684114,33.56992939,34.60333492,36.74746125,34.42739587,29.36588662,33.35131121,36.81066397,34.692318,34.92905164,34.18112516,32.54996546,34.32667205,33.45288021
root/Europe&CentralAsia/Tajikistan,root/Europe&CentralAsia,0,0,0,0,0,0,0,0,0,0,0,0,0,0,0,0,0,0,0,0,0,0,0,0,0,0,0,0,0,0,0,0,14.38927267,11.90019464,10.88405788,4.2044837269999995,2.586661992,14.7291875,12.90413769,13.07297616,11.87422741,8.438441102,8.822354192,8.695544063,0,0,0
root/Europe&CentralAsia/Turkey,root/Europe&CentralAsia,0,0,0,0,16.1060673,14.88070224,16.34492619,15.19545112,13.03731962,12.87906834,13.11752295,15.07781412,15.42101642,13.03800462,13.25403264,14.27747909,16.4159267,24.34521004,26.51027667,23.43030133,21.93400551,21.90001636,21.58946122,21.78353061,22.67079557,22.13663725,19.22206187,20.41705945,25.91240133,21.920594,21.29115672,21.42243789,22.24056944,20.27199661,21.78108678,23.10009813,24.22089574,23.46076007,24.219365,21.66653952,21.50078269,22.66568372,22.98006726,23.41053061,24.65072005,25.08157196,24.75063281
root/Europe&CentralAsia/Ukraine,root/Europe&CentralAsia,0,0,0,0,0,0,0,0,0,0,0,0,0,0,0,0,0,0,0,0,0,0,0,0,32.76970778,23.34566909,20.23587516,19.03211025,18.77214346,23.08799892,25.11779252,25.92114748,28.03406523,28.06226089,31.77806948,25.87737461,23.63860658,22.46465922,21.01326662,15.90465979,17.81344626,16.14959628,0.776148576,8.884749805,9.994217936,15.90788361,17.62434046
root/Europe&CentralAsia/UnitedKingdom,root/Europe&CentralAsia,29.276535100000004,28.93330477,26.89358476,28.56731533,27.51184017,27.6981091,30.00769762,29.98809614,29.43347135,27.91901553,25.90842018,24.28139812,23.97686768,24.37379457,24.5289701,24.26677384,23.01109197,22.69388593,22.9589826,22.1979844,20.62399534,19.5198423,18.74121312,18.6661361,21.30398672,14.61685755,14.95107485,15.47892936,16.65551764,15.02672166,15.64954697,15.37709374,15.05180256,15.15208995,14.78317716,15.33630933,14.87403278,15.37372063,13.10265201,11.00516961,12.53396592,13.46357985,11.91830646,11.71994295,12.00041583,12.10828888,11.6098674
root/LatinAmerica&Caribbean,root,63.51350669,58.07539055,67.09623260000001,73.86018378,95.31781403,161.876698043,258.52292069099997,372.619311547,383.18424423100004,404.90811531700007,423.646375323,379.9156826149999,339.15265852199997,343.532465739,340.173045912,358.87126808000005,336.796583469,370.42993297300006,388.00506136800004,381.651186582,420.45616265399997,379.625850225,452.883764533,433.722992134,445.0602336549999,483.078027369,510.4710378630001,472.129993843,461.1206902499999,453.5770893800001,446.91353240999996,406.359668896,448.55293979100003,469.7911186970001,500.02916028399994,527.326985448,607.5325006470001,614.548920227,563.6959812810001,544.4438357800001,542.036563615,556.042309091,546.96293864,534.264721762,524.724620696,502.43846678,512.0743553840001
root/LatinAmerica&Caribbean/Argentina,root/LatinAmerica&Caribbean,0,0,0,0,0,0,34.03849326,32.76262784,30.37098622,25.44612426,23.19194457,20.35493402,19.53170789,19.65415706,18.58452627,18.68893603,15.48284905,15.93860122,18.41005366,14.87602961,16.77964132,13.99429472,13.91051634,15.79257671,15.84935181,16.24303494,15.91009496,15.53818844,15.47729596,14.18639134,13.38305909,13.14537871,21.88768327,21.95798774,20.33803495,22.10916471,22.15436556,22.84118299,21.66078055,18.89925064,17.93432732,17.86599343,16.61363518,15.53681482,16.25420375,14.60355782,13.96123633
root/LatinAmerica&Caribbean/BahamasThe,root/LatinAmerica&Caribbean,0,0,0,0,0,0,0,17.93771846,11.38234459,10.89246562,17.52998001,14.757570999999999,21.52484966,23.32057957,14.92004264,18.45240963,18.31884311,18.75765673,0,25.13752389,23.62454898,20.9524719,25.29507005,21.4195573,21.00403665,31.82014593,36.12047166,20.25978701,21.80040846,27.03235247,25.33906043,21.48103384,24.84884874,23.82799285,25.90739741,21.70644519,17.94919916,19.32550354,17.59577541,16.30627612,14.14366779,10.83200899,21.48424677,21.80041637,16.79695553,17.47302664,18.08091501
root/LatinAmerica&Caribbean/Barbados,root/LatinAmerica&Caribbean,0,0,0,0,0,0,0,0,0,0,0,0,0,0,0,0,0,0,0,0,14.79673114,12.54162029,15.03547201,13.8603341,18.61933396,13.58556802,14.41252983,12.87226993,15.81612425,14.92774289,14.28313855,11.67020909,11.94206149,14.22910843,10.14585643,8.27411745,13.42354375,12.94013749,7.224818159,8.52898388,3.074557555,4.590665136,0.41670453700000004,3.1402611830000002,0,0,0
root/LatinAmerica&Caribbean/Belize,root/LatinAmerica&Caribbean,0,0,0,0,0,0,0,0,0,0,0,0,0,0,22.89766971,20.38712921,29.03082723,29.07840951,25.94401042,27.59010601,33.27541268,23.42593665,27.02787933,28.00561253,19.14952271,23.14494955,21.76375268,19.67766268,15.96794118,12.69269824,12.3591311,3.679909621,8.282604484,3.116653835,5.511905963999999,8.036484599,16.24664041,16.42707628,16.36814379,13.401472,10.43838476,13.96135275,13.87997528,10.76816096,12.84754966,12.73050157,0
root/LatinAmerica&Caribbean/Bolivia,root/LatinAmerica&Caribbean,0,0,0,0,0,0,21.09661303,19.69985141,20.53721336,20.58013724,20.2649659,22.34510802,9.94407302,16.726518,12.817157,9.908984174,4.107556908,6.129393021,7.3103154660000005,9.314241161,10.20556301,9.39496037,8.917161542999999,8.110810363999999,10.43869472,11.32436766,12.95034255,12.90542241,13.07179471,10.91725497,11.319712599999999,11.55580302,12.62327303,15.048581,17.82824671,20.69827982,27.53745331,29.74512792,29.94658311,23.82572271,26.12435087,26.88969246,27.33862117,25.47618982,21.91732754,14.71966453,15.33280999
root/LatinAmerica&Caribbean/Brazil,root/LatinAmerica&Caribbean,0,0,0,0,0,21.83711417,19.52124571,20.11644129,19.95870231,18.52161168,18.47511656,19.44343243,16.12051958,14.14234435,16.70760955,20.16603705,17.922962300000002,22.66872297,24.93834871,33.97764362,19.43617945,18.9673369,20.46382403,20.68892891,20.43204364,14.73546043,13.03617092,12.57100088,12.06565826,11.17899624,13.08812491,12.92905597,15.17853548,16.01553584,18.711150600000003,17.78789921,17.53942077,18.04403263,17.72704392,14.54978235,18.49871823,19.0627538,18.4416741,18.56023936,16.34188224,14.74741982,14.17305288
root/LatinAmerica&Caribbean/Chile,root/LatinAmerica&Caribbean,0,0,0,0,0,8.524419741,15.014919599999999,11.32934791,12.90476479,12.96498895,14.76483796,9.065074587,2.30019915,6.707102097000001,8.717984815,9.079333856,12.8569806,18.88689662,24.41434498,25.92514998,25.67388984,24.79486837,24.3919055,24.16768975,24.55929656,27.401994300000002,24.60234005,24.05102969,22.48762122,21.67260652,21.83394834,22.04324309,22.37283996,22.06865132,24.50164522,25.50830534,28.843083399999998,28.35062748,24.66332073,24.51340353,26.35383657,24.47617885,23.51701712,22.45155865,22.31411125,21.95881464,20.78542163
root/LatinAmerica&Caribbean/Colombia,root/LatinAmerica&Caribbean,16.82405,13.615312699999999,15.57829208,17.55748925,19.63771481,17.08169478,19.368682699999997,21.37397787,20.28438856,19.48815543,19.67975414,16.70372046,14.07735025,14.49618876,15.75391665,17.59056047,24.11797508,22.23387908,22.41851734,20.90981427,22.80816948,24.13112516,18.77713005,18.267977899999998,19.49504854,18.84695308,15.44539542,13.76139584,13.04232978,13.5937709,13.87411763,13.15886544,14.30801073,15.94124525,17.43419596,18.131317499999998,19.589668399999997,19.23830993,20.12244643,19.28176838,18.74152076,20.51376989,20.13797063,20.04723131,19.38404398,18.88678957,19.50975647
root/LatinAmerica&Caribbean/CostaRica,root/LatinAmerica&Caribbean,0,0,0,0,0,0,0,17.16949966,13.29395454,12.08452628,12.62564775,16.06318604,15.9602964,9.053494523,11.95543397,11.50426924,14.64770708,15.02843271,15.19904402,11.53132153,12.00611291,13.89523497,15.12240363,13.40793881,15.28069032,15.71938701,13.777023999999999,15.16483408,16.63687129,7.52351909,16.41990861,17.30136575,14.98585412,14.03640816,15.47971614,14.60024697,16.87936724,17.70393368,15.742856699999997,16.28320776,16.164679,14.04491159,14.839611999999999,13.589475899999998,13.66099235,15.49926507,15.87062489
root/LatinAmerica&Caribbean/DominicanRepublic,root/LatinAmerica&Caribbean,13.33830014,10.65913597,18.07104095,19.81368922,13.0940967,23.25503757,18.297721799999998,19.26344895,19.93125707,23.47240194,15.76201206,18.79723021,14.91459235,16.79179189,16.36166684,10.01710235,11.81819162,13.60929264,17.46779611,19.392508499999998,16.81367227,14.60314517,11.60226024,15.49696858,17.21315483,16.28963052,18.1495773,18.29140803,22.00461308,20.639244899999998,18.86052752,18.352120899999996,18.31202906,20.40045904,20.61863947,14.16094173,14.77507435,23.86535891,20.85323632,18.83134648,18.99024598,17.67136928,18.1908381,20.38565469,21.56696517,22.46326501,22.61389928
root/LatinAmerica&Caribbean/Ecuador,root/LatinAmerica&Caribbean,0,0,0,0,0,0,18.51303611,21.95328395,21.77600103,20.84713152,22.98961928,23.18459016,15.43972855,17.73691147,16.33631953,17.99722875,16.559705400000002,12.90066142,14.98188084,16.07213088,19.29707544,19.55345183,22.76259567,15.48616327,16.00917296,15.08298132,17.46981561,17.55882118,15.59275747,23.64702039,27.8921135,20.40471233,19.56872057,19.28683378,20.17765356,23.85498737,27.20408401,27.86983667,30.2592489,26.89995365,25.98708337,28.19190931,28.13167996,27.61355714,27.83370811,24.92642325,27.13474911
root/LatinAmerica&Caribbean/ElSalvador,root/LatinAmerica&Caribbean,0,0,0,0,0,0,19.07273462,24.96808381,17.29698473,18.76373039,13.62688283,6.367013882,10.49018598,11.06145993,10.29988764,9.546098335,16.45083955,16.26850085,15.84143606,16.5270753,11.98802147,12.35835235,16.42838318,17.52615225,19.46814387,17.70988711,13.46842155,14.42360095,16.84607269,14.84096039,13.91728967,15.88912674,13.86940136,12.67034109,12.50097781,12.81356341,13.0094075,10.49840701,8.199877387,12.25308455,11.10958629,9.81919709,9.110485533,8.806935236000001,9.171094216,10.78788789,12.22090981
root/LatinAmerica&Caribbean/Guatemala,root/LatinAmerica&Caribbean,0,0,0,0,0,0,0,19.58924763,17.49710664,16.1081487,14.03551104,10.68356602,9.78484942,8.713116937999999,7.71116004,9.07344797,10.17150757,7.862282662,8.673790162000001,9.385647682,10.93876334,12.45662788,11.89682705,11.22380988,10.82678398,11.27047893,9.926833764,10.24800887,12.25845301,11.94282058,12.54295143,11.53560113,15.51196675,15.95756522,17.32985611,15.43297527,16.09960577,16.22311707,11.74798144,13.55692274,12.77031841,12.20701388,12.70779029,12.22484178,11.89565503,13.80870789,14.60852772
root/LatinAmerica&Caribbean/Guyana,root/LatinAmerica&Caribbean,0,0,0,0,0,0,0,7.091827747000001,14.88018697,16.81187422,14.307854699999998,3.304518138,7.732829594,13.70134125,4.767074515,6.740103695,0,0,0,0,0,0,23.64151478,24.08347075,16.52562555,25.81746648,25.78346441,19.19585837,14.79640941,15.69600412,9.116768400000002,3.7811530230000003,6.674321475,10.72483902,10.62233005,4.921340697,18.35641947,16.1824777,8.741814676,16.45478626,13.34030885,9.532122278,11.17454904,2.796809853,16.3248397,16.13443072,29.79804231
root/LatinAmerica&Caribbean/Haiti,root/LatinAmerica&Caribbean,0,0,0,0,0,0,0,0,0,0,0,0,0,0,0,0,0,0,0,0,0,0,0,0,0,0,26.79492314,23.10708815,25.73283909,26.544394099999998,26.08110881,22.91724453,22.60180844,29.31865306,26.02825568,27.83229531,27.44989614,29.194510700000002,24.40680355,25.60679116,23.77352189,23.39694195,23.92142926,23.27758903,23.26122658,30.07900649,30.66426491
root/LatinAmerica&Caribbean/Honduras,root/LatinAmerica&Caribbean,0,0,0,0,16.31243878,9.196347032,11.9573648,16.00125011,20.086437600000004,20.28651107,14.18571311,11.76908752,7.635560537999999,7.972741192000001,9.289099526000001,12.65746207,11.990338000000001,14.33840439,20.26352459,17.36731091,23.04920782,21.2341218,20.62151737,24.98871064,29.30978865,28.58333006,26.97051491,28.86045454,29.04321469,30.55787124,20.9593786,19.55430933,19.55147287,19.82553643,21.44255782,25.23730669,26.3265425,24.94497455,21.56812536,17.23096084,18.37468382,19.56061177,17.23351889,13.3679606,15.49856439,20.84827152,21.02205092
root/LatinAmerica&Caribbean/Jamaica,root/LatinAmerica&Caribbean,0,0,0,0,0,0,8.527590971,12.22519473,16.94579966,16.00897333,13.001099900000002,11.54688375,10.42103195,11.00509431,12.70819192,15.73372381,17.89617334,18.05307913,26.53045266,23.07951983,20.92179931,21.78930842,33.39008164,25.24468837,26.44058027,25.85946212,25.67702537,23.42505045,0,0,0,0,17.04365428,19.17269433,22.02085279,16.03508326,18.42214621,16.37678065,6.491515009,13.78402598,14.02344751,9.290736519,11.14834695,12.19976353,14.48619361,18.7123466,21.460238
root/LatinAmerica&Caribbean/Mexico,root/LatinAmerica&Caribbean,0,0,0,0,0,0,0,0,0,22.5093484,22.75939933,22.11379064,23.09946245,26.62438806,24.10968844,23.60637547,18.95243738,23.00772226,22.10014209,21.08010879,20.95469204,19.07910612,16.99860476,16.00592484,15.58938749,19.18953404,20.03060566,19.67575804,20.47029703,20.9556048,21.22039529,19.43910731,18.51781969,21.26310815,22.26909023,21.97205727,23.27159986,24.58471513,24.90695168,24.45953939,23.62704688,23.14353554,23.67372216,21.34330822,21.65670286,22.49432432,23.48340963
root/LatinAmerica&Caribbean/Nicaragua,root/LatinAmerica&Caribbean,0,0,0,0,0,0,0,14.86001131,7.0715550810000005,0.9587532609999999,8.605073312,3.375495728,2.39352515,5.836884499,3.587592496,10.44600243,6.720638171,13.34142889,31.94648415,12.13048332,16.05009876,9.27114597,33.16941575,22.49365279,7.128759465,1.6075824090000002,3.6151731189999996,6.851162863,11.07197861,13.49501722,10.05009608,9.447119742,8.583131113,9.879706466,13.18502228,14.53942796,15.61628853,16.68495499,18.99979674,17.52146121,18.55225634,21.67156566,23.11164572,22.72070949,24.32440912,26.16248968,25.17578794
root/LatinAmerica&Caribbean/Panama,root/LatinAmerica&Caribbean,0,0,0,0,0,0,0,13.11391804,16.1925734,10.54393999,20.14431062,17.68507977,26.626338,23.29681034,12.18834901,15.50581951,13.9067783,23.42377076,11.70519738,0.368108339,14.84298526,10.27024299,16.13994933,19.68324622,22.60431443,23.89484614,26.23276903,25.94259345,23.32427192,23.282379199999998,25.02433288,19.06059017,18.11625755,21.09256473,16.852358499999998,17.53534991,20.68171644,28.69679881,29.10087738,27.35539218,22.57138156,29.60204083,31.87138783,33.92282659,36.18325545,31.59528729,35.28255657
root/LatinAmerica&Caribbean/Paraguay,root/LatinAmerica&Caribbean,0,0,0,0,0,0,0,0,0,0,0,0,0,0,0,0,0,0,0,0,0,0,0,0,0,21.94396831,22.66026682,19.06292637,22.76043593,21.22525079,15.00532661,17.57435553,27.4935409,20.91196878,19.43842929,19.04436237,21.03125072,22.7438186,18.16843945,17.63361865,16.71024,17.963616000000002,13.54262163,17.8741658,16.40086159,15.44892922,18.6675141
root/LatinAmerica&Caribbean/Peru,root/LatinAmerica&Caribbean,0,0,0,0,0,0,0,12.87816998,19.15645509,29.19973536,31.43393659,28.32472373,29.41678401,23.38569587,24.05989392,24.84328511,15.83112618,16.12539113,16.65700902,13.73495967,13.02508908,13.75208173,12.92160667,13.47398179,17.43810785,17.10477532,16.754027100000002,18.7545124,18.05559851,18.72037218,17.71664893,16.94117235,17.32914964,17.35168162,18.78642397,21.04958701,25.37639032,26.13579409,24.43470452,22.30804821,24.22550076,25.501205300000002,23.88422861,23.3359321,21.87511352,20.63747247,20.5438272
root/LatinAmerica&Caribbean/StLucia,root/LatinAmerica&Caribbean,0,0,0,0,0,0,0,0,0,6.206862826,26.75578014,23.86722498,25.26837737,29.04358367,25.93967555,22.74402521,16.29631565,14.01167431,17.12528849,11.20125521,7.088043433999999,8.926831325,15.81246613,18.94148843,21.29971535,23.00502785,16.05050658,12.85082228,18.25306992,14.58748815,15.36701115,9.66953343,7.653239698999999,3.7208007660000004,15.53271414,15.96715821,8.707342787,0.8694349570000001,3.31913573,16.76756308,10.85532827,8.504803928,12.34333505,12.88130077,7.4609126020000005,13.91736297,8.402734554
root/LatinAmerica&Caribbean/Suriname,root/LatinAmerica&Caribbean,0,0,0,0,0,0,0,0,0,0,0,0,0,0,0,0,0,0,0,0,0,0,0,0,0,0,0,0,0,0,0,0,0,0,0,5.539925392000001,35.27208214,51.76802734,52.94670452,49.90252720000001,52.51826423,66.90622344,63.56365352,60.60676074,63.57314656,51.17052439,65.06948004
root/LatinAmerica&Caribbean/TrinidadandTobago,root/LatinAmerica&Caribbean,0,0,0,0,0,42.65788542,36.51389124,34.559397499999996,32.3926431,30.30082714,38.09413309,33.72065874,18.56297944,14.64195024,16.62203825,21.66610643,12.53180978,15.27477574,11.69108947,16.96887133,24.60813836,15.68080635,15.57729977,15.78174167,26.59305499,27.03404153,28.42314755,20.54275146,23.8385718,22.54100686,25.37273635,33.77095449,24.75804834,35.98609399,33.18947324,55.17547209,57.96640217,39.29263067,35.61902014,27.50968178,33.63620019,31.49032221,22.89328485,32.79424960000001,27.95445789,15.288076,0
root/LatinAmerica&Caribbean/Uruguay,root/LatinAmerica&Caribbean,0,0,0,0,0,0,0,0,19.27809544,19.15423492,8.395053531,17.09623893,15.21072796,11.57678967,10.829251300000001,10.62141386,13.23845399,13.28991893,15.88386403,14.22685868,14.61934759,16.35107354,14.90044706,14.17351225,13.91259374,14.3489266,14.26651333,13.67369646,14.05918918,12.02546396,11.00166299,11.48136025,15.29740541,15.55934875,17.47799701,18.09961912,16.875435600000003,17.25262392,16.39822938,18.18198997,17.67151108,18.01791547,17.46617818,17.09239106,16.69940149,17.34462141,18.21254609
root/LatinAmerica&Caribbean/VenezuelaRB,root/LatinAmerica&Caribbean,33.35115655,33.80094188,33.44689957,36.48900531,46.27356374,39.32419933,36.60062685,35.72601335,31.94679405,33.75763279,33.0177489,29.34655386,22.69668981,18.04352205,23.00881633,21.89541342,17.94656718,20.201038,18.50247172,20.85451807,27.65297967,22.20170542,18.07943265,15.39805403,19.87303132,21.51422771,30.17933055,32.86388902,26.6468728,29.15085784,34.88498294,29.57634311,31.24126134,30.42675905,36.69837895,41.26327159,40.92807413,36.74872652,36.481750299999995,22.59627508,31.82559533,31.33385174,26.32478628,19.64961716,9.041046507999999,0,0
root/MiddleEast&NorthAfrica,root,16.99301724,145.13642357,159.31350797000002,202.83325587,211.66831296,286.30979551,381.91549219,437.78898969,367.4333325,427.33348471000005,520.3617008800001,446.34454529,382.94824964,377.68411391999996,368.60701374,325.40653496,285.08595531000003,303.1842838,282.59375665,274.52458077,289.21392662,420.63703433500007,253.93666110999993,297.574072194,300.97698757,318.14711018200006,321.90956055299995,311.16277759499997,266.14234709399994,294.542578572,347.02002612999996,296.77017711099995,329.487331262,388.0792467449999,374.70596147200007,507.460117689,526.752174589,545.68581055,551.029964685,342.951267097,364.04295380400004,434.63093088799997,432.009360478,416.3163125760001,394.32616308599995,305.167906775,221.21213026700002
root/MiddleEast&NorthAfrica/Algeria,root/MiddleEast&NorthAfrica,0,0,0,0,0,0,0,35.99900953,37.40504226,39.82103361,42.1513635,39.69376128,38.14144197,38.65714465,31.86995953,30.17129138,22.70263122,22.41328588,18.43004503,18.39807421,25.11013018,34.65905437,0,0,0,0,0,0,0,0,0,0,0,0,0,54.55032924,56.70854038,57.68150719,57.89154836,47.72971878,49.98542,49.00996067,48.08090584,46.38041303,44.13877566,36.80385887,35.52823676
root/MiddleEast&NorthAfrica/Bahrain,root/MiddleEast&NorthAfrica,0,0,0,0,0,0,0,0,0,0,56.085595999999995,54.74436342,49.04712636,46.34561626,42.96244203,39.6153412,28.46183725,29.34498073,33.24122917,22.66900231,17.53883925,14.91009129,11.94461436,11.9681273,17.32919938,18.82694149,18.68434812,17.62019005,9.093312513999999,7.655293653999999,26.38384079,18.91806574,24.04635495,26.73697565,25.20596836,36.91589136,43.10166158,48.75937246,45.58687432,31.92501881,33.35274257,31.95429266,31.22125959,28.38169684,23.28577311,0,0
root/MiddleEast&NorthAfrica/Djibouti,root/MiddleEast&NorthAfrica,0,0,0,0,0,0,0,0,0,0,0,0,0,0,0,0,0,0,0,0,0,33.33880968,26.61529945,31.43583608,21.6936379,23.22925546,22.22576563,19.69683723,20.30327151,21.09385872,14.41987947,19.4864847,21.32410966,28.83142583,22.18891759,25.90948651,0,0,0,0,0,0,0,0,0,0,0
root/MiddleEast&NorthAfrica/EgyptArabRep,root/MiddleEast&NorthAfrica,0,0,0,0,0,0,0,25.69062337,27.42422434,22.36151578,22.41075105,17.75900954,19.243353,29.06026746,25.3287573,19.48673362,14.42346644,26.26879248,29.33489893,26.90224076,31.89440203,31.17783094,34.45662418,30.29092771,23.33096678,21.88337794,18.75300726,18.09539912,19.10727115,19.22596995,17.88252626,18.35871701,18.2415769,18.53391533,21.15570875,21.89860487,22.86090444,23.34265553,23.42785406,16.82984111,18.31797002,17.31217585,13.17950712,14.04050114,12.175826800000001,9.734530738,9.459263571000001
root/MiddleEast&NorthAfrica/IranIslamicRep,root/MiddleEast&NorthAfrica,0,0,0,0,0,0,57.32606045,49.62664131,38.84724999,38.11093131,35.12753326,27.97188034,26.03401909,27.81430203,29.03707176,20.49093448,17.59250192,22.70084688,11.862360800000001,18.63369443,24.76013971,0,0,37.79517159,39.44058023,39.01852061,42.51190333,37.605072,30.92863102,36.15806917,37.13168886,0,0,0,0,0,0,0,0,0,0,0,0,0,0,0,0
root/MiddleEast&NorthAfrica/Iraq,root/MiddleEast&NorthAfrica,0,0,0,0,0,0,0,0,0,0,0,0,0,0,0,0,0,0,0,0,0,0,0,0,0,0,0,0,0,0,0,0,0,0,0,22.73043785,31.56244914,27.83585441,35.97937771,12.0595451,20.31243307,29.68695115,26.80762867,28.18556428,28.40603472,18.10470156,12.40955756
root/MiddleEast&NorthAfrica/Israel,root/MiddleEast&NorthAfrica,16.99301724,25.57713588,29.76365023,27.74357693,19.67171717,18.64875902,22.9176693,22.43827548,21.02752883,23.14465214,20.81458002,17.55836838,17.04345657,18.29265625,19.08410236,25.00470901,24.04734327,16.63242685,17.36714942,18.84552385,20.84308155,24.56798929,25.09332617,23.58994803,22.17080831,21.64230514,21.93254597,22.88473848,23.19532352,23.08028408,22.77485435,21.92974829,20.55569229,20.94052324,22.18399339,24.03269023,25.12036995,24.26134797,21.6313389,22.49338368,22.53311631,23.16519325,22.40762241,23.36775741,24.26631295,25.1470956,24.57872058
root/MiddleEast&NorthAfrica/Jordan,root/MiddleEast&NorthAfrica,0,0,0,0,0,0,31.15781291,35.14467848,18.50169975,28.19567816,43.387057899999995,42.03654908,29.18719517,23.12859711,23.051687,14.69359759,17.96179081,14.9974109,18.99071622,29.56312309,22.10976748,15.80438333,18.97131683,26.91843668,28.33963474,30.40996672,28.56044493,26.93402013,22.65071185,25.29437766,22.4210167,20.41145315,25.15091517,32.18643913,27.44364582,16.29606504,16.96012222,13.02992035,20.17201586,20.75212536,0,0,0,0,0,0,0
root/MiddleEast&NorthAfrica/Kuwait,root/MiddleEast&NorthAfrica,0,0,0,0,0,60.81203442,62.17658572,49.38690038,51.16820632,62.39879483,59.33793656,54.83815561,37.4826977,41.22764392,43.15212716,36.18286209,38.85445414,41.45520673,35.44683571,37.75196036,12.31878724,156.822602,20.09180972,26.90781476,27.854899300000003,31.96917796,34.27789304,35.32151535,22.00950131,26.82451552,42.09104879,33.45920751,25.96928749,33.931019799999994,43.37026147,52.15725963,58.40932455,51.66226986,54.52742203,41.58419534,47.22613956,54.25979182,54.96998238,51.21027552,45.76898874,27.83232579,22.92554038
root/MiddleEast&NorthAfrica/Lebanon,root/MiddleEast&NorthAfrica,0,0,0,0,0,0,0,0,0,0,0,0,0,0,0,0,0,0,0,0,0,0,0,0,0,0,0,0,0,0,0,0,4.421819902,20.43408749,5.130249658,6.158462136,8.872842324,13.15900404,8.592707315,8.17633065,5.896473889,5.008713939,1.302856087,3.902493385,1.786273236,6.91663338,7.693714472999999
root/MiddleEast&NorthAfrica/Libya,root/MiddleEast&NorthAfrica,0,0,0,0,0,0,0,0,0,0,0,0,0,0,0,0,0,0,0,0,0,0,0,0,0,0,0,0,0,0,0,0,20.96274748,38.3209591,34.96355407,44.40946166,67.89064053,69.32948929999999,72.38524859,0,0,0,0,0,0,0,0
root/MiddleEast&NorthAfrica/Malta,root/MiddleEast&NorthAfrica,0,21.84764744,18.63658084,15.23027274,16.25706142,24.48134115,27.8507516,23.65077359,24.97752912,26.77915593,26.97647249,30.2857479,27.85090746,25.28874135,25.41423647,22.12173349,22.80895476,25.23237796,28.1559545,25.45606564,26.7425474,27.16250299,25.02130477,23.25267841,22.92116422,24.06569612,19.76032082,21.22048715,19.33144302,20.81702286,18.29047479,17.50179681,19.94930335,18.68592901,16.62290801,16.93295352,14.64773643,18.51732333,20.21200969,14.97530091,19.64577116,20.58722694,21.27640228,23.89766259,28.78375104,31.35842842,33.04909713
root/MiddleEast&NorthAfrica/Morocco,root/MiddleEast&NorthAfrica,0,0,0,0,0,19.87471042,14.96858423,16.37354052,16.27803175,16.08177626,25.34193111,23.33314078,24.34756138,22.69085959,26.08957196,26.39521032,27.17671759,26.63441658,27.98954179,28.73359055,31.33371349,26.98782633,27.31836395,25.72887654,24.45816332,22.5559204,25.19918532,25.39427768,28.05194934,25.97884349,25.69772892,32.36843827,31.33815906,32.69978753,33.07499118,32.52887392,33.77121887,34.05157373,34.2398058,30.1948826,30.12978794,28.55026865,25.771776000000003,27.39926713,27.17683979,29.4155705,29.45081214
root/MiddleEast&NorthAfrica/Oman,root/MiddleEast&NorthAfrica,0,0,0,0,40.85474357,44.6479821,40.69866681,43.27687078,28.53206648,42.18900646,40.39142103,43.38735438,33.9083183,33.67332309,34.20685008,28.61145785,18.0900484,28.89525527,12.63412921,0,22.47666941,14.266886800000002,13.14895559,8.782683214,11.001280300000001,10.234019900000002,16.09838648,16.79552573,1.498854481,13.06334036,33.13426795,29.12519006,28.47212757,30.39876161,31.71361251,39.03046127,37.47299878,40.65877737,46.87478372,28.91980759,36.24044833,39.18592378,44.63140569,42.334782399999995,36.55876411,26.29666999,0
root/MiddleEast&NorthAfrica/Qatar,root/MiddleEast&NorthAfrica,0,0,0,0,0,0,0,0,0,0,0,0,0,0,0,0,0,0,0,0,0,0,0,0,0,0,0,0,0,0,0,0,0,0,0,0,0,0,0,0,0,65.26157899,64.51599207,61.45687637,58.38235765,47.58602781,0
root/MiddleEast&NorthAfrica/SaudiArabia,root/MiddleEast&NorthAfrica,0,97.71164025,110.91327690000001,159.8594062,134.88479080000002,117.84496840000001,97.85237944,80.08154596,54.32305586,69.55928483,95.60944817,46.8173701,32.32503207,22.5455902,18.74010055,15.42977834,12.14003072,11.9792655,14.99442484,12.50178193,14.63315616,8.419675675,16.53363743,15.21013513,15.31143737,19.50442504,22.15039845,22.77116339,16.62094781,25.28904537,30.11644996,27.7602198,29.07081983,34.69727931,41.86145203,48.25080287,48.01108355,48.18408444,51.83829524,35.87627748,42.99035973,49.87119676,48.11911732,43.62077784,37.8531477,25.13306603,26.76241579
root/MiddleEast&NorthAfrica/SyrianArabRepublic,root/MiddleEast&NorthAfrica,0,0,0,0,0,0,0,32.79657349,24.46737459,30.21269034,26.51906444,22.03107926,24.87304119,21.41019471,23.14211375,22.50027283,20.59223293,12.53935784,10.21043799,11.06605097,15.21342043,9.29549941,11.803572099999998,14.781116599999999,24.71978901,26.87532611,22.04152086,19.25740397,22.69989329,19.068781899999998,23.085088,26.08131023,26.93942189,28.81105238,18.14865792,17.251518,19.04974682,29.43776778,0,0,0,0,0,0,0,0,0
root/MiddleEast&NorthAfrica/Tunisia,root/MiddleEast&NorthAfrica,0,0,0,0,0,0,26.96698173,23.3235568,24.48132321,28.47896506,26.20854535,25.88776522,23.46409938,27.5491773,26.52799379,24.70261276,20.23394586,24.0906602,23.93603304,24.00347267,24.23927229,23.22388223,22.93783656,20.91232015,22.40542671,21.34806941,23.86876992,22.62138316,22.71761413,23.59372172,23.16938913,23.12531249,21.25798154,21.16373844,22.06848373,21.37025408,22.181898,21.88893531,22.80086055,23.00593869,22.23543994,16.25063587,16.70162254,14.74747429,14.37685923,11.21613514,9.405493723
root/MiddleEast&NorthAfrica/WestBankandGaza,root/MiddleEast&NorthAfrica,0,0,0,0,0,0,0,0,0,0,0,0,0,0,0,0,0,0,0,0,0,0,0,0,0,6.5841078820000005,5.845070422999999,4.944764155,7.933622149,7.3994541179999995,10.42177216,8.244233051,11.78701418,1.707352895,9.573556984,2.391935803,1.471432445,12.9800439,23.27851836,4.770414408,6.410509642999999,1.834982979,4.5947975219999995,2.376518435,1.874918334,4.251995965,9.94927816
root/MiddleEast&NorthAfrica/YemenRep,root/MiddleEast&NorthAfrica,0,0,0,0,0,0,0,0,0,0,0,0,0,0,0,0,0,0,0,0,0,0,0,0,0,0,0,0,0,0,0,0,0,0,0,24.6446297,18.65920458,10.90588358,11.59130418,3.658486589,8.766341642,2.69203758,8.428484959,5.014251916,9.491540016,5.370866982000001,0
root/NorthAmerica,root,44.785780810000006,44.903583049999995,44.926214630000004,48.40529841,47.83996551,43.43748371,44.49819805,44.498157500000005,45.112377800000004,47.16621472,45.55222132,46.95722499,42.72594179,41.04418913,43.87229551,41.80903236,39.17736891,40.48712702,42.17231486,40.726634770000004,37.38413224,34.8475615,32.73150928,32.85326025,35.74048532,38.540445160000004,39.88042703,41.512094330000004,41.57310744,42.46934898,44.84143839,42.61655484,40.31623311,39.75758874,41.685182530000006,42.79181155,43.94232764,42.20882408,40.23655588,76.05537409,77.03454304,79.73511603,80.980082,82.63920635000001,41.494986850000004,39.31816567,37.362213770000004
root/NorthAmerica/Bermuda,root/NorthAmerica,0,0,0,0,0,0,0,0,0,0,0,0,0,0,0,0,0,0,0,0,0,0,0,0,0,0,0,0,0,0,0,0,0,0,0,0,0,0,0,42.63873409,42.080193799999996,42.75615661,42.15104202,42.59517263,0,0,0
root/NorthAmerica/Canada,root/NorthAmerica,23.29976312,23.44116965,22.897299,24.77717136,25.32348604,22.56267284,23.02980678,22.33587762,21.71033823,23.56346191,23.30189453,23.56044439,21.07987728,21.1035143,21.89678143,21.29286908,19.94171334,20.77008298,21.62885562,20.83054691,18.43002444,15.83691619,14.80546717,15.49124816,17.60560777,19.65748945,20.2178958,20.748298300000002,20.42005468,21.70090886,24.34781185,23.29371146,22.21557152,22.41097045,24.16207005,24.92185369,25.01986161,24.82999205,24.6416465,18.917844600000002,19.79358715,21.31289931,21.32847177,21.91575397,22.4587365,20.35824587,19.59708747
root/NorthAmerica/UnitedStates,root/NorthAmerica,21.48601769,21.4624134,22.02891563,23.62812705,22.51647947,20.87481087,21.46839127,22.16227988,23.40203957,23.60275281,22.25032679,23.3967806,21.64606451,19.94067483,21.97551408,20.51616328,19.23565557,19.71704404,20.54345924,19.89608786,18.9541078,19.01064531,17.92604211,17.36201209,18.13487755,18.88295571,19.66253123,20.76379603,21.15305276,20.76844012,20.49362654,19.32284338,18.10066159,17.34661829,17.52311248,17.86995786,18.92246603,17.37883203,15.59490938,14.4987954,15.16076209,15.66606011,17.50056821,18.12827975,19.03625035,18.9599198,17.765126300000002
root/SouthAsia,root,0,0,0,0,0,19.60392522,52.25791899,74.86153111,81.21740236299999,86.74043695799999,88.262296608,94.03092832000002,97.34434475,101.22983815999999,102.34668089,96.23561108,92.695275,101.86683163,95.78312543000001,94.07885926000002,95.8654219,99.67283804,106.88370072000001,105.8863555,109.03137826999999,111.03148099999999,106.13205916000001,113.06914652,115.55864477,118.07274429,118.57011858999999,116.09809415000001,131.74863298,135.14984243,143.58675123,149.07713378000003,198.76994215,179.26878892,184.678852807,187.73689059499998,201.871688877,209.17318781999998,219.37942139100002,200.80429661000002,204.58567603299997,193.93038067,201.12928914
root/SouthAsia/Afghanistan,root/SouthAsia,0,0,0,0,0,0,0,0,0,0,0,0,0,0,0,0,0,0,0,0,0,0,0,0,0,0,0,0,0,0,0,0,0,0,0,0,0,0,7.446849837,1.405421685,4.867422027,10.26285561,3.2216402110000004,10.54789284,6.944384812999999,10.28844725,10.87939183
root/SouthAsia/Bangladesh,root/SouthAsia,0,0,0,0,0,0,0.84188991,10.0841137,5.723206372999999,7.089837298,8.324260817999999,14.23484432,15.38726944,17.97957168,15.54568757,15.12767978,16.7588804,16.89705398,16.94579912,15.59388636,16.10295987,18.91466875,20.18398653,20.89305581,22.16022631,21.01796644,20.25696871,23.13246086,24.25977727,25.01648864,26.10671247,25.85554928,28.94890006,28.70537848,29.53814612,30.71348384,32.79135599,33.63856322,34.44126058,35.7989343,35.58127495,34.54427853,36.73761683,35.98457699,35.37489978,33.85177628,35.09996818
root/SouthAsia/Bhutan,root/SouthAsia,0,0,0,0,0,0,0,0,0,0,0,0,0,0,0,0,0,0,0,0,0,0,0,0,0,0,0,0,0,0,0,0,0,0,0,0,53.25759399,28.97234663,34.72330418,31.30922113,35.77270559,42.28279107,51.63107816,26.11012529,30.87786768,22.56365889,33.19712117
root/SouthAsia/India,root/SouthAsia,0,0,0,0,0,18.58028679,20.80465701,20.90439527,24.37600794,22.74627984,20.22171159,20.03642376,20.28645655,19.36404059,20.73705054,21.3651348,21.15372185,23.5187507,24.1525569,25.44899231,27.52609933,24.5241806,25.20919835,25.64290597,28.86434706,28.51535143,27.43599101,30.0251956,27.15065435,29.82396598,28.24951994,28.57310987,29.27027192,32.32121034,37.13948002,38.25215474,39.11090929,41.17572465,36.72870227,38.42068569,38.65426742,35.78552527,34.432970399999995,33.70609445,34.01603837,32.87842721,30.56082877
root/SouthAsia/Nepal,root/SouthAsia,0,0,0,0,0,0,15.26545041,17.36920266,17.35020423,16.39651206,17.1859335,16.82053704,16.31697658,14.42752988,15.76252187,18.62197615,15.51956277,16.81243844,14.8582152,13.22162467,10.29821171,11.67926482,15.05042042,16.59004192,13.95080848,20.98174559,20.34997776,19.080674,20.10377858,20.42254856,21.6516975,18.47895461,25.16470628,25.16136569,27.66263369,30.60070509,29.28239852,30.74502252,36.30319324,36.81053329,37.46409759,39.28973237,39.95366982,43.48656008,45.51229326,45.41174023,39.96250004
root/SouthAsia/Pakistan,root/SouthAsia,0,0,0,0,0,0,14.41272173,19.86273776,23.1685528,21.16778063,23.67379382,23.45630012,23.75173556,27.46243825,24.60695454,22.18552604,20.19903122,24.78003803,20.47038908,20.74333336,21.46993064,25.76262803,24.96734126,19.74848403,22.53842134,20.65454131,18.43910325,18.89638272,20.4035848,18.86797666,20.61256569,22.45665209,25.94182497,27.10745068,26.90607484,25.04864007,21.32437309,20.849819399999998,16.56249192,19.78288568,20.76096934,20.45724448,19.499318600000002,20.38439191,21.3606247,22.22797929,21.64761055
root/SouthAsia/SriLanka,root/SouthAsia,0,0,0,0,0,1.02363843,0.93319993,6.64108172,10.59943102,19.34002713,18.85659688,19.48282308,21.60190662,21.99625776,25.69446637,18.93529431,19.06407876,19.85855048,19.35616513,19.07102256,20.46822035,18.79209584,21.47275416,23.01186777,21.51757508,19.86187623,19.65001843,21.93443334,23.64084977,23.94176445,21.94962299,20.7338283,22.42292975,21.85443724,22.34041656,24.46215004,23.00331127,23.8873125,18.47305078,24.20920882,28.77095196,26.55076049,33.90312737,30.58465505,30.49956743,26.70835152,29.7818686
root/Sub-SaharanAfrica,root,22.36240418,24.42811581,26.52682677,26.67183535,171.966440543,158.426296052,207.841334375,298.17822829,364.973177564,346.53271238499997,336.42767609500004,386.013235505,393.25005369899986,384.952121515,383.184831511,407.0181678730001,393.73736521300003,490.91684831400005,504.7848794520001,494.8067763080001,537.3187666379999,515.910854834,604.8432070849999,576.1529745570001,705.0351149219998,519.7330722419999,714.7936273899999,466.59455391800003,399.700159676,374.73730164899996,508.00587513899984,437.50643924499997,429.62203172200003,436.182083557,488.641581729,553.6198063830001,632.9040813829998,608.7956644619999,585.654988698,504.3598337789999,619.6567022440001,648.830388533,715.4637317019999,693.7208708090001,693.6347066469999,552.414932495,404.60524869
root/Sub-SaharanAfrica/Angola,root/Sub-SaharanAfrica,0,0,0,0,0,0,0,0,0,0,0,0,0,0,0,0.31416,2.1093599999999997,0.77792,0.47872,0.039893332999999996,0.768944,14.0197715,65.82637938,60.33338456,76.40716965,0,98.85053613,15.87853994,7.5873822429999995,1.285981807,29.10181567,2.888916881,12.216747900000001,8.844325447000001,14.46843312,31.46989716,48.04400209,35.46813008,29.58676801,5.7159793489999995,26.09247885,28.08935533,29.62263438,23.22159537,13.31383587,0.45139147799999996,3.0619308839999997
root/Sub-SaharanAfrica/Benin,root/Sub-SaharanAfrica,0,0,0,0,11.05604567,10.16886545,11.21581388,13.61872824,10.50066285,12.628608300000002,4.181059728,3.2596352389999996,13.28441891,8.293215477999999,7.734414853,2.688994287,4.219479762,4.439123848,0.782411517,4.631851439,9.884723626,10.92617069,9.929243,9.857948533,14.832169400000002,16.22812968,15.54692084,16.4034987,15.88521175,13.22994235,13.76696971,15.09435694,15.05404174,12.26377651,14.77134531,12.95910777,13.68597223,15.2594552,12.88038175,11.96299343,11.25871379,12.95701825,13.82661564,16.80783135,18.70656036,15.849534699999998,21.0817539
root/Sub-SaharanAfrica/Botswana,root/Sub-SaharanAfrica,0,0,0,0,0,20.25510739,21.66939694,22.235715399999997,22.78366543,29.80392056,28.69994628,27.87379793,26.64129185,29.91902246,27.91966544,35.50032903,39.37190144,43.98722593,53.38249697,51.97179621,42.844048799999996,44.29022897,40.3060465,40.95061215,31.27673883,32.92768229,40.74042839,39.47376885,41.15606498,38.75380739,41.47986186,42.06349256,38.84899622,42.25224929,38.41359025,46.32620577,47.92101917,51.62597942,37.413760700000005,28.49263435,40.36239454,41.08753984,39.59789034,39.254763,44.15109454,41.13945886,43.98348216
root/Sub-SaharanAfrica/BurkinaFaso,root/Sub-SaharanAfrica,0,0,0,0,0,0,0,0,0,0,0,0,0,0,0,0,0,0,0,0,0,0,0,0,0,0,0,0,0,0,0,0,0,0,0,12.01370842,10.93144461,13.65113917,13.69996803,15.72722261,19.90520055,22.02649926,23.78937568,19.54765233,17.40512276,14.89010081,0
root/Sub-SaharanAfrica/Burundi,root/Sub-SaharanAfrica,0,0,0,0,0,0,0,0,0,0,0,0,0,0,0,10.43017806,8.785705938,14.56104851,8.749894046,14.62374491,8.819994256000001,11.79508257,5.209405333,12.23954916,5.484723732000001,6.092859167,3.798347565,6.119369217000001,0.671539103,2.452335366,1.306505102,1.511112362,4.270988905,6.9133096279999995,6.789851571,17.25527959,0.33548486,14.05409157,9.542932073,0.735167063,6.4036387889999995,9.795398542000001,17.6104759,17.78468266,12.77472083,2.0833082480000003,2.649011924
root/Sub-SaharanAfrica/CaboVerde,root/Sub-SaharanAfrica,0,0,0,0,0,0,0,0,0,0,0,0,0,0,0,0,0,0,0,0,0,0,0,0,0,0,0,0,0,0,0,0,0,0,0,0,0,38.21037023,38.32201173,34.29701132,36.18608243,35.42012419,29.48305579,29.66032252,27.297522999999998,0,0
root/Sub-SaharanAfrica/Cameroon,root/Sub-SaharanAfrica,0,0,0,0,0,0,0,5.309147753,19.96062633,16.52743539,6.262232132,11.71248659,24.38371373,22.589616699999997,25.51014359,24.16315199,24.14603838,18.91461032,19.80435544,18.10910954,16.88885687,16.46310606,11.74303272,13.96255713,17.83375489,19.388264899999996,16.93591518,16.842384399999997,19.24966172,17.79759017,17.15302603,15.46686166,15.09320915,15.686937,20.00271045,19.30680862,20.86438269,20.32281091,21.27886579,19.41471733,18.15804587,19.11386691,18.27511081,17.95084993,19.22583365,16.89675308,16.79770846
root/Sub-SaharanAfrica/CentralAfricanRepublic,root/Sub-SaharanAfrica,0,0,0,0,0,0,0,7.8386472000000005,6.90933348,7.577202412999999,1.600577879,8.099345368,0.98037851,7.5046861279999995,7.171917226000001,11.56797299,8.727350532,8.505319379,10.80262847,12.21037266,11.0517635,9.65415525,9.949593493,12.43038482,15.47010266,0,0,0,0,0,0,0,0,0,0,0,0,0,0,0,0,0,0,0,0,0,0
root/Sub-SaharanAfrica/Chad,root/Sub-SaharanAfrica,0,0,0,0,0,0,0,15.52484699,14.58436334,0,0,0,3.3296637689999997,8.341457452,7.385320105,0.978217546,2.589790153,6.947689992999999,8.700285466,4.475887346,2.3462448769999997,3.032141691,2.913540977,1.043706324,13.47177425,0,0,0,0,0,0,0,0,0,0,0,0,0,0,0,0,0,0,0,0,0,0
root/Sub-SaharanAfrica/Comoros,root/Sub-SaharanAfrica,0,0,0,0,0,0,0,0,0,0,0.359955674,10.9757556,9.458980542,12.10829094,24.48002431,26.35323501,15.98472547,17.77676127,18.3373164,15.52480591,14.42355979,11.44978737,14.88486878,22.70320047,17.2687281,11.23714089,0,0,0,0,0,0,0,5.859939375,5.266350895,3.992732681,5.804208847000001,4.22471466,6.654731013999999,9.345597925,6.818127393999999,6.622789176,10.52483535,0,0,0,0
root/Sub-SaharanAfrica/CongoDemRep,root/Sub-SaharanAfrica,0,0,0,0,0,0,0,0,0,0,0,0,0,0,0,0,0,0,0,0,0,0,0,0,0,0,0,0,0,0,0,0,0,0,0,11.11317314,10.94200109,9.032160106000001,3.8224107430000003,9.116789079,11.14996139,13.08608325,16.08672461,13.72044041,16.81550584,14.40807745,12.56759561
root/Sub-SaharanAfrica/CongoRep,root/Sub-SaharanAfrica,0,0,0,0,0,0,0,0,8.668604873,19.41647636,28.85473621,26.54070306,41.93653112,39.40034188,42.97420331,26.55440367,18.040697899999998,24.58505426,6.209758237000001,17.20942908,38.27145251,21.018056,37.11212899,26.17118174,33.65575839,3.9781569080000003,0.362140006,12.96669616,7.947768449,15.18877482,43.24249013,28.88270469,31.43810997,5.560985017999999,29.05425596,25.03701151,8.898975422000001,22.68102596,27.63078842,21.71844887,36.05323833,39.93151368,35.02485918,25.64794233,32.80019825,11.26892645,0
root/Sub-SaharanAfrica/CotedIvoire,root/Sub-SaharanAfrica,0,0,0,0,0,0,0,0,0,0,0,0,0,0,0,0,0,0,0,0,0,0,0,0,0,0,0,0,0,0,0,0,0,0,0,13.81729417,13.83740027,12.52135968,14.48469678,15.98519882,15.89399693,15.81008754,14.61390038,18.56597301,28.06184687,28.79103508,0
root/Sub-SaharanAfrica/EquatorialGuinea,root/Sub-SaharanAfrica,0,0,0,0,0,0,0,0,0,0,0,0,0,0,0,0,0,52.17970444,52.22377576,42.20896537,30.88561805,21.8130932,9.795175132,25.0019657,50.29085957,88.63707405,181.2690489,0,0,0,0,0,0,0,0,0,0,0,0,0,0,0,0,0,0,0,0
root/Sub-SaharanAfrica/Eritrea,root/Sub-SaharanAfrica,0,0,0,0,0,0,0,0,0,0,0,0,0,0,0,0,0,0,0,0,0,0,68.47543365,41.73485625,54.6480031,19.10010712,19.12397084,35.26572866,6.256988487999999,17.16486667,15.81007472,0,0,0,0,0,0,0,0,0,0,0,0,0,0,0,0
root/Sub-SaharanAfrica/Ethiopia,root/Sub-SaharanAfrica,0,0,0,0,0,0,0,0,0,0,0,0,0,0,0,0,0,0,0,0,0,0,0,0,0,0,0,0,0,0,0,0,0,0,0,0,0,0,0,0,0,33.15679459,31.19796028,28.39841692,31.53697789,29.66242992,28.30208604
root/Sub-SaharanAfrica/Gabon,root/Sub-SaharanAfrica,0,0,0,0,0,0,0,0,42.63319672,43.3521226,53.08579845,53.37359434,51.071823200000004,45.597084499999994,46.61386546,40.04672561,16.48678313,13.68882081,23.08193326,23.61545173,27.05141441,31.19090598,22.01524085,20.85531942,33.41726534,37.73425413,46.71556966,47.06733605,29.05234833,39.34045381,49.21668717,38.37149034,37.45781775,36.43242854,37.8991098,49.58372794,0,0,0,0,0,0,0,0,0,0,0
root/Sub-SaharanAfrica/GambiaThe,root/Sub-SaharanAfrica,0,0,0,0,0,0,0,0,3.818866915,11.53157651,16.63798473,24.70923474,20.47777775,10.73422737,12.06572437,20.57881978,25.43760316,37.25675372,29.53323093,18.55787229,23.76553988,19.95557871,24.69662725,0.501733544,0.37298526200000004,0.194245836,1.003725102,4.358363695,0,0,0,0,0,9.699949242,18.16868951,13.58059699,21.27008234,13.48341638,4.791126877,11.96690469,7.644863291,6.861304735,19.44248584,9.956281292,13.95515014,4.609062225,15.27585196
root/Sub-SaharanAfrica/Ghana,root/Sub-SaharanAfrica,0,0,0,0,0,14.55259168,8.848522713,11.53310281,5.420796791,8.284440197,6.351028891,5.720844241,5.569410626,4.295139226,6.8195522760000005,8.178591493999999,7.089882882,7.782732354,10.2218586,11.66708279,10.7382369,12.09206658,7.051822877999999,13.08657589,19.47735366,17.99522634,18.47614731,10.61715847,18.40667626,9.564986777,15.72932251,21.5304456,19.15615072,21.62437029,23.39380048,19.46507481,16.59370854,11.55519916,9.380723761,15.35234444,15.38596312,18.03422695,21.06134854,16.14443891,19.34933549,17.51294308,16.40658354
root/Sub-SaharanAfrica/Guinea,root/Sub-SaharanAfrica,0,0,0,0,0,0,0,0,0,0,0,0,0,0,0,0,12.3703825,12.96538555,11.65664289,16.00376107,20.34592538,20.68235441,20.64227764,24.18466676,22.3536944,21.11089985,16.35944552,18.38428404,14.08014229,15.79677973,16.51224813,15.61026673,12.63711571,20.65661422,13.63133474,10.34558733,0,0,0,0,0,0,0,0,0,0,0
root/Sub-SaharanAfrica/GuineaBissau,root/Sub-SaharanAfrica,0,0,0,0,0,0,0,0,0,0,0,0,15.315652300000002,10.52703127,3.7562461060000003,3.89425277,13.9174557,13.50493391,15.55418712,7.362724173999999,15.13681145,4.192899403999999,8.248251429,7.9183063570000005,7.92502609,10.411401199999998,7.0555169829999995,15.27835126,0,0,0,0.964334402,5.949283226,6.622409664,8.050468289,2.7472762339999997,3.132554065,4.429558527,2.938233415,0.385941706,2.118306096,7.490950047,2.917358505,0.760187742,10.56016168,5.064884088,2.858488589
root/Sub-SaharanAfrica/Kenya,root/Sub-SaharanAfrica,0,0,0,0,0,12.61528133,18.17746321,26.17226329,18.90985149,10.60954887,17.77581408,20.18897432,15.67972392,19.1053816,14.53657684,20.86650635,17.76857508,18.94229187,21.16685549,19.89721349,19.37906686,20.03198897,15.28172672,39.81479316,35.26500964,24.03040014,16.12621228,15.64851698,18.50713405,22.11078058,13.64515633,14.18767265,14.11760851,15.42058062,16.19456702,16.84674417,16.0505527,16.62133043,13.80079568,14.53172545,13.32003924,10.88779801,13.19496278,11.44160245,12.22555455,15.01972029,12.14806409
root/Sub-SaharanAfrica/Lesotho,root/Sub-SaharanAfrica,0,0,0,0,0,6.3262260470000005,6.508745679,13.58574046,23.16301138,18.81145153,30.78262584,22.78890875,0,0,0,0,0,0,0,0,0,0,0,0,0,0,0,0,0,0,0,0,0,0,0,0,0,31.39166662,33.21255471,24.0515821,17.10610307,12.74939352,16.206625199999998,20.56226945,23.71453232,23.15002058,18.8626494
root/Sub-SaharanAfrica/Liberia,root/Sub-SaharanAfrica,0,0,0,0,0,0,0,0,0,0,0,0,0,0,0,0,0,0,0,0,0,0,0,0,0,0,0,0,0,0,0,0,0,0,18.78378097,26.91886485,107.8740922,11.05238317,35.28704476,25.76324062,7.2742867879999995,19.06468416,15.30091685,9.125240539,16.00778099,3.2924396039999997,0
root/Sub-SaharanAfrica/Madagascar,root/Sub-SaharanAfrica,0,0,0,0,5.546498172000001,5.1851871869999995,7.648355605,6.680833163,4.9384220569999995,1.152596432,0.7380259140000001,0.463965137,0.8845998909999999,0.789040278,2.2466907519999997,0.20505253399999998,6.277437735,4.587071427,8.267699458,11.13279685,9.514771069,1.984163455,4.625070393000001,3.893446364,1.741877242,2.559065635,7.734689547,7.553057379,7.551950846,9.012359939,8.976527672000001,17.05619387,10.10647585,13.1974489,14.41090279,6.079128352000001,11.70671529,11.065654400000001,13.60253494,7.456167807999999,6.314837865,4.909958248,3.4218672480000003,2.522857654,6.329230445,9.67573233,14.76523747
root/Sub-SaharanAfrica/Malawi,root/Sub-SaharanAfrica,0,0,0,0,0,0,0,20.70911839,22.36062214,11.94026068,8.534506226,10.60773099,14.11762054,13.371016699999998,13.89522281,11.97497462,9.30057898,14.52687415,18.49634841,17.17411454,16.75109291,17.73267623,5.1629323330000005,4.69057993,5.670320782999999,7.768334088,6.71896489,1.272213823,13.11618675,4.424711516,9.72038515,10.33224449,5.53273323,5.310456324,4.641737204,2.319146628,7.573855191,20.13203208,14.43299377,19.64180832,18.69358139,10.40012256,2.182988196,13.97724166,12.57727185,7.6594024229999995,8.826189436
root/Sub-SaharanAfrica/Mali,root/Sub-SaharanAfrica,0,0,0,0,0,7.260271319,8.120644502000001,16.69966118,5.549829581,8.305025921,0,0,0,0,0,3.075344812,2.4058707999999998,10.83770877,7.769909229,15.8691927,11.69563436,11.58141467,12.97336857,9.188489916,13.69487358,10.5683675,9.945089999999999,14.2767343,14.57139022,10.51107596,10.07375002,12.64560504,12.44717169,15.25230602,14.35771744,13.51641801,18.75455078,18.22092922,13.67205254,17.78312502,13.34864509,14.82479814,15.27039344,15.41659324,13.29239733,0,0
root/Sub-SaharanAfrica/Mauritania,root/Sub-SaharanAfrica,0,0,0,0,0,9.809550802999999,3.761511736,1.08298158,12.13175444,4.503454102,5.558991836000001,7.50448777,8.223901782999999,4.97371043,3.608530405,17.5344715,10.20240214,11.96528586,17.68835403,16.24798521,7.971467988,17.19505843,25.05767635,18.55089227,56.28670681,28.04306948,36.78885132,25.96446533,20.95317885,0,0,0,0,0,0,0,0,0,0,0,0,0,35.99701945,34.32894918,25.71447369,20.32076678,24.75174089
root/Sub-SaharanAfrica/Mauritius,root/Sub-SaharanAfrica,0,0,0,0,0,0,25.44741412,20.59523104,19.21014308,19.37590711,10.57794671,12.80996966,14.92514794,16.2590165,17.83340906,21.60395714,29.32755192,29.57870539,28.86158424,26.50496359,26.04537798,27.52515887,28.96419175,27.69115504,25.42559534,25.3129163,25.87462213,27.24230115,26.75765413,25.29749457,26.49241825,28.32412422,27.24962858,25.427434100000003,22.64981936,17.39075312,16.7859357,20.31286801,15.40274625,16.77964282,18.92481011,12.57913302,13.97367718,8.318020825,4.440645505,5.421542003,4.920829657
root/Sub-SaharanAfrica/Mozambique,root/Sub-SaharanAfrica,0,0,0,0,0,0,0,0,0,0,0,0,0,0,0,0,0,0,0,0,0,0,0,0,0,0,12.28816347,0,0,0,0,0,0,0,0,3.7686529,6.081351712000001,6.584941577,10.18438177,8.037884627,8.670528151000001,10.53882664,8.202201867000001,9.369806145,10.98997873,9.128319900000001,3.3911899930000002
root/Sub-SaharanAfrica/Namibia,root/Sub-SaharanAfrica,0,0,0,0,0,0,0,0,0,0,0,0,0,0,0,0,0,0,0,0,33.83289819,24.384413199999997,25.90238698,24.74960283,27.92399556,28.37514412,26.7944348,22.38335194,25.36886266,22.53508623,25.21985703,25.73668323,25.37604813,23.18416978,27.83803778,27.9809141,37.62311003,29.15737131,27.46599825,17.2926831,18.38100838,14.79805615,19.18595245,19.94770176,22.20685894,15.56322243,9.301891977
root/Sub-SaharanAfrica/Niger,root/Sub-SaharanAfrica,0,0,0,0,5.432088471,7.817400516,10.35030778,14.02727373,21.0840395,19.65079626,17.35057952,10.38718855,6.955532400000001,9.206881141,2.461685725,8.555081173,9.990145937000001,4.485096442,13.58522483,6.762986004,2.531089351,3.60532973,7.530607111,7.200296767999999,2.385877724,0.841549427,4.1881033819999995,3.601589595,4.432525964,3.7256044669999997,5.305430851000001,7.412857552999999,4.976436758999999,7.999670481,6.312595152999999,13.73759996,14.99507913,14.70980727,18.108919600000004,10.42318489,20.28299898,16.24873852,21.88699955,21.67171369,21.97563908,18.52167779,0
root/Sub-SaharanAfrica/Nigeria,root/Sub-SaharanAfrica,0,0,0,0,0,0,0,0,0,0,0,27.31955804,25.26565211,21.29419742,16.76984344,16.36490068,11.90034412,16.50219441,18.40486842,34.17288536,25.35354063,28.63688282,21.45216755,15.79405278,8.334201273,12.93672974,9.142882876,11.14666987,6.14731374,19.18023534,33.85119143,11.56836133,8.523603076,5.077515705,11.95820952,22.27582585,40.21650722,17.52295492,27.65639304,16.03856733,26.91434153,27.37779468,35.01527003,20.236037200000002,23.04594398,17.74619696,0
root/Sub-SaharanAfrica/Rwanda,root/Sub-SaharanAfrica,0,0,0,0,0,0,0,0,0,0,0,0,0,0,0,0,0,0,0,0,0,0,0,0,0,0,0,0,0,0,0,0,0,0,0,0,0,0,0,0,14.41222799,18.22765596,14.27609484,16.90022232,12.37166239,10.00626011,12.04834713
root/Sub-SaharanAfrica/Senegal,root/Sub-SaharanAfrica,0,0,0,0,17.75608076,13.85730632,11.18731221,11.60773846,6.539971839,6.485490681,2.799481497,7.168583719,7.936053234,5.465209971,4.858897378,4.449710727,2.047796095,5.433899798,1.9591914419999998,1.46516276,1.654346562,2.330274166,3.20760715,0.444270254,5.437397129,8.24611798,7.914971975,11.00202429,11.36682278,12.40868684,14.07713941,14.13558744,11.99265527,16.75412257,15.92035639,16.88140904,15.59928923,17.74125578,17.21109198,15.59098291,17.73577703,17.98171181,18.85738366,17.33268355,15.96763001,0,0
root/Sub-SaharanAfrica/Seychelles,root/Sub-SaharanAfrica,0,0,0,0,0,0,17.43192441,6.467860224,2.627672956,18.24108536,9.476891533,11.83622723,22.45117451,20.96185221,15.32381112,15.25096837,18.48822406,14.66325437,18.11432464,16.9974827,9.583743949,9.382581257,10.27344639,10.10404917,4.098179007,7.8914078960000005,9.749570382,9.42992515,10.4073091,5.71503115,16.14301242,20.18595682,13.625048800000002,9.572645802,0,0,19.430273100000004,19.50306424,7.7328192289999995,13.38957898,18.26109695,14.07166322,18.46493004,27.89603497,17.38641407,0,0
root/Sub-SaharanAfrica/SierraLeone,root/Sub-SaharanAfrica,0,0,0,0,0,0,0,0,0,0,3.000492121,3.8591908139999997,5.346631357,3.9299417,11.53175944,8.312886349,0.780193054,16.21251791,16.54181901,10.71490122,4.491787423,7.236174786,3.2003262130000003,0.007896231,5.931340098,3.533483724,2.041663276,3.454286505,2.63303629,0.684992663,9.796402486,1.566722821,1.374033326,2.834117398,3.8156337469999997,5.797811505,4.403822356,9.593636766,8.501127282,7.1091244520000005,20.91676823,0.965855055,9.148478311,12.95155537,15.48967941,0.685813627,8.834252705
root/Sub-SaharanAfrica/SouthAfrica,root/Sub-SaharanAfrica,22.36240418,24.42811581,26.52682677,26.67183535,27.01033127,27.13831352,26.23267962,31.68922537,30.28373409,33.906606,36.79475978,29.32702535,23.08343467,27.78219942,24.08464514,27.20127099,26.28446833,24.46524985,24.80396822,25.17864687,21.54530861,20.70202697,18.63582632,17.57714542,18.04356152,17.89340467,17.27890966,16.60946307,16.65148674,16.93507333,16.62547731,16.51765583,17.60426358,16.71546983,16.00224788,15.48703318,15.99625906,16.12776268,18.16522948,18.37934929,18.40755594,17.95889495,15.25428319,15.78684712,15.95018666,16.72223,16.58264554
root/Sub-SaharanAfrica/SouthSudan,root/Sub-SaharanAfrica,0,0,0,0,0,0,0,0,0,0,0,0,0,0,0,0,0,0,0,0,0,0,0,0,0,0,0,0,0,0,0,0,0,0,0,0,0,0,0,0,0,0,0,0,10.53304524,47.30487023,0
root/Sub-SaharanAfrica/Sudan,root/Sub-SaharanAfrica,0,0,0,0,0,0,0,8.34067703,6.890506752,5.147940631,4.587793383,5.16958077,3.9178602139999996,5.080277817,0.332495366,3.1234126389999997,10.09988989,8.323435104,1.249574089,0.129930546,1.338817621,6.083987593,1.3894291730000001,11.08301462,6.203021642,3.3635767339999996,0.648890296,6.958013443,9.774613301,6.869745966,25.05230305,20.57975366,22.533348,22.27954384,26.56571347,18.21554959,19.74329667,23.14520977,25.14657739,16.48711898,22.83027431,22.08189206,6.282989209,34.99031891,6.10739032,6.303739671000001,9.370710341
root/Sub-SaharanAfrica/Swaziland,root/Sub-SaharanAfrica,0,0,0,0,44.83462979,0,0,0,0,0,0,0,0,0,0,0,0,0,0,0,18.67606175,18.60479917,16.31359956,13.50323178,18.31391189,14.80315385,12.90290737,15.95289304,13.03931239,12.31456622,17.23779476,23.34984269,19.11737428,23.14413235,16.34547293,13.37584002,10.45942037,12.13701598,8.009195922,4.090340343,5.573737751,7.420837616,17.49546945,23.10440017,24.504960399999998,27.30715853,21.4253559
root/Sub-SaharanAfrica/Tanzania,root/Sub-SaharanAfrica,0,0,0,0,0,0,0,0,0,0,0,0,0,0,0,0,0,0,0,0,10.55308842,9.074748865,10.01842665,3.724677082,6.43060913,7.591218267,10.35985314,9.227412387000001,12.49080721,9.802001395,12.77718663,12.39042027,16.91894583,17.93096577,19.29956537,17.41423804,21.20089172,22.50611824,22.08826705,18.49061809,19.41234443,20.00825866,17.53423407,17.89460578,19.8848089,23.82996771,21.06295735
root/Sub-SaharanAfrica/Togo,root/Sub-SaharanAfrica,0,0,0,0,60.33076641,23.44019449,31.24124197,27.52702296,44.49951397,30.18226171,28.22029307,20.71937779,16.95021071,23.5081699,18.73526678,13.87848652,14.09214783,13.21646353,13.22977182,13.33166846,21.35159869,14.27856012,10.37370857,2.822456344,15.03895025,17.33087814,12.11791646,5.258919973999999,7.0994461620000004,5.414397283,5.0823779380000005,4.622605766,8.39637346,4.976719943,2.26125156,4.974971203,8.34716036,8.023653546,0.628707992,1.8308098069999998,0.038518962999999996,7.4039647120000005,1.774781656,5.181100507,2.007829563,6.737532838,0
root/Sub-SaharanAfrica/Uganda,root/Sub-SaharanAfrica,0,0,0,0,0,0,0,0,0,0,1.9075177209999998,9.963016077,3.718854593,5.109433618,7.668839289,6.6647706620000005,6.641260795,3.4441283289999998,4.706342478,5.723611106,5.695994366,9.008136207,14.19209079,11.1341243,15.72369391,13.60881219,19.93921771,20.95723625,18.53734488,17.21993931,14.61046337,14.510169400000002,17.60782206,18.6874899,21.37403277,21.62542373,17.80068234,16.726597400000003,22.91815797,17.96933145,19.50194422,18.52779214,19.72548279,21.47471948,20.15699001,17.54184118,20.20487942
root/Sub-SaharanAfrica/Zambia,root/Sub-SaharanAfrica,0,0,0,0,0,0,0,0,0,0,0,0,0,0,0,0,0,0,0,0,0,0,0,0,0,0,0,0,0,0,0,0,0,0,0,0,0,0,0,0,33.69982244,36.87365505,33.73286496,28.92000802,31.41370346,37.25892607,34.28971543
root/Sub-SaharanAfrica/Zimbabwe,root/Sub-SaharanAfrica,0,0,0,0,0,0,0,16.93241302,11.50398756,9.098504768,12.28863689,13.63405343,11.34401352,8.805679406,16.86608092,16.70734057,18.8533215,15.85958681,20.41954854,15.29048705,16.12994561,13.95708094,11.48955051,21.20285149,18.89988507,0,0,0,0,0,0,0,0,0,0,0,0,0,0,13.00601641,6.204442026000001,3.445351362,20.00323406,6.948963045,3.3862316339999996,10.58964597,0.834098894
