root/EastAsia&PacificAustralia,root,0,0,0,0,0,0,0,0,0,0,0,0,0,0,0,0,0,0,0,11.5176408999537,8.778218186079089,5.69503967589476,4.24245233790175,6.74758483235444,7.90400374141567,7.19794867738433,8.20128238923659,8.6551598230467,8.25180379656938,7.28411223995626,6.6832779264135,6.4601385776515805,7.62133337827765,7.4182418508559005,7.703422257971491,6.17673626482013,6.4025913725893195,5.48622685741931,5.7691782540637195,9.25150061584172,7.714953602341111,8.75351034650283,10.0597053738573,9.372060334349891,8.03563881166052,7.3910406745402595,5.34525522828835
root/EastAsia&PacificBruneiDarussalam,root,0,0,0,0,0,0,0,0,0,0,0,0,0,0,0,0,0,0,0,0,0,0,0,0,0,0,0,0,0,0,0,20.129839680084103,25.240888138107902,25.60995678144,22.3772124362985,22.2970407555826,24.4968402814355,25.9883971888132,36.5789651851973,30.142265906287697,38.2615436987337,34.0975447358514,38.243225784665,39.8361134884499,43.4961094092786,41.2049785518385,34.1001042860619
root/EastAsia&PacificCambodia,root,0,0,0,0,0,0,0,0,0,0,0,0,0,0,0,0,0,0,0,0,0,0,0,0,0,3.88727748012127,5.245013463555,1.69262203012844,3.50786889330763,4.288343322508959,7.43980123222833,9.76164081097286,8.34752403522045,7.605001756020861,4.687734214998731,6.205274878277991,11.523290288280599,8.14443263589084,9.15336161329488,5.25437119331318,2.25523627459606,0.897551951445925,1.59924080805913,2.45524199391583,5.548498430295889,7.085137099441071,7.04864171085961
root/EastAsia&PacificChina,root,0,0,0,0,0,0,0,0,0,0,0,0,20.1932273827119,20.8601643387297,23.039584266989998,19.0870600259518,20.515991951725603,20.886544556727603,22.5231827209058,19.678921314127802,19.3000207274183,22.591797778035698,25.061568335211398,25.0780555566913,30.5571855896965,28.915629474180104,28.101090966524,27.7962612410267,27.751403585711003,24.9964302647411,22.8687849890168,24.7177964363036,26.324640607629,29.563227741838197,30.607024459119703,30.5770469278053,32.238367235666196,32.9785888673668,30.184282161511003,32.6669243623458,30.8607627670961,26.958431370770196,27.733023163078798,26.763146497121202,27.351060538642898,26.448193575689803,22.860665066380502
root/EastAsia&PacificFiji,root,0,0,0,0,0,0,0,0,0,0,24.1834724329533,16.0375745087592,13.156771130795901,12.4120969772577,12.8195950996122,15.813611037544,16.6059256353577,13.134605454683001,12.630620124449699,8.2480008704618,1.2916529931196499,2.4949873691567097,0.0906940655977994,0.0733045771746167,0.8493071244164849,14.8840456794823,13.5506698629073,12.8574336990392,22.437235535583802,13.3589661927442,11.4602961548911,6.37958360971321,19.043743655520803,13.600509436334699,2.43813000098667,13.1189978327242,1.2062730373200101,7.074737704409009,6.9089629621943605,0,0,10.9910853573661,6.43679372334941,12.2969549194402,0.21631326370847304,5.212043509600719,0
root/EastAsia&PacificIndonesia,root,0,0,0,0,0,0,0,0,0,0,0,4.13095715664011,2.14997231464192,5.3036926980832195,6.486167190393091,5.18227815885934,7.52456432670745,10.510190933997698,13.366874713369699,15.3664891554443,12.400145435401301,14.914687632415099,17.2711648119804,13.0558106690177,14.4494216291295,12.831420157680002,12.0794815559779,13.433794581814698,4.9675154136047,4.15010773651847,8.22731441277588,4.53931867546197,5.453979005732809,0.27176078618116895,6.90452227531592,6.4794379842919,3.60244075724035,5.42487527657043,5.5303339350699,2.75043666330657,11.642791586600401,11.311486089909401,11.246964442502598,10.3092593874415,11.790428605523601,14.088732232370301,16.436853942936
root/EastAsia&PacificJapan,root,0,0,0,0,0,0,0,0,0,0,0,0,0,0,0,0,0,0,0,0,0,0,0,0,0,0,13.904468143461001,13.123608245173099,11.4324432973447,9.5439822653017,10.153881084725699,8.647186112057659,7.21850301184008,7.641927817187799,8.40395156062985,8.399886039926999,8.16199298648082,8.46725451644527,5.774348080334329,1.76338640964576,3.88734462384223,3.0509505922236904,2.98263535288929,3.42560500164985,3.81186143119672,6.60223670373837,6.07895013091522
root/EastAsia&PacificKiribati,root,0,0,0,0,0,0,0,0,0,0,61.4052723196978,23.2477797856845,43.1873908059947,61.543693610844706,49.594138486660206,34.642934972157995,47.86481480039821,1.745095475332,5.124488891495719,3.3247222815526802,9.160425749851179,38.1830374907012,13.606492973141501,0,0,0,0,0,0,0,0,0,0,0,0,0,0,0,0,0,0,0,0,0,0,0,0
root/EastAsia&PacificKoreaRep,root,0,0,0,0,0,0,19.3715835060969,22.5235422100451,25.2360890326607,24.727647733433297,18.132747781408,16.556054844528,20.459819397026,22.4089248809834,24.688505324071997,24.644261617267603,27.2784937156711,30.7210999833006,31.8160821001539,29.6342859285965,29.197318415883302,29.8285922086171,28.091338550201602,27.6705487825708,27.9878491341473,26.1469312282337,24.1914715229176,23.122016975573896,21.684438542054895,20.2493432556394,18.9926446329282,16.572886708873302,16.7485733866823,18.306860639999897,20.650099486384,18.7347072368032,18.1990915452597,18.754842239745102,17.3603320678736,16.0698016985442,19.5249156829724,19.080997243145198,17.659763585222198,17.8022665702613,17.9550021620323,19.3155245542592,19.1422465978292
root/EastAsia&PacificLaoPDR,root,0,0,0,0,0,0,0,0,0,0,0,0,0,0,3.2660818157382403,3.56194153012407,2.7565975445138102,3.84147476446172,11.1181742017559,0,0,0,0,0,0,0,0,0,0,0,4.01883595572152,11.705005382607698,5.3678401437467596,4.58095304720435,0.287510938031513,4.28600822627749,2.12557527308125,0.7276098782649921,9.320776429767038,5.4861471038702305,15.885279244655301,11.8859296451788,16.5204787447021,15.537503610334802,10.694746439561198,8.56482820436613,0.22408132086936802
root/EastAsia&PacificMalaysia,root,0,0,0,0,19.8792082721147,13.734039246970699,20.2567458130685,19.175083205981696,15.7360471724618,14.8780032322485,10.837473603296099,9.39372131330244,8.76103372199762,7.34556350994101,10.1339177020617,5.22014297510675,6.28668385342457,11.199102495173,12.236809163464,11.0333723558238,10.386684074081499,12.279449508306902,15.985197248441901,18.890615147919604,19.0068639931963,16.689281919635402,19.0873095189595,18.266403958917998,16.3039409651872,16.696303218279997,15.255257593425,11.561549912394499,12.7623261087958,15.7413936206283,16.8348380149482,17.9438928904104,19.2434261029435,20.004329966999897,20.1044217892617,14.7284255925907,16.3826770512865,17.9479960955184,14.5487062672377,14.236084976283,12.9184849067368,12.280940433929699,11.8990304500358
root/EastAsia&PacificMongolia,root,0,0,0,0,0,0,0,0,0,0,0,9.07525315073271,17.539209149633997,8.3182420454844,6.614808368582031,3.91266432071281,1.08809511698974,4.17067836607797,7.82935250311532,6.164325651465,15.1196403333129,6.033312442514339,4.07330527739888,1.7302573943186497,4.06311934509022,12.8892667144347,9.901397231728971,16.3769675142684,8.07509349902323,10.6136491967801,4.1238159225974504,1.5829878446335,0.664879190484214,8.59821188899746,13.495241144865199,21.492708708211797,22.829515861879898,20.786660314715398,8.65464002304339,2.9177704938757403,3.3737621051748503,5.069517544210741,9.19817973144984,5.242823216101059,2.72138579527223,0.510575393202744,5.9582271820114805
root/EastAsia&PacificMyanmar,root,0,0,0,0,0,0,0,0,0,0,0,0,0,0,0,0,0,0,0,0,0,0,0,0,0,0,0,0,0,0,0,0,0,0,0,0,0,0,12.691389557497699,17.2041768958554,20.771669337524802,25.891180677375804,24.9335804314962,27.2549718410296,27.3772634362116,24.651694284997102,0
root/EastAsia&PacificNewZealand,root,0,0,0,0,0,0,0,0,0,0,0,0,0,0,0,0,0,0,0,0,0,0,0,0,0,0,0,0,0,0,10.6431613781852,13.253769873536198,12.7339614675511,13.947226125058801,12.6684088284582,9.77855653169907,8.11321884267735,9.56165478325867,4.33351748113535,7.754780643460361,8.31513180906219,8.80386924444233,9.0366153964403,12.095110238643,11.7087949168609,12.171583494444402,12.017277732850802
root/EastAsia&PacificPapuaNewGuinea,root,0,0,0,0,0,0,0,0,0,0,1.32079254560306,4.71162508740121,4.1009416727957895,0.4445424337382671,7.09866925592642,3.0266853887128997,0.6918808373841329,3.4991356938274505,1.3004041716556298,5.36196254349543,1.43672339920166,4.9475970587040194,2.91351283814384,4.798563342402151,9.41397504475989,11.9840553193489,7.241714163988969,2.10351080749618,6.945183448529071,2.64832494238495,12.324352298423,9.97642670648477,3.42665262722584,11.9358810829107,6.741035588860139,0,0,0,0,0,0,0,0,0,0,0,0
root/EastAsia&PacificPhilippines,root,0,0,0,0,0,0,0,19.4625543188148,19.787835731477,16.782400310143302,15.574370839313,16.8981917660407,13.421525316767099,13.422562860242698,6.21449474909265,2.9397424050973098,6.139547721769019,6.312612693783589,10.3672971244899,10.4028717243565,11.084147320265998,11.1814853945329,11.4491841905814,10.1318421830785,13.449983474868601,10.390182479015401,11.9406543125588,13.470328410347399,19.289600161848,25.489711475131802,28.6915233216447,29.364934490834102,30.136808658841897,29.8670135146767,27.7386011101376,28.966511716013,28.1208400870247,25.792084613461,26.8468657072485,28.9847930455968,29.8102129865958,27.0046733754186,26.9111722906562,28.637348158927,28.805336595183395,28.8545450198988,28.8486712135709
root/EastAsia&PacificSingapore,root,0,0,18.9056147792767,21.466807049454104,18.854301198663002,20.5420153162497,21.1054988179118,21.1084992396101,21.6214560935236,24.0835396667111,21.5689667337855,24.050623226894803,27.031542930645,31.835553857102603,33.4918265338056,27.7776386316125,23.6985746690908,22.1354044130566,27.683244450624198,30.4691836553135,31.251903321437503,32.7715885252673,34.5146291432649,32.1125467501494,36.2841105884069,39.0862071744174,39.0411652531552,41.8397265453466,39.947423879104704,35.8983190500677,33.365740473900296,28.267500642107603,25.686345081005502,27.2954828158177,30.365108857783103,32.8897925732717,36.8423890405601,39.5234350336232,34.2295325752153,33.3023819683523,40.9540104316433,39.696680645617,37.8992087288362,37.3747989216399,37.6189373463589,34.2187667220105,32.799648740921896
root/EastAsia&PacificSolomonIslands,root,0,0,0,0,0,0,0,0,0,0,0,82.5549177852936,54.8197323165113,58.711376134822395,51.0763628555903,67.499611097287,63.906594156112604,29.959468254787698,37.027679239327,61.623137337752105,55.8245918397555,0,0,0,0,0,0,21.926120802986997,11.817780250880102,5.60608565004264,12.5568140805056,16.2213753501674,10.6654803040513,1.64666943056017,2.57699812340058,16.9336374593213,4.5252630295694205,0,0,0,0,0,0,0,0,0,0
root/EastAsia&PacificThailand,root,0,0,0,0,0,15.313753542341098,14.607693310187399,14.1646462601512,17.375696462822198,12.4004786743526,13.8963122294686,14.283096800854,15.8454558306886,14.4328642917934,15.823283736953599,15.4736384116843,17.2029480734428,17.9215965793307,20.7664133834622,22.1512859401712,22.7500278438804,24.7956241878231,24.2497429506622,24.8542082006074,24.707613015286004,23.311900207595702,22.5184765636787,19.321652526794,15.6469385017365,14.335927208568302,12.7319105593558,10.0459151944435,10.819416112464399,12.1587707344155,13.2803128955747,12.3830161366252,13.9717128138863,18.0850651174683,13.825195933977302,13.5346228983271,13.9505081980522,14.490297624815302,12.187959410669999,10.7451782842919,11.1649543377721,14.8571708152401,16.5936353533425
root/EastAsia&PacificTimorLeste,root,0,0,0,0,0,0,0,0,0,0,0,0,0,0,0,0,0,0,0,0,0,0,0,0,0,0,0,0,0,0,0,0,0,0,0,0,0,0,0,0,0,0,0,0,0,21.8342103071941,0
root/EastAsia&PacificTonga,root,0,0,0,0,0,0,0,0,0,0,0,19.9618812269912,45.209548856451995,19.2016775569202,17.3952740315277,24.490129086118102,19.8880330023402,23.462631180604802,12.793611792530902,19.841204782848603,19.1729503514388,4.89560727096015,20.8751569353666,15.2742676951222,0,0,0,0,0,0,0,14.016253772702198,15.3731415335999,9.74826022236408,13.266341857058698,6.47472453822316,7.851634381778151,7.97878591359316,9.04898351659834,0.532063978964717,2.86059552431974,11.721214800748902,13.900791107378499,0,0,0,0
root/EastAsia&PacificVanuatu,root,0,0,0,0,0,0,0,0,0,0,0,0,0,14.225361112810099,22.3881754146248,18.7246209521415,14.2620549197401,17.3338095607509,13.6287433268542,15.530274834371399,20.2583165944362,17.1198227407899,10.1774605476731,18.1501582668946,9.265434328188961,13.182764499537301,2.3370109136896096,6.92022649060511,0.671998934705246,0.624130695225781,5.56197755863308,7.785632529503911,8.43822520820096,5.27653092495073,10.8878322319695,9.4256475738427,19.5220672917282,21.3964983581375,30.5136825600925,29.222286868329302,23.225752471690804,15.5289823054982,13.5864049862714,20.120201082220103,24.927243613572603,0,0
root/EastAsia&PacificVietnam,root,0,0,0,0,0,0,0,0,0,0,0,0,0,0,0,0,0,0,0,0,0,0,0,0,0,0,14.8054486563276,16.2062443404377,19.478658951721602,21.1826581761011,26.322606417185398,28.6465088244693,26.6990328168507,24.3817308054535,20.0308376749737,19.0240465989953,19.144734185349396,16.252055117540802,11.4978744743826,15.9024547942628,18.1679778409253,13.2794328566342,19.5464243050805,18.3613433826253,19.570722646411,17.3238217333816,18.702078166607198
root/Europe&CentralAsiaAlbania,root,0,0,0,0,0,0,0,0,0,0,0,0,0,0,8.918665534445449,9.81397010751817,17.8488014451065,14.024409420331303,11.642233777950599,13.5692123186485,6.566292626244549,23.1549968431132,19.259185900020302,2.21166863931788,1.5606829172849699,14.6470941621735,14.668360720599802,3.33875704354863,12.333290799167099,12.481091202909301,22.596949232460798,28.0988794384124,22.5859484874515,25.867669762796897,25.5609312591568,23.4081721330925,25.5076768413876,19.9571091315394,12.572696398945,11.269303461460002,8.4766120111988,7.40459581158321,6.76896589652105,6.95185300832314,0.773585587013556,6.19558275712753,7.09736855830138
root/Europe&CentralAsiaArmenia,root,0,0,0,0,0,0,0,0,0,0,0,0,0,0,0,0,0,0,0,0,0,0,0,0,0,0,0,15.840307061089199,0,0,12.790493442313199,2.517019655066,1.6801885184828,4.488447852528219,9.43357342412977,15.4287164133851,20.3417922846512,18.411940710859398,16.1297462447624,6.33052075921187,7.15029715451967,1.9859366387833401,1.9961495267184999,2.46214050224127,0.497696140347747,2.7519584529258596,0.5576953429250501
root/Europe&CentralAsiaAustria,root,0,0,0,0,0,0,0,0,0,0,0,0,0,0,0,0,0,0,0,0,0,0,0,0,0,0,0,0,0,0,0,0,0,0,0,13.90602558071,14.163330628992501,15.7881357519858,16.210414344412197,12.283327165901198,13.017078819986502,13.488391343847999,12.631334429441099,12.1878173840141,12.615999422644,12.3001626074291,12.7323711405995
root/Europe&CentralAsiaAzerbaijan,root,0,0,0,0,0,0,0,0,0,0,0,0,0,0,0,0,0,0,0,0,0,0,0,0,0,0,0,0,22.9200696858359,19.0458141727273,28.412812668898,17.810149073595397,4.14692928927024,0.545871526450549,3.9886890642597903,14.9404427172647,14.3227208000402,21.0793171152917,25.902616049702395,20.9397812551863,22.4232738257403,20.674160402286603,19.812758982128397,21.5153279099325,21.827362365478102,13.7745892170717,1.9023869233563102
root/Europe&CentralAsiaBelarus,root,0,0,0,0,0,0,0,0,0,0,0,0,0,0,0,0,0,0,0,0,0,0,0,12.3953332711919,0.106192142170021,1.2983114242647,1.7436905514216299,1.34514857832569,4.558012391301269,3.8747921184907597,7.0898951491705295,5.8292446072584605,6.58296274976576,11.4286913152703,13.8887849571412,20.9843240630483,20.078041125373,19.1823880757988,21.8779375041328,16.5095177890694,19.5962537887442,23.428749292406202,26.2480129884584,23.273433632773,22.184587120777998,19.4149408794724,14.288911229633902
root/Europe&CentralAsiaBelgium,root,0,0,0,0,0,0,0,0,0,0,0,0,0,0,0,0,0,0,0,0,0,0,0,0,0,0,0,0,0,0,0,0,14.006649387950402,13.184494394854697,14.4053902826627,14.182271580855698,14.390101593317098,15.2753995611866,13.5677835770101,8.79477340885323,12.3432807042157,10.1817495353096,10.5362632001354,9.17669719119308,9.2286076624938,9.388031943151631,9.60671754789793
root/Europe&CentralAsiaBulgaria,root,0,0,0,0,0,0,0,0,0,0,25.5868898168509,23.7809932327388,21.718566790700198,19.556980367305602,21.9160931844198,18.048243532464898,19.2056949800513,18.1990199959483,18.894454438087898,14.8178457776911,1.07389040084565,2.33952795845499,0.87386500025839,9.7596148786396,4.93973095908365,3.93834943417358,2.09810434362431,10.4544018428122,11.688802161980501,1.81261237582388,1.3608500719854,0.9039111940438069,3.25196235162803,2.27761188642507,1.38114500404419,2.48732888712334,0.431582074839791,4.467123142737231,3.83494805501602,8.50324653891211,7.16295086186746,8.83129694104002,8.82092422457626,11.9218032800164,9.63540716393927,9.226513412155018,12.8123391180651
root/Europe&CentralAsiaCroatia,root,0,0,0,0,0,0,0,0,0,0,0,0,0,0,0,0,0,0,0,0,0,0,0,0,0,1.38550695917905,4.05816267271913,3.36193241022462,4.65783789480229,2.5709912075738703,5.4092347602465,5.35702964830684,6.3381186272282894,7.3485914591069905,8.99618623961986,10.738888111797,11.238428777998099,10.6809458245946,11.230882110537697,7.13491708692364,7.2306013672667095,7.324516535185981,6.924203825382531,8.183178995527049,8.82612372284206,11.7967368452615,9.21323137978724
root/Europe&CentralAsiaCyprus,root,0,0,0,0,0,0,12.089437587414901,14.690674526518302,12.965381204329299,14.5567245626417,13.450698912488802,13.1367658559422,11.0508856340223,8.00046145748738,11.131008893082301,9.88481196124545,14.5783517905039,15.201288425839401,14.617916957943098,14.826865851289801,13.5877931972386,7.87032112441175,9.229124733623381,15.5295124539606,16.6171474997898,13.5788211112008,12.0596070335142,10.2152755055924,17.2624672125083,11.2973028684708,11.2533916509051,11.450728416930499,13.075538767527599,14.011493963469698,13.7980998651942,13.1409267520699,13.3708025847086,12.6450951187838,8.29903094786509,9.579129242983429,6.053421542265969,7.9164824144268096,3.1403525832224397,0.763214702611617,0.38883533791677294,4.476181899942139,2.2355981324934397
root/Europe&CentralAsiaCzechRepublic,root,0,0,0,0,0,0,0,0,0,0,0,0,0,0,0,0,0,0,0,0,0,0,0,6.94330547124475,8.98990931685901,11.0795965289251,10.5890395945245,6.7862869201333895,8.180867628301769,6.1732036293722,5.71212424823649,6.324649947354901,5.70304836518898,4.8774313824745095,6.40437280512164,7.8035890199903095,8.53349365741573,10.0255211069124,8.46833014428256,3.8327032989513903,3.48714256303824,3.88999404473562,5.16805202719746,4.69075088729263,0,0,0
root/Europe&CentralAsiaDenmark,root,0,0,0,0,0,13.035946975885802,13.9831567975823,13.2419525489887,13.9480103777093,12.175428951308,9.22604535062123,6.67073561597844,6.911975770838139,8.50487994246294,10.500913416923302,10.6186932603211,12.0070555166468,12.9077158332699,12.7131869293011,11.9912128439346,13.527401642672698,10.9399108897688,13.189621053286901,12.909242592830301,12.599725940613599,13.8194400837322,14.2620109669259,14.8591415297387,14.4926382594227,14.6679675918719,15.049829099926901,15.7721446802833,14.7652208982323,14.498461097710098,15.090472499161901,15.2125062007533,16.174553394059302,15.1274432435218,13.7023271940864,11.0201983593134,13.329141805167598,14.3762047155061,12.876281603233302,16.370332644598598,18.3843635913937,18.8071370770457,18.358307044807397
root/Europe&CentralAsiaEstonia,root,0,0,0,0,0,0,0,0,0,0,0,0,0,0,0,0,0,0,0,0,0,0,0,0,0,0,0,0,0,0,12.244998988427902,11.977376610443999,11.594533568481,12.930488136173999,12.138730577487,14.4966867817804,14.639626910513199,14.5225217369193,12.144214459052801,9.983048176106141,10.0605466433079,14.697484496331901,14.510503405939998,13.9335418491375,14.658718889137699,13.356983426677699,12.6773367929327
root/Europe&CentralAsiaFinland,root,0,0,0,0,0,17.9591261581286,14.647070440594302,15.926644444715901,14.092459500123802,15.472693828195801,16.1970815047313,15.08988240062,14.4720058911515,13.6505806272727,14.9051983937915,13.1659485191145,13.129639794760301,12.8212280358936,14.3825223454065,14.393825999119198,11.4928620301903,4.46649454031287,2.20023928051698,3.98537788320113,7.428370188370709,12.907591002755302,12.5926143931049,16.137119662417,17.5583776063993,17.915132429649198,19.805414967768602,19.526879473162698,18.4120798174458,15.2892914397669,16.868350232776198,15.6038628568446,15.200659639799,16.9798621908005,14.7541482093161,9.21540121676841,9.47945095433658,8.68712633073587,7.55369764799117,6.530008823722941,6.4798191556385,7.16427197319981,7.7918151700637805
root/Europe&CentralAsiaFrance,root,0,0,0,0,0,14.712618271143901,14.2257359131543,13.910154349695,14.476430340726099,14.384712848511699,13.0035291404172,10.7179576900466,9.60582183992142,9.239707869824901,9.16407829766125,9.24339812800695,10.611562529053801,10.2854255319485,11.6180086225539,12.0706191908216,12.1800246146454,11.468673291048301,10.8958454452091,10.1832197001012,10.6469303320519,11.5597885079982,11.3710706140641,12.367399983239,13.243287189886699,13.7059476593905,12.8995771559895,12.418561235622699,11.1165127969083,10.7139576200308,10.896301906975902,10.2792185456122,10.6352662086323,11.1142176931583,10.0958076023792,6.73281474194558,7.19063225856582,7.87720772143431,6.4449474912816,6.259154910205469,6.50249521774012,7.406842050189379,7.14337472384243
root/Europe&CentralAsiaGeorgia,root,0,0,0,0,0,0,0,0,0,0,0,0,0,0,0,0,0,0,0,0,0,0,0,0,0,0,0,0,9.439266294218429,9.39342448158487,12.470159310204501,14.6860189027385,12.8297066172225,11.6064480448648,15.6276738088133,13.3133793806284,6.46354845435295,3.56379498614206,5.37551641288957,7.8800367823342405,0.709495848302432,1.7215877089275,5.99425363457314,8.29120037003672,9.359356371066712,8.21385377985647,8.914043503878462
root/Europe&CentralAsiaGermany,root,0,0,0,0,0,0,0,0,0,0,0,0,0,0,0,0,0,0,0,0,0,11.9183800879002,11.4927258973402,9.76875648448354,9.82827062128731,10.064925031659198,9.38075098873618,9.55544256550017,9.73168885034356,9.18892945088161,8.81927820530361,8.48848912011249,8.2751450487568,7.5293389765685905,10.038041356230801,9.76522660522469,11.9660955976479,14.184647994525099,12.861109586806199,9.47717076503349,11.3636787283725,13.3502427464861,12.341762970215399,11.9548465770406,13.014405724377802,13.7256676425477,13.708445807542901
root/Europe&CentralAsiaGreece,root,0,0,0,0,0,0,26.4146679157511,21.7704418211336,20.996693463863497,20.6685543905929,18.0926274941467,13.6270268504279,16.2102562509602,13.7704097283549,15.033812093229,15.5655177472613,15.0973325880666,9.942628203253571,12.9276266915167,11.8930352861177,12.339753472090699,14.914089591473301,13.4789924801003,12.3768207649367,12.2186307070663,11.001402863527801,10.0399074005893,11.0729556338521,0,5.63085257490606,6.42835066495373,6.75855283974763,5.3945588575316705,5.547454628681309,5.55628227649372,3.3456875850543906,3.31836653789154,0.507209299779883,2.7642609995993297,7.77634718085981,9.151014920832528,11.150929013197501,8.66109117762658,7.4945721636998295,6.729608586895731,7.403506469254951,8.53846903816749
root/Europe&CentralAsiaHungary,root,0,0,0,0,0,0,0,0,0,0,0,0,0,0,0,0,0,0,0,0,0,0,0,0.963347816429798,3.0494080470452203,3.69359865090539,3.94090903028826,6.058249174569809,6.433749919270039,3.23791190428784,4.02648658068237,5.610341071914821,5.91805017478328,4.735039569956769,5.46770602242456,4.8071471784272495,6.08893077073372,4.82823712364117,5.15267917851934,4.98630251399504,5.87830663428118,6.31760523410326,5.65287879186288,9.85464378287358,10.8625482713393,10.7192231707502,9.893315152134269
root/Europe&CentralAsiaIceland,root,0,0,0,0,0,0,0,0,0,0,0,0,0,0,0,0,0,0,0,0,0,0,0,0,0,0,0,0,0,0,0,0,0,0,0,0,0,0,0,0,0,0.6050047622362421,2.2443130791488,12.2906260430496,12.9361030238225,16.5324161747269,21.8120622577662
root/Europe&CentralAsiaIreland,root,0,0,0,0,0,0,0,0,0,0,0,0,0,0,0,0,0,0,0,0,0,0,0,0,0,0,0,0,0,0,0,0,0,0,0,20.6561360082687,18.0566258621712,14.7934040669194,10.738866774056001,8.046484885540709,8.23569937770601,8.16307694927943,9.85280578044526,12.3980404580687,14.949542276210599,16.190920861647196,20.686276721412302
root/Europe&CentralAsiaItaly,root,18.434259415264602,16.5432885887756,15.705365191385301,15.968062910021901,16.5216702722459,13.2344250212664,15.324329863450801,15.086959054918001,15.736860455215199,16.4548130244123,14.1805363668946,11.2350119592996,10.856067916259198,11.586513384549198,11.9394862203879,11.3996751377257,11.454399378868501,11.6606340798949,11.824092584077698,10.402870405926802,9.633510883545789,8.660969865422631,8.50632395182817,9.273715660481301,9.19643969310568,11.2827987671381,11.795052202301399,11.783120198066799,10.582754388053,10.250191979296,9.49503306796123,10.1908292609483,9.57584303551618,9.04021885348695,9.20027707715158,8.04978690305186,8.45792898417708,8.43053591009557,6.428157257160139,4.11315635568602,3.23921803259059,3.1345063301236005,2.54437760547305,2.89606125123192,3.98510491227635,4.00833045213297,5.17406686124375
root/Europe&CentralAsiaKazakhstan,root,0,0,0,0,0,0,0,0,0,0,0,0,0,0,0,0,0,0,0,0,0,0,0,0,0,9.60869875449124,6.62473662424981,7.33916998889874,0,12.974890371096,20.522840168547198,13.328037139264,12.958148082845499,8.660911591251269,9.097002032502001,9.1838139311271,4.621372428775969,2.7285507485794995,8.49568703577052,3.40452541374196,2.07936310671925,4.43980282477777,4.17197088137096,5.15144709065707,8.77862397589815,6.50416684301653,1.9978282006811101
root/Europe&CentralAsiaKyrgyzRepublic,root,0,0,0,0,0,0,0,0,0,0,0,0,0,0,0,0,0,0,0,0,0,0,0,0,0,0,0,0.7489621719127489,24.2806969224105,12.713227927456698,1.07182510202285,4.17991230936385,2.25720165420788,3.96009444141235,1.82056040085801,4.699705768496389,2.18213709405033,13.8997812419292,2.05812979039167,12.675375538486,4.33401266870377,3.3165635983274595,0.437792042796563,9.6557712373634,9.588823294484909,8.05613267901866,0.493764033651046
root/Europe&CentralAsiaLatvia,root,0,0,0,0,0,0,0,0,0,0,0,0,0,0,0,0,0,0,0,0,0,0,0,0,0,21.1311064401524,19.6170357287451,15.056981491758302,12.5507922696275,14.5989870307793,5.91448060831421,2.50099171807447,0.600525455739378,0.9877807833661879,0.796865594513536,4.27832069079578,1.56459979177272,2.3246212071830095,4.433154771588559,9.86349404712186,0.240506296275683,1.34988010358042,2.89753366489221,3.24543624818296,1.02922448091876,2.4330663747202004,2.15978677730129
root/Europe&CentralAsiaLithuania,root,0,0,0,0,0,0,0,0,0,0,0,0,0,0,0,0,0,0,0,0,0,0,0,0,0,5.773756737151201,3.32052277190407,2.37004432579483,1.63073976618028,1.07405963475657,1.92512159219847,3.87141434279871,5.8532272887052,5.62194519111902,18.8780892604317,19.657951563241397,18.7011918485899,19.4886043458032,17.661276004015,16.4448624207479,19.250384844409,20.1332221697102,19.4886771056295,21.8424853471328,23.9668695072903,19.569159983095698,17.613453015502998
root/Europe&CentralAsiaLuxembourg,root,0,0,0,0,0,0,0,0,0,0,0,0,0,0,0,0,0,0,0,0,0,0,0,0,0,0,0,0,0,28.4916730738951,28.261426910904103,26.474933820043397,23.600070295011502,23.314372084368202,31.893544845734898,35.014812660678004,30.725275878547002,38.4184546003081,32.6382858424579,6.60143182280186,19.0530360256441,16.5476350305827,12.276356275940401,14.9465131937572,15.7615843649647,18.7357809472522,18.868031331715102
root/Europe&CentralAsiaMacedoniaFYR,root,0,0,0,0,0,0,0,0,0,0,0,0,0,0,0,0,0,0,0,0,0,0,0,0,0,0,5.70396898849471,4.55380197013597,2.53422268804758,2.3698361595622,3.41374586270239,7.4096970004638205,7.1571124239627,5.662902509139769,6.9494580013044,2.3124644831439,1.06126659049237,6.32493910979113,5.075827477586491,0.248120259520295,2.3618055341415696,5.49095262025388,5.79362069766114,8.88970780931645,11.2258886889339,11.7458248776365,13.3562825644552
root/Europe&CentralAsiaMoldova,root,0,0,0,0,0,0,0,0,0,0,0,0,0,0,0,0,0,0,0,0,0,0,0,0,0,6.09340335498168,0.776419361044903,2.16385817647771,8.709406037336379,1.52748734336057,0.708326572711975,3.74428475838686,4.53952612950391,5.281620525358281,11.3179310614285,11.6622238357729,12.4476057290572,18.275001459867603,16.8428716976867,10.688491364927199,11.6715115691285,10.024684296356,12.915360299452699,15.5296385181209,15.2356823819394,12.1484928740076,14.1131332131743
root/Europe&CentralAsiaNetherlands,root,23.3087845410492,22.7419356906426,23.212263258618396,24.715950940529197,21.211940021393897,19.1978236775571,20.040077720428,18.827272609224,17.0903030490661,15.5081147720459,14.6234858732883,14.3929279783025,13.966638283749301,13.491279389628401,15.512179445241301,13.338184686945901,14.8478731626396,14.493144155805302,15.598354918785,16.6037316538385,15.3166809538868,14.7328234280105,14.3451215400325,13.6958970847651,15.020958795402901,16.2494627223766,16.3648560632077,17.2033219928919,15.412162189767301,16.5769952436688,16.9140259461431,14.4203595302394,13.1759858604913,14.149865034373901,15.2028870240488,14.4742381671209,16.748157642367598,17.1134721780763,15.1923495033021,13.878386540790999,15.097969479245698,16.3970382758238,16.4271131253847,14.7494778631212,14.351652774804402,15.970195139553,16.5338507044864
root/Europe&CentralAsiaNorway,root,0,0,0,0,0,18.726498813332398,16.970256296689698,13.5543200286135,13.821866622880199,12.2636708034709,15.0260648300806,16.663739304940698,16.3044507776594,14.679808457170902,16.6949313756937,15.850919168373101,12.1332562153507,11.299950509903601,10.6176484797139,9.39761528353248,8.519783483560719,9.69659390266577,8.76705238561542,9.96337780290776,11.349671025752402,12.9287306759921,13.065742196331401,16.168669535504502,15.8812597028689,15.090598712402699,17.1520425449201,19.052251885896002,16.3785057348468,15.530155640829802,17.8439950442597,21.1947446888264,22.5612531831723,23.051487989236897,23.3267666058126,18.3630984352832,19.7293347833833,20.0592479436077,21.6904374119519,21.562044478864102,21.214940139985,19.0840614177985,15.786176592481699
root/Europe&CentralAsiaPoland,root,0,0,0,0,0,0,0,0,0,0,0,0,0,0,0,0,0,0,0,0,0,25.8996266817059,24.058161877214303,15.155457346103699,1.50750926945306,6.28153663665549,8.05436214582014,8.65620009440108,8.870834035736081,7.12976319066242,6.65458017387511,5.48822294911751,3.92007460672059,4.49265008156092,3.57990772783464,6.6579413332884005,6.939577722731499,8.66198392947505,8.96321918613288,8.04814092667497,7.82811360860478,9.53294944392649,9.264523066045788,9.352835547657609,9.86731933265915,11.323835347471,10.6742557595188
root/Europe&CentralAsiaPortugal,root,0,0,0,0,0,1.8164487018649,6.530128040456081,11.2689952261594,13.8661973421453,16.694250512864002,17.1925252324526,14.6150573838757,12.3775168501301,10.185992805867802,7.1270451966490995,9.10874266657664,12.962613631944098,15.7651684970356,16.6621947973162,17.0404260952758,16.1220001053038,14.553265756251301,15.3599953502616,12.9759010911602,11.5096965486273,12.834100491304701,10.111988788650802,11.2091639377512,11.853743998399901,9.2107497262493,6.545220590575321,6.57419516823504,5.57508815349912,4.50020365830956,3.37625320147534,1.36683969445723,0.0758260672968429,0.9901679088833358,2.2719641582739,2.2111571116607003,2.2893768449264704,0.68229498734273,1.0010026253300799,2.12696318585743,1.54458075063702,1.49954856394492,2.5095131691561803
root/Europe&CentralAsiaRomania,root,0,0,0,0,0,0,0,0,0,0,0,0,0,0,0,0,0,0,0,0,11.5150537520377,5.290088887530441,7.035020277637429,5.840410337828599,5.53922002448132,9.317031239753971,12.7195432884943,10.8610537471771,11.259690022499699,11.048490796054402,6.88180775270196,5.811263298942009,5.34845797832066,6.98214698917164,4.45916367547462,3.3733532601709904,0.0889143443441902,2.53274041332932,6.97276647404467,6.1884206145540706,4.91376733979307,4.15854305747455,3.4575508357496,6.451848644456719,6.44493248684916,6.67775808747062,5.08480948742411
root/Europe&CentralAsiaRussianFederation,root,0,0,0,0,0,0,0,0,0,0,0,0,0,0,0,0,0,0,0,0,0,0,0,0,20.7639971278335,23.7916535427459,14.6025427215907,14.842045662499098,19.360170416549398,3.5907658661047996,5.64188659641575,4.69257704479878,2.09993821830127,3.9016491006794705,8.61664785313597,9.14809784046213,10.948081193598002,13.2138439470049,14.703712532462498,5.12613946993052,11.223994445353501,13.445399938913699,11.522216225390501,8.59215888835359,8.16332404574051,10.577989371023001,6.982403754488231
root/Europe&CentralAsiaSerbia,root,0,0,0,0,0,0,0,0,0,0,0,0,0,0,0,0,0,0,0,0,0,0,0,0,0,0,0,0,0,0,0,0,0,0,0,0,0,2.3841571048118397,4.17551137546754,0.8828235428762851,2.46972810413546,3.48272116484622,5.440975921594321,3.4446454978309102,3.4459950213011097,0,0
root/Europe&CentralAsiaSlovakRepublic,root,0,0,0,0,0,0,0,0,0,0,0,0,0,0,0,0,0,0,0,0,0,0,0,0,0,8.56079124848097,6.56296877718319,7.07791281205174,6.19001076734082,4.6644850150624695,4.47045280693131,3.58054700148601,3.6564769947994398,0.0517491601776803,2.203461473774,3.72976694812188,4.39093498970851,8.27835286103681,7.45870870208984,0.22468842699584102,2.39480730629448,2.08717803173532,3.9009731335059303,4.4736659791471505,4.605670957449941,4.9609017114760094,5.2124336260515705
root/Europe&CentralAsiaSlovenia,root,0,0,0,0,0,0,0,0,0,0,0,0,0,0,0,0,0,0,0,0,0,0,0,0,0,10.4774271021155,10.7601990560364,11.8378739461692,11.9226270720115,11.6892806973015,10.3926405827466,11.262295274993301,11.8290819567731,11.552794533089399,11.8624728627296,12.6783945490604,14.854179238757801,15.6873075800144,14.3614824227395,7.9706878108604595,6.55184160218889,6.3850950494092,4.39592554683558,5.461782900103071,8.76777938067076,7.460511008930499,8.02084387701295
root/Europe&CentralAsiaSpain,root,0,0,0,0,0,15.686270622678302,12.401077985193501,12.824334652869599,13.4908181861085,12.207851891673801,10.0344105729975,7.07212611440635,6.81230623518592,5.962751049525711,7.368878292440269,8.15385393302297,10.3591556521353,11.3280421382935,12.6754165137448,12.507934619345901,12.564020945701499,12.1980240573297,10.6091963391759,10.137191926665501,9.868353136888409,12.3856032768755,12.0985069206802,12.9978268974967,13.592575760737601,12.5553011862199,12.031587324735101,11.9516778140342,12.4464802864337,13.076032111540501,11.933945830933599,11.022485903077099,10.5805383655846,10.014860900070401,8.54797042632253,7.870035696930111,6.72695106100132,5.2792108836157,5.28769247782551,5.9358252113972,6.212892611823079,7.3304435211274805,7.95078053898255
root/Europe&CentralAsiaSweden,root,27.965081360630396,25.7999068199701,25.2072542477295,25.4845892553591,24.198607785928196,25.229936927185303,22.4704310824068,17.9117592972509,16.8013220264153,17.672879322907,18.5063694151732,15.777912447131099,14.176404554328599,15.8249588115359,18.592722301362603,18.6999518082431,18.9941436452049,19.2282210507165,19.8597377845065,20.518330015971898,19.4628755764118,15.8275312604386,12.032579321119199,8.48545992108534,15.325348078441902,18.693093216637603,18.422341309402896,18.527086820794302,18.520980700839104,17.896394238952197,18.536912600288503,18.2915972883657,16.9541081931452,18.6047692134345,19.2616938123755,19.4292590831909,21.5935320586132,22.7758834608817,21.575788268415398,16.052601421903802,18.0501662026661,17.778382163317,17.5057287749053,17.2525026559404,17.864325269302302,19.2493993805775,20.2230803649962
root/Europe&CentralAsiaSwitzerland,root,0,0,0,0,0,0,0,0,0,0,17.8585286173111,18.309117871541897,17.2787565865242,16.1818926045948,18.2538301637492,18.0223511521285,17.6390964261852,16.773688804654903,17.625734796961602,16.7834361513401,16.636258604907,14.770236543743598,12.968518831506,13.932862616268599,14.455863392007599,15.3932906327871,14.876063540750199,16.8778931228302,16.8963951682649,16.4673391651442,19.0388438843311,15.688302904744699,14.1762328876565,17.3538176990427,18.0607376611478,19.4812431879125,21.7947411224931,18.5751526711585,12.1573569295646,16.7824369225456,21.4087733334383,18.7291868414426,19.1483039073441,18.205446714852897,16.2759765249963,18.260879504614,16.4717573412253
root/Europe&CentralAsiaTajikistan,root,0,0,0,0,0,0,0,0,0,0,0,0,0,0,0,0,0,0,0,0,0,0,0,0,0,0,0,0,0,0,0,0,0,0,7.800654847111749,17.4149348646366,9.59860344379643,7.189204746704191,5.08249471439686,7.2333734731278705,1.1648599391824899,5.67032705409363,3.5385940784397993,6.00786625253744,0,0,0
root/Europe&CentralAsiaTurkey,root,0,0,0,0,11.4045288452457,1.3764448964268898,2.84164648612113,1.7907617919780001,1.30448830550873,0.0187172553601456,0.8423556453352808,1.09127690501959,0.942276805388968,0.691033181132934,1.21192800570522,0.408516263740881,1.7246650499071599,7.703841856677589,9.42987531168375,7.2145978640901305,7.59402869744622,7.45915998372671,7.622251512048369,9.00981609712591,8.10269556597555,7.34962981824497,4.915362549735031,6.29711868194134,12.268361720676902,7.03600662852781,6.44628523641867,4.67598409606459,5.28314080477814,4.64750402387645,7.2761686397373495,9.1221321094942,10.2992459759052,9.80187628989573,10.733503360523699,7.233135925158349,8.54745928069479,10.3984715799621,10.721676171294698,12.2792472761324,12.9744465499434,13.105999567767,11.9951794236831
root/Europe&CentralAsiaUkraine,root,0,0,0,0,0,0,0,0,0,0,0,0,0,0,0,0,0,0,0,0,0,0,0,0,0,2.53236650322657,5.2392386116239,3.97366514944838,7.09670269658389,7.92483014618944,5.83961300359885,2.32559198820052,1.3833321889369101,1.51458587596769,9.30327444360652,7.3242714990859294,7.10336068967179,8.24330612437883,8.49244589576614,0.86044211531929,1.6098352455820901,1.4313733014898602,12.187814522134,4.05172185752678,3.73393336324611,1.48930374485001,3.22111364739617
root/Europe&CentralAsiaUnitedKingdom,root,21.936415670017,21.022522979454102,18.7003727953503,20.2016193405485,17.878949863993498,18.3834877454106,20.284294529857103,19.4793250030811,18.5048899563695,15.538887946956999,12.9395774766672,10.797079846136,10.7028864896374,10.9786795096696,10.820438682472801,10.557338334480999,11.0575266653636,10.699575678008301,11.468272238919498,10.3909800853287,8.2829282238079,7.3728745268440905,7.28309886631804,8.13076871851896,11.3415392779463,4.899681193271539,5.1808076325192305,6.88259864459981,7.55564111140882,5.059432821216269,5.38950991084131,4.79105214220516,4.889107680886769,5.2053179665342695,4.74629828742649,5.79053449625176,4.81831369460404,5.57237472703068,3.48489049160874,1.34813710657542,3.83179099812783,4.3601273596846095,2.76461749116578,2.7296777751644,3.4811894243267596,3.75057221745335,3.3818883705988196
root/LatinAmerica&CaribbeanArgentina,root,0,0,0,0,0,0,27.061000526771398,26.3789580593505,23.570241729779397,16.8435960316907,13.732121604466801,10.969748438139998,10.9233304232356,11.075263276110102,10.2015352718479,9.25148913489312,8.13766019488368,7.79129493292534,10.4079433516326,3.24788176576531,7.077964859123861,7.262312858513809,8.79392461649531,11.2655080383439,11.5623398242942,10.5160034421416,9.837209311822619,7.0294471782195105,8.06343300666694,6.100653585037611,4.57522034911912,4.4856757802308795,4.61850155011208,7.7191640961301795,6.98146244219134,9.37931516683691,9.880069247396529,12.1059301317321,11.145352493070199,9.940962554706472,9.5299529967835,10.1591561268517,9.186866892806222,8.09388391096017,7.998708058310549,7.35061289130595,6.04909795178847
root/LatinAmerica&CaribbeanBahamasThe,root,0,0,0,0,0,0,0,0,0,0,14.5881115731042,12.7079229301616,19.1632325508976,20.584736129775,12.6312097580831,16.810859249109,16.2132447643974,16.6144733470054,0,23.0130560593545,21.0540255143905,18.8984723524064,23.1069648870161,18.868419530862898,17.7687258522391,29.9473792809791,35.42903599976071,18.147122677974103,19.8733542362092,24.3596571398358,22.1886413343862,18.4577959167873,21.8367608424617,20.6250829507705,22.359254047297203,18.4530686857815,14.264485403610198,15.884835530446,13.895682818846,12.388114647037801,10.0892038164095,6.766234289694821,18.2500621536725,17.8721068195397,12.417838231992901,11.3605021364785,10.105765264437801
root/LatinAmerica&CaribbeanBarbados,root,0,0,0,0,0,0,0,0,0,0,0,0,0,0,0,0,0,0,0,0,11.0992174851918,8.07758237969758,12.3110628835459,11.1032783429752,16.0732994866519,9.96091210918788,10.782503182309801,9.0105961916857,10.296369616663199,8.242747173378591,7.79817207590332,6.122273328706861,6.4384507066272105,8.808181158542169,3.7379198583934303,2.0439967477510197,7.008677208861389,5.688289503180389,0.51856127928333,1.9588864421835,3.53948094030078,12.392265342950099,7.500670991214401,9.621952751266381,0,0,0
root/LatinAmerica&CaribbeanBelize,root,0,0,0,0,0,0,0,0,0,0,0,0,0,0,19.157795461767698,17.0326152870243,25.630028492270398,25.8980179959571,22.879664765048698,24.8077919763649,30.860626420580395,20.536700968051502,24.245705016491605,25.4548757700746,18.5204394236759,22.5051788223238,21.224472457694198,18.9355215039444,15.853921847248301,11.2731678196368,1.33866397870086,7.97474528467983,3.1652323663342,8.60628314291178,6.53715652759424,4.0041081808546295,1.87920933307352,0.7024097274511399,1.93411025464526,1.45333660838788,6.7135743765284595,4.09391218791603,2.09664341533813,4.7427360507408,0.602204929812584,1.05970564045038,0
root/LatinAmerica&CaribbeanBolivia,root,0,0,0,0,0,0,15.4541933925455,13.3233475859195,12.965579696478699,10.9744340479386,9.40404788846593,14.4519341178598,1.3421032868004499,7.89756284840669,5.05366719830488,2.64396352856506,2.25614482791488,0.48684543799600805,0.938727178883704,0.7091643237903591,1.75239669970496,3.4237979175680797,2.90628120471696,2.1888413365202,5.7342095195722305,7.09508034563192,8.36508193486471,8.2219502536576,9.10268809155251,5.62160602128143,3.8455906926245693,5.66227112430874,7.162453002758861,9.24755617429046,8.997620688950391,7.989282465910749,10.7920246603195,12.9516753965596,16.527729270536803,14.3328498676001,15.264503641784401,12.688028007313399,11.305794700770399,9.692766165194211,5.58296663297986,2.3492261201066698,2.1883087320056
root/LatinAmerica&CaribbeanBrazil,root,0,0,0,0,0,14.672529376517199,11.440952278717802,12.3817655876386,12.196080574704,10.233246714562199,9.34365186040266,10.866092487957001,7.668934706022671,2.8299170014981496,5.23448113716097,8.6170756646508,7.757626352386071,12.8386462781044,15.3345254103652,26.252553796610197,10.578820344097698,11.060962276089699,12.5352457069559,12.7075591225839,12.1848174596675,7.12512008876597,5.60610796298248,4.93960711838822,4.79146570919925,2.1339372497002502,3.0777275478507997,2.7329567907332097,4.4134559742129404,5.45077747039515,7.544330087831299,7.08788659180861,7.19235063837708,7.36662790621212,6.922849321587,6.14965245888998,9.22458723900103,9.56950231290114,9.29679186321591,9.86704706463776,7.502937479141999,6.623421020277469,5.76996240997651
root/LatinAmerica&CaribbeanChile,root,0,0,0,0,0,9.30971278114803,0.9429435215008649,0.6797057019320201,1.0256224248508399,1.7660262374163203,5.21878477195742,2.11433297532841,6.50820801498065,5.7362938874939795,3.8580036567595695,9.176369842867869,3.97647524300157,1.45557076550493,5.4041911151246,5.37362115943247,6.6475233729211,7.382862254057209,8.61275792748915,9.58023638976751,9.79961690347286,12.4457581302,9.22958706869888,9.208714297526061,9.20059222749366,6.73704782256791,5.9143456000744905,7.4168832247722,8.33639866030172,6.95760845640862,5.82341096779627,6.31771867174241,3.53114160138822,3.75008311508064,2.7956477387756,5.66478310523955,6.667213045261019,4.78249627998839,5.50741949761263,5.25781571789613,5.29460656852717,6.11703489569342,5.24603596360985
root/LatinAmerica&CaribbeanColombia,root,6.615961333947459,2.87234977344038,5.362559391653099,7.98897700813636,8.12434746671939,5.684323131480731,8.29268810008292,11.745927809374301,11.345635039172402,9.20052004914347,8.9077922464755,6.61335776086457,4.33908534682712,3.55653041471605,5.18923226545505,6.66468628214728,14.2584955029948,9.860034654059609,11.405439494381799,8.04883449917216,7.65272792358279,11.6369338342193,8.534161232170169,8.4740661135128,10.5233186982556,9.2958034988745,4.65511595542728,3.40232676363855,2.51831129075415,0.49400164895330295,0.321807153027966,0.718522599350902,1.89039997695654,2.5847165132548704,3.8295057541447504,4.12234078961737,4.80607746737759,5.25635798218608,4.78313775524437,6.23695537114308,5.00345650783475,4.02538253374945,4.2066015279975,5.11127881635949,4.48666657076852,6.31310612642558,6.48924975875188
root/LatinAmerica&CaribbeanCostaRica,root,0,0,0,0,0,0,0,10.3221357530936,6.35622893495251,2.74172525432701,6.166394629301701,5.37758444869117,1.0840430368076799,2.2765002684754396,7.38608414073321,6.63608932002112,10.1191564326651,10.0200975856425,9.93417918937322,6.57423598504163,8.0594143862432,8.81950470171026,10.2860918744811,8.77692446165108,10.4396449452756,10.457496543781,9.31058631010757,12.1031298604099,14.352759181115902,4.975818042862151,13.934056227714802,14.7982439743559,11.895011634981898,10.7948106221915,12.181333656563899,11.565648671657698,13.9197188569124,14.943252947059698,13.4124090082133,15.1529709726668,15.0150736332148,13.4099916817084,14.4522738327948,13.4528219286709,13.380483268836999,15.3740939234109,15.6136030902548
root/LatinAmerica&CaribbeanDominicanRepublic,root,0,8.05270745050518,14.9722332361759,16.636631045300902,9.96473916222495,20.2239385415662,14.6412681928617,15.7121035746245,16.9687252466357,20.181225149428503,11.7146039162839,15.1862486889089,11.4783838117171,13.1460442199021,12.790470467518801,5.35606187856645,7.42848142388871,8.600074694393559,11.1836278908092,13.6926500351292,11.766522974105802,9.55598097229818,7.310106334007349,10.513481236664198,12.770020933477001,11.1265257211919,13.7616783912285,14.964607844247197,19.125541910461198,17.2022097040552,14.417938043192198,14.2752929247654,12.787088897039402,11.8483678825576,13.1001504622349,8.912818751495461,8.866956299594712,17.133659460269598,16.4973181883827,15.083650489647601,15.036687253208301,13.265197406888799,13.533003421309099,15.374088399828501,16.5675534358663,17.783567306067102,17.4489046774151
root/LatinAmerica&CaribbeanEcuador,root,0,0,0,0,0,0,12.8226356152451,15.327860683236,14.8668746231903,9.90774379269772,10.9450162411904,14.702194262220099,7.96766880831162,5.1881856823667505,4.01561441878313,5.90754883704888,9.70970844708894,6.9066330224208095,13.2928270970871,19.4503849079989,35.3533461984589,43.12521576727139,65.45005440869251,85.5586161295545,5.257739268080139,1.99023516493879,3.5237788183391805,6.30613392342256,4.64885083651538,8.138494141952139,7.21194352827404,5.017175817785071,5.451961814968281,4.02853714245335,2.21560467345016,3.2924221138852996,5.2566514801632,5.86382032300483,10.499465181684,11.8845187645742,8.87670295679438,10.377704173343698,11.700730472812399,11.671685180583598,11.660610422191901,11.910342179423498,13.268627379126402
root/LatinAmerica&CaribbeanElSalvador,root,0,0,0,0,0,0,15.0012769914697,20.8560875412754,12.8687960699455,14.3039810849938,9.03162250715048,1.87104483765701,6.68066852989789,8.67953127895009,8.301784236273331,7.680075104942531,14.553118511921001,14.2824928686004,13.8498665449527,14.490407680680198,8.9390883264264,9.24117915541732,13.7116704885395,15.5242440847453,17.396981595543803,14.666416025029301,10.8893055098829,11.578234567518498,13.947509313426302,11.794757268411901,10.8342150602401,12.4526895756021,10.6511292558543,9.34970527963298,8.84103435576491,9.303442198910401,9.100428822171251,6.27770919743887,4.16612729990478,8.02280208514021,6.394532822759401,5.5310393964841795,2.9982195892533703,2.4837503278273503,2.66905292488766,3.82186513442733,4.45389589196973
root/LatinAmerica&CaribbeanGuatemala,root,0,0,0,0,0,0,0,12.9656212862984,10.4864136822448,8.42548807050562,6.03753521126528,3.1512418962957103,0.43199233585554897,0.720521875515783,0.398465612522055,0.9868159195659691,2.0402628766936397,0.628689911936986,0.10998086900193901,1.15431178428478,1.15961939925771,3.00068639548429,2.66769791647798,2.69707768496686,1.7424597285657502,2.07492098444474,0.71571212930823,0.796478881963688,2.5881192146716603,1.44331869547896,1.3923081418713998,2.8333997252635896,6.94534904713457,7.40591197051634,8.84457861244178,6.67393566896422,6.76227804041153,6.18115904952203,1.3842135299666798,2.9406555060451205,1.13887311198681,0.7236232020693509,1.2446939023160601,0.611509310987802,0.20672920282583301,2.10733879007078,2.82125424304921
root/LatinAmerica&CaribbeanGuyana,root,0,0,0,0,0,0,0,0,0,0,10.9642441666307,5.41898225001991,12.275270192790199,17.1364100629253,0.372132900626901,3.8464470933780404,0,0,0,0,0,0,24.0658839774931,25.3699905422856,14.748121015626301,24.0002504146136,23.887489553572102,16.7962393910332,13.8734121951793,15.2200365886122,9.034608479313961,3.77440770811404,7.331265272006969,9.67191091477226,6.69851077427676,5.23388346313719,17.4975102519686,13.714325243427401,2.9066168482035697,8.797922913825971,3.0998630495045902,4.31413288245232,5.491134863152761,11.497411580354099,5.5831917861526295,4.96077944828954,18.3955652548218
root/LatinAmerica&CaribbeanHaiti,root,0,0,0,0,0,0,0,0,0,0,0,0,0,0,0,0,0,0,0,0,0,0,0,0,0,0,24.627074106772298,21.1311576013141,23.8127035198393,25.2042256763303,25.2150283505755,21.376544762364,20.5609603271065,26.6854377880914,22.8699277457583,24.7116134313582,23.633858989135103,25.2413144438836,19.9468798854575,21.2541129190092,18.590032113782197,18.642576067886697,18.9269559891598,18.160889831890103,17.5196286659922,24.2276633435219,24.2882826876365
root/LatinAmerica&CaribbeanHonduras,root,0,0,0,0,11.5961289426254,6.77919743251253,9.62580267925999,13.060820640411,16.0028183039142,15.4497283285253,9.011380310501199,7.31850707552237,2.14569433629875,3.4920846656166695,4.876708642767849,9.072550098937759,9.16922989759958,11.6395565717315,16.1231537868335,13.145141371781499,17.1810365637655,15.7111683499753,15.3246992697654,20.9353887400272,24.6940936828592,23.860735435701102,22.284052298597103,24.2510145495814,24.766703135914103,26.3334314082725,17.6958562794373,16.4183568104437,16.4255608789769,16.8473596369242,18.1824204933382,21.9080311896778,22.822451495911302,21.698423729597103,18.640108505132602,14.355826844644499,14.8620009114225,16.6499625813854,14.7232774371295,10.6637669270627,12.376239670353698,18.699892716475198,19.0635675086005
root/LatinAmerica&CaribbeanJamaica,root,0,0,0,0,0,0,0.6658012015106949,4.665666284425849,9.111668299718302,6.320086188159161,3.18038337837508,2.05936605370859,1.97766508078556,3.64137340611421,4.03210392427093,4.45379502515195,9.60304810851758,11.017194235062302,20.2619917062236,16.7366559520319,14.453007040436999,14.682350256071501,25.4189944432867,18.238164927466,19.8371593871333,18.6867062833039,18.4949761706758,18.1386876842777,0,0,0,0,12.1253918146759,12.9757016340809,15.689464476733502,10.3851233161166,12.314075253086697,10.321792555815,2.2256460162422003,9.48510543698411,10.324988230873801,5.95235246076807,7.96077293602366,8.56567242839362,10.7448925088941,14.434913705668599,15.775608199440999
root/LatinAmerica&CaribbeanMexico,root,0,0,0,0,0,0,0,0,0,12.7066992114256,11.7487267516755,12.7429676569035,11.646475022816201,9.46894944940092,8.9967593041381,9.23234492293967,3.28434187604267,6.621242425181889,8.16968475207955,8.04724285932235,8.79816249129099,9.25981718182094,7.901013422814501,7.2333109872893795,7.54403949535939,7.5561382561732495,10.0678964140675,11.080557030727698,10.663461024993401,11.2253730621058,11.5999121333793,10.498451079908401,9.633984754384661,11.7872818731901,11.869096999564302,10.5764059778804,11.564220445446,13.739857329768501,12.996163878529199,13.4098376401496,12.6927669866955,10.67215802476,10.908344217021899,8.65513927286286,10.3130632461478,12.059561737764799,12.6226332546423
root/LatinAmerica&CaribbeanNicaragua,root,0,0,0,0,0,0,0,0,0,0,0,0,0,0,0,0,0,0,0,23.8054889120481,4.00145347263799,4.3613189745321606,46.43426429474529,34.7371913543847,17.7429598012916,9.31759083403749,6.60796730662596,1.4590464442649298,2.75463857370104,4.61106388398264,1.4653502344947902,0.0768854372372063,0.9649132688163922,0.18129029580068104,3.7702991420467202,6.112384097023691,6.923353598063049,8.32828590043604,11.121268182442698,9.96627338905461,9.028070232839301,11.9596030589162,13.2665206326422,12.6578371226432,14.2391542641308,16.5879136039763,15.337871760671
root/LatinAmerica&CaribbeanPanama,root,0,0,0,0,0,0,0,11.366210297761901,13.5830683932176,7.788921256616,15.5541113909728,12.647689179868697,21.3405663965821,18.9196877325574,7.8268562098585,11.545124269897098,9.46960993321574,19.8897656358241,8.31925423203941,2.6772796580792,11.298946861945698,6.26500885685963,13.8398676212183,16.4873683892259,18.884712030673498,20.3973055855968,22.7910983761963,20.9879810654956,19.9308932326067,19.024146561042897,20.6425037134842,14.092942675962,12.6243746599807,15.548544307102402,11.523508698571401,12.5238190781386,15.0852084145608,23.982461856991,25.5167738513967,24.047795167961503,18.8365418677703,26.231509743916803,28.716693270844196,31.5534685707335,31.985493463334603,26.410108202549896,29.2577661220471
root/LatinAmerica&CaribbeanParaguay,root,0,0,0,0,0,0,0,0,0,0,0,0,0,0,0,0,0,0,0,0,0,0,0,0,0,13.2680956168186,15.4217132506747,11.159423460845499,14.9271315002439,12.8516802707517,6.07492266066538,8.38015555783513,19.1229791161479,11.5255341099244,9.81542429302918,8.682092981691211,10.152863308554199,12.1192778455987,7.889490299202371,6.941375864135799,5.45932210348304,8.71731997719187,3.4677925621535497,8.15011081203562,6.59064086375786,5.14870809660226,8.01860493100739
root/LatinAmerica&CaribbeanPeru,root,0,0,0,0,0,0,0,4.25315948737102,8.8936053565304,14.631350760935801,15.416425013445599,18.112973260933103,20.597737445070397,11.738479220599402,11.8898137876375,12.4798287013674,7.87815550259062,7.92410270813751,0.935249491124708,1.11067935614023,1.5686884610391598,7.10530333988938,6.93938235678182,7.8909165625501,12.326140282882301,11.418493923304801,10.6095340182482,11.629710077766301,11.2561457595189,10.5407673698175,8.80659354123061,8.35708277837546,9.016375262769179,9.41508110047631,9.880991370202551,10.6791041729428,9.76272805796006,11.109986903550599,11.2188461125866,10.1074026917868,11.261507567590302,11.277931474638699,10.5529288531922,11.220750306877502,10.3478305015661,9.380046855036529,8.09045562147641
root/LatinAmerica&CaribbeanStLucia,root,0,0,0,0,0,0,0,0,0,0,20.0599923358585,18.501230877051302,18.778625641656397,22.393331472472,19.1306922771711,15.117247506704901,9.06975719601481,5.846932490453611,8.52329796983297,2.9406610812171103,2.0988348248615103,0.665554453086318,6.453470908630849,9.71443815292259,12.297252034918802,13.9249527164155,7.390341541033941,4.179442634941171,10.2776893189211,4.87060941057468,6.0766172796212805,0.222566395495996,2.3201944315879,7.06403377989521,3.6568930095444,5.037103897908731,2.52199725127064,11.3999540793429,6.87244623200239,6.69678710369002,0.18628909414726502,1.9777224012160102,1.77071626134278,3.1776622836087,2.54237947283076,3.88977122283021,1.7062839294078
root/LatinAmerica&CaribbeanSuriname,root,0,0,0,0,0,0,0,0,0,0,0,0,0,0,0,0,0,0,0,0,0,0,0,0,0,0,0,0,0,0,0,0,0,0,0,12.2382966386352,19.1615836784495,35.8441990264469,32.6676924900272,33.2506620207033,24.323743798665102,27.931473153360802,25.8894203034393,28.8226757582101,35.1597154362543,27.203629516230603,30.5465138574168
root/LatinAmerica&CaribbeanTrinidadandTobago,root,0,0,0,0,0,24.6992250358118,13.766095574505801,14.7478589464764,16.5760881999043,0.187169062298632,8.828140745696642,9.444926381037659,8.8619633926834,0.73950252123529,1.37159933842058,4.87208657520202,1.81918721268749,3.44823759685938,5.29874491344645,7.056500394730651,0.761936867878344,4.11157385882524,5.0611830837810805,5.18352940927747,6.935593440158581,8.70529807852473,5.13165058548907,0.0384515177419609,6.58842966536181,1.73026055999989,1.2709903302006103,13.069974491947699,3.18730741772212,11.252484490567902,11.372626224106801,27.632899016627697,26.5475167490773,9.69733101450147,9.16080353730117,2.02589585680724,10.0311497089636,2.3230048768902596,7.86992189563171,4.8329949527071605,0.282504103420675,4.7900791321315,0
root/LatinAmerica&CaribbeanUruguay,root,0,0,0,0,0,0,0,0,13.9477466367961,12.5816275258917,1.13419366001298,10.6141810431718,8.81255841884502,4.53575888695021,4.13859098508469,3.34875834319921,6.3287474612449595,6.2024382353306295,8.6420377523377,6.90356675220528,7.19129329622589,8.75655381558782,7.007790222529239,7.12616390799022,6.68696930164858,6.47631564623153,6.588262902536201,6.18709794169124,6.37156670020993,3.91904204026809,3.0647695791172898,3.51416259539497,7.26510570803221,6.594067682895321,8.40575706492502,9.63234944981038,8.297335577506619,9.10223738484356,7.81334872018898,10.0977399651117,9.115237861736231,10.3984014822448,9.87000759110308,9.65161822217613,8.90564483197717,9.420429117219859,10.441522546889
root/LatinAmerica&CaribbeanVenezuelaRB,root,26.160820238239697,26.755517834923,27.471649767111302,31.3423912896803,27.0604100849558,26.2533632458595,23.733745220139298,25.1141237991151,21.8930118590364,11.3245967153315,11.447688873538802,13.8468270944629,13.0885791475931,6.859969097159211,10.931777297718401,13.779600772508399,10.942537052172101,12.021703082406098,11.391082058474698,10.4914474088289,13.838411222850599,13.102565485982598,9.911218248153052,5.92050466181487,11.5926970976263,14.089519487905,20.4651574010922,24.1611635819376,20.195049757189103,21.543326093350895,24.818808424047898,21.043536359037603,20.160879869269102,18.147529595999302,25.308018286655603,29.884530473909198,30.986330504341897,27.618647748803397,31.9418762540134,20.770666953391,30.356083530066105,28.4873048348882,23.992684289998397,17.2836139480582,7.589608861625769,0,0
root/MiddleEast&NorthAfricaAlgeria,root,0,0,0,0,0,0,0,20.4367761401766,23.8169718724822,13.6073858426315,18.5604661400719,25.0589983621992,25.8299013805055,26.494872785460302,20.222516782082,18.155609703946897,13.726032017897,12.2591376171256,9.40405442356353,8.812233076451749,14.108899075188,24.3608509550939,0,0,0,0,0,0,0,0,0,0,0,0,0,34.6297497295894,36.193700980710794,38.366397053132,38.278553270455,31.5902137944848,34.5144594721664,32.1695743449229,31.774418970580896,30.2939101460991,27.783858134993,22.8017658944195,19.397608741354603
root/MiddleEast&NorthAfricaBahrain,root,0,0,0,0,0,0,0,0,0,0,38.6205486947663,41.6342589049476,36.166341812301795,32.4085307024186,29.310195609499804,15.788283039895502,10.0089347177584,10.1774406864647,16.9801240375103,4.11623224923043,2.4922946788524,2.2601201521263503,0.7886130999451322,1.7822168384295902,4.15383254085164,6.22849182152941,6.066477340795269,4.46380916069888,3.11262083324808,5.675060420808831,13.700324889298699,6.32015752362612,11.8405046691871,15.0620065960621,14.076686557637501,25.9446714632474,31.985184436367103,37.513384121501296,34.0576201805117,20.2471202510344,22.2396109426286,18.6643317081334,17.5021422762235,13.7364465325227,8.116888434979192,0,0
root/MiddleEast&NorthAfricaDjibouti,root,0,0,0,0,0,0,0,0,0,0,0,0,0,0,0,0,0,0,0,0,0,30.7540482987006,24.809719580500303,30.744962947652397,19.2964241813319,21.5535111200028,19.6593038136132,18.0098218586486,18.397199231144302,20.860076105260898,15.935454699498699,18.8436401468925,21.0232085268888,29.0601643573617,22.6483912791139,25.3564205015136,0,0,0,0,0,0,0,0,0,0,0
root/MiddleEast&NorthAfricaEgyptArabRep,root,0,0,0,0,0,0,0,18.178340062055103,17.2035565803969,0.803743589452884,3.4654088480359198,4.79500574090667,1.3318907747446298,11.3743106666516,6.10966157186911,0.43594751457643205,4.901693724409349,14.516215876456899,17.889003845395397,12.877507433545802,13.3139772647556,17.0005673364493,21.126651786322,17.788600553893602,13.3282870361346,12.2299606595927,8.666623813359621,10.0139776970006,13.0387830434605,11.3650036695877,9.35854844098523,11.9789908047472,10.6348971714699,8.82108525733067,8.88361106930297,6.9181347878491195,8.16801040364145,9.57136142924232,7.753884418620981,6.4575149825383695,7.76231249201393,4.65867613246186,2.1504604109773897,3.6154894331519105,2.72681213511455,3.5399633447858703,2.95902994198711
root/MiddleEast&NorthAfricaIranIslamicRep,root,0,0,0,0,0,0,38.8524676306454,29.3435683070831,17.7242712795009,16.7728534679106,21.990614741972603,16.152530549152697,12.0731454918664,13.1641877653491,14.6765856694014,5.9096569388310005,3.34795106764529,7.35707865876167,4.89961594603165,0.5523935341757901,2.71989519574155,0,0,8.74064843409467,12.653991377976599,13.8974289659235,15.7569064223016,11.9366368026677,8.935217409815179,11.789194357790501,8.142023115473911,0,0,0,0,0,0,0,0,0,0,0,0,0,0,0,0
root/MiddleEast&NorthAfricaIraq,root,0,0,0,0,0,0,0,0,0,0,0,0,0,0,0,0,0,0,0,0,0,0,0,0,0,0,0,0,0,0,0,0,0,0,0,2.9435575446305196,8.96424457002053,8.62188917692629,16.1255177063984,4.581753687148139,2.31828915541295,8.35479779712672,7.19521333691586,9.654321587702949,8.56629635695807,1.9301926824278102,12.4072898407246
root/MiddleEast&NorthAfricaIsrael,root,12.758587159762799,21.3786160647429,25.6388875922132,21.9857949879043,13.770117323719099,12.1490141820822,16.2023609709493,15.3635003962792,13.4803390095927,16.2688021481614,11.404103271238,7.8550929672782805,8.45856764094751,10.9422223116874,10.1471855454038,16.8111202615483,14.374621214771302,7.35239484851578,7.704812617460529,9.94425756172741,12.0873413369836,16.7687886754128,17.8344593806614,16.2651356338675,15.5448966244544,15.120666427270699,15.298955299921401,16.0236308778222,15.261085359034901,14.6611999436928,13.733702065151698,12.883329713977599,10.522283278804801,10.5646561729531,11.1354628089942,13.075962268831198,14.5445249085673,13.7890656897422,11.2579247965399,12.321659612081199,13.231270408529598,14.223160827175601,12.9778824598364,14.5801788297712,15.506548497893801,16.4689302117794,15.980786435341498
root/MiddleEast&NorthAfricaJordan,root,0,0,0,0,0,0,29.081781848653,33.5998620147406,16.980751623317097,27.030057503274197,41.1082160066268,38.6918244241507,24.4619172451806,18.377076667260898,17.5368818802021,8.15017674099922,10.6787202050789,7.5933389016387,11.5253151232394,22.6191349217825,16.283303498814398,7.99618894363937,12.021995221792901,20.7101616538806,22.149800132009602,24.469004029311105,21.7168673387008,18.385071944045897,14.570183043181801,15.078767085142902,12.903408691265499,11.124732432780599,15.9240338165524,23.0732689009732,18.637915805952197,7.330933013451389,9.29149403359201,5.276107180182151,13.4090623737218,14.5290341962126,0,0,0,0,0,0,0
root/MiddleEast&NorthAfricaKuwait,root,0,0,0,0,0,48.9044998966551,50.0805414247097,38.66632348251321,39.285488324549,0,46.183323244569394,48.9097547317173,32.6022180989655,35.3874899825217,37.2118313575325,30.209305059102203,34.036448671650604,35.4398440153057,28.545274724884,29.827499389214896,4.6405916483879,164.730495435646,19.5017351785336,20.9125123328175,20.6483792891442,22.2477273731883,25.4530981328971,26.552248488218602,13.305401350892598,19.4393280617248,31.803336019196202,21.639008827428498,13.832312990405299,21.4221518811879,30.986288629998697,36.508358775339396,43.2437056704583,37.453876900256795,38.405104287404,28.5566910422848,31.993246193134198,36.052600899537104,35.7321507071048,33.2036723442868,28.830298939882002,12.5449968180409,4.62299869096955
root/MiddleEast&NorthAfricaLebanon,root,0,0,0,0,0,0,0,0,0,0,0,0,0,0,0,0,0,0,0,0,0,0,0,0,0,0,0,0,0,0,0,0,18.6701550572193,36.294176893439705,7.088817533737579,5.90178479102055,8.28941309219736,2.8179512923641004,7.47028442308108,7.1174401462207495,9.78272953669048,11.9328691290469,15.8052618214999,13.009640438903599,15.659702044771302,10.8475288400885,10.5726102959359
root/MiddleEast&NorthAfricaLibya,root,0,0,0,0,0,0,0,0,0,0,0,0,0,0,0,0,0,0,0,0,0,0,0,0,0,0,0,0,0,0,0,0,7.927022811866619,9.3509591889118,5.201690012568791,13.264247354522901,35.82531975697,40.62716922529071,41.8267338154699,0,0,0,0,0,0,0,0
root/MiddleEast&NorthAfricaMorocco,root,0,0,0,0,0,15.105605969471199,10.7998140440584,11.8868437309645,12.354944334370801,12.0005884393135,20.537732758433002,18.1694253142536,18.9795519595232,17.3138662323522,20.3165462046747,19.685843891088396,20.849767771229,20.0968293531332,19.948648650136,22.2077925946145,24.95315187973,20.4917941992291,21.0575700058941,19.4465160746908,18.2849072280275,15.911815628469201,18.5122890007585,18.2223381437243,20.9688050784492,18.9810176258296,19.0286822836226,25.2582354453544,24.375552546911102,25.836205472108002,25.839946250371998,27.273524151977895,26.6007258856721,26.642102966493102,26.469062011364603,22.8740127346746,22.217492984440998,20.704216589662398,17.718740547545604,19.777083401728,19.078786805071896,21.190030359024302,21.2707157223294
root/MiddleEast&NorthAfricaOman,root,0,0,0,0,5.08935605179514,3.0478841753768804,1.49573659807512,6.845352838130469,5.125972402322049,15.150964128248901,1.0530309260484398,11.5233640888875,8.229194649040249,3.52788444327425,5.832252941755169,1.4984163782049298,6.529871108823991,3.6635585110437403,17.8732423817016,0,20.096481854959396,16.1527430816007,17.0671428826467,21.1060759687698,17.409575705957,19.6477687455874,17.7840367476757,13.785163745732,22.806527627294397,17.863149021077398,7.095620096068361,5.5663304967980896,2.64799358586538,3.47059344803707,5.260319232728969,2.4993938767985697,6.01350412510025,3.88677208722476,12.710564156909099,7.47249811216254,2.3271742992377797,8.22298649757303,0.33735388797737703,2.25139724470241,6.705330407599231,5.84374935976161,0
root/MiddleEast&NorthAfricaQatar,root,0,0,0,0,0,0,0,0,0,0,0,0,0,0,0,0,0,0,0,0,0,0,0,0,0,0,0,0,0,0,0,0,0,0,0,0,0,0,0,0,0,33.2308068487308,34.571514489,33.379438056184505,32.1833759025442,25.8283534701305,0
root/MiddleEast&NorthAfricaSaudiArabia,root,0,87.3068816428491,103.227850176415,150.824930191828,110.689798680728,100.668718701249,79.4842250635142,60.205832267701,36.077750431819794,30.092104624895,61.490253306012896,21.639421161796697,15.343368638801598,5.66476328504779,2.63501269942659,6.778655654520481,0.336243192636381,1.13019068990527,1.6479689015176102,2.33524317601001,0.41356609362710794,6.970301926028099,2.7994051203607406,1.5564813132038502,1.49707878168271,5.30341679910401,6.13860455215909,7.78272339512764,5.977823612532981,14.305270291735802,15.2327901538576,14.211920924720399,16.5896627617771,19.4072070771475,24.225177028374702,28.663812044419604,29.143916195227398,31.1768905744233,32.398879483003,22.165564139884,27.1720501737851,32.1672314536016,30.1807987668183,25.928444804758502,21.094340822065,10.6626708391812,12.362271121073402
root/MiddleEast&NorthAfricaSyrianArabRepublic,root,0,0,0,0,0,0,0,23.4809822279713,16.1292296312776,15.299315173419599,13.441379560851901,12.7664001589129,18.322055045105603,14.592541486602599,15.9031968369743,16.4658684812567,16.09447096316,3.5187107568686495,0.500197893035497,7.609755586703559,8.42740167894271,7.74123957505378,7.0390614579480895,4.22559992068283,0.0663917770233462,1.9467847400231102,3.1337362081007005,3.1420799881973203,7.55097057235944,2.25515600967269,3.5343710711027003,4.49217213168494,4.18463061220949,2.62042091009626,1.95274727852384,5.781740166084941,3.03933669547596,9.36827492274202,0,0,0,0,0,0,0,0,0
root/MiddleEast&NorthAfricaTunisia,root,0,0,0,0,0,0,21.449697658296103,17.6407744202894,18.253417568237698,17.350965366173902,13.763324631027901,15.1704417385489,13.602453313017001,16.7851405466019,14.2418213064681,12.3431544814611,10.1167353316934,13.518218453704,14.6375607456106,14.1453018930388,15.0016797448222,13.862433885261801,6.84070453847458,4.7443992432026505,7.24702818297995,6.72380106431578,8.926563732858051,8.82852147793873,9.887077981826401,9.980537360902911,8.631350350727638,10.0879738520956,7.4364774723570095,8.7573740868559,9.547286299103401,7.474539172425881,8.14645224090717,6.15523389505313,3.1987346111120294,8.31869987998256,6.24547431060974,0.679443619846945,0.515623487886613,2.81536544238329,2.33969121611294,5.2118754842821,8.373183277172659
root/MiddleEast&NorthAfricaYemenRep,root,0,0,0,0,0,0,0,0,0,0,0,0,0,0,0,0,0,0,0,0,0,0,0,0,0,0,0,0,0,0,0,0,0,0,0,12.4905810418793,15.7093001916162,17.6269191339141,15.694570041391199,13.665960730580199,9.38162324406326,12.1864072278001,2.4783173666113902,6.695345264373059,1.01712364688124,8.168679207145999,0
root/NorthAmericaCanada,root,13.6686970765424,12.8795358838941,12.8298303260702,13.4523254490993,11.2068521818549,9.25982655670192,10.528593093957,9.67160417020261,9.53381977549604,7.2934061580200495,5.9026919677445,8.42484312015911,6.7508797017165705,7.31820996369862,8.08301626462166,7.3658409025347495,7.59241098824454,8.54409863320654,9.54077501459001,8.47048262349513,5.30476735418613,3.69933469737131,2.60592500703008,3.4692845178312797,6.10388446074965,7.83277427362864,7.72720425275259,8.73641553065757,7.17054680285238,8.206246009789151,9.523321882085812,8.01544342037888,7.726846193367421,8.97908079027885,10.1509519691576,11.0342160135847,11.180100882646999,10.9640422677916,9.76925053646611,4.32420703085368,6.59131378356202,8.32167172124412,8.23602683726953,8.73176488055338,8.89239192789264,6.31721462052925,5.33838673731558
root/NorthAmericaUnitedStates,root,15.4554997052027,14.595418747363999,15.2546908842378,16.7129876192056,12.7419247305494,11.064204432981699,11.9663277838188,12.3515130901794,13.6563765064906,11.2583368436321,8.660249240631769,11.0526049282692,9.736859969033999,8.1511223772226,11.074075655792301,9.56780988170606,7.02620427012851,9.42967116263871,8.55578670215467,7.78685857054562,6.740255067916321,6.8806261694050095,7.05969429550367,6.19069957035755,7.515863204559691,7.6562728986862805,8.46605677450899,9.89186396447867,10.0750650834837,9.47624515212949,8.94476481919972,7.76391519153194,6.64230738213948,5.98557625232829,5.74374580126336,5.66865323060851,6.934944805143799,4.90895136793549,2.38080405084744,1.6590079722909201,2.98933862694494,3.89974345657259,5.57330433356138,5.9033490182538495,7.191993833025969,7.48836144378906,6.20061719050666
root/SouthAsiaAfghanistan,root,0,0,0,0,0,0,0,0,0,0,0,0,0,0,0,0,0,0,0,0,0,0,0,0,0,0,0,0,0,0,0,0,0,0,0,0,0,0,17.2877076089328,8.73398766016368,15.6501559894278,21.439286477519,15.537900435810098,22.7853804547501,18.8889635522292,23.463950189895897,24.291789788146897
root/SouthAsiaBangladesh,root,0,0,0,0,0,0,9.03162952067122,0.437489081420298,3.24355125965545,0.9757771945959058,0.288028838019099,6.5314494349348,7.38481991900709,10.366101604625,8.20467792826042,7.881754070449389,9.53021000483068,9.696072110332821,9.570883183435509,8.39324097467186,8.72592410703806,11.4143882180601,12.6257915135795,13.5198560060847,14.792340025241,13.562509226180598,12.7957278518801,15.7302670387833,17.1540945848347,17.7081770138226,18.5628482702583,18.0473951006017,21.1267551946925,21.283917964174602,21.9655904710209,22.9317935453823,23.7839143498535,24.9500110149966,25.761738692564002,27.3631907587325,27.2300882317076,26.188096447737898,28.3955842216775,27.7948181269423,27.029156072937198,25.512526356325,26.766153400439897
root/SouthAsiaBhutan,root,0,0,0,0,0,0,0,0,0,0,0,0,0,0,0,0,0,0,0,0,0,0,0,0,0,0,0,0,0,0,0,0,0,0,0,0,46.8316772333942,21.3356140903586,26.5344671512388,24.131967127803602,26.428262104737396,33.3229119318882,43.781783771177594,19.397496680243197,24.950727040637602,16.3033861602656,24.640574508147303
root/SouthAsiaIndia,root,0,0,0,0,0,11.140565853186299,13.6836368626926,13.0500813451229,16.3837386761026,14.2518444195396,12.040202287517701,11.2068427386867,11.0516386824384,10.4729652088312,10.863423445452199,11.247040388818,11.644788975731599,14.0453491942073,14.673003744735999,15.597451760349,17.7782675845537,13.9253361859779,14.5191269452853,14.4683997159323,17.9672790183501,17.1430966834495,15.7582482073271,18.3706515723083,16.790055967985,19.9450961328115,17.2275276946235,17.0496933378987,17.3532937827649,20.460290348437603,25.9194162468971,26.736874355138397,27.227109164353,29.3873949431805,23.208863359641104,26.652690184389602,26.307787687466803,23.2223566634729,21.851291480986198,21.161223311121603,21.7311854870957,19.8935075464779,16.5956625091996
root/SouthAsiaNepal,root,0,0,0,0,0,0,11.9171486963032,10.0556512147579,10.5504696733569,11.5374966907372,11.5093363755865,12.369469476500402,11.706492693813601,10.6728434131255,12.83228721753,15.967887616659802,12.6314403641661,13.158882567464001,13.0854125314748,11.888441858963802,8.70403802121811,9.93484073904644,13.3036582958091,15.3809376987602,13.1597617995232,19.1489131212877,19.7302867929037,18.211185482858802,18.028723530555602,17.183289114481198,18.3141706394834,15.500818656366198,21.717419269495302,22.227159115468503,24.2888812040434,26.8883510802541,25.1437298475763,25.9526023923741,31.863772339237105,33.2250980758199,32.1135782566576,34.218170205612104,34.8540943795723,38.005945244727,40.2503361142042,39.6932895186416,33.7847957324813
root/SouthAsiaPakistan,root,0,0,0,0,0,0,7.55408017733607,11.9590882489978,16.439672614698,14.6122930867415,16.9789754868502,16.5346650873147,16.7406875984958,20.392404738217103,17.3591726676017,14.746478694883402,12.3142765557111,17.4049987620682,13.168300305162802,13.090240538573198,12.9646037378709,17.650592380911398,16.1574829284059,11.0882624490024,13.9869175867375,12.450826578238802,9.69827467072665,9.90448560009423,11.2887361181004,9.806863852919939,10.3966167936166,11.9970450819559,15.2882577784387,16.947936284702898,16.718509665062,14.603059684712301,10.582124833190301,10.4523755501914,6.78240420819491,11.565006435852899,12.340287251731802,12.752875793754198,12.051174983671501,13.498523741934099,14.9455891075321,16.4923931043732,15.831260735919399
root/SouthAsiaSriLanka,root,0,0,0,0,0,3.6811013769244396,2.8318071772227,3.0204089740212403,3.4018163816344904,15.564595779031201,13.9761585830373,15.0576251306619,17.1967531167614,17.9702794969797,22.1710427877086,15.854724614716801,16.0924061214329,16.681646095168,16.821832221664,17.0422414318311,17.6542670147303,15.544303598764902,18.1067199700163,19.9723847577657,18.3965895582579,16.4172848814984,16.481929797959303,18.949247771169,19.2981325824154,19.3699965398134,17.2181475995531,16.6362346421388,18.3455171117312,17.8346469417814,17.6695198478374,19.686905662411803,17.8975016895033,18.774418814395897,13.2472356577051,19.261765011026398,23.693077686989398,21.0652266207716,28.015941921663998,24.1613311416738,23.839703983150102,20.184308137357302,23.6140921459272
root/Sub-SaharanAfricaAngola,root,0,0,0,0,0,0,0,0,0,0,0,0,0,0,0,33.3032961334007,25.1838223005802,35.2871449338532,36.936132014178604,36.690076174247295,45.9481662154465,55.3745256502514,162.083305785902,154.796031458371,210.903508591727,0,19.1912229836238,56.574237407924,51.57402143078011,93.2008330202827,73.0841552764116,82.776283600943,50.424100667959095,50.4954459841011,53.848685562174,49.1179984015966,24.850395339721302,37.740975148702795,60.395926745783605,62.266047487677206,36.868692113929,37.9200304554639,32.1142370646024,32.0653921926693,36.2445691565266,38.765446357371204,37.6515757220277
root/Sub-SaharanAfricaBenin,root,0,0,0,0,9.87328386251552,8.79998286925717,8.45837769028753,11.191007348003799,7.6791979959645404,9.28808189158609,0.741721919659173,6.686380599153679,8.04173162155815,3.1321832136657406,3.05494678864132,3.26194691692763,0.948477874452395,1.48988811774221,4.86715626820836,2.25373847819335,2.793679305114,3.6579511016683703,1.50777434464294,1.10661465118629,3.3994164093070696,3.9520716596502,2.27647709990906,2.1379735705927,1.54797498135427,0.984564219846023,0.296965383055595,1.80673451079247,2.18383759796927,0.24260959310564,3.18932292727115,1.9334527977878002,1.4944624724002298,2.3065177662928398,0.5934482788780749,0.5761702693416421,0.957461923930452,0.593334945149687,1.2861587563891101,4.031131428552579,5.56504613810758,1.2650397887999199,5.592358278748269
root/Sub-SaharanAfricaBotswana,root,0,0,0,0,0,0,0,0,0,0,16.421916508697098,17.579342789743,16.3033341535425,19.1067276182553,18.500744280824698,26.707881248323698,30.5695693430278,34.8476934925601,40.951137787782294,40.6633481245406,33.356191175559104,36.0555522285449,31.633136490307002,32.8752320621536,21.5190795346804,23.1601942032117,30.9624308284201,31.2327336715294,34.002884314476,32.2896258833784,34.7705835883366,37.57719090002429,32.0508791922916,28.620419309252,24.130699381085,33.9559066890384,31.0701271441755,32.5846312168335,19.7390330625407,7.98159383096819,24.4091855490203,28.911450847662696,26.0163867180895,24.8255334583211,29.7970561057368,27.791766609038,30.094839607899498
root/Sub-SaharanAfricaBurkinaFaso,root,0,0,0,0,0,0,0,0,0,0,0,0,0,0,0,0,0,0,0,0,0,0,0,0,0,0,0,0,0,0,0,0,0,0,0,4.826697545769201,2.8181030074255,2.9727433386035003,1.49206169253562,1.95306197832517,3.7259771076037,3.61164318371847,5.0953165975950405,2.1798731087004,0.122741276174764,6.42510649696131,0
root/Sub-SaharanAfricaBurundi,root,0,0,0,0,0,0,0,0,0,0,0,0,0,0,0,8.511481120704909,12.2208635150633,7.7939960906500705,14.0960254248412,8.65052130779732,16.562066808675002,12.4008686319096,20.1532725065315,13.182592989606901,22.0650693014566,28.3982271545467,36.5070482500949,29.344195667227503,37.6828511580555,25.407833192996996,26.041769889074,30.485707755365702,33.194294661993105,47.206132582848994,37.8839374572006,22.401929340566603,35.0799908254043,28.489839226020198,32.8073673157614,37.8444713112334,23.6032815589828,20.4813417296214,5.06994560590602,4.6124037240221,8.23680100826826,20.6720225404209,26.9020957948331
root/Sub-SaharanAfricaCaboVerde,root,0,0,0,0,0,0,0,0,0,0,0,0,0,0,0,0,0,0,0,0,0,0,0,0,0,0,0,0,0,0,0,0,0,0,0,0,0,23.8302702015591,23.7284024395567,18.189526519709002,19.339696772084398,18.7019835927145,11.552036125206001,9.16373697432081,9.091971768429891,0,0
root/Sub-SaharanAfricaCameroon,root,0,0,0,0,0,0,0,2.71087304880333,14.4810151339652,5.43468640935912,11.444365668687999,2.7018095942787097,13.6600969335317,11.6154190256451,11.340944735449801,10.618547769448499,17.971882690170396,9.447593800311301,11.6170937015416,6.43835310823651,4.51148825386714,7.6299960009959005,1.4474895192785,5.0541438397714105,7.1236254600548605,8.68682256649423,4.73003291184509,4.29263606457214,9.21013991650843,6.187996297042769,1.0660193503120998,2.189339400133,2.7004156499145497,4.6523770288729605,8.13006994056898,5.944094599849549,6.42235024095771,5.55892741350173,4.11432460204376,6.60731001708571,4.11133732115428,3.85238425733576,2.22403374206323,2.37476635932113,4.7268463627856905,4.30518398022128,3.86956536881729
root/Sub-SaharanAfricaCentralAfricanRepublic,root,0,0,0,0,0,0,0,0,0,0,7.0959535673295,1.79872643333361,5.93135484850727,0.0349348091428675,0.28280551983823704,5.61311481281608,1.8178356181441102,0.842070585974035,3.55533916866791,5.689638183454651,4.66200771273149,3.19983476635317,3.4742422808424998,5.88022117287871,9.62072337408065,0,0,0,0,0,0,0,0,0,0,0,0,0,0,0,0,0,0,0,0,0,0
root/Sub-SaharanAfricaChad,root,0,0,0,0,0,0,0,0,0,0,0,0,5.485441085581121,1.59949229114954,1.27734313655255,4.271631018191,2.4122517130264303,1.98989557550121,4.1561892550171295,0.0970242290227129,1.7267473435839,0.4866888775302,0.0750952439750617,2.2781601755177,9.371463967463189,0,0,0,0,0,0,0,0,0,0,0,0,0,0,0,0,0,0,0,0,0,0
root/Sub-SaharanAfricaComoros,root,0,0,0,0,0,0,0,0,0,0,6.259018440626731,4.38462781134077,3.0840019204073705,5.4356346313616,18.4562287070722,19.376309209344303,8.95901266385541,10.496922542994099,11.0365575120648,8.18878686684959,6.4698738064107095,3.7174857882774,7.2528963548229095,14.5640684860132,7.79700514440437,3.3155072108103103,0,0,0,0,0,0,0,2.93310368380449,3.31663583287623,4.57130418868299,2.97505406694776,4.43175395503425,1.9064684788550401,0.27824010741529603,1.3696894938989699,0.416452225110678,4.04707373868077,0,0,0,0
root/Sub-SaharanAfricaCongoDemRep,root,0,0,0,0,0,0,0,0,0,0,0,0,0,0,0,0,0,0,0,0,0,0,0,0,0,0,0,0,0,0,0,0,0,0,0,6.09734007439881,13.319296481017098,17.558683252181197,23.750102174931897,19.058339422878102,12.6821173555101,14.6448467266214,11.419352682914601,14.5481238707503,10.354196869071501,8.99337456098051,10.425865576248
root/Sub-SaharanAfricaCongoRep,root,0,0,0,0,0,0,0,0,17.700108224845298,20.8986908591374,9.03425477125316,0.0471629255739255,22.8593415852594,13.4480986911286,1.2970876424705402,12.437961162436302,11.303024353317499,9.62033311576933,32.622377834193,35.557328575398294,20.598533929416,21.6989282040792,5.44387551847036,33.5550312180297,19.9927342448479,80.7472065951972,81.4074180118764,56.4496773610884,39.622471649204705,55.472047240619,43.3491955451354,44.0052512303479,33.8333801517091,52.577511348031905,42.3436115481468,61.966813534126,83.60789889909921,53.8836559016895,46.581407875223505,37.9342976434413,37.137013948293294,44.986965442754794,43.136306902484506,38.125554177283604,23.149141144228395,21.704865860019396,0
root/Sub-SaharanAfricaCotedIvoire,root,0,0,0,0,0,0,0,0,0,0,0,0,0,0,0,0,0,0,0,0,0,0,0,0,0,0,0,0,0,0,0,0,0,0,0,9.6107418887345,7.85975212697258,8.40535935180041,10.095782299164599,13.9154431222876,13.450630338640599,11.0145489046927,10.726697811290801,16.2219558586447,26.9821204925842,27.4416248367416,0
root/Sub-SaharanAfricaEquatorialGuinea,root,0,0,0,0,0,0,0,0,0,0,0,0,0,0,0,0,0,58.80609030372621,58.881957384418605,49.9256465212648,24.5194499721032,28.084561580089,3.27194913528498,6.33497542017845,40.2327718471744,112.66672003008999,204.701488833419,0,0,0,0,0,0,0,0,0,0,0,0,0,0,0,0,0,0,0,0
root/Sub-SaharanAfricaEritrea,root,0,0,0,0,0,0,0,0,0,0,0,0,0,0,0,0,0,0,0,0,0,0,0,0,40.7572440322364,2.36765175506012,1.7865050238181002,17.6546539833335,8.00311221556362,5.75698978355845,3.13606944790398,0,0,0,0,0,0,0,0,0,0,0,0,0,0,0,0
root/Sub-SaharanAfricaEthiopia,root,0,0,0,0,0,0,0,0,0,0,0,0,0,0,0,0,0,0,0,0,0,0,0,0,0,0,0,0,0,0,0,0,0,0,0,0,0,0,0,0,0,10.6426167977249,9.60482275663082,5.69162409795277,9.74840131097487,7.01365526368521,4.82778517367611
root/Sub-SaharanAfricaGabon,root,0,0,0,0,0,0,0,0,7.77069841175655,33.6262257764258,4.62692928252141,18.9786577447065,22.6059731258919,13.3489516792668,13.7316059286657,1.94822785548379,14.1825959831277,23.399063881757304,0.917509234148763,15.0179149419836,20.6864639255101,6.361234077751581,18.2792395703498,26.9962769799097,10.5718878779075,5.65983293613828,0.26200414751115,1.60563708404768,0.384939574625557,2.32180796052851,2.44129449973977,2.28811570473055,6.155445929942559,7.4862214244214105,3.26348841059295,9.94990255566373,0,0,0,0,0,0,0,0,0,0,0
root/Sub-SaharanAfricaGambiaThe,root,0,0,0,0,0,0,0,0,0,0,4.09278681092001,12.025402142061301,9.25123945460132,2.2439123854723197,0.8624893535375251,11.8221988064399,15.1899380450313,25.8597716695045,16.984492408730098,4.725512527577441,9.45037504292429,8.79645852047635,10.743706551695302,12.1296240385659,12.264950539766,15.439063263067,14.339160267932902,11.4293216103072,0,0,0,0,0,11.8138807121858,0.637527447293966,5.9489013328963205,0.21944583614580299,9.129789402062901,18.870142523916602,12.913159274179002,16.595721188415002,21.4959622551331,11.2293834585497,19.710549326968398,15.6261795554511,25.8885756141022,14.6242494380417
root/Sub-SaharanAfricaGhana,root,0,0,0,0,0,12.29623113472,7.3451097052251795,11.1079932959722,4.7879620905547595,5.75991342035921,2.6971472800827097,2.39604136317513,2.8751341187557995,2.08280084016157,2.97876938927756,4.87569271449924,3.7630161673720894,3.07604873247895,5.04557121498029,7.1855941000682995,6.18841242557335,8.70039613331082,2.13871026077526,3.11581705757451,7.25465425093776,6.46591330952428,6.43446647573886,0.149441024769982,7.226445378676031,2.12426366503724,5.96419702479353,11.2361525200243,8.255946690326459,7.35241475939178,10.8392208311398,6.48314112819458,3.2053498141254697,3.8509254688373,6.91951898140721,3.1449537173284,3.81179588989885,1.31377745201065,2.01977137084456,8.87379186444864,10.291434170725699,11.5634508162729,13.792342706506698
root/Sub-SaharanAfricaGuinea,root,0,0,0,0,0,0,0,0,0,0,0,0,0,0,0,0,0.6667466394688171,2.3795051531170097,1.71359479298871,5.84370996277822,9.20592607830369,10.435919308793599,12.710662378413401,17.266829719563198,14.496846892639802,8.314201754029702,4.18982267349431,9.026326243444311,4.101635033727891,5.844599367318361,5.31520918921073,3.5880977680119104,0.695848489091859,2.3110053274457,1.9071715191696101,7.657410630237019,0,0,0,0,0,0,0,0,0,0,0
root/Sub-SaharanAfricaGuineaBissau,root,0,0,0,0,0,0,0,0,0,0,0,0,18.7411215770602,14.12447440994,7.46869584702999,8.216700311319519,10.5574495679086,10.02624521661,12.307650610356697,4.09382611680019,12.3055960862281,1.06197021430313,3.20004919198211,3.5509987295189203,3.2072394153443198,3.8249890920282996,0.198624278924409,7.79547132852142,0,0,0,6.58801108811939,2.75406338314606,5.17395004111281,2.57079097169117,8.22733257842924,14.9858892116838,10.165061663586,11.9716274011707,16.0041251500794,17.0080084422001,5.65875877902568,13.434091914927,16.126579091408402,5.36100016583529,13.6067856399928,16.6489158341131
root/Sub-SaharanAfricaKenya,root,0,0,0,0,0,1.25995095600929,4.61155036529203,11.5445397206017,5.44687810710395,2.7332840216568703,3.91275556230352,6.504797496535621,0.4883910266910949,5.60234815467497,1.83666951121393,9.837937864507051,6.800098372604129,8.83401316449036,10.957194634826699,8.65491948791688,7.34852308433963,7.0714743161008204,1.42460810839271,23.8706966194011,20.327056001702896,7.7003202128754005,0.708660705155377,1.2946652087958601,4.51818463230388,7.43204916857829,1.08942908740118,0.0690783834582327,0.11737103182769199,0.0847349646132656,2.2317586561386804,4.04520399984517,5.363825238544219,5.38971994317797,2.46884558949878,2.6094571707415097,1.63231359531731,0.3888489458850011,2.34380270176591,1.0461396675591899,0.22958360494168603,3.1683781631784504,1.4002235927924698
root/Sub-SaharanAfricaLesotho,root,0,0,0,0,0,0,0,0,0,0,0,0,0,0,0,0,0,0,0,0,0,0,0,0,0,0,0,0,0,0,0,0,0,0,0,0,0,31.437982966232198,31.6510439902348,20.0767329194693,12.418599593530299,6.47849640599246,8.16937836123578,11.934230848214199,14.661942502263598,13.0806356882684,7.70796750879593
root/Sub-SaharanAfricaLiberia,root,0,0,0,0,0,0,0,0,0,0,0,0,0,0,0,0,0,0,0,0,0,0,0,0,0,0,0,0,0,0,0,0,0,0,28.547043585693498,37.345946028800505,90.80536363893441,35.9306871118111,1.1387668572036,3.8240094219234706,23.8287084343814,9.78362928113373,18.8465859299018,41.709532515134,49.0453768958776,37.7168122648394,0
root/Sub-SaharanAfricaMadagascar,root,0,0,0,0,0,0,0,0,0,0,2.43071591627921,1.25055072218003,3.06660488677617,1.6501392066501102,0.0925732859878015,3.2747985560194905,2.56732430005968,0.39817500581056997,3.7385397529474402,6.308467896694549,5.2816527285733805,6.10989350704927,0.6286233315813299,0.10839597968756698,2.06257417501191,2.4012915967930697,3.24466481610021,2.64615219403389,2.12066446154504,4.2460084995452005,4.12488064598979,12.5009722502625,6.26294342542513,9.249093853011331,9.91930910318622,1.67528759371,6.8107825959109105,6.921013681116969,8.77176148157059,3.62963082822663,1.3445619377918798,0.28700685271182297,1.4837893196865601,3.92116031937814,0.822302209807222,2.9145646483554,8.50904294935418
root/Sub-SaharanAfricaMalawi,root,0,0,0,0,0,0,0,0,0,0,2.0126898467736103,0.279138736518562,1.8191133061804199,4.3189757859372095,6.011969448609579,4.3007512795046905,1.1997039113218602,0.175173093696815,5.64249645679038,3.02509031315408,3.1042993999792006,5.905038813912901,8.55291926498866,5.863247423649019,14.897124629064601,13.7796446940485,5.98415396899604,9.19362913467783,4.25792630435322,10.5047864435736,5.75950111373278,7.899021549230031,7.06817729779899,9.41807046566557,7.83211732839942,10.8311922120778,8.270581467977621,1.7894807857242199,2.37406470434433,4.12273215936815,1.4748034534614198,7.81156311397429,19.885547535171398,9.06298400860064,8.888536426216769,16.077706551866,17.342874837402803
root/Sub-SaharanAfricaMali,root,0,0,0,0,0,0,0,0,0,0,0,0,0,0,0,4.768588640800799,0.5635742675791241,8.3417194550628,4.44315257496078,12.537846555241499,8.13335615219769,7.88871998431396,9.64016354856727,6.107240125023509,8.15339822916056,4.76330126785121,3.67316545300122,7.06294608085608,8.12769456807455,5.37978661024706,3.93886381266335,7.25963233325953,3.89639228785083,6.419573764769289,6.61114600928269,7.4664486345629,12.714473344919801,11.2962894534041,1.5301493615510602,4.2976179193059805,1.3708184995401103,1.88896950259915,7.09021645117308,3.8682741766864996,2.9800673063941603,0,0
root/Sub-SaharanAfricaMauritania,root,0,0,0,0,0,0,0,0,0,0,4.39359728477293,1.2289929534596,18.646334893059002,13.1919598694156,5.300384765456191,6.83304072169606,0.000342263140720132,0.497236331825127,6.68833439930655,4.632375701377611,3.02332413039621,7.11820268084748,15.6641687546727,9.82026374523644,47.827469155483705,17.4986684752269,27.0256977687284,16.1787363699393,9.995559776915151,0,0,0,0,0,0,0,0,0,0,0,0,0,1.97021152614661,3.21117753894443,7.96190404928921,12.473395592956901,11.592364409378801
root/Sub-SaharanAfricaMauritius,root,0,0,0,0,0,0,26.141552148333503,21.3596304876723,20.2743919386567,20.337184201714,10.7749389589888,13.156362591661502,15.279129117741,16.357953359172402,18.200313497912898,21.344370342570397,28.897268152933602,29.007859131528804,27.7364453848097,25.228803366908004,24.0379171766854,25.1441879684767,26.1080977671929,24.2831376550318,21.417074800844,20.1655935639878,19.5351337891188,17.977238445169398,18.4772505257822,16.854492480431002,18.0039364777571,19.3202715929906,18.7635875928806,17.3430620976615,15.4702149679583,9.564688453392868,9.30317013315323,12.296090932920801,6.66449559712106,7.06748462279271,8.72838942359018,1.31047093739836,0.935692800558504,4.97427216157553,8.15218612140754,7.772910132940099,9.02285982818073
root/Sub-SaharanAfricaMozambique,root,0,0,0,0,0,0,0,0,0,0,0,0,0,0,0,0,0,0,0,0,0,0,0,0,0,0,18.3169968454691,0,0,0,0,0,0,0,0,2.8568456289057202,1.85886017865807,1.5197327254286799,1.7594774462841398,0.44950279111673996,0.574554282665333,0.173433924709411,3.63454028993294,2.67068143646955,2.73269515944668,6.48220009564859,14.7175069688226
root/Sub-SaharanAfricaNamibia,root,0,0,0,0,0,0,0,0,0,0,0,0,0,0,0,0,0,0,0,0,25.999955246486696,20.336832392763398,22.747726928074197,22.9699607583148,26.2146947085045,25.7280531003591,23.860720434148,20.2368120412645,22.369805749229805,17.9395043765252,20.768129586776602,20.7094268444843,20.2672916746898,17.9791129888175,22.7924465117426,22.412273956227,31.9564898057196,22.8846938837467,22.8338327515136,13.1199279924265,14.0957137015974,10.2005467054961,15.369173217595,16.2097540120859,17.9320803447844,10.527464456301699,3.3864045680706503
root/Sub-SaharanAfricaNiger,root,0,0,0,0,0,0,0,0,0,0,9.161194226068599,1.19772715229034,3.9310119663666296,1.5137577893680099,12.8248321803474,3.9531425630538397,1.7542096157062301,6.87809275317814,2.37851349082146,4.683414612758661,8.38734384960545,6.53174648183255,2.41109831023108,4.14012373158969,10.345707678696302,15.061864727077598,10.1422044786,11.3378124787234,8.83628122783749,6.12842314999603,6.443120029376909,2.4415095980396,5.3963592750524905,4.38003883345414,3.34045989938972,5.56631190715819,6.33883102289712,4.38706147172996,8.29141881989408,0.156297596735638,11.3061407336166,6.95648195721135,10.623281297037598,10.2457302469176,9.62766110948508,5.06080816205668,0
root/Sub-SaharanAfricaNigeria,root,0,0,0,0,0,0,0,0,0,0,0,17.653951867774,18.7833159718987,9.8836229453111,1.29345509237176,4.77625233097082,12.376780013970802,7.648096222592359,1.5925869174991398,0.0344667600842456,11.7610819126148,1.44165149804632,6.64291696492319,34.45004322529061,30.3755354621768,15.6850930793724,20.5528364552633,17.0039678934949,25.4459214245052,0.24836979196015696,5.73161366254334,12.410205510749,8.74501656107048,13.931005103728198,8.58750728026631,1.29152145005794,18.533120707095698,3.4028190480298,6.6065801432832405,1.2409487393847098,11.763878057189501,8.494484066624679,17.4298299425406,2.8447455041512297,7.8496910278852905,4.72291086750585,0
root/Sub-SaharanAfricaRwanda,root,0,0,0,0,0,0,0,0,0,0,0,0,0,0,0,0,0,0,0,0,0,0,0,0,0,0,0,0,0,0,0,0,0,0,0,0,0,0,0,0,0.240330190240603,3.67726955594769,0.5137749028397921,2.0450399871683502,3.08589004574217,6.602613964076969,5.30053899898085
root/Sub-SaharanAfricaSenegal,root,0,0,0,0,12.6889911001791,8.772708755015099,7.70378033240867,6.82292477353832,2.7680866981889505,3.23018400724982,1.0683228666639,2.3966480065204103,5.64395806592922,3.98121481568267,3.08803914705055,3.8112143269501098,1.92906995837231,4.99914886484916,1.22596139852617,0.6113020937467131,0.9555143316147641,0.888669914571251,1.21699667902358,2.5440749568051,0.803649211191092,2.6576714677075,0.593922992600895,2.61830373909546,2.50159032203512,3.2549921727971296,4.543322247833,5.273876826338411,3.03750555677895,8.213690599238019,7.870946502551281,9.50468951714619,8.23789071119816,10.8708053733105,10.8236005743313,9.090852915408721,10.806582522258301,10.199790935846199,10.2803010151555,9.2250585608391,8.95277481391024,0,0
root/Sub-SaharanAfricaSeychelles,root,0,0,0,0,0,0,0,0,0,0,0,0,0,0,0,0,0,0,0,0,10.738189949541301,13.925346718871902,11.942724706243599,11.736003653273402,5.69098147997673,10.893099846477098,13.8171669004253,11.2932042823358,13.169818576383,8.71046617143606,12.0249388877634,12.4710249483871,5.665234312103929,3.1958998969124,0,0,15.902000532490302,16.709501136885,1.05676580153678,9.67195754682717,10.4086727464079,7.4693788394172795,11.031932776128599,18.624920842367803,6.14563309143808,0,0
root/Sub-SaharanAfricaSierraLeone,root,0,0,0,0,0,0,0,0,0,0,12.3783986214323,10.824478507086699,10.4718681274098,10.848826928411698,0.5983887008652309,3.45618419386728,22.2765801601587,0.45050597986864,2.91782199612328,4.72699594084653,18.21933429901,10.1938552997056,23.1441298153182,14.2432299736894,9.38519213873284,23.720285579846802,16.380619094284597,23.0852773725635,24.785925762455395,16.0851963580339,25.496407823650603,12.723334711327,10.0975679763375,13.2295433603827,10.7978989044281,7.13733037420179,7.56285923736539,3.83440828467427,4.7594406323902,6.16019543897532,7.95932738731758,12.6548008652844,4.60700669184702,27.9608962071031,1.8852434491496,14.128786573320598,27.3311205208995
root/Sub-SaharanAfricaSouthAfrica,root,0,14.831694266544302,16.219126273447,17.1685731268489,16.637512828994,14.815997705662301,11.75860065063,16.3703003944714,14.9579072042484,16.6516078243125,17.524924949898697,11.1859846294074,3.54374259619197,8.3223667552446,7.55463738629812,5.96310367812691,5.42192913464716,5.45604446434219,6.7011164739091695,7.650842519646009,4.21155016649845,5.15226720080709,5.792906678292309,4.79870182519532,4.916506458703981,5.88852275264124,4.363432612454759,4.9891380376968,3.9389615873013697,3.9672994857269597,2.6968696635895895,0.860209751938779,2.26734872840294,2.54282874121532,2.0178160441146202,2.4872514540619903,1.98009277901319,0.669206763701477,1.8882599114387801,2.30484263283807,2.98273155695403,3.1093302374058904,1.17835064218299,0.695094060978293,0.384406059590239,1.58499732396,0.36251574703662603
root/Sub-SaharanAfricaSouthSudan,root,0,0,0,0,0,0,0,0,0,0,0,0,0,0,0,0,0,0,0,0,0,0,0,0,0,0,0,0,0,0,0,0,0,0,0,0,0,0,0,0,0,0,0,0,30.183421405488,0,0
root/Sub-SaharanAfricaSudan,root,0,0,0,0,0,0,0,0,0,0,0,0,0,0,0,0,0,0,0,0,0,0,0,0,0,0,0,0,0,0,0,0,0,0,0,0,0,0,0,0,0,7.057917350613519,8.33623792823946,53.97138627829229,4.46866597774335,3.79933794016917,2.83346109292691
root/Sub-SaharanAfricaSwaziland,root,0,0,0,0,0,0,0,0,0,0,0,0,0,0,0,0,0,0,0,0,9.821240610849731,9.29853356835319,8.72810635636134,6.015483581108169,8.83718511384528,6.019199464314361,3.99336735019048,6.417317147311031,4.7832901741712,3.66914113563439,8.33195403620241,14.3000046237602,8.7985687360738,14.224978441015,9.177288571055339,7.39407604794227,3.88456740459417,5.11159763247158,0.4606819749653979,2.7333869106725097,0.552129475920121,2.8597792864609106,11.861659952431399,16.9758064492961,17.0885648580825,19.528469158008,13.360186435711999
root/Sub-SaharanAfricaTanzania,root,0,0,0,0,0,0,0,0,0,0,0,0,0,0,0,0,0,0,0,0,10.1926175529324,8.87602951090999,8.66564922235292,2.81743680468413,3.1559989862149305,2.0303370660908002,1.3158568293111101,0.321442077896268,2.85778136620415,1.05391885959911,3.6547939836648897,2.79466187649975,7.977279107268551,9.58363763580668,11.1535425944751,9.13824429310363,13.7086206752541,14.938470277035199,14.428060500742301,10.5207220143744,11.3835738879865,11.7581394170292,9.99329203464742,11.679877107529302,14.4143432908109,17.219452283361402,14.229984427233699
root/Sub-SaharanAfricaTogo,root,0,0,0,0,46.074682261061106,11.6022970727507,22.0993938075073,16.8478050145679,36.8811610705215,21.662972100769895,17.5407578344948,8.458528142838519,0.7174474445974499,10.098917387772,4.86483402915934,3.7186621457124596,4.2398255813292405,4.3135991656926205,5.17205488829946,5.1697380857305095,13.3094606386856,6.28123379101891,3.0385930784212705,7.44230752114166,1.9444490532851002,2.7023919560305,0.19314246024916898,5.56068074428162,5.55001187777846,2.97891116206077,5.17311218746282,4.895624144496099,1.6329674722235101,8.842703492979359,7.197743478577269,3.9078816273398,2.901438333792,1.46533516526476,19.769499879553603,17.252451946553,19.7045049656267,35.133079375721195,32.7918212419921,35.49228558647889,20.8417024734777,28.977007578903898,0
root/Sub-SaharanAfricaUganda,root,0,0,0,0,0,0,0,0,0,0,46.392887826491204,30.008576021493397,31.2875410177463,19.2673481212823,7.791390913307481,5.488262309902931,7.81062851433414,5.11917473387217,4.04712600862609,7.17206868579693,13.04189904008,14.906935201464501,14.7371626393682,11.2602137930933,6.08861509928054,8.800869696813109,1.95046176943048,0.824202695254615,1.43123971615096,1.6614788580955901,0.59667853399227,1.08176839446597,0.656783374732234,5.71322305489559,3.5843889957763397,4.59637883769532,0.9336327362671301,3.51042927301951,0.552057718965406,1.47895018815864,0.843473191484403,2.34827900558642,3.25804848846768,2.27553993860155,3.0723096169106205,8.22573022513758,9.45774482921912
root/Sub-SaharanAfricaZambia,root,0,0,0,0,0,0,0,0,0,0,0,0,0,0,0,0,0,0,0,0,0,0,0,0,0,0,0,0,0,0,0,0,0,0,0,0,0,0,0,0,6.30720863639027,10.0064647397601,9.489976549768391,5.4392002886556305,9.37016126999901,14.936471121386699,12.427654762153402
root/Sub-SaharanAfricaZimbabwe,root,0,0,0,0,0,0,0,14.1187532256511,9.33110737753041,7.050129390661921,10.6109324161523,13.7194856309555,12.1918329672892,10.1132268589338,19.2737393123627,20.6502555703933,25.3473466556494,23.8457946174279,28.1080178169591,23.0113801119105,24.8634697414645,28.8891430381578,29.0524729402582,53.591460886498396,58.5439990879144,0,0,0,0,0,0,0,0,0,0,0,0,0,0,17.675547525914,14.6348241798211,16.5457381260605,38.9442945071019,22.832413122193998,18.7568982522338,27.9097713430024,19.692969740977603
