root/EastAsia&PacificBruneiDarussalam,root,0,0,0,0,0,0,0,84.4547119140625,84.6049423217773,82.8280029296875,84.2837295532227,84.14013671875,87.0893173217773,88.2672882080078,88.0386276245117,85.1905517578125,87.43756103515629,82.3208465576172,84.9080429077148,0
root/EastAsia&PacificCambodia,root,0,0,0,95.9141006469727,96.0165863037109,94.74569702148442,96.5010223388672,97.6862564086914,98.31484985351558,98.4139022827148,98.21868896484379,99.47918701171879,99.0555419921875,98.9262924194336,100.0,100.0,100.0,100.0,100.0,0
root/EastAsia&PacificFiji,root,0,0,0,0,0,0,0,0,0,0,97.79132080078129,0,0,100.0,100.0,0,0,0,0,0
root/EastAsia&PacificHongKongSARChina,root,84.9000015258789,86.3897323608398,87.5492324829102,89.3990097045898,90.6256332397461,91.1424713134766,91.84921264648442,93.1641693115234,94.8320693969727,94.56024169921879,95.11988067626949,95.12415313720699,95.6056365966797,95.79129028320308,95.7918472290039,96.0071563720703,96.4113311767578,96.1748580932617,96.60662841796879,0
root/EastAsia&PacificKiribati,root,0,0,0,0,0,0,0,93.8837890625,84.3234329223633,90.45382690429692,85.4263610839844,0,0,0,0,0,0,0,72.7134094238281,0
root/EastAsia&PacificLaoPDR,root,0,75.71539306640629,76.69252014160159,76.24073791503909,76.1499404907227,77.5226593017578,79.3534622192383,83.38104248046879,85.75901794433591,89.6703109741211,96.88568115234379,91.9874267578125,95.4030609130859,93.7663803100586,97.2380828857422,97.9802398681641,98.2812881469727,98.42639923095699,97.49646759033199,0
root/EastAsia&PacificMacaoSARChina,root,0,80.9966812133789,83.52345275878909,87.22876739501949,89.6658401489258,90.4024810791016,90.9313735961914,90.8017425537109,88.9301223754883,88.87515258789058,86.2956314086914,85.9936904907227,84.7178192138672,85.830207824707,87.9825668334961,88.1627578735352,88.1965179443359,96.1672515869141,97.58910369873051,0
root/EastAsia&PacificMalaysia,root,0,97.1069107055664,97.8516006469727,97.4583892822266,94.91262817382808,91.02599334716801,91.0478134155273,91.88585662841801,95.0840072631836,93.55487060546879,93.2599029541016,94.5926895141602,95.3556900024414,96.1211471557617,96.4327621459961,96.7133026123047,98.6477432250977,99.93438720703129,99.7345199584961,0
root/EastAsia&PacificMongolia,root,100.0,100.0,100.0,100.0,100.0,100.0,100.0,100.0,100.0,100.0,100.0,100.0,97.5717391967773,98.5428924560547,99.3607025146484,100.0,100.0,0,100.0,0
root/EastAsia&PacificMyanmar,root,0,59.576171875,62.7018508911133,60.429328918457,72.484619140625,73.665283203125,76.3926315307617,76.0002517700195,98.2713088989258,99.0000534057617,98.9996109008789,98.8698501586914,99.8601837158203,0,0,0,99.5479888916016,0,0,97.82093048095699
root/EastAsia&PacificNauru,root,0,0,0,0,0,0,0,0,0,74.1935501098633,0,0,0,0,0,0,0,0,100.0,0
root/EastAsia&PacificPapuaNewGuinea,root,0,0,0,0,0,0,0,0,0,0,0,0,0,0,100.0,0,0,0,0,0
root/EastAsia&PacificPhilippines,root,0,0,0,0,0,0,0,0,0,0,0,0,0,0,0,100.0,0,100.0,0,0
root/EastAsia&PacificSolomonIslands,root,0,0,0,0,0,0,0,0,0,0,0,0,57.9661712646484,53.5443992614746,54.3064498901367,63.340160369873,64.61447143554689,59.1952590942383,65.5795364379883,0
root/EastAsia&PacificThailand,root,0,0,0,0,0,0,0,0,0,0,0,0,0,0,0,0,100.0,100.0,0,0
root/EastAsia&PacificTonga,root,87.23403930664058,0,0,0,0,0,0,0,0,0,0,0,0,0,0,99.55223846435551,97.0588226318359,0,0,0
root/EastAsia&PacificVanuatu,root,0,0,0,0,0,0,0,0,0,100.0,0,0,0,0,0,0,0,27.9352207183838,0,0
root/EastAsia&PacificVietnam,root,0,77.6535720825195,80.0496368408203,84.9499588012695,87.01244354248051,0,0,93.3701019287109,95.63951873779301,97.79332733154301,98.6272430419922,99.63995361328129,98.33486938476558,99.30258178710942,99.5883026123047,0,100.0,99.4760513305664,99.7742233276367,0
root/Europe&CentralAsiaAndorra,root,0,0,0,0,0,0,0,0,100.0,100.0,100.0,100.0,100.0,100.0,100.0,100.0,100.0,100.0,100.0,0
root/Europe&CentralAsiaArmenia,root,0,89.3256301879883,0,0,0,0,66.65663909912111,77.4559631347656,0,0,0,0,0,0,0,0,0,0,0,0
root/Europe&CentralAsiaAzerbaijan,root,0,99.9755477905273,99.9332809448242,99.9432373046875,100.0,99.62545776367192,99.81896209716801,99.9763336181641,99.9814071655273,99.9977264404297,99.9408721923828,99.91635131835942,99.97936248779301,99.9884414672852,99.9927215576172,99.56842041015629,99.35140991210942,99.27993774414058,89.5191421508789,0
root/Europe&CentralAsiaBelarus,root,0,0,0,0,97.90377807617192,97.7423629760742,98.5277786254883,99.7972183227539,99.62960815429692,99.81006622314449,99.7715530395508,99.86620330810551,99.7615814208984,99.87734985351558,99.6439895629883,99.62850952148442,99.43707275390629,99.3871688842773,99.4728622436523,0
root/Europe&CentralAsiaCroatia,root,0,100.0,100.0,100.0,100.0,100.0,0,0,0,0,0,0,0,0,0,0,0,0,0,0
root/Europe&CentralAsiaGeorgia,root,0,0,94.6991119384766,94.6819305419922,0,97.3575820922852,0,0,0,0,94.9888534545898,94.58984375,0,0,0,0,0,0,0,0
root/Europe&CentralAsiaGibraltar,root,0,98.9130401611328,99.0476226806641,100.0,0,0,0,0,0,0,100.0,99.5073928833008,0,0,0,0,0,0,85.2941207885742,0
root/Europe&CentralAsiaKazakhstan,root,0,0,0,0,0,0,0,0,0,0,0,0,0,0,0,0,100.0,100.0,100.0,100.0
root/Europe&CentralAsiaKyrgyzRepublic,root,0,0,0,0,0,0,0,0,0,0,0,0,0,0,0,19.1248798370361,19.3362407684326,18.6810607910156,20.9163608551025,0
root/Europe&CentralAsiaMoldova,root,0,0,0,0,0,0,0,0,0,0,0,0,0,0,0,0,93.81906127929692,100.0,99.1659317016602,0
root/Europe&CentralAsiaSerbia,root,0,0,0,0,0,0,0,0,0,100.0,0,94.2174301147461,0,70.4204177856445,55.7344284057617,0,0,0,0,0
root/Europe&CentralAsiaTajikistan,root,0,0,0,81.5895690917969,81.5740127563477,81.9755477905273,84.06072998046879,0,93.0489730834961,87.40868377685551,88.3000335693359,89.5200424194336,92.9375686645508,93.66168212890629,93.9129791259766,94.07849884033199,100.0,100.0,100.0,100.0
root/Europe&CentralAsiaUkraine,root,0,99.8705902099609,98.5728073120117,99.8245315551758,99.6700897216797,99.7036514282227,99.7276763916016,99.6904678344727,99.6347885131836,99.8026885986328,99.8150405883789,99.85556030273442,99.86276245117192,99.8723907470703,99.88831329345699,0,0,0,86.0286102294922,0
root/Europe&CentralAsiaUzbekistan,root,0,0,0,0,0,0,0,0,100.0,100.0,100.0,100.0,100.0,100.0,0,0,0,0,0,98.9449234008789
root/LatinAmerica&CaribbeanAntiguaandBarbuda,root,0,0,46.9064712524414,0,0,0,0,0,0,67.286247253418,52.888889312744105,57.1222991943359,54.7523384094238,64.83956909179689,60.132450103759794,0,70.16806793212889,65.2916107177734,0,0
root/LatinAmerica&CaribbeanAruba,root,0,100.0,100.0,100.0,100.0,100.0,100.0,100.0,99.4755172729492,100.0,99.48187255859379,99.8281784057617,100.0,99.83444213867192,99.5008316040039,0,0,0,0,0
root/LatinAmerica&CaribbeanBahamasThe,root,0,58.4372406005859,0,0,95.1207504272461,0,91.53488159179692,0,88.82227325439449,94.4628067016602,91.08444213867192,84.4204177856445,91.54871368408199,0,0,0,0,0,90.0682830810547,0
root/LatinAmerica&CaribbeanBarbados,root,0,0,0,0,0,0,0,73.2471084594727,0,70.3799133300781,60.9540596008301,58.0584907531738,58.495979309082,55.406978607177706,0,0,68.76876831054689,65.8333282470703,69.02768707275389,0
root/LatinAmerica&CaribbeanBelize,root,0,0,54.0864105224609,40.8976287841797,0,40.985050201416,51.4461784362793,0,39.3763885498047,45.4585494995117,42.757720947265604,42.537628173828104,45.204898834228494,47.511501312255895,54.344329833984396,48.7762985229492,60.74967956542971,67.5039215087891,72.84483337402341,0
root/LatinAmerica&CaribbeanBolivia,root,0,0,0,0,0,0,0,0,0,0,0,0,0,55.5197410583496,56.053581237793,57.2082595825195,57.3574714660645,57.557308197021506,58.141208648681605,0
root/LatinAmerica&CaribbeanBritishVirginIslands,root,0,71.8954162597656,89.0243911743164,0,0,78.6069717407227,0,0,74.2267990112305,71.6279067993164,0,0,0,0,0,0,80.2867431640625,91.60839080810551,0,0
root/LatinAmerica&CaribbeanCaymanIslands,root,0,98.08612060546879,97.8902969360352,99.1453018188477,99.1666717529297,0,99.60159301757808,98.8142318725586,97.2027969360352,95.8208999633789,95.79287719726558,0,0,94.84848022460942,97.0297012329102,88.1188125610352,0,0,0,0
root/LatinAmerica&CaribbeanColombia,root,0,0,0,0,0,0,0,0,0,100.0,100.0,100.0,100.0,100.0,100.0,97.2832717895508,98.2308807373047,0,94.5963821411133,0
root/LatinAmerica&CaribbeanCostaRica,root,0,87.1756210327148,0,89.5443496704102,88.20726776123051,0,97.4254302978516,96.7872772216797,88.0431289672852,89.46508026123051,86.04625701904301,87.6003875732422,89.4832534790039,91.4480209350586,0,93.97543334960942,93.9805908203125,93.9088134765625,93.7558212280273,0
root/LatinAmerica&CaribbeanCuba,root,0,100.0,100.0,100.0,0,100.0,100.0,100.0,100.0,100.0,100.0,100.0,100.0,100.0,100.0,100.0,100.0,100.0,0,0
root/LatinAmerica&CaribbeanDominica,root,0,63.9802589416504,64.61794281005861,61.1021118164063,60.101871490478494,60.363639831543,63.5838203430176,59.9229316711426,64.2166290283203,61.12223815917971,59.4000015258789,57.8431396484375,60.8267707824707,57.7299385070801,60.658908843994105,65.2173919677734,64.814811706543,64.49813842773439,65.7142868041992,0
root/LatinAmerica&CaribbeanDominicanRepublic,root,0,73.909538269043,0,0,79.31468200683591,0,0,88.2693634033203,88.3256072998047,88.2701263427734,89.21383666992192,83.610710144043,84.85711669921879,84.8496017456055,85.05393981933591,0,0,0,0,0
root/LatinAmerica&CaribbeanEcuador,root,0,0,86.97364044189449,86.927490234375,68.598258972168,69.91018676757811,70.8912734985352,71.05345153808591,71.05650329589841,71.6453094482422,0,0,59.5400390625,74.1062774658203,75.1797637939453,76.3859481811523,78.6487579345703,79.2108688354492,81.21949768066409,82.2680435180664
root/LatinAmerica&CaribbeanElSalvador,root,0,0,0,0,0,96.2473678588867,95.7084197998047,94.87158203125,94.0417633056641,93.3131637573242,93.1646575927734,92.6730422973633,0,95.57469940185551,0,0,0,95.6133193969727,95.74185180664058,0
root/LatinAmerica&CaribbeanGrenada,root,0,0,67.2110595703125,70.0653610229492,0,68.0180206298828,0,75.34765625,0,69.46038818359379,73.4959335327148,68.7951812744141,65.33489990234379,0,0,53.714290618896506,62.9711799621582,63.590389251709006,62.9976615905762,0
root/LatinAmerica&CaribbeanGuyana,root,0,51.7404289245605,51.432701110839794,53.0699691772461,0,57.4748382568359,0,57.2046089172363,0,57.27294921875,58.4919090270996,63.6986312866211,66.06301116943361,67.696907043457,69.6494216918945,0,0,0,0,0
root/LatinAmerica&CaribbeanHonduras,root,0,0,0,0,0,0,87.21343994140629,0,0,0,0,0,0,0,0,0,0,0,0,0
root/LatinAmerica&CaribbeanJamaica,root,0,0,0,0,0,0,0,0,0,0,0,0,0,0,0,0,95.6615524291992,93.37625122070308,100.0,0
root/LatinAmerica&CaribbeanMexico,root,0,0,0,0,0,0,94.5038223266602,94.9344329833984,95.15332794189449,95.3685684204102,95.0464935302734,95.5881576538086,95.58590698242192,96.0000534057617,95.9999313354492,96.4000625610352,96.78775024414058,96.24539184570308,96.5735092163086,0
root/LatinAmerica&CaribbeanNicaragua,root,73.6004867553711,79.1997985839844,72.8966369628906,72.8503189086914,74.2278671264648,0,74.6161575317383,76.94493103027341,73.5665817260742,72.24574279785159,72.7441329956055,0,74.86180114746091,0,0,0,0,0,0,0
root/LatinAmerica&CaribbeanPanama,root,0,78.9767074584961,74.8934326171875,75.6674575805664,75.3122100830078,0,74.3373184204102,89.6456527709961,91.1334228515625,90.8100967407227,91.3417587280273,91.5393295288086,91.6302108764648,91.5166397094727,90.40331268310551,0,83.1890335083008,99.2449722290039,0,0
root/LatinAmerica&CaribbeanParaguay,root,0,0,0,0,0,0,0,0,0,0,0,0,0,0,92.0764389038086,0,0,0,0,0
root/LatinAmerica&CaribbeanPuertoRico,root,0,0,0,0,0,0,0,0,0,0,0,0,0,0,0,0,94.0,94.6935882568359,0,0
root/LatinAmerica&CaribbeanStKittsandNevis,root,62.5,0,61.235958099365206,55.7746505737305,54.404148101806605,55.7065200805664,55.0408706665039,58.33332824707029,0,61.8279609680176,63.59101867675779,61.6252784729004,61.6252784729004,63.6165618896484,64.67532348632811,64.67532348632811,68.3291778564453,71.8231964111328,72.0101776123047,0
root/LatinAmerica&CaribbeanStLucia,root,0,0,0,72.1482925415039,0,77.3345413208008,77.8095169067383,79.9627227783203,79.8434371948242,82.1465377807617,87.8323135375977,87.6360015869141,86.7744979858398,86.74136352539058,87.7609100341797,88.6384963989258,78.7828903198242,0,0,0
root/LatinAmerica&CaribbeanStVincentandtheGrenadines,root,59.2849998474121,66.1354598999023,0,71.71315002441409,69.20877075195311,73.1385498046875,72.2003936767578,0,0,77.59913635253909,82.9694290161133,79.6359481811523,84.1037216186523,0,85.29075622558591,82.6966323852539,76.051399230957,84.2809371948242,0,0
root/LatinAmerica&CaribbeanSuriname,root,0,0,0,0,0,0,0,0,0,0,100.0,100.0,0,0,0,0,0,0,0,0
root/LatinAmerica&CaribbeanTrinidadandTobago,root,0,71.4515686035156,76.0773162841797,78.1464462280273,79.95838928222659,83.300537109375,81.00523376464841,0,0,88.5570907592773,86.5888824462891,87.9951705932617,0,0,0,0,0,0,0,0
root/LatinAmerica&CaribbeanTurksandCaicosIslands,root,0,79.797981262207,0,76.4227600097656,84.0336074829102,84.0336074829102,0,0,0,0,0,0,0,0,0,0,89.12281036376949,0,0,0
root/LatinAmerica&CaribbeanUruguay,root,0,0,0,0,0,0,0,0,0,0,0,0,0,0,0,100.0,100.0,100.0,0,0
root/MiddleEast&NorthAfricaAlgeria,root,0,93.72814178466801,94.6377334594727,95.6770172119141,97.1265411376953,97.9197616577148,98.3455963134766,98.5262832641602,99.26721954345699,98.85814666748051,0,0,0,0,0,0,100.0,100.0,0,0
root/MiddleEast&NorthAfricaBahrain,root,0,0,0,0,0,0,0,0,0,0,0,0,0,80.3359832763672,82.0623397827148,82.194221496582,82.7675399780273,82.48182678222659,83.6934280395508,0
root/MiddleEast&NorthAfricaDjibouti,root,0,0,0,0,0,0,0,0,79.0988693237305,0,80.3258895874023,100.0,0,100.0,0,96.0043182373047,0,100.0,0,0
root/MiddleEast&NorthAfricaEgyptArabRep,root,0,0,0,0,0,0,0,0,0,0,0,0,0,0,0,0,0,0,74.0687789916992,0
root/MiddleEast&NorthAfricaIranIslamicRep,root,0,0,0,98.40332794189449,0,100.0,0,0,95.8424606323242,98.66213989257808,98.44019317626949,0,0,0,0,100.0,100.0,100.0,0,0
root/MiddleEast&NorthAfricaIraq,root,0,0,100.0,0,0,0,100.0,0,0,0,0,0,0,0,0,0,0,0,0,0
root/MiddleEast&NorthAfricaJordan,root,0,0,0,0,0,0,0,0,0,0,0,0,0,0,0,0,100.0,0,100.0,0
root/MiddleEast&NorthAfricaKuwait,root,0,100.0,100.0,100.0,0,100.0,100.0,100.0,100.0,100.0,100.0,100.0,0,77.61997985839841,77.7441635131836,77.15550231933591,79.4896926879883,78.93324279785159,0,0
root/MiddleEast&NorthAfricaMorocco,root,0,0,0,0,0,0,0,100.0,0,100.0,100.0,100.0,100.0,100.0,100.0,100.0,100.0,100.0,100.0,0
root/MiddleEast&NorthAfricaOman,root,0,99.5571975708008,99.6031112670898,99.81334686279301,0,0,0,0,0,0,0,0,0,0,0,0,0,0,0,0
root/MiddleEast&NorthAfricaQatar,root,0,0,0,0,0,0,0,0,0,0,52.3367500305176,48.886531829834006,0,0,0,0,0,0,0,0
root/MiddleEast&NorthAfricaSaudiArabia,root,0,0,0,0,0,0,0,0,0,91.4969024658203,0,0,0,0,0,100.0,100.0,100.0,100.0,0
root/MiddleEast&NorthAfricaSyrianArabRepublic,root,0,81.1030807495117,89.212646484375,87.9513397216797,88.38903045654301,0,0,0,0,0,0,0,0,0,0,0,0,0,0,0
root/MiddleEast&NorthAfricaTunisia,root,0,0,0,0,0,0,0,0,0,0,0,0,0,0,100.0,100.0,100.0,100.0,100.0,0
root/MiddleEast&NorthAfricaUnitedArabEmirates,root,0,0,0,0,0,0,60.850860595703104,59.9652290344238,0,0,0,0,0,0,100.0,100.0,100.0,100.0,100.0,0
root/MiddleEast&NorthAfricaWestBankandGaza,root,0,100.0,100.0,100.0,100.0,100.0,100.0,100.0,0,100.0,100.0,100.0,100.0,100.0,100.0,100.0,100.0,100.0,100.0,0
root/NorthAmericaBermuda,root,0,0,0,100.0,100.0,100.0,100.0,100.0,100.0,0,0,0,0,100.0,100.0,75.5671920776367,100.0,0,100.0,0
root/SouthAsiaBangladesh,root,0,0,0,0,0,0,0,53.4021987915039,51.4322395324707,55.9990005493164,54.3633308410645,58.4075317382813,0,57.7341499328613,0,0,0,47.5789985656738,50.43132019042971,0
root/SouthAsiaBhutan,root,93.70594024658199,100.0,94.82592010498051,91.58460235595699,0,0,0,93.81829833984379,92.0068511962891,0,91.46719360351558,0,0,0,0,0,0,100.0,100.0,0
root/SouthAsiaIndia,root,0,0,0,0,0,0,0,0,0,0,0,0,0,0,0,0,77.2450637817383,0,69.502082824707,0
root/SouthAsiaMaldives,root,68.8770065307617,66.6666717529297,66.45101928710939,66.9413604736328,63.8229293823242,60.8122901916504,0,64.29563140869139,67.59591674804689,65.86773681640629,67.92453002929689,74.0919418334961,76.9572525024414,80.7633590698242,77.4742965698242,90.1202011108398,86.0571136474609,82.79754638671879,0,0
root/SouthAsiaNepal,root,0,15.0003299713135,0,15.3710203170776,14.6815099716187,16.2272090911865,17.386079788208,30.5144691467285,0,61.3603096008301,66.4361572265625,0,73.6608963012695,80.7285232543945,92.5590286254883,92.18524169921879,93.5815200805664,94.4230728149414,97.0108108520508,97.2785186767578
root/SouthAsiaPakistan,root,0,0,0,0,0,0,78.0448532104492,85.50682067871091,84.5798568725586,84.03607177734379,85.06214904785159,85.1878433227539,84.2261962890625,82.8051223754883,83.9070587158203,84.898323059082,84.01316833496091,82.4673080444336,75.3530578613281,0
root/SouthAsiaSriLanka,root,0,0,0,0,0,0,0,0,0,0,0,0,82.1101531982422,82.390380859375,0,80.2432327270508,0,71.3058090209961,70.2012405395508,0
root/Sub-SaharanAfricaAngola,root,0,0,0,0,0,0,0,0,0,0,0,0,0,47.486419677734396,0,0,0,0,0,0
root/Sub-SaharanAfricaBenin,root,0,57.6981887817383,64.9971771240234,0,0,77.9996032714844,72.1768417358398,0,0,0,0,40.398220062255895,42.631031036377,46.8895606994629,0,0,67.59375,69.09716796875,0,0
root/Sub-SaharanAfricaBotswana,root,91.8311309814453,90.24268341064449,89.1553421020508,89.4826202392578,89.0750885009766,89.72235107421879,92.47463989257808,92.58770751953129,94.28988647460942,97.3900985717773,98.85012817382808,100.0,0,0,99.5328369140625,98.6365127563477,0,0,0,0
root/Sub-SaharanAfricaBurkinaFaso,root,0,0,0,80.41773986816409,0,86.8469772338867,89.4923477172852,88.2582168579102,86.9417572021484,87.6678924560547,87.66039276123051,86.1144638061523,0,0,94.8324813842773,85.5863876342773,84.3585968017578,85.4200134277344,73.193733215332,0
root/Sub-SaharanAfricaBurundi,root,0,0,0,0,0,0,0,87.50997924804692,0,87.41586303710942,0,91.18905639648442,0,94.18189239501949,94.9871597290039,0,92.15133666992192,100.0,100.0,0
root/Sub-SaharanAfricaCaboVerde,root,0,0,0,0,67.157958984375,69.3799667358398,72.7043228149414,77.8056411743164,81.46417236328129,82.9337463378906,84.7062606811523,86.4583282470703,90.0299072265625,92.0928726196289,94.5872802734375,0,96.0202407836914,0,93.25543212890629,0
root/Sub-SaharanAfricaCameroon,root,0,0,0,0,0,68.057991027832,68.53399658203129,62.740848541259794,61.7700996398926,0,0,0,57.3935203552246,67.149543762207,78.7775115966797,0,0,58.0654296875,58.8432197570801,0
root/Sub-SaharanAfricaCentralAfricanRepublic,root,0,0,0,0,0,0,0,0,0,0,0,0,0,57.4868316650391,57.917018890380895,0,0,0,0,0
root/Sub-SaharanAfricaChad,root,0,0,0,0,0,0,0,0,0,0,0,67.98233032226561,70.1699981689453,68.480842590332,65.9663009643555,64.9801788330078,0,0,0,0
root/Sub-SaharanAfricaComoros,root,0,0,0,0,0,0,0,0,0,0,57.4219818115234,0,0,55.1535301208496,0,75.0578384399414,0,0,0,0
root/Sub-SaharanAfricaCongoDemRep,root,0,0,0,0,0,0,0,0,0,96.0239791870117,93.26744842529301,93.39340209960942,91.66748046875,89.8531112670898,93.5458984375,0,94.62352752685551,0,0,0
root/Sub-SaharanAfricaCongoRep,root,0,0,64.5529403686523,0,0,57.111789703369105,62.170589447021506,0,88.99645233154301,0,0,0,86.77771759033199,79.3237533569336,80.3170623779297,0,0,0,0,0
root/Sub-SaharanAfricaCotedIvoire,root,0,0,99.43988037109379,99.05682373046879,0,100.0,0,0,0,100.0,100.0,100.0,0,100.0,99.38442993164058,82.8079376220703,84.9443817138672,100.0,100.0,0
root/Sub-SaharanAfricaEquatorialGuinea,root,0,0,0,0,0,0,0,0,0,0,50.965518951415994,42.6976203918457,45.257110595703104,48.8267402648926,0,0,0,37.2295417785645,0,0
root/Sub-SaharanAfricaEritrea,root,0,72.7761764526367,71.9698181152344,70.4709091186523,72.61936950683591,80.52268981933591,83.0947265625,83.60614013671879,87.52432250976558,87.1051483154297,80.9328384399414,92.2455825805664,93.8155288696289,90.9787063598633,89.5542526245117,79.8617477416992,70.6870193481445,61.1430587768555,0,0
root/Sub-SaharanAfricaEthiopia,root,0,0,0,0,0,0,0,0,0,0,89.71701049804692,84.6098709106445,0,0,0,0,0,0,0,0
root/Sub-SaharanAfricaGabon,root,0,0,0,95.2583770751953,0,100.0,0,0,0,0,0,0,0,0,0,0,0,0,0,0
root/Sub-SaharanAfricaGambiaThe,root,0,0,74.7427062988281,0,0,0,0,0,0,0,0,0,0,89.74317169189449,63.4887619018555,81.9169998168945,90.65345001220699,85.813720703125,0,87.74624633789058
root/Sub-SaharanAfricaGhana,root,0,71.79637145996091,69.09326171875,68.6124114990234,64.9443817138672,62.108551025390604,67.96083831787111,57.8754005432129,61.482460021972706,53.011199951171896,49.0710792541504,47.566688537597706,50.6026191711426,50.6002807617188,52.2658805847168,53.3044204711914,52.3977584838867,54.6945190429688,56.044769287109396,55.373779296875
root/Sub-SaharanAfricaGuinea,root,0,0,0,0,0,0,0,68.08193969726561,67.6950836181641,0,82.14527893066409,0,0,80.376350402832,74.5147171020508,74.1184005737305,75.0039520263672,0,0,0
root/Sub-SaharanAfricaGuineaBissau,root,0,0,35.1248207092285,0,0,0,0,0,0,0,0,0,38.931301116943395,0,0,0,0,0,0,0
root/Sub-SaharanAfricaKenya,root,0,0,0,0,0,98.6919937133789,98.80113983154301,98.9132537841797,99.4349136352539,98.69641876220699,98.4161529541016,96.80731201171879,0,0,0,0,0,0,0,0
root/Sub-SaharanAfricaLesotho,root,0,78.0668716430664,74.1897888183594,74.84593200683591,72.58644104003909,67.33376312255861,65.475830078125,63.6793403625488,66.7018585205078,71.8129501342773,57.0214996337891,57.602291107177706,63.3819999694824,66.4527969360352,67.5446395874023,72.03285217285159,75.7857971191406,79.1582794189453,83.1664581298828,0
root/Sub-SaharanAfricaLiberia,root,0,0,0,0,0,0,0,0,39.576171875,0,40.113319396972706,47.766731262207,0,56.36711120605471,0,0,56.388500213623,46.977180480957,0,0
root/Sub-SaharanAfricaMadagascar,root,0,0,0,0,0,0,0,0,0,0,0,0,0,0,20.986219406127898,18.9144401550293,16.6627502441406,15.0726404190063,14.874290466308599,0
root/Sub-SaharanAfricaMalawi,root,0,53.5434417724609,0,0,0,0,0,0,0,88.3822174072266,87.1723785400391,0,95.91278076171879,88.4466018676758,91.62832641601558,90.8098297119141,0,0,0,0
root/Sub-SaharanAfricaMali,root,0,0,0,0,0,0,0,0,0,0,50.1439018249512,49.983081817627,0,52.4238510131836,0,0,0,0,0,0
root/Sub-SaharanAfricaMauritania,root,0,0,0,0,0,0,100.0,100.0,100.0,100.0,100.0,100.0,100.0,100.0,100.0,0,91.21727752685551,0,84.7847137451172,0
root/Sub-SaharanAfricaMauritius,root,100.0,100.0,100.0,100.0,100.0,0,100.0,100.0,100.0,100.0,100.0,100.0,100.0,100.0,100.0,100.0,100.0,100.0,100.0,0
root/Sub-SaharanAfricaMozambique,root,0,0,0,0,0,0,0,59.832759857177706,64.5675888061523,63.191688537597706,66.967529296875,71.1575393676758,75.9430770874023,80.1040115356445,83.6394882202148,87.3258895874023,89.95684814453129,93.2438735961914,0,0
root/Sub-SaharanAfricaNamibia,root,76.32582092285159,80.9318466186523,85.3979110717773,87.1134414672852,87.22435760498051,90.0510635375977,91.7480087280273,92.42736053466801,92.8984375,94.8080368041992,94.99783325195308,95.5756072998047,96.3888092041016,0,0,0,0,0,0,0
root/Sub-SaharanAfricaNiger,root,0,97.7521133422852,97.3542022705078,79.8889465332031,69.6274566650391,72.4565811157227,75.75013732910159,85.0012283325195,91.9078216552734,98.23648071289058,98.4377288818359,98.01354217529301,96.6942520141602,96.43090057373051,97.0876693725586,45.84346008300779,50.083221435546896,55.5236015319824,55.6421012878418,0
root/Sub-SaharanAfricaNigeria,root,0,0,0,0,0,76.1554489135742,49.2353515625,49.9666213989258,51.224971771240206,0,0,0,66.14849853515629,0,0,0,0,0,0,0
root/Sub-SaharanAfricaRwanda,root,0,48.634639739990206,52.5831184387207,62.704719543457,81.1673812866211,85.1824722290039,81.7123184204102,93.73143768310551,98.2994384765625,98.0700531005859,94.1616668701172,93.8717727661133,91.4790802001953,98.4267578125,95.55908203125,95.2040634155273,95.57449340820308,93.92453002929692,89.76995849609379,0
root/Sub-SaharanAfricaSaoTomeandPrincipe,root,0,0,0,0,0,0,0,0,0,0,0,48.10224914550779,0,0,0,0,33.017078399658196,34.351150512695305,31.0954093933105,27.409889221191396
root/Sub-SaharanAfricaSenegal,root,0,0,0,0,0,55.379058837890604,50.8420600891113,45.69770812988279,49.695350646972706,46.038688659668,46.183811187744105,42.5605506896973,47.8528518676758,63.1021881103516,64.72177124023439,72.37908935546879,69.9682235717773,68.33982086181639,69.6807479858398,0
root/Sub-SaharanAfricaSeychelles,root,83.6890182495117,82.258056640625,81.1403503417969,77.6685409545898,0,77.9259262084961,0,0,0,0,0,99.3589706420898,0,86.73780059814449,76.4790802001953,69.4402389526367,71.29908752441409,83.6391372680664,82.91925048828129,0
root/Sub-SaharanAfricaSierraLeone,root,0,0,0,0,0,0,0,0,0,0,0,0,0,48.0183601379395,54.601261138915994,57.116058349609396,0,53.8222999572754,0,0
root/Sub-SaharanAfricaSouthAfrica,root,0,63.259860992431605,67.94187164306639,67.61562347412111,77.9215469360352,0,0,0,0,0,0,0,0,0,0,0,0,0,0,0
root/Sub-SaharanAfricaSouthSudan,root,0,0,0,0,0,0,0,0,0,0,0,0,0,44.027099609375,0,0,0,0,0,0
root/Sub-SaharanAfricaSwaziland,root,0,91.1284027099609,90.38292694091801,91.1176605224609,90.57528686523442,90.5538864135742,90.5297393798828,90.7728805541992,92.1807098388672,94.0438003540039,0,84.18605041503909,79.33807373046879,77.5629577636719,67.5810165405273,79.14659118652341,81.6485977172852,82.084098815918,0,0
root/Sub-SaharanAfricaTanzania,root,0,0,0,100.0,100.0,0,100.0,100.0,100.0,100.0,0,100.0,94.49945068359379,0,96.60031127929692,98.98621368408199,0,0,0,0
root/Sub-SaharanAfricaTogo,root,0,31.124769210815398,0,0,0,0,0,0,0,0,0,0,76.7028274536133,70.7967071533203,82.13861083984379,76.06690979003909,0,73.3292007446289,0,0
root/Sub-SaharanAfricaZambia,root,89.9253921508789,94.1815719604492,0,0,0,0,0,0,0,0,0,0,0,0,92.6558609008789,0,0,0,0,0
root/Sub-SaharanAfricaZimbabwe,root,79.2875137329102,0,0,0,0,0,0,0,0,0,0,0,0,0,88.1541290283203,85.862907409668,0,0,0,0
