root/EastAsia&Pacific,root,1011.8999999999999,974.9999999999999,939.8000000000002,907.5,877.5,849.8000000000001,824.9000000000001,802.2,781.6,762.1999999999998,745.1,729.8000000000002,717.8999999999999,707.1,697.7000000000002,688.3,678.6,669.2,661.1000000000001,654.8999999999999,653.4000000000002,656.7999999999998,665.0,676.8,692.7,714.6999999999999,741.0
root/EastAsia&Pacific/Australia,root/EastAsia&Pacific,18.6,16.9,15.4,14.2,13.1,12.3,11.5,10.9,10.4,9.9,9.6,9.3,9.1,8.9,8.8,8.7,8.5,8.4,8.3,8.2,8.1,8.1,8.1,8.2,8.3,8.6,9.1
root/EastAsia&Pacific/BruneiDarussalam,root/EastAsia&Pacific,20.2,18.7,17.3,16.2,15.3,14.5,13.9,13.4,13.0,12.7,12.5,12.4,12.4,12.4,12.4,12.5,12.6,12.7,12.8,13.0,13.2,13.5,13.9,14.4,15.1,15.9,16.9
root/EastAsia&Pacific/Cambodia,root/EastAsia&Pacific,61.8,61.3,60.8,60.2,59.6,59.0,58.3,57.6,56.8,56.0,55.0,54.0,53.0,52.0,51.0,50.0,49.0,48.1,47.3,46.6,46.2,46.0,46.0,46.0,46.1,46.4,46.8
root/EastAsia&Pacific/China,root/EastAsia&Pacific,37.6,35.5,33.4,31.4,29.4,27.6,25.9,24.3,23.0,21.8,20.8,19.9,19.3,18.9,18.6,18.4,18.3,18.3,18.4,18.6,19.1,19.8,20.7,21.9,23.2,24.7,26.4
root/EastAsia&Pacific/Fiji,root/EastAsia&Pacific,36.6,35.8,35.2,34.7,34.4,34.1,34.0,33.9,33.9,33.8,33.8,33.7,33.7,33.5,33.3,33.0,32.5,31.9,31.3,30.7,30.2,29.9,29.8,29.8,29.9,30.4,31.0
root/EastAsia&Pacific/Indonesia,root/EastAsia&Pacific,44.4,42.9,41.4,40.1,38.8,37.6,36.5,35.5,34.6,33.7,32.8,31.9,31.1,30.4,29.6,28.9,28.2,27.5,26.8,26.3,26.1,26.0,26.2,26.5,27.1,27.9,28.8
root/EastAsia&Pacific/Japan,root/EastAsia&Pacific,21.5,20.7,20.1,19.8,19.6,19.7,19.8,20.0,20.2,20.4,20.5,20.6,20.7,20.6,20.5,20.4,20.2,19.9,19.7,19.5,19.3,19.3,19.4,19.6,20.1,20.7,21.5
root/EastAsia&Pacific/Kiribati,root/EastAsia&Pacific,36.4,35.1,33.9,32.7,31.7,30.7,29.8,29.0,28.2,27.4,26.8,26.3,25.9,25.5,25.3,25.0,24.7,24.4,24.1,23.8,23.7,23.7,23.8,24.1,24.5,25.2,26.1
root/EastAsia&Pacific/KoreaDemPeople’sRep,root/EastAsia&Pacific,39.2,38.3,37.4,36.7,36.0,35.5,35.0,34.5,34.1,33.6,33.1,32.7,32.3,31.9,31.6,31.2,30.8,30.4,30.0,29.7,29.6,29.7,30.0,30.4,31.0,31.7,32.5
root/EastAsia&Pacific/KoreaRep,root/EastAsia&Pacific,33.5,30.9,28.4,26.0,23.8,21.9,20.2,18.8,17.7,16.8,16.2,15.8,15.6,15.7,15.8,16.0,16.2,16.4,16.6,16.9,17.3,17.8,18.4,19.2,20.2,21.4,22.7
root/EastAsia&Pacific/LaoPDR,root/EastAsia&Pacific,54.2,53.1,52.0,51.0,49.9,48.7,47.6,46.5,45.3,44.2,43.0,41.9,41.0,40.1,39.3,38.5,37.7,37.0,36.5,36.1,36.0,36.1,36.5,37.1,37.7,38.7,39.7
root/EastAsia&Pacific/Malaysia,root/EastAsia&Pacific,40.6,39.0,37.5,36.0,34.6,33.3,32.0,30.8,29.8,28.7,27.7,26.8,26.0,25.3,24.7,24.1,23.5,23.0,22.5,22.1,21.9,22.0,22.2,22.6,23.1,23.9,24.9
root/EastAsia&Pacific/MarshallIslands,root/EastAsia&Pacific,34.8,33.4,32.1,30.9,29.8,28.8,28.0,27.3,26.7,26.2,25.7,25.4,25.2,25.0,24.9,24.7,24.5,24.3,24.1,23.9,23.8,23.9,24.1,24.5,25.1,25.7,26.6
root/EastAsia&Pacific/MicronesiaFedSts,root/EastAsia&Pacific,26.2,24.7,23.4,22.2,21.2,20.3,19.5,18.9,18.4,18.0,17.7,17.5,17.5,17.5,17.7,17.8,17.9,18.0,18.1,18.3,18.5,18.9,19.5,20.2,21.0,22.1,23.3
root/EastAsia&Pacific/Mongolia,root/EastAsia&Pacific,37.0,34.8,32.7,30.5,28.5,26.5,24.7,23.0,21.5,20.1,19.0,18.1,17.4,16.9,16.5,16.2,16.0,15.8,15.6,15.5,15.6,15.9,16.3,16.8,17.4,18.4,19.5
root/EastAsia&Pacific/Myanmar,root/EastAsia&Pacific,53.3,52.4,51.4,50.5,49.6,48.7,47.8,46.9,46.0,45.2,44.4,43.6,43.0,42.4,41.9,41.5,41.0,40.7,40.4,40.3,40.5,41.0,41.7,42.6,43.6,44.9,46.3
root/EastAsia&Pacific/NewZealand,root/EastAsia&Pacific,15.3,13.8,12.6,11.5,10.7,10.0,9.5,9.1,8.9,8.7,8.6,8.6,8.7,8.7,8.8,8.9,9.0,9.0,9.1,9.2,9.3,9.4,9.7,9.9,10.3,10.9,11.6
root/EastAsia&Pacific/PapuaNewGuinea,root/EastAsia&Pacific,46.3,45.3,44.2,43.2,42.2,41.3,40.4,39.6,38.8,38.1,37.5,37.0,36.6,36.4,36.1,35.8,35.5,35.1,34.8,34.5,34.3,34.2,34.4,34.6,35.0,35.7,36.6
root/EastAsia&Pacific/Philippines,root/EastAsia&Pacific,38.3,38.0,37.7,37.7,37.7,37.7,37.7,37.6,37.3,36.8,36.1,35.1,34.0,32.7,31.1,29.3,27.4,25.5,23.6,21.8,20.3,19.0,18.0,17.1,16.4,16.0,15.7
root/EastAsia&Pacific/Samoa,root/EastAsia&Pacific,32.2,30.6,29.2,27.8,26.6,25.5,24.6,23.8,23.1,22.5,22.1,21.9,21.8,21.9,22.1,22.3,22.5,22.7,22.9,23.3,23.8,24.5,25.4,26.5,27.8,29.4,31.3
root/EastAsia&Pacific/Singapore,root/EastAsia&Pacific,28.1,26.5,25.0,23.7,22.5,21.5,20.7,20.0,19.4,18.9,18.5,18.2,18.1,18.0,17.9,17.9,17.9,17.9,18.0,18.0,18.2,18.5,19.0,19.5,20.3,21.1,22.2
root/EastAsia&Pacific/SolomonIslands,root/EastAsia&Pacific,46.7,45.9,45.3,44.7,44.1,43.5,43.0,42.6,42.2,41.8,41.5,41.4,41.3,41.2,41.2,41.0,40.7,40.3,39.9,39.3,38.9,38.6,38.4,38.3,38.3,38.5,38.9
root/EastAsia&Pacific/Thailand,root/EastAsia&Pacific,25.4,24.5,23.7,23.0,22.5,22.1,21.9,21.9,21.9,22.0,22.2,22.3,22.5,22.7,22.9,23.1,23.3,23.5,23.7,24.0,24.6,25.4,26.3,27.5,28.8,30.2,31.8
root/EastAsia&Pacific/TimorLeste,root/EastAsia&Pacific,50.1,48.4,46.7,45.0,43.3,41.6,40.0,38.5,37.0,35.7,34.4,33.3,32.3,31.5,30.9,30.3,29.9,29.6,29.6,29.8,30.5,31.6,33.1,34.8,36.7,38.9,41.3
root/EastAsia&Pacific/Tonga,root/EastAsia&Pacific,28.4,27.1,25.8,24.7,23.8,22.9,22.3,21.7,21.2,20.8,20.5,20.2,20.0,19.9,19.7,19.6,19.4,19.2,19.0,18.8,18.7,18.8,19.0,19.3,19.8,20.5,21.3
root/EastAsia&Pacific/Vanuatu,root/EastAsia&Pacific,60.6,58.7,56.5,54.3,51.8,49.3,46.8,44.2,41.7,39.3,37.2,35.2,33.6,32.1,30.9,29.8,28.7,27.6,26.7,25.8,25.1,24.5,24.1,23.9,23.7,23.8,24.0
root/EastAsia&Pacific/Vietnam,root/EastAsia&Pacific,44.6,42.7,40.7,38.8,37.0,35.2,33.5,31.9,30.5,29.1,27.9,26.7,25.8,25.0,24.2,23.4,22.7,22.0,21.3,20.9,20.6,20.7,21.0,21.5,22.2,23.1,24.2
root/Europe&CentralAsia,root,1469.0000000000005,1399.7999999999997,1336.6999999999998,1279.7999999999997,1230.1000000000004,1186.6000000000001,1148.3999999999996,1115.3000000000004,1087.6999999999998,1064.5,1046.5000000000002,1033.1,1024.8,1020.3000000000001,1016.7000000000002,1013.6999999999998,1008.6999999999997,1002.9,996.4,993.0000000000001,994.7999999999998,1002.6999999999999,1016.6999999999998,1036.0000000000002,1062.3999999999999,1096.1999999999998,1138.1000000000001
root/Europe&CentralAsia/Albania,root/Europe&CentralAsia,34.2,32.9,31.7,30.5,29.5,28.5,27.5,26.7,26.0,25.3,24.8,24.3,23.9,23.6,23.3,23.0,22.8,22.5,22.3,22.2,22.2,22.4,22.7,23.2,23.8,24.5,25.3
root/Europe&CentralAsia/Andorra,root/Europe&CentralAsia,18.5,17.1,15.8,14.8,13.9,13.2,12.6,12.1,11.7,11.4,11.2,11.0,10.9,10.8,10.8,10.8,10.8,10.9,10.9,11.0,11.1,11.3,11.6,11.9,12.4,13.1,13.9
root/Europe&CentralAsia/Armenia,root/Europe&CentralAsia,31.3,29.5,27.9,26.3,24.9,23.6,22.4,21.5,20.7,20.2,19.9,19.9,20.1,20.5,20.9,21.4,21.8,22.1,22.3,22.7,23.2,23.9,24.7,25.7,26.7,28.0,29.4
root/Europe&CentralAsia/Austria,root/Europe&CentralAsia,23.1,21.5,20.1,18.8,17.8,16.9,16.1,15.5,14.9,14.5,14.2,13.9,13.8,13.7,13.6,13.6,13.6,13.6,13.6,13.7,13.8,14.1,14.4,14.9,15.6,16.4,17.3
root/Europe&CentralAsia/Azerbaijan,root/Europe&CentralAsia,46.7,45.6,44.5,43.5,42.6,41.7,40.8,40.0,39.2,38.5,37.9,37.6,37.3,37.3,37.2,37.1,36.9,36.6,36.3,36.0,35.9,36.0,36.2,36.5,36.9,37.6,38.5
root/Europe&CentralAsia/Belarus,root/Europe&CentralAsia,28.1,26.9,25.8,24.8,24.0,23.3,22.7,22.1,21.7,21.4,21.1,20.9,20.8,20.8,20.7,20.7,20.5,20.4,20.3,20.1,20.1,20.2,20.4,20.8,21.3,21.9,22.6
root/Europe&CentralAsia/Belgium,root/Europe&CentralAsia,20.8,19.3,17.9,16.8,15.8,15.0,14.3,13.8,13.3,13.0,12.7,12.5,12.4,12.4,12.3,12.4,12.4,12.5,12.5,12.6,12.8,13.0,13.4,13.9,14.5,15.3,16.2
root/Europe&CentralAsia/BosniaandHerzegovina,root/Europe&CentralAsia,36.6,35.4,34.4,33.4,32.4,31.5,30.6,29.7,29.0,28.3,27.9,27.5,27.3,27.2,27.1,27.1,27.0,26.8,26.7,26.6,26.6,26.8,27.1,27.5,28.1,28.6,29.4
root/Europe&CentralAsia/Bulgaria,root/Europe&CentralAsia,30.6,29.6,28.6,27.8,27.1,26.5,26.0,25.6,25.3,25.0,24.8,24.7,24.6,24.6,24.6,24.5,24.4,24.2,24.1,23.9,23.9,24.0,24.2,24.5,25.0,25.6,26.4
root/Europe&CentralAsia/Croatia,root/Europe&CentralAsia,32.9,31.8,30.8,29.9,29.1,28.4,27.8,27.3,26.9,26.6,26.3,26.1,25.9,25.8,25.7,25.6,25.5,25.3,25.0,24.9,24.8,24.9,25.2,25.5,26.0,26.6,27.3
root/Europe&CentralAsia/Cyprus,root/Europe&CentralAsia,33.2,31.5,29.7,28.1,26.7,25.4,24.2,23.2,22.3,21.6,21.1,20.6,20.3,20.2,20.1,20.1,20.2,20.2,20.3,20.4,20.7,21.1,21.6,22.2,23.1,24.1,25.2
root/Europe&CentralAsia/CzechRepublic,root/Europe&CentralAsia,27.9,26.9,26.0,25.3,24.6,24.1,23.7,23.3,23.0,22.9,22.7,22.7,22.7,22.8,22.9,22.9,22.9,22.8,22.7,22.7,22.8,23.0,23.3,23.7,24.3,24.9,25.7
root/Europe&CentralAsia/Denmark,root/Europe&CentralAsia,20.7,19.2,17.8,16.6,15.6,14.8,14.1,13.6,13.2,12.8,12.6,12.4,12.3,12.2,12.2,12.3,12.3,12.4,12.4,12.5,12.7,13.0,13.4,13.9,14.6,15.3,16.3
root/Europe&CentralAsia/Estonia,root/Europe&CentralAsia,29.3,28.3,27.4,26.6,25.9,25.3,24.8,24.3,24.0,23.7,23.5,23.3,23.3,23.2,23.2,23.2,23.1,23.0,22.9,22.9,22.9,23.1,23.4,23.7,24.2,24.9,25.6
root/Europe&CentralAsia/Finland,root/Europe&CentralAsia,20.9,19.3,17.8,16.5,15.5,14.6,13.9,13.3,12.8,12.5,12.2,12.0,11.9,11.9,11.9,12.0,12.0,12.1,12.2,12.3,12.5,12.7,13.1,13.6,14.2,15.0,15.9
root/Europe&CentralAsia/France,root/Europe&CentralAsia,23.1,21.5,20.0,18.8,17.7,16.8,16.0,15.4,14.9,14.5,14.2,14.0,13.8,13.8,13.7,13.7,13.8,13.8,13.9,14.0,14.2,14.5,14.9,15.4,16.2,17.0,18.1
root/Europe&CentralAsia/Georgia,root/Europe&CentralAsia,41.4,40.0,38.7,37.4,36.3,35.2,34.1,33.1,32.2,31.3,30.6,30.0,29.6,29.2,28.9,28.5,28.0,27.4,26.8,26.3,25.9,25.8,25.8,26.0,26.3,26.8,27.5
root/Europe&CentralAsia/Germany,root/Europe&CentralAsia,22.1,20.4,19.0,17.7,16.6,15.6,14.9,14.2,13.7,13.2,12.9,12.7,12.5,12.4,12.4,12.4,12.4,12.5,12.5,12.6,12.8,13.0,13.4,13.9,14.5,15.3,16.3
root/Europe&CentralAsia/Greece,root/Europe&CentralAsia,22.4,20.7,19.2,17.8,16.7,15.8,15.0,14.3,13.8,13.3,13.0,12.7,12.6,12.4,12.4,12.4,12.4,12.4,12.4,12.4,12.6,12.8,13.1,13.6,14.1,14.9,15.9
root/Europe&CentralAsia/Hungary,root/Europe&CentralAsia,28.9,28.0,27.1,26.4,25.8,25.2,24.7,24.3,24.0,23.8,23.6,23.5,23.5,23.6,23.6,23.6,23.6,23.5,23.3,23.2,23.3,23.4,23.6,24.0,24.4,25.0,25.8
root/Europe&CentralAsia/Iceland,root/Europe&CentralAsia,21.3,19.7,18.2,17.0,15.9,15.0,14.3,13.6,13.1,12.7,12.4,12.2,12.0,12.0,12.0,12.0,12.0,12.1,12.2,12.3,12.5,12.8,13.2,13.7,14.4,15.1,16.1
root/Europe&CentralAsia/Ireland,root/Europe&CentralAsia,21.4,19.6,18.1,16.8,15.6,14.7,13.9,13.3,12.7,12.3,12.0,11.7,11.6,11.5,11.5,11.5,11.5,11.5,11.5,11.6,11.7,11.9,12.2,12.7,13.2,13.9,14.8
root/Europe&CentralAsia/Italy,root/Europe&CentralAsia,23.1,21.5,20.1,18.8,17.7,16.8,16.1,15.4,14.9,14.4,14.1,13.8,13.6,13.5,13.5,13.5,13.5,13.5,13.5,13.6,13.7,14.0,14.4,14.8,15.5,16.3,17.3
root/Europe&CentralAsia/Kazakhstan,root/Europe&CentralAsia,46.1,44.5,43.0,41.5,40.1,38.8,37.6,36.5,35.4,34.6,33.8,33.3,32.9,32.6,32.3,32.0,31.5,31.0,30.5,30.0,29.6,29.5,29.4,29.5,29.7,30.2,30.7
root/Europe&CentralAsia/KyrgyzRepublic,root/Europe&CentralAsia,46.7,45.2,43.8,42.4,41.0,39.7,38.5,37.2,36.1,35.0,34.1,33.4,32.9,32.5,32.2,31.9,31.6,31.2,31.0,30.8,31.0,31.4,32.1,32.8,33.6,34.8,36.2
root/Europe&CentralAsia/Latvia,root/Europe&CentralAsia,29.1,28.1,27.2,26.4,25.7,25.0,24.5,24.1,23.7,23.4,23.3,23.1,23.1,23.1,23.0,23.0,22.9,22.7,22.6,22.5,22.5,22.6,22.9,23.2,23.7,24.3,25.1
root/Europe&CentralAsia/Lithuania,root/Europe&CentralAsia,28.5,27.4,26.6,25.8,25.2,24.6,24.1,23.7,23.4,23.1,22.9,22.8,22.8,22.8,22.8,22.9,22.8,22.8,22.7,22.7,22.7,22.9,23.2,23.6,24.1,24.8,25.5
root/Europe&CentralAsia/Luxembourg,root/Europe&CentralAsia,22.1,20.4,18.9,17.6,16.5,15.6,14.8,14.2,13.7,13.3,12.9,12.7,12.5,12.5,12.4,12.4,12.4,12.4,12.5,12.6,12.7,13.0,13.3,13.8,14.4,15.2,16.1
root/Europe&CentralAsia/MacedoniaFYR,root/Europe&CentralAsia,22.7,21.3,20.0,18.9,17.9,17.1,16.5,16.0,15.7,15.5,15.5,15.7,15.9,16.2,16.6,17.0,17.3,17.5,17.7,18.0,18.4,18.8,19.5,20.2,21.1,22.1,23.3
root/Europe&CentralAsia/Moldova,root/Europe&CentralAsia,31.9,30.9,30.1,29.4,28.9,28.4,28.0,27.7,27.5,27.3,27.2,27.1,27.1,27.1,27.1,27.0,26.8,26.5,26.2,25.9,25.7,25.6,25.6,25.7,25.8,26.2,26.8
root/Europe&CentralAsia/Montenegro,root/Europe&CentralAsia,29.5,28.4,27.4,26.5,25.7,25.0,24.4,23.9,23.5,23.2,23.0,22.8,22.7,22.7,22.7,22.7,22.6,22.5,22.3,22.2,22.3,22.4,22.8,23.2,23.7,24.4,25.2
root/Europe&CentralAsia/Netherlands,root/Europe&CentralAsia,22.6,20.9,19.3,17.9,16.7,15.7,14.9,14.2,13.7,13.2,12.9,12.7,12.5,12.4,12.4,12.3,12.4,12.4,12.4,12.5,12.7,13.0,13.4,13.9,14.6,15.4,16.4
root/Europe&CentralAsia/Norway,root/Europe&CentralAsia,21.1,19.5,18.1,16.8,15.7,14.8,14.1,13.4,12.9,12.5,12.2,11.9,11.8,11.7,11.7,11.7,11.7,11.8,11.8,11.9,12.1,12.3,12.7,13.1,13.7,14.4,15.3
root/Europe&CentralAsia/Poland,root/Europe&CentralAsia,28.9,27.8,26.8,26.0,25.3,24.6,24.1,23.7,23.4,23.2,23.1,23.0,23.0,23.1,23.2,23.3,23.3,23.2,23.1,23.1,23.1,23.3,23.5,23.9,24.3,25.0,25.7
root/Europe&CentralAsia/Portugal,root/Europe&CentralAsia,24.8,23.1,21.6,20.2,19.1,18.1,17.2,16.5,15.9,15.4,14.9,14.6,14.4,14.3,14.2,14.1,14.0,14.0,14.0,14.0,14.1,14.3,14.7,15.1,15.7,16.5,17.5
root/Europe&CentralAsia/Romania,root/Europe&CentralAsia,30.9,29.9,29.0,28.2,27.4,26.8,26.3,25.8,25.5,25.3,25.1,25.0,25.0,25.0,25.0,25.0,24.9,24.7,24.5,24.4,24.3,24.4,24.6,24.9,25.3,25.9,26.7
root/Europe&CentralAsia/RussianFederation,root/Europe&CentralAsia,27.0,25.9,24.9,24.0,23.3,22.6,22.1,21.7,21.5,21.2,21.1,21.1,21.1,21.1,21.2,21.2,21.2,21.1,21.0,20.9,20.9,21.0,21.3,21.6,22.0,22.6,23.3
root/Europe&CentralAsia/Serbia,root/Europe&CentralAsia,32.4,31.1,30.0,29.0,28.2,27.5,26.8,26.3,25.8,25.5,25.3,25.1,25.1,25.1,25.1,25.0,24.9,24.8,24.6,24.5,24.5,24.6,24.9,25.3,25.8,26.4,27.2
root/Europe&CentralAsia/SlovakRepublic,root/Europe&CentralAsia,30.9,29.8,28.8,27.9,27.2,26.6,26.1,25.7,25.4,25.2,25.0,24.9,24.9,24.9,24.9,24.9,24.8,24.7,24.5,24.4,24.3,24.4,24.5,24.8,25.3,25.9,26.6
root/Europe&CentralAsia/Slovenia,root/Europe&CentralAsia,28.9,27.7,26.7,25.8,25.0,24.3,23.7,23.2,22.8,22.5,22.2,22.1,22.0,22.0,22.0,21.9,21.8,21.7,21.6,21.5,21.5,21.6,21.9,22.3,22.9,23.6,24.4
root/Europe&CentralAsia/Spain,root/Europe&CentralAsia,22.4,20.9,19.4,18.2,17.1,16.3,15.5,14.9,14.4,14.0,13.7,13.5,13.3,13.2,13.1,13.1,13.1,13.1,13.1,13.2,13.3,13.5,13.8,14.3,14.9,15.6,16.6
root/Europe&CentralAsia/Sweden,root/Europe&CentralAsia,21.0,19.4,18.0,16.7,15.7,14.8,14.0,13.4,12.9,12.5,12.2,12.0,11.9,11.8,11.8,11.8,11.9,11.9,12.0,12.1,12.3,12.5,12.8,13.3,13.9,14.6,15.4
root/Europe&CentralAsia/Switzerland,root/Europe&CentralAsia,23.0,21.3,19.8,18.5,17.5,16.6,15.8,15.2,14.7,14.3,14.0,13.8,13.7,13.7,13.7,13.7,13.8,13.9,14.0,14.1,14.4,14.7,15.1,15.7,16.5,17.3,18.3
root/Europe&CentralAsia/Tajikistan,root/Europe&CentralAsia,48.9,47.6,46.4,45.3,44.2,43.2,42.3,41.3,40.4,39.5,38.6,37.8,37.1,36.4,35.7,34.9,33.9,32.9,31.8,30.9,30.3,29.9,29.7,29.6,29.7,30.0,30.5
root/Europe&CentralAsia/Turkey,root/Europe&CentralAsia,44.6,43.1,41.6,40.2,38.8,37.6,36.4,35.3,34.3,33.4,32.7,32.1,31.7,31.4,31.1,30.8,30.4,30.0,29.5,29.1,28.9,28.9,29.0,29.2,29.6,30.1,30.9
root/Europe&CentralAsia/Turkmenistan,root/Europe&CentralAsia,47.4,46.0,44.6,43.2,41.9,40.7,39.5,38.4,37.4,36.4,35.6,35.0,34.5,34.2,33.8,33.5,33.0,32.5,32.0,31.5,31.2,31.1,31.1,31.2,31.4,31.9,32.6
root/Europe&CentralAsia/Ukraine,root/Europe&CentralAsia,27.7,26.5,25.5,24.6,23.8,23.2,22.8,22.4,22.0,21.8,21.6,21.5,21.5,21.5,21.5,21.4,21.3,21.2,21.0,20.9,20.9,21.1,21.3,21.7,22.2,22.8,23.5
root/Europe&CentralAsia/UnitedKingdom,root/Europe&CentralAsia,23.1,20.3,17.8,15.6,13.9,12.6,11.6,10.9,10.4,10.0,9.7,9.5,9.4,9.4,9.5,9.6,9.7,9.9,10.0,10.3,10.6,11.0,11.5,12.1,13.0,14.0,15.3
root/Europe&CentralAsia/Uzbekistan,root/Europe&CentralAsia,68.3,66.6,64.8,62.8,60.6,58.5,56.3,54.1,52.0,50.0,48.2,46.6,45.3,44.2,43.2,42.3,41.3,40.4,39.4,38.5,37.8,37.2,36.8,36.4,36.2,36.1,36.2
root/LatinAmerica&Caribbean,root,1216.1000000000001,1174.3,1134.9999999999998,1098.6,1065.5,1034.7999999999997,1006.3,979.4,954.3000000000003,930.4000000000001,908.9,889.1,871.9999999999998,857.6999999999999,844.3,829.8,813.5000000000002,795.4,776.4000000000001,756.6000000000001,740.4999999999999,728.6,721.7999999999998,719.2,721.5000000000001,733.2,750.0999999999998
root/LatinAmerica&Caribbean/AntiguaandBarbuda,root/LatinAmerica&Caribbean,35.8,34.6,33.4,32.4,31.5,30.6,29.9,29.1,28.4,27.8,27.2,26.6,26.2,25.8,25.4,25.0,24.5,23.9,23.3,22.7,22.1,21.8,21.5,21.4,21.4,21.7,22.1
root/LatinAmerica&Caribbean/Argentina,root/LatinAmerica&Caribbean,27.4,25.9,24.5,23.2,22.1,21.1,20.2,19.4,18.7,18.1,17.6,17.2,16.8,16.5,16.3,16.0,15.8,15.7,15.5,15.5,15.5,15.7,15.9,16.3,16.9,17.6,18.6
root/LatinAmerica&Caribbean/BahamasThe,root/LatinAmerica&Caribbean,35.2,34.0,33.0,32.0,31.1,30.3,29.5,28.8,28.2,27.5,27.0,26.5,26.1,25.8,25.5,25.1,24.7,24.2,23.7,23.2,22.8,22.5,22.3,22.3,22.4,22.7,23.1
root/LatinAmerica&Caribbean/Barbados,root/LatinAmerica&Caribbean,34.5,33.3,32.2,31.1,30.2,29.4,28.6,27.9,27.2,26.5,25.9,25.3,24.8,24.4,24.0,23.7,23.2,22.7,22.2,21.6,21.2,20.9,20.7,20.6,20.7,21.1,21.6
root/LatinAmerica&Caribbean/Belize,root/LatinAmerica&Caribbean,35.6,34.3,33.2,32.1,31.1,30.2,29.4,28.6,27.9,27.3,26.7,26.1,25.6,25.2,24.9,24.5,24.0,23.5,22.9,22.2,21.7,21.2,21.0,20.8,20.8,21.1,21.7
root/LatinAmerica&Caribbean/Bolivia,root/LatinAmerica&Caribbean,36.0,35.1,34.3,33.6,33.0,32.5,32.1,31.9,31.7,31.7,31.8,32.0,32.2,32.6,32.9,33.1,33.1,32.8,32.4,31.8,31.1,30.5,30.1,29.8,29.6,29.8,30.2
root/LatinAmerica&Caribbean/Brazil,root/LatinAmerica&Caribbean,37.9,36.7,35.6,34.6,33.6,32.8,32.0,31.3,30.6,30.1,29.5,29.1,28.6,28.3,27.9,27.5,27.1,26.6,26.2,25.7,25.5,25.3,25.3,25.5,25.8,26.4,27.2
root/LatinAmerica&Caribbean/Chile,root/LatinAmerica&Caribbean,19.5,17.9,16.5,15.3,14.2,13.2,12.4,11.7,11.2,10.7,10.4,10.1,10.0,9.9,9.9,9.9,9.9,10.1,10.2,10.4,10.7,11.1,11.6,12.2,13.0,13.9,15.0
root/LatinAmerica&Caribbean/Colombia,root/LatinAmerica&Caribbean,40.6,39.6,38.6,37.7,37.0,36.3,35.6,35.1,34.5,33.9,33.4,32.8,32.3,31.7,31.0,30.2,29.1,27.8,26.6,25.3,24.1,23.1,22.3,21.7,21.3,21.1,21.1
root/LatinAmerica&Caribbean/CostaRica,root/LatinAmerica&Caribbean,25.9,24.4,23.2,22.0,21.0,20.1,19.3,18.6,18.0,17.4,16.9,16.5,16.1,15.7,15.4,15.0,14.7,14.3,13.9,13.5,13.3,13.2,13.3,13.5,13.8,14.3,14.9
root/LatinAmerica&Caribbean/Cuba,root/LatinAmerica&Caribbean,36.6,35.5,34.5,33.7,32.9,32.2,31.5,30.9,30.3,29.7,29.2,28.7,28.3,28.0,27.7,27.3,26.9,26.4,25.9,25.3,24.8,24.4,24.3,24.2,24.3,24.7,25.1
root/LatinAmerica&Caribbean/Dominica,root/LatinAmerica&Caribbean,38.6,37.3,36.1,35.1,34.1,33.2,32.4,31.6,30.8,30.1,29.5,28.9,28.4,27.9,27.5,27.0,26.5,25.9,25.2,24.6,24.1,23.7,23.5,23.4,23.5,23.9,24.4
root/LatinAmerica&Caribbean/DominicanRepublic,root/LatinAmerica&Caribbean,43.5,42.7,41.8,41.0,40.2,39.5,38.7,38.0,37.3,36.6,36.0,35.4,34.9,34.4,34.1,33.6,33.1,32.5,31.8,31.0,30.4,29.8,29.5,29.2,29.1,29.3,29.7
root/LatinAmerica&Caribbean/Ecuador,root/LatinAmerica&Caribbean,36.3,34.9,33.7,32.5,31.5,30.6,29.7,28.9,28.1,27.3,26.6,25.9,25.2,24.6,24.0,23.3,22.6,21.8,21.0,20.1,19.4,18.9,18.4,18.2,18.1,18.4,18.8
root/LatinAmerica&Caribbean/ElSalvador,root/LatinAmerica&Caribbean,30.1,28.4,26.7,25.2,23.8,22.4,21.3,20.2,19.3,18.5,17.9,17.4,17.1,17.0,17.1,17.2,17.4,17.5,17.7,17.8,18.0,18.3,18.9,19.5,20.3,21.4,22.7
root/LatinAmerica&Caribbean/Grenada,root/LatinAmerica&Caribbean,37.6,36.4,35.2,34.2,33.3,32.4,31.6,30.9,30.2,29.5,28.9,28.3,27.8,27.3,26.9,26.4,25.9,25.3,24.7,24.0,23.4,23.0,22.8,22.6,22.6,23.0,23.5
root/LatinAmerica&Caribbean/Guatemala,root/LatinAmerica&Caribbean,40.9,39.1,37.3,35.6,34.1,32.5,31.1,29.7,28.4,27.2,26.1,25.2,24.3,23.7,23.1,22.6,22.0,21.3,20.5,19.7,18.8,18.1,17.5,16.9,16.5,16.4,16.4
root/LatinAmerica&Caribbean/Guyana,root/LatinAmerica&Caribbean,50.9,50.2,49.6,49.1,48.5,47.9,47.2,46.3,45.4,44.5,43.5,42.6,41.9,41.2,40.6,39.9,39.1,38.2,37.2,36.1,35.1,34.2,33.4,32.7,32.2,32.2,32.3
root/LatinAmerica&Caribbean/Haiti,root/LatinAmerica&Caribbean,58.8,58.3,57.9,57.4,57.0,56.5,56.0,55.4,54.8,54.1,53.4,52.6,51.8,51.1,50.4,49.8,49.1,48.5,47.8,47.2,46.7,46.4,46.1,46.0,45.8,46.0,46.2
root/LatinAmerica&Caribbean/Honduras,root/LatinAmerica&Caribbean,34.1,32.3,30.5,28.8,27.2,25.8,24.4,23.2,22.2,21.2,20.4,19.7,19.2,18.9,18.6,18.4,18.1,17.7,17.4,17.0,16.6,16.4,16.3,16.4,16.6,17.1,17.8
root/LatinAmerica&Caribbean/Jamaica,root/LatinAmerica&Caribbean,38.7,37.4,36.2,35.0,33.9,32.9,32.0,31.1,30.2,29.4,28.6,27.9,27.3,26.7,26.2,25.6,25.0,24.4,23.7,23.0,22.5,22.1,21.8,21.7,21.7,22.0,22.5
root/LatinAmerica&Caribbean/Mexico,root/LatinAmerica&Caribbean,33.3,32.0,30.8,29.7,28.7,27.8,27.0,26.2,25.4,24.6,23.9,23.2,22.5,21.8,21.1,20.3,19.4,18.5,17.6,16.6,15.8,15.2,14.7,14.4,14.3,14.4,14.6
root/LatinAmerica&Caribbean/Nicaragua,root/LatinAmerica&Caribbean,45.6,43.0,40.3,37.5,34.7,32.0,29.3,26.8,24.4,22.3,20.4,18.8,17.5,16.4,15.6,15.0,14.5,14.1,13.8,13.6,13.6,13.7,13.9,14.2,14.7,15.4,16.3
root/LatinAmerica&Caribbean/Panama,root/LatinAmerica&Caribbean,39.7,38.8,38.0,37.2,36.5,35.9,35.3,34.7,34.1,33.4,32.8,32.1,31.5,31.0,30.4,29.7,29.0,28.1,27.1,26.2,25.3,24.5,24.0,23.5,23.2,23.2,23.4
root/LatinAmerica&Caribbean/Paraguay,root/LatinAmerica&Caribbean,33.9,32.4,31.0,29.7,28.5,27.4,26.5,25.6,24.9,24.2,23.5,23.0,22.5,22.1,21.8,21.5,21.2,20.9,20.7,20.5,20.4,20.4,20.5,20.8,21.2,21.9,22.8
root/LatinAmerica&Caribbean/Peru,root/LatinAmerica&Caribbean,39.6,38.6,37.7,36.9,36.2,35.6,35.0,34.4,33.7,33.1,32.4,31.7,30.9,30.2,29.3,28.3,27.2,25.8,24.5,23.1,21.8,20.8,20.0,19.3,18.8,18.6,18.5
root/LatinAmerica&Caribbean/PuertoRico,root/LatinAmerica&Caribbean,30.2,29.1,28.0,27.1,26.4,25.7,25.2,24.6,24.2,23.7,23.3,22.9,22.6,22.4,22.2,21.9,21.6,21.2,20.8,20.3,19.9,19.7,19.6,19.7,19.8,20.2,20.8
root/LatinAmerica&Caribbean/StLucia,root/LatinAmerica&Caribbean,38.4,37.2,35.9,34.8,33.8,32.8,31.9,31.0,30.2,29.4,28.7,28.0,27.4,26.9,26.4,25.9,25.2,24.5,23.7,23.0,22.3,21.8,21.4,21.2,21.1,21.4,21.9
root/LatinAmerica&Caribbean/StVincentandtheGrenadines,root/LatinAmerica&Caribbean,39.0,37.9,36.8,35.8,34.9,34.1,33.3,32.5,31.7,30.9,30.2,29.5,28.9,28.4,28.0,27.5,26.9,26.3,25.7,25.0,24.5,24.1,23.8,23.7,23.8,24.1,24.5
root/LatinAmerica&Caribbean/Suriname,root/LatinAmerica&Caribbean,39.0,37.8,36.7,35.7,34.7,33.9,33.0,32.2,31.5,30.7,30.0,29.4,28.8,28.3,27.8,27.3,26.7,26.1,25.4,24.7,24.1,23.6,23.4,23.2,23.3,23.6,24.1
root/LatinAmerica&Caribbean/TrinidadandTobago,root/LatinAmerica&Caribbean,38.2,37.0,35.9,34.8,33.9,33.0,32.1,31.3,30.6,29.9,29.2,28.6,28.1,27.6,27.1,26.6,26.0,25.4,24.7,24.0,23.5,23.0,22.8,22.7,22.7,23.1,23.6
root/LatinAmerica&Caribbean/Uruguay,root/LatinAmerica&Caribbean,28.3,27.0,25.8,24.7,23.8,22.9,22.2,21.6,21.0,20.5,20.0,19.6,19.3,19.1,18.8,18.6,18.4,18.3,18.1,18.0,18.0,18.1,18.3,18.7,19.2,19.9,20.8
root/LatinAmerica&Caribbean/VenezuelaRB,root/LatinAmerica&Caribbean,36.4,35.2,34.1,33.1,32.1,31.3,30.6,29.9,29.2,28.6,28.0,27.5,27.1,26.8,26.4,26.1,25.6,25.1,24.5,23.9,23.5,23.1,22.9,22.9,23.0,23.3,23.9
root/MiddleEast&NorthAfrica,root,908.6999999999999,880.4,852.8,825.0999999999999,800.0,776.0999999999999,754.2,733.8,715.4999999999999,699.8000000000001,687.6,678.7,673.1999999999999,669.5999999999999,667.0999999999999,664.0,659.4,653.2000000000002,646.4000000000001,641.3999999999999,639.1000000000001,640.8000000000001,645.4,651.6,660.6,673.8000000000001,690.0999999999999
root/MiddleEast&NorthAfrica/Algeria,root/MiddleEast&NorthAfrica,47.9,46.7,45.4,44.0,42.8,41.5,40.3,39.2,38.2,37.3,36.5,36.0,35.6,35.3,35.1,34.9,34.6,34.2,33.8,33.5,33.3,33.4,33.6,33.9,34.3,34.9,35.7
root/MiddleEast&NorthAfrica/Bahrain,root/MiddleEast&NorthAfrica,51.6,50.8,50.0,49.1,48.3,47.6,46.9,46.2,45.6,45.0,44.6,44.3,44.1,43.9,43.7,43.5,43.2,42.7,42.2,41.8,41.5,41.4,41.4,41.4,41.6,41.7,42.0
root/MiddleEast&NorthAfrica/Djibouti,root/MiddleEast&NorthAfrica,42.0,40.9,39.9,39.0,38.2,37.4,36.8,36.3,35.8,35.4,35.0,34.6,34.4,34.1,33.8,33.4,32.9,32.4,31.8,31.3,30.9,30.8,30.9,31.1,31.5,32.0,32.7
root/MiddleEast&NorthAfrica/EgyptArabRep,root/MiddleEast&NorthAfrica,46.2,45.0,43.8,42.5,41.3,40.1,39.0,37.9,36.9,36.0,35.4,35.0,34.7,34.6,34.4,34.1,33.6,32.9,32.0,31.2,30.4,29.8,29.3,28.9,28.6,28.5,28.5
root/MiddleEast&NorthAfrica/IranIslamicRep,root/MiddleEast&NorthAfrica,42.1,40.3,38.5,36.8,35.2,33.9,32.7,31.6,30.7,30.0,29.5,29.1,29.0,29.0,29.0,28.9,28.7,28.4,28.0,27.7,27.6,27.7,27.9,28.2,28.7,29.5,30.5
root/MiddleEast&NorthAfrica/Iraq,root/MiddleEast&NorthAfrica,47.1,46.1,45.0,43.9,42.9,42.0,41.0,40.1,39.2,38.3,37.5,36.8,36.3,35.8,35.3,34.6,33.8,32.8,31.8,30.9,30.1,29.5,29.0,28.7,28.6,28.7,29.1
root/MiddleEast&NorthAfrica/Israel,root/MiddleEast&NorthAfrica,20.3,18.8,17.5,16.4,15.5,14.7,14.1,13.6,13.2,12.9,12.6,12.5,12.4,12.3,12.3,12.3,12.3,12.4,12.4,12.5,12.6,12.8,13.1,13.5,14.0,14.8,15.7
root/MiddleEast&NorthAfrica/Jordan,root/MiddleEast&NorthAfrica,44.7,43.1,41.4,39.7,38.0,36.3,34.7,33.2,31.9,30.7,29.8,29.2,28.8,28.7,28.8,28.9,29.0,29.0,29.0,29.2,29.5,30.1,30.8,31.6,32.5,33.5,34.7
root/MiddleEast&NorthAfrica/Kuwait,root/MiddleEast&NorthAfrica,31.9,30.2,28.7,27.2,25.9,24.8,23.8,23.1,22.4,21.9,21.6,21.3,21.3,21.3,21.3,21.3,21.2,21.0,20.8,20.6,20.6,20.7,21.0,21.5,22.0,22.8,23.8
root/MiddleEast&NorthAfrica/Lebanon,root/MiddleEast&NorthAfrica,38.5,37.0,35.5,34.0,32.7,31.4,30.2,29.1,28.1,27.4,27.0,26.8,26.8,26.9,27.1,27.3,27.3,27.3,27.2,27.2,27.3,27.6,28.1,28.6,29.3,30.2,31.2
root/MiddleEast&NorthAfrica/Libya,root/MiddleEast&NorthAfrica,45.8,44.4,43.1,41.7,40.4,39.2,38.1,37.0,36.0,35.1,34.4,33.8,33.4,33.1,32.8,32.4,32.0,31.5,31.0,30.5,30.3,30.3,30.5,30.7,31.1,31.7,32.5
root/MiddleEast&NorthAfrica/Malta,root/MiddleEast&NorthAfrica,21.2,19.6,18.3,17.1,16.1,15.3,14.7,14.1,13.7,13.3,13.1,12.9,12.8,12.7,12.7,12.7,12.7,12.8,12.8,12.9,13.1,13.3,13.7,14.1,14.7,15.5,16.4
root/MiddleEast&NorthAfrica/Morocco,root/MiddleEast&NorthAfrica,48.8,47.4,46.0,44.5,43.1,41.6,40.3,39.0,37.8,36.8,35.9,35.4,35.0,34.8,34.7,34.6,34.4,34.1,33.9,33.7,33.6,33.8,34.2,34.6,35.2,36.0,36.9
root/MiddleEast&NorthAfrica/Oman,root/MiddleEast&NorthAfrica,52.5,51.0,49.5,48.0,46.6,45.2,43.9,42.6,41.5,40.6,39.8,39.2,38.7,38.4,38.2,37.9,37.5,37.1,36.6,36.3,36.1,36.1,36.3,36.5,36.9,37.5,38.2
root/MiddleEast&NorthAfrica/Qatar,root/MiddleEast&NorthAfrica,39.9,38.4,36.9,35.4,34.1,32.9,31.8,30.7,29.8,29.0,28.4,27.9,27.5,27.3,27.1,27.0,26.7,26.4,26.1,25.8,25.7,25.7,25.8,26.0,26.4,27.0,27.7
root/MiddleEast&NorthAfrica/SaudiArabia,root/MiddleEast&NorthAfrica,55.5,54.5,53.5,52.4,51.4,50.4,49.3,48.3,47.3,46.5,45.7,45.1,44.7,44.3,44.0,43.6,43.2,42.7,42.2,41.8,41.5,41.4,41.5,41.6,41.8,42.3,42.9
root/MiddleEast&NorthAfrica/SyrianArabRepublic,root/MiddleEast&NorthAfrica,47.6,46.2,44.9,43.5,42.2,40.8,39.6,38.5,37.4,36.4,35.6,35.1,34.6,34.3,34.0,33.7,33.3,32.8,32.3,31.9,31.6,31.6,31.7,31.9,32.3,32.9,33.6
root/MiddleEast&NorthAfrica/Tunisia,root/MiddleEast&NorthAfrica,40.4,38.7,37.1,35.4,33.9,32.6,31.4,30.3,29.4,28.7,28.2,27.9,27.8,27.8,27.8,27.8,27.8,27.6,27.4,27.3,27.4,27.7,28.1,28.7,29.3,30.2,31.2
root/MiddleEast&NorthAfrica/UnitedArabEmirates,root/MiddleEast&NorthAfrica,39.6,38.0,36.4,35.0,33.7,32.4,31.2,30.2,29.2,28.3,27.7,27.1,26.8,26.5,26.4,26.3,26.2,26.0,25.8,25.6,25.6,25.6,25.7,25.9,26.2,26.9,27.8
root/MiddleEast&NorthAfrica/WestBankandGaza,root/MiddleEast&NorthAfrica,42.0,40.5,39.1,37.7,36.4,35.2,34.0,32.9,31.9,31.0,30.3,29.7,29.4,29.1,28.8,28.6,28.3,27.9,27.6,27.3,27.1,27.1,27.3,27.6,28.0,28.6,29.4
root/MiddleEast&NorthAfrica/YemenRep,root/MiddleEast&NorthAfrica,63.1,62.8,62.3,61.8,61.3,60.8,60.4,59.9,59.5,59.2,59.0,59.0,59.1,59.4,59.8,60.2,60.7,61.2,61.7,62.4,63.3,64.4,65.5,66.6,67.6,68.6,69.6
root/NorthAmerica,root,29.299999999999997,26.7,24.6,22.7,21.299999999999997,20.1,19.200000000000003,18.299999999999997,17.700000000000003,17.1,16.8,16.6,16.5,16.5,16.6,16.9,17.200000000000003,17.5,17.9,18.200000000000003,18.6,18.9,19.4,19.9,20.6,21.5,22.8
root/NorthAmerica/Canada,root/NorthAmerica,17.2,15.6,14.3,13.1,12.2,11.4,10.8,10.2,9.8,9.4,9.1,8.9,8.7,8.6,8.5,8.5,8.4,8.4,8.4,8.4,8.4,8.4,8.5,8.6,8.8,9.1,9.5
root/NorthAmerica/UnitedStates,root/NorthAmerica,12.1,11.1,10.3,9.6,9.1,8.7,8.4,8.1,7.9,7.7,7.7,7.7,7.8,7.9,8.1,8.4,8.8,9.1,9.5,9.8,10.2,10.5,10.9,11.3,11.8,12.4,13.3
root/SouthAsia,root,452.6,445.6,438.20000000000005,430.80000000000007,423.29999999999995,415.59999999999997,407.79999999999995,399.9,392.1,384.6,376.90000000000003,369.9,363.70000000000005,358.1,353.29999999999995,348.6,343.80000000000007,339.2,334.8,331.0,328.1,326.1,325.1,324.90000000000003,325.3,327.7,331.3
root/SouthAsia/Afghanistan,root/SouthAsia,48.1,46.8,45.5,44.3,43.1,41.9,40.7,39.5,38.5,37.5,36.6,35.8,35.2,34.7,34.5,34.4,34.4,34.6,34.8,35.2,35.8,36.5,37.4,38.3,39.4,40.7,42.0
root/SouthAsia/Bangladesh,root/SouthAsia,55.3,54.6,53.9,53.1,52.4,51.7,51.0,50.3,49.5,48.8,48.1,47.4,46.7,46.1,45.5,44.9,44.2,43.5,42.7,42.0,41.4,40.8,40.3,40.0,39.7,39.7,39.9
root/SouthAsia/Bhutan,root/SouthAsia,57.0,56.6,56.1,55.7,55.2,54.8,54.4,53.9,53.4,52.9,52.3,51.6,50.8,50.0,49.2,48.2,47.1,45.8,44.5,43.2,41.8,40.5,39.2,38.0,36.9,36.1,35.6
root/SouthAsia/India,root/SouthAsia,55.4,55.1,54.8,54.5,54.3,54.0,53.8,53.6,53.5,53.4,53.3,53.3,53.3,53.3,53.3,53.2,53.0,52.7,52.4,52.0,51.7,51.5,51.3,51.2,51.1,51.2,51.4
root/SouthAsia/Maldives,root/SouthAsia,68.5,67.2,65.7,64.1,62.4,60.6,58.7,56.7,54.8,52.9,51.0,49.3,47.8,46.5,45.4,44.4,43.4,42.6,41.9,41.4,41.1,41.0,41.1,41.3,41.6,42.0,42.6
root/SouthAsia/Nepal,root/SouthAsia,66.0,65.1,64.1,63.0,61.8,60.5,59.0,57.4,55.5,53.6,51.5,49.5,47.6,45.8,44.1,42.5,41.0,39.7,38.5,37.5,36.6,35.9,35.4,35.1,34.8,34.9,35.1
root/SouthAsia/Pakistan,root/SouthAsia,53.6,53.1,52.5,52.0,51.4,50.9,50.4,50.0,49.6,49.3,49.0,48.8,48.8,48.8,48.9,49.0,49.1,49.2,49.3,49.4,49.6,49.8,50.1,50.4,50.8,51.4,52.1
root/SouthAsia/SriLanka,root/SouthAsia,48.7,47.1,45.6,44.1,42.7,41.2,39.8,38.5,37.3,36.2,35.1,34.2,33.5,32.9,32.4,32.0,31.6,31.1,30.7,30.3,30.1,30.1,30.3,30.6,31.0,31.7,32.6
root/Sub-SaharanAfrica,root,2436.0,2403.9,2372.499999999999,2342.9,2315.6,2289.1,2263.9999999999995,2238.8999999999996,2214.1,2189.2,2165.6000000000004,2143.8000000000006,2124.8999999999996,2106.400000000001,2086.6,2064.6,2038.9000000000008,2009.1,1977.3000000000006,1945.6000000000001,1918.3,1897.2999999999997,1882.8000000000002,1872.5999999999997,1867.3000000000006,1871.7999999999995,1882.6000000000001
root/Sub-SaharanAfrica/Angola,root/Sub-SaharanAfrica,58.0,57.4,56.8,56.3,55.7,55.2,54.6,54.0,53.4,52.8,52.2,51.6,51.1,50.6,50.1,49.7,49.3,48.9,48.5,48.1,47.7,47.5,47.3,47.2,47.2,47.4,47.7
root/Sub-SaharanAfrica/Benin,root/Sub-SaharanAfrica,67.4,67.4,67.3,67.2,67.2,67.0,66.8,66.6,66.3,65.8,65.3,64.7,64.0,63.3,62.4,61.5,60.3,59.0,57.6,56.0,54.4,52.9,51.5,50.1,48.8,47.8,46.9
root/Sub-SaharanAfrica/Botswana,root/Sub-SaharanAfrica,40.3,39.0,38.0,37.1,36.3,35.7,35.2,34.8,34.5,34.2,34.0,33.8,33.7,33.5,33.3,33.0,32.5,32.0,31.3,30.7,30.1,29.7,29.4,29.3,29.4,29.7,30.2
root/Sub-SaharanAfrica/BurkinaFaso,root/Sub-SaharanAfrica,58.3,58.0,57.8,57.6,57.4,57.2,56.9,56.7,56.4,56.0,55.7,55.4,55.1,54.7,54.4,54.0,53.6,53.1,52.5,51.9,51.3,50.9,50.5,50.1,49.9,49.7,49.6
root/Sub-SaharanAfrica/Burundi,root/Sub-SaharanAfrica,55.7,54.5,53.2,51.9,50.5,49.1,47.7,46.2,44.6,42.9,41.3,39.7,38.1,36.6,35.0,33.4,31.8,30.2,28.7,27.4,26.5,25.9,25.6,25.6,25.7,26.2,26.7
root/Sub-SaharanAfrica/CaboVerde,root/Sub-SaharanAfrica,44.6,43.6,42.6,41.5,40.5,39.5,38.5,37.5,36.6,35.6,34.8,34.0,33.4,32.9,32.4,32.1,31.8,31.5,31.2,31.0,30.9,31.0,31.2,31.5,31.9,32.5,33.3
root/Sub-SaharanAfrica/Cameroon,root/Sub-SaharanAfrica,53.8,53.2,52.6,52.0,51.4,50.8,50.3,49.7,49.1,48.5,47.9,47.3,46.7,46.3,45.8,45.3,44.8,44.3,43.7,43.0,42.4,42.0,41.7,41.4,41.2,41.2,41.4
root/Sub-SaharanAfrica/CentralAfricanRepublic,root/Sub-SaharanAfrica,54.0,53.5,53.1,52.8,52.4,52.0,51.7,51.4,51.0,50.7,50.4,50.0,49.8,49.5,49.3,49.0,48.7,48.3,47.9,47.4,46.9,46.5,46.2,46.0,45.9,45.9,46.0
root/Sub-SaharanAfrica/Chad,root/Sub-SaharanAfrica,55.7,55.4,55.1,54.8,54.5,54.2,53.9,53.6,53.3,53.0,52.6,52.3,52.0,51.8,51.4,51.1,50.7,50.3,49.8,49.3,48.8,48.4,48.1,47.8,47.7,47.7,47.7
root/Sub-SaharanAfrica/Comoros,root/Sub-SaharanAfrica,42.9,41.8,40.7,39.6,38.7,37.8,36.9,36.1,35.4,34.7,34.0,33.5,32.9,32.5,31.9,31.3,30.7,29.9,29.2,28.5,28.0,27.7,27.6,27.7,27.9,28.5,29.3
root/Sub-SaharanAfrica/CongoDemRep,root/Sub-SaharanAfrica,60.7,60.4,60.1,59.8,59.5,59.2,58.9,58.5,58.0,57.5,57.0,56.4,55.7,55.0,54.2,53.4,52.4,51.2,49.9,48.6,47.2,45.9,44.7,43.5,42.4,41.7,41.0
root/Sub-SaharanAfrica/CongoRep,root/Sub-SaharanAfrica,61.0,60.9,60.8,60.7,60.5,60.4,60.2,60.1,59.8,59.6,59.3,59.0,58.8,58.5,58.2,57.9,57.4,56.9,56.3,55.7,55.0,54.4,53.8,53.2,52.7,52.2,51.9
root/Sub-SaharanAfrica/CotedIvoire,root/Sub-SaharanAfrica,53.9,53.6,53.3,53.0,52.8,52.5,52.3,52.1,51.8,51.6,51.4,51.3,51.2,51.2,51.3,51.3,51.4,51.4,51.4,51.4,51.5,51.7,51.8,52.0,52.2,52.5,52.9
root/Sub-SaharanAfrica/EquatorialGuinea,root/Sub-SaharanAfrica,55.9,55.6,55.2,54.8,54.4,54.0,53.5,52.8,52.2,51.5,50.9,50.2,49.6,49.0,48.5,48.0,47.4,46.8,46.1,45.5,44.9,44.4,44.1,43.8,43.6,43.5,43.7
root/Sub-SaharanAfrica/Eritrea,root/Sub-SaharanAfrica,48.5,47.6,46.8,46.0,45.2,44.5,43.8,43.1,42.5,41.9,41.4,41.0,40.7,40.4,40.1,39.7,39.2,38.6,38.0,37.5,37.1,36.9,36.9,37.0,37.2,37.6,38.1
root/Sub-SaharanAfrica/Ethiopia,root/Sub-SaharanAfrica,47.3,45.9,44.5,43.0,41.6,40.1,38.7,37.3,35.9,34.5,33.1,31.9,30.7,29.6,28.5,27.4,26.2,25.1,24.0,23.1,22.3,21.9,21.7,21.8,22.1,22.7,23.4
root/Sub-SaharanAfrica/Gabon,root/Sub-SaharanAfrica,60.0,59.8,59.6,59.3,59.1,58.8,58.6,58.3,58.1,57.9,57.8,57.6,57.6,57.6,57.7,57.8,57.9,57.9,58.0,58.0,58.1,58.2,58.3,58.4,58.5,58.7,59.1
root/Sub-SaharanAfrica/GambiaThe,root/Sub-SaharanAfrica,61.6,61.5,61.3,61.1,60.9,60.6,60.4,60.2,59.9,59.6,59.3,59.0,58.7,58.5,58.3,58.2,58.0,57.8,57.6,57.4,57.2,57.2,57.2,57.2,57.2,57.3,57.5
root/Sub-SaharanAfrica/Ghana,root/Sub-SaharanAfrica,55.3,55.0,54.6,54.2,53.9,53.6,53.3,52.9,52.7,52.4,52.1,51.9,51.8,51.8,51.8,51.8,51.8,51.6,51.2,50.6,50.0,49.3,48.6,47.8,47.2,46.7,46.4
root/Sub-SaharanAfrica/Guinea,root/Sub-SaharanAfrica,57.2,56.9,56.6,56.2,55.9,55.6,55.3,55.0,54.7,54.3,54.0,53.7,53.5,53.3,53.2,53.0,52.8,52.5,52.1,51.7,51.4,51.1,50.9,50.7,50.6,50.6,50.6
root/Sub-SaharanAfrica/GuineaBissau,root/Sub-SaharanAfrica,52.6,52.1,51.7,51.2,50.8,50.4,49.9,49.5,49.1,48.7,48.3,47.9,47.6,47.3,47.1,46.8,46.5,46.0,45.6,45.1,44.6,44.3,44.0,43.8,43.7,43.7,43.8
root/Sub-SaharanAfrica/Kenya,root/Sub-SaharanAfrica,55.8,54.8,53.7,52.7,51.6,50.5,49.4,48.2,46.8,45.4,43.9,42.3,40.8,39.3,37.7,36.2,34.6,33.0,31.5,30.1,29.0,28.1,27.5,27.0,26.8,26.8,27.2
root/Sub-SaharanAfrica/Lesotho,root/Sub-SaharanAfrica,42.9,41.9,40.9,40.0,39.1,38.2,37.4,36.6,35.8,35.1,34.5,33.9,33.4,32.9,32.3,31.7,31.0,30.2,29.4,28.6,28.0,27.5,27.2,26.9,26.8,27.0,27.4
root/Sub-SaharanAfrica/Liberia,root/Sub-SaharanAfrica,60.7,60.2,59.7,59.3,58.9,58.4,57.8,57.0,56.0,54.9,53.6,52.3,51.0,49.7,48.4,47.1,45.7,44.2,42.7,41.2,39.7,38.4,37.3,36.3,35.4,35.0,34.7
root/Sub-SaharanAfrica/Madagascar,root/Sub-SaharanAfrica,47.6,46.9,46.1,45.5,45.0,44.5,44.1,43.6,43.2,42.9,42.5,42.2,42.0,41.7,41.3,40.8,40.1,39.3,38.5,37.8,37.2,36.8,36.6,36.5,36.5,36.6,36.8
root/Sub-SaharanAfrica/Malawi,root/Sub-SaharanAfrica,43.6,42.5,41.5,40.6,39.8,39.0,38.3,37.7,37.1,36.6,36.2,35.9,35.8,35.7,35.5,35.2,34.7,34.0,33.3,32.7,32.3,32.2,32.3,32.6,33.0,33.6,34.4
root/Sub-SaharanAfrica/Mali,root/Sub-SaharanAfrica,64.3,64.3,64.3,64.3,64.3,64.2,64.2,64.1,63.9,63.7,63.4,63.0,62.7,62.2,61.7,61.1,60.5,59.7,58.8,57.8,56.8,55.8,54.8,53.8,52.9,52.0,51.3
root/Sub-SaharanAfrica/Mauritania,root/Sub-SaharanAfrica,46.6,46.0,45.5,44.9,44.5,44.0,43.6,43.2,42.8,42.4,41.9,41.6,41.2,40.9,40.6,40.3,39.9,39.5,39.0,38.4,37.9,37.5,37.2,37.0,36.9,37.0,37.2
root/Sub-SaharanAfrica/Mauritius,root/Sub-SaharanAfrica,23.1,22.0,20.9,20.1,19.5,19.0,18.6,18.4,18.3,18.2,18.2,18.4,18.6,18.9,19.2,19.4,19.6,19.8,19.9,20.1,20.5,20.9,21.6,22.3,23.2,24.1,25.1
root/Sub-SaharanAfrica/Mozambique,root/Sub-SaharanAfrica,54.2,53.8,53.3,52.9,52.5,52.1,51.7,51.3,51.0,50.6,50.4,50.2,50.2,50.2,50.3,50.3,50.2,50.1,49.9,49.7,49.7,49.7,49.9,50.0,50.2,50.6,51.0
root/Sub-SaharanAfrica/Namibia,root/Sub-SaharanAfrica,43.9,42.8,41.8,40.9,40.0,39.2,38.5,37.8,37.1,36.4,35.8,35.2,34.6,33.9,33.2,32.3,31.3,30.2,29.0,27.8,26.6,25.6,24.7,24.0,23.5,23.3,23.2
root/Sub-SaharanAfrica/Niger,root/Sub-SaharanAfrica,61.2,60.7,60.1,59.5,58.9,58.3,57.7,57.0,56.3,55.5,54.8,54.1,53.5,52.9,52.4,51.9,51.4,50.8,50.4,49.9,49.6,49.3,49.2,49.2,49.2,49.3,49.5
root/Sub-SaharanAfrica/Nigeria,root/Sub-SaharanAfrica,53.7,53.5,53.4,53.2,53.1,53.1,53.0,53.0,52.9,52.8,52.7,52.6,52.6,52.5,52.3,52.2,51.9,51.6,51.2,50.8,50.5,50.2,49.9,49.8,49.6,49.6,49.8
root/Sub-SaharanAfrica/Rwanda,root/Sub-SaharanAfrica,32.3,30.9,29.4,28.1,27.0,25.9,25.0,24.1,23.4,22.7,22.2,21.7,21.4,21.1,20.8,20.5,20.2,19.8,19.4,19.1,19.0,19.1,19.4,19.9,20.4,21.3,22.3
root/Sub-SaharanAfrica/SaoTomeandPrincipe,root/Sub-SaharanAfrica,54.6,54.0,53.3,52.6,52.0,51.4,50.8,50.3,49.8,49.3,48.8,48.4,48.0,47.7,47.4,47.2,46.9,46.6,46.2,45.9,45.6,45.4,45.3,45.4,45.4,45.7,46.1
root/Sub-SaharanAfrica/Senegal,root/Sub-SaharanAfrica,58.8,59.0,59.1,59.3,59.4,59.6,59.8,59.9,60.0,60.1,60.1,60.0,60.0,59.8,59.7,59.3,58.9,58.3,57.5,56.5,55.5,54.4,53.5,52.5,51.5,50.7,49.9
root/Sub-SaharanAfrica/Seychelles,root/Sub-SaharanAfrica,34.2,32.7,31.3,30.1,29.0,28.0,27.1,26.3,25.6,25.0,24.4,24.0,23.7,23.4,23.1,22.5,22.0,21.5,21.0,20.6,20.2,20.2,20.3,20.5,20.9,21.5,22.3
root/Sub-SaharanAfrica/SierraLeone,root/Sub-SaharanAfrica,58.9,58.5,58.0,57.5,57.0,56.5,56.0,55.5,54.9,54.3,53.7,53.1,52.5,52.0,51.5,51.0,50.5,49.9,49.4,48.8,48.4,48.1,47.9,47.8,47.7,47.8,48.0
root/Sub-SaharanAfrica/Somalia,root/Sub-SaharanAfrica,49.3,48.8,48.3,47.9,47.6,47.4,47.1,46.9,46.7,46.5,46.4,46.3,46.3,46.3,46.2,46.0,45.7,45.3,44.7,44.3,43.9,43.6,43.5,43.6,43.7,44.0,44.4
root/Sub-SaharanAfrica/SouthAfrica,root/Sub-SaharanAfrica,38.2,37.3,36.5,35.8,35.1,34.5,34.0,33.5,33.0,32.6,32.2,31.9,31.6,31.4,31.0,30.5,29.9,29.1,28.2,27.4,26.7,26.1,25.7,25.5,25.3,25.5,25.8
root/Sub-SaharanAfrica/SouthSudan,root/Sub-SaharanAfrica,45.3,44.3,43.3,42.4,41.6,40.8,40.1,39.4,38.8,38.2,37.6,37.2,36.8,36.4,36.0,35.5,34.9,34.3,33.6,33.0,32.6,32.3,32.3,32.4,32.7,33.3,34.0
root/Sub-SaharanAfrica/Sudan,root/Sub-SaharanAfrica,45.7,44.4,43.2,42.1,41.0,40.0,39.1,38.2,37.4,36.6,35.9,35.3,34.8,34.3,33.7,33.1,32.5,31.7,31.0,30.3,29.8,29.5,29.4,29.5,29.7,30.1,30.7
root/Sub-SaharanAfrica/Swaziland,root/Sub-SaharanAfrica,40.2,39.1,38.2,37.2,36.4,35.7,35.0,34.4,33.8,33.3,32.8,32.4,32.1,31.7,31.3,30.8,30.2,29.5,28.8,28.0,27.4,27.0,26.7,26.5,26.5,26.8,27.2
root/Sub-SaharanAfrica/Tanzania,root/Sub-SaharanAfrica,50.9,50.3,49.8,49.3,48.9,48.6,48.2,47.9,47.6,47.3,47.0,46.7,46.5,46.2,45.8,45.2,44.4,43.4,42.4,41.2,40.2,39.3,38.6,37.9,37.4,37.2,37.2
root/Sub-SaharanAfrica/Togo,root/Sub-SaharanAfrica,60.4,60.0,59.6,59.3,58.9,58.5,58.1,57.7,57.2,56.7,56.2,55.7,55.3,54.9,54.5,54.0,53.5,53.0,52.4,51.7,51.1,50.5,50.0,49.6,49.2,49.0,48.9
root/Sub-SaharanAfrica/Uganda,root/Sub-SaharanAfrica,44.3,43.5,42.7,42.0,41.5,40.9,40.5,40.0,39.7,39.3,39.0,38.9,38.7,38.5,38.1,37.5,36.6,35.4,34.1,32.7,31.4,30.3,29.6,29.0,28.6,28.5,28.5
root/Sub-SaharanAfrica/Zambia,root/Sub-SaharanAfrica,45.1,43.9,42.7,41.6,40.5,39.5,38.6,37.7,36.9,36.2,35.5,34.9,34.4,34.0,33.6,33.2,32.7,32.2,31.7,31.3,31.1,31.0,31.2,31.6,32.1,32.8,33.7
root/Sub-SaharanAfrica/Zimbabwe,root/Sub-SaharanAfrica,35.5,34.7,34.2,33.7,33.3,33.1,32.9,32.8,32.8,32.9,33.1,33.4,33.7,34.0,34.1,34.1,33.9,33.4,32.7,32.0,31.3,30.7,30.1,29.6,29.2,28.9,28.8
