root/EastAsia&PacificBruneiDarussalam,root,0,0,7.68954992294312,8.47198963165283,9.13584995269775,8.276599884033201,7.5201101303100595,8.89772987365723,9.85690021514893,15.307009696960401,12.555299758911099,13.1609697341919,13.796480178833,9.00491046905518,10.2231397628784,0,8.56068992614746,0,0,0,0,9.73723983764648,9.64004039764404,10.164340019226099,8.8668098449707,7.841209888458249,0,0,0,0,0,0,0,0,2.57211995124817,2.2515900135040297,1.6057300567627,2.09039998054504,0.817730009555817,0.543860018253326,0.131180003285408,0.14394000172615098,0.0701700001955032,0.0665199980139732,0.197190001606941,0.158429995179176,0,0
root/EastAsia&PacificCambodia,root,0,0,0,0,0,0,0,0,0,0,0,0,0,0,0,0,0,0,0,0,0,0,0,0,26.8600292205811,30.427059173584,0,27.0147495269775,26.3130207061768,24.201200485229503,0,16.4836101531982,9.5635404586792,10.088979721069302,10.562049865722699,13.842060089111301,12.675840377807601,11.6487302780151,11.248330116272,10.1522903442383,8.84412002563477,7.156690120697019,5.84184980392456,5.035880088806151,5.25529003143311,5.1839699745178205,6.56683015823364,0
root/EastAsia&PacificChina,root,0,0,0,0,0,0,0,0,0,0,0,0,0,0,0,0,0,0,0,7.48817014694214,6.51574993133545,6.14473009109497,5.1043400764465305,4.57985019683838,3.7395598888397203,2.83004999160767,2.18097996711731,1.63970005512238,0,0,0,0,0.297800004482269,0.32225000858306896,0,0,0.268869996070862,0.246710002422333,0.286709994077683,0.279859989881516,0.276800006628037,0.258199989795685,0.17111000418663,0.150930002331734,0.0804399996995926,0.0199699997901917,0.0135500002652407,0
root/EastAsia&PacificFiji,root,0,0,6.32910013198853,6.107379913330081,5.6009402275085405,0,5.57178020477295,5.648809909820559,5.69555997848511,3.6552000045776403,4.601069927215581,3.94999003410339,0,3.74025988578796,3.1594700813293497,2.9340000152587904,2.8375198841095,0,0,0,0,0,0,0,0,0,0,0,0,0,0,0,0,0,2.15426993370056,0,2.23605990409851,0,1.69196999073029,1.08054995536804,0,0.610549986362457,0.5351300239562989,0.195170000195503,0,0.37433001399040206,0,0
root/EastAsia&PacificHongKongSARChina,root,0,0,0,0,0,0,0,0,0,0,4.15174007415771,3.55236005783081,3.62170004844666,3.00599002838135,2.35858988761902,2.04916000366211,1.64179003238678,0,0,1.4991500377655,1.37562000751495,1.31600999832153,1.32690000534058,1.07690000534058,1.2142800092697101,1.04038000106812,1.08633995056152,0,0,0.95048999786377,0.951690018177032,0.9585000276565551,0.9015300273895259,0.852159976959229,0.8482400178909301,0.880819976329803,0.883939981460571,0.8996400237083441,0.9180999994277951,0.8513799905776981,0.805050015449524,0.7386000156402591,0.7194799780845641,0.599709987640381,0.532130002975464,0.500400006771088,0.47222998738288896,0
root/EastAsia&PacificIndonesia,root,0,0,11.994549751281701,11.272439956665002,10.7130002975464,10.722510337829599,10.2337503433228,10.983019828796401,12.0171604156494,0,0,8.30134963989258,8.790369987487791,9.58983993530273,9.18013000488281,9.30790996551514,10.885169982910199,10.061269760131802,9.696709632873539,9.620659828186039,9.82814979553223,9.67133045196533,9.24859046936035,8.985170364379881,8.42125988006592,7.61579990386963,6.93208980560303,5.847839832305911,0,6.21028995513916,6.21033000946045,6.16648006439209,5.31431007385254,3.77189993858337,2.8881299495697004,4.57854986190796,3.68863010406494,3.3264400959014906,2.9100799560546897,3.55151009559631,3.30779004096985,2.8646500110626203,2.90329003334045,2.00268006324768,2.21343994140625,1.6432299613952601,1.7323600053787198,0
root/EastAsia&PacificKiribati,root,0,0,0,0,0,0,0,4.82491016387939,5.3408498764038095,6.4887800216674805,4.60143995285034,4.13957977294922,3.6643500328064,2.7035000324249303,2.85735988616943,2.78274011611938,1.7328000068664597,1.4348299503326398,1.98509001731873,1.15913999080658,0.577880024909973,0.571609973907471,0.15604999661445598,0.441280007362366,0.18452000617981,0.38784998655319197,0.23149000108242002,0.24439999461174,0,0,0,0,0,0,0,0,0,0,0,0,0,0,0,0,1.93305003643036,0,2.0734601020813,0
root/EastAsia&PacificKoreaRep,root,0,0.0760999992489815,0.10778000205755198,0,0,0,0,0,0,0,0,0,0,0,0,0,0,0,0,0,0,0,0,0,0,0,0,0,0,0,0,0,0,0,0.00650000013411045,0,0,0,0,0,0,0,0,0,0,0,0,0
root/EastAsia&PacificLaoPDR,root,0,0,0,0,0,0,0,0,0,0,0,0,0,0,0,0,0,0,27.2415599822998,0,29.577600479126,0,30.6789703369141,27.474630355835,26.213279724121104,0,24.0678195953369,23.4252605438232,21.5909996032715,20.9241905212402,19.7501907348633,19.829900741577102,19.9991302490234,19.782470703125,19.884719848632802,19.1815204620361,18.2445907592773,16.946159362793,16.8249492645264,15.7919597625732,14.0397500991821,12.455849647522,10.6905698776245,9.08806991577148,6.9215202331542995,5.96519994735718,4.97133016586304,0
root/EastAsia&PacificMacaoSARChina,root,0,0,0,0,0,0,0,0,0,0,0,0,0,0,0,0,0,0,0,0,7.174739837646481,0,6.994609832763669,6.60764980316162,0,0,0,0,0,6.273859977722171,7.519780158996579,6.96624994277954,6.58131980895996,7.10929012298584,5.93900012969971,6.07469987869263,5.6622200012207005,5.80893993377686,6.16983985900879,6.36393022537231,5.662169933319089,5.48245000839233,4.371630191802979,3.6795499324798597,3.15808010101318,2.35857009887695,2.33394002914429,0
root/EastAsia&PacificMarshallIslands,root,0,0,0,0,0,0,0,0,0,0,0,0,0,0,0,0,0,0,0,0,0,0,0,0,0,0,0,0,0,0,0,0,0,0,0,0,0,0,0,0,0,0,0,0,0,0,3.7149000167846697,0
root/EastAsia&PacificMongolia,root,0,0,0,0,0,0,0,0,4.851920127868651,2.7459900379180895,1.78902995586395,0,0,1.0659600496292099,0,0,0,0,0,0,0,0,0,0,0,1.0264799594879201,0.790750026702881,0.6921600103378299,0.716459989547729,0.920960009098053,0.7698000073432919,0.5618199706077579,0.629199981689453,0.648999989032745,0.6083199977874761,0.435900002717972,0.326090008020401,0.494019985198975,0.17941999435424802,0.10214000195264801,0.06424000114202501,0.10390000045299501,0.10484000295400599,0.0627600029110909,0.0539099983870983,0.0736500024795532,0.320589989423752,0
root/EastAsia&PacificMyanmar,root,0,20.932710647583,19.038509368896502,18.3619995117188,20.4381008148193,0,0,0,0,0,0,0,0,0,0,0,0,0,0,0,0,0,0,0,0,0,0,0,0,1.7137700319290199,0.52140998840332,0.698710024356842,0.691569983959198,0.6966800093650821,0.551289975643158,0.5333600044250489,0.514949977397919,0.587029993534088,0.445879995822906,0.352739989757538,0.294950008392334,0,0,0,0.19715000689029702,0,0,1.0980099439621
root/EastAsia&PacificNauru,root,0,0,0,0,0,0,0,0,0,0,0,0,0,0,0,0,0,0,0,0,0,0,0,0,0,0,0,0,0,0,0,0,0,0,0,0,0,0,0,0,0,0,0,0,0.0633699968457222,0,0.22123999893665303,0
root/EastAsia&PacificNewZealand,root,0,0,0,0,0,0,0,0,0,0,3.53562998771667,3.50720000267029,3.30185008049011,3.39997005462646,3.1755599975585898,3.13690996170044,3.39229989051819,3.34141993522644,3.34602999687195,3.18474006652832,3.0690500736236603,3.3760700225830096,3.78837990760803,0,0,0,0,0,0,0,0,0,0,0,0,0,0,0,0,0,0,0,0,0,0,0,0,0
root/EastAsia&PacificPalau,root,0,0,0,0,0,0,0,0,0,0,0,0,0,0,0,0,0,0,0,0,0,0,0,0,0,0,0,0,0,0,0,0,0,0,4.69003009796143,0,0,0,0,0,0,0,0,3.86941003799438,5.3691301345825195,0,0,0
root/EastAsia&PacificPhilippines,root,0,0,0,0,0,0,0,0,0,0,0,2.38575005531311,0,2.12806010246277,2.14565992355347,1.3970799446106001,1.8106499910354599,1.8019200563430802,1.75449001789093,1.80805003643036,2.00466990470886,0,0,0,0,0,0,0,1.9045599699020401,1.89207994937897,0,1.9678800106048602,2.26168990135193,2.06644010543823,2.1489200592041002,2.22984004020691,2.7070899009704603,2.30945992469788,2.22115993499756,2.52657008171082,0,0,0,1.3600699901580802,0,0.625289976596832,0,0
root/EastAsia&PacificSamoa,root,0,0,0,0,0,0,0,0,0,0,0,0,0,0,0,0,0,0,0,0,0,0,0,0,1.10565996170044,1.91939997673035,1.79927003383636,0.852949976921082,1.67279994487762,0.974470019340515,0.9990699887275699,0.907440006732941,2.15852999687195,2.06381011009216,1.6519600152969398,1.3208899497985802,1.32061994075775,1.2122000455856299,0,0.970910012722015,0.942629992961884,1.5706599950790399,1.0813900232315101,0,1.37479996681213,1.3469599485397301,1.3331700563430802,0
root/EastAsia&PacificSingapore,root,0,0,8.37382984161377,7.35741996765137,7.59200000762939,7.84346008300781,9.83384037017822,20.8778190612793,12.5798501968384,8.53987979888916,6.618969917297361,4.04482984542847,1.9007600545883199,1.2613500356674199,1.1284600496292099,0,0,0,0,0,0,0,0,0,0,0,0,0,0,0,0,0,0,0,0,0,0,0.345400005578995,0.30963999032974204,0.39375001192092896,0,0,0,0,0,0,0.16248999536037398,0
root/EastAsia&PacificSolomonIslands,root,0,0,0,0,0,5.46085977554321,0,0,0,0,4.88049983978271,4.167089939117431,4.23635005950928,4.01109981536865,4.32812976837158,0,7.28963994979858,0,0,0,10.4248104095459,6.17754983901978,6.157159805297849,5.949639797210691,8.660510063171388,0,0,0,0,0,0,0,0,0,0,0,0,0,0,0,7.2405900955200195,8.14655017852783,8.18990039825439,0,0,0,0,0
root/EastAsia&PacificThailand,root,0,0,0,0,0,10.318779945373501,10.2902202606201,10.1039400100708,10.1561403274536,0,0,8.25463008880615,0,0,0,0,0,0,0,0,0,0,0,0,0,0,0,0,0,3.4827499389648398,3.5454900264740004,3.85685992240906,0,0,0,0,0,9.20571994781494,0,0,0,0,0,0,0,1.9587999582290603,0,0
root/EastAsia&PacificTimorLeste,root,0,0,0,0,0,0,0,0,0,0,0,0,0,0,0,0,0,0,0,0,0,0,0,0,0,0,0,0,0,0,0,0,0,0,0,0,0,0,12.7923898696899,18.424690246582,16.8384895324707,18.3114109039307,17.321800231933597,17.8273696899414,17.7484397888184,14.917949676513699,16.2970504760742,0
root/EastAsia&PacificTonga,root,0,0,0,0,0,0,0,5.22249984741211,5.77799987792969,5.130670070648191,0,9.16263961791992,7.903719902038571,7.581600189208981,6.48897981643677,7.53276014328003,5.5936598777771,0,0,0,4.11571979522705,8.93113040924072,0,7.93830013275146,0,0,0,0,7.43013000488281,8.8244104385376,0,6.217339992523191,0,0,0,4.84382009506226,5.17679023742676,0,0,0,0,0,2.8103599548339804,3.04909992218018,0,0,0,0
root/EastAsia&PacificTuvalu,root,0,0,0,0,0,0,0,0,0,0,0,0,0,0,0,0,0,0,0,0,0,0,0,0,0,0,0,0,6.48343992233276,0,0,0,0,0,0,0,0,0,0,0,0,0,0,0,0,0.0671999976038933,0,0
root/EastAsia&PacificVanuatu,root,0,0,0,0,0,0,0,0,0,0,0,0,0,0,0,0,0,0,0,0,0,0,12.6394300460815,0,14.537940025329599,0,0,0,10.9614200592041,0,10.5595102310181,6.718379974365231,8.11849021911621,9.14237976074219,10.6750497817993,0,0,13.5573902130127,13.016710281372099,14.0111398696899,13.3957996368408,0,0,15.5632495880127,0,0,0,0
root/EastAsia&PacificVietnam,root,0,0,0,0,0,0,0,0,0,6.8567399978637695,0,0,0,0,0,0,0,0,0,0,0,0,0,0,0,0,0,0,0,3.75809001922607,3.33335995674133,2.88088011741638,2.3952999114990203,2.3952898979187003,0,1.0064300298690798,1.02689003944397,0,0,0,0,1.5076700448989901,1.30390000343323,1.02725994586945,0.9943000078201291,0.9475100040435791,0.809310019016266,0
root/Europe&CentralAsiaAlbania,root,0,0,0,0,0,0,0,0,0,0,0,0,0,0,0,0,0,0,0,0,0,0,0,0,0,0,3.82128000259399,0,0,0,3.9322299957275404,4.05239009857178,0,2.81416010856628,2.23587989807129,0,0,1.34920001029968,1.1957600116729699,1.37016999721527,0.968500018119812,0.872210025787354,0.796639978885651,0.7446100115776059,0.73319000005722,0.8408899903297421,0.7651900053024291,0
root/Europe&CentralAsiaAndorra,root,0,0,0,0,0,0,0,0,0,0,0,0,0,0,0,0,0,0,0,0,0,0,0,0,0,0,0,0,0,0,0,0,0,0,0,0,0,2.93653011322021,2.8272500038147004,2.4586501121521,2.42729997634888,2.01735997200012,2.32446002960205,2.04030990600586,1.42681002616882,1.2728099822998,1.20055997371674,0
root/Europe&CentralAsiaArmenia,root,0,0,0,0,0,0,0,0,0,0,0,0,0,0,0,0,0,0,0,0,0,0,0,0,0.22775000333786,0,0,0.15625999867916102,0,0,0,0.11740999668836599,0.117739997804165,0.0987299978733063,0.124750003218651,0.155809998512268,0.18682999908924103,0.172490000724792,0.102590002119541,0.224399998784065,0.157140001654625,0.124349996447563,0.16609999537467998,0,0.20419000089168501,0.3680399954319,0.701099991798401,0
root/Europe&CentralAsiaAustria,root,0,5.75484991073608,5.3309497833252,4.99450016021729,0,0,0,0,0,0,0,0,0,0,0,0,0,0,0,0,0,0,0,0,0,0,0,0,1.41703999042511,1.5281300544738798,0,0,1.22048997879028,0,1.2446299791336102,0,0,0,0,0,0,2.4606900215148904,2.4563000202179,2.57498002052307,2.66021990776062,2.7496600151062,2.84471011161804,0
root/Europe&CentralAsiaAzerbaijan,root,0,0,0,0,0,0,0,0,0,0,0,0,0,0,0,0,0,0,0,0,0,0,0,0.18711000680923498,0.31916001439094505,0.336320012807846,0.42623999714851396,0.4507400095462801,0.432859987020493,0.441799998283386,0.449339985847473,0.396679997444153,0.29390999674797097,0.33572000265121504,0.265570014715195,0.29043999314308194,0.28512999415397605,0.283419996500015,0.29695999622345,0.272520005702972,0.265390008687973,0.28005000948905895,0.24212999641895303,0.226799994707108,0.156650006771088,0.14316000044345903,0.13493999838829,0
root/Europe&CentralAsiaBelarus,root,0,1.1517299413681001,1.0632499456405602,0.741590023040771,0.588680028915405,0.569230020046234,0.489859998226166,0.522560000419617,0.5129100084304811,0.512610018253326,0.381940007209778,0.34773001074791,0.38018000125884993,0.33665999770164506,0.371410012245178,0.431859999895096,0.453229993581772,0,0.508029997348785,0.797839999198914,0.990779995918274,1.1548500061035198,1.2417399883270301,1.2438999414443999,1.18184995651245,1.19440996646881,1.07578003406525,0.9440000057220459,0.7645999789237979,0.523029983043671,0.559920012950897,0.37117001414298995,0.317660003900528,0.248050004243851,0.104000002145767,0.069020003080368,0.0538400001823902,0.0503499992191792,0.0425099991261959,0.0472199991345406,0.0382900014519691,0.0624600015580654,0.029559999704361,0.0379600003361702,0.0298299994319677,0.0289399996399879,0.0328899994492531,0
root/Europe&CentralAsiaBelgium,root,0,0,0,0,23.684280395507802,23.6530609130859,23.9334506988525,23.4348201751709,22.9148902893066,23.097620010376,22.559549331665,19.3607292175293,19.0021705627441,20.427780151367198,18.1516704559326,17.6994094848633,16.5059509277344,15.994569778442399,16.1608505249023,0,0,15.845069885253901,0,0,0,0,0,0,0,0,0,0,0,0,0,0,3.1795499324798597,3.1662600040435804,3.38938999176025,3.29742002487183,3.2622699737548797,3.14130997657776,2.95996999740601,2.6086699962616,2.487380027771,2.4943599700927703,0,0
root/Europe&CentralAsiaBosniaandHerzegovina,root,0,0,0,0,0,0,0,0,0,0,0,0,0,0,0,0,0,0,0,0,0,0,0,0,0,0,0,0,0,0,0,0,0,0,0,0,0,0,0.0769599974155426,0.0616200007498264,0.0656099990010262,0.0567799992859364,0.0714199990034103,0.0978299975395203,0.126069992780685,0.13527999818325,0.154740005731583,0
root/Europe&CentralAsiaBulgaria,root,0,5.80593013763428,5.704150199890139,5.17118978500366,4.48994016647339,3.1461598873138397,1.99295997619629,1.94945001602173,2.18066000938416,2.05711007118225,2.11076998710632,1.99041998386383,1.89168000221252,1.77866005897522,1.83044004440308,1.8668999671936002,1.96083998680115,1.96528005599976,2.2409999370575,2.81669998168945,3.27530002593994,4.8235502243042,5.013909816741941,5.5289402008056605,4.840760231018071,3.90631008148193,3.54230999946594,3.35000991821289,3.3009700775146498,3.22325992584229,3.12592005729675,2.37017011642456,2.50475001335144,2.27196002006531,2.26241993904114,2.33607006072998,2.31537008285522,2.14923000335693,1.816890001297,1.5949800014495803,0.6199600100517271,0.219929993152618,0.162850007414818,0.128509998321533,0.09774000197649,0.110770002007484,0.0729100033640862,0
root/Europe&CentralAsiaCroatia,root,0,0,0,0,0,0,0,0,0,0,0,0,0,0,0,0,0,0,0,0,0,0,0,0,0.586419999599457,0.5913100242614749,0.591660022735596,0.47712001204490706,0.5060099959373471,0.445320010185242,0.45458000898361206,0.47690001130104104,0.407909989356995,0.3718700110912321,0,0.258850008249283,0.30243998765945396,0.287900000810623,0.28909000754356395,0.19633999466896102,0.289039999246597,0.271910011768341,0.26197001338005105,0.19404000043869,0.189649999141693,0.16753000020980802,0.163670003414154,0
root/Europe&CentralAsiaCyprus,root,0,2.26865005493164,2.1612401008606,1.6654700040817298,1.43902003765106,0.940880000591278,0.9752299785614009,0.968100011348724,0.8048400282859799,0.673919975757599,0.8738800287246701,0.574940025806427,0.4924600124359129,0.432920008897781,0.6023200154304499,0.491759985685349,0.39419001340866106,0.37048000097274797,0.36263999342918396,0.381469994783401,0.292569994926453,0.378010004758835,0.32464000582695,0.28610000014305104,0.325080007314682,0.300540000200272,0.338690012693405,0.324270009994507,0,0.407790005207062,0.340880006551743,0.31742998957634,0.273079991340637,0.262450009584427,0.27862998843193104,0.23675000667572,0.22441999614238697,0.21458999812603,0.43663001060485795,0.198789998888969,0.17333999276161202,0.178399994969368,0.151089996099472,0.125770002603531,0.128830000758171,0.110430002212524,0,0
root/Europe&CentralAsiaCzechRepublic,root,0,0,0,0,0,0,0,0,0,0,0,0,0,0,0,0,0,0,0,0,0,0,0,1.2168300151825,1.05122005939484,1.04112994670868,1.24448001384735,0,0,1.2354300022125202,1.18148005008698,1.1156200170516999,1.09100997447968,1.10839998722076,1.08989000320435,1.0747100114822399,0.691569983959198,0.6153600215911871,0.6294900178909301,0.6304200291633609,0.640110015869141,0.60904997587204,0.5485799908637999,0.581499993801117,0.57029002904892,0.5518500208854681,0,0
root/Europe&CentralAsiaDenmark,root,0,0,0,0,0,0,0,0,0,0,0,0,0,0,0,0,0,0,0,0,0,0,0,0,0,0,0,0,0,0,0,0,0,0,0,0,0,0,0,0.18788999319076502,0.198840007185936,0.43860998749733,0.6643099784851071,0.990909993648529,0.961740016937256,0.985620021820068,0.8798499703407291,0
root/Europe&CentralAsiaEstonia,root,0,0,0,0,0,0,0,0,0,0,0,0,0,0,0,0,0,0,0,0,0,0,0,2.82119989395142,2.62292003631592,3.2634799480438197,2.80151009559631,0,2.5151998996734597,2.48597002029419,2.34024000167847,2.25426006317139,2.00115990638733,2.2611300945282005,2.02393007278442,1.5618599653243999,2.13472008705139,0,0.8897299766540531,0.649779975414276,0.588029980659485,0.6543099880218511,0.541419982910156,0.5314400196075441,0.5465300083160399,0.513859987258911,0,0
root/Europe&CentralAsiaFinland,root,0,0,0,0,0,0,0,0,0,0,0,0,0,0,0,0,0,0.371140003204346,0.386660009622574,0.37683999538421603,0.379629999399185,0.365859985351563,0.3801900148391721,0.35563999414444,0.377849996089935,0.372060000896454,0.38271000981330894,0.40033000707626293,0.37105000019073503,0.433450013399124,0.46307000517845204,0.505159974098206,0.46711000800132796,0.45144000649452204,0.43667000532150296,0.45339998602867104,0.430500000715256,0.43656000494957,0.407940000295639,0.407009989023209,0.412609994411469,0.38945001363754295,0.376969993114471,0.354730010032654,0.326449990272522,0.294809997081757,0.25705000758171104,0
root/Europe&CentralAsiaFrance,root,0,13.181799888610803,12.2193002700806,0,0,9.42014026641846,9.224260330200199,9.2227201461792,8.88446044921875,9.21566963195801,9.19254016876221,0,0,0,0,0,7.816110134124759,7.334060192108151,7.18311977386475,6.429259777069089,5.20237016677856,4.97854995727539,4.11135005950928,0,0,0,0,0,0,4.17712020874023,4.16499996185303,0,0,0,0,0,0,0,0,0,0,0,0,0,0,0,0,0
root/Europe&CentralAsiaGeorgia,root,0,0,0,0,0,0,0,0,0,0,0,0,0,0,0,0,0,0,0,0,0,0,0,0,0,0.274060010910034,0.38786000013351396,0.44694000482559204,0,0.34810999035835305,0.267129987478256,0.281470000743866,0.31446999311447105,0.184290006756783,0.26295000314712497,0.281179994344711,0.27709999680519104,0.3773500025272371,0.296849995851517,0.0926600024104118,0.0982199981808662,0,0.21897999942302696,0.210899993777275,0.21062999963760398,0.258199989795685,0.28273001313209495,0
root/Europe&CentralAsiaGermany,root,0,0,0,0,0,0,0,0,0,0,0,0,0,0,0,0,0,0,0,0,0,0,0,1.83287000656128,1.8486100435257,1.7664400339126598,1.73032999038696,1.72595000267029,0,1.7299699783325202,1.73669004440308,1.77301001548767,1.74293005466461,1.61583995819092,1.4514800310134899,1.3690299987793002,1.14111995697021,1.1562900543212902,1.2695599794387802,0.552079975605011,0.5070899724960329,0.49564000964164706,0.4683099985122679,0.4378199875354771,0.40797001123428295,0.41504999995231606,0,0
root/Europe&CentralAsiaGreece,root,0,5.2147498130798295,5.203070163726809,4.56643009185791,3.98125004768372,3.45337009429932,2.87049007415771,2.32207989692688,1.85792005062103,1.44666004180908,1.30910003185272,1.0753500461578398,0.136289998888969,0.19794000685215,0.199110001325607,0.16737000644207,0.163560003042221,0.148330003023148,0.0456000007688999,0.016049999743700003,0,0,0.10576999932527499,0,0,0,0,0,0,0,0,0,0,0,0,0.58500999212265,0.606670022010803,0.6700199842453001,0,0,0.7049099802970891,0.7875699996948241,0.7527700066566471,0.751219987869263,0.7122899889945981,0.7100499868392941,0,0
root/Europe&CentralAsiaHungary,root,0,4.554279804229741,5.50673007965088,4.54766988754272,3.42413997650146,3.2754900455474902,3.12869000434875,2.61539006233215,2.44160008430481,2.35332989692688,2.62133002281189,2.48722004890442,2.65167999267578,2.78166007995605,2.9482998847961404,3.20490002632141,3.39775991439819,3.45649003982544,3.56318998336792,3.33477997779846,3.22960996627808,3.2430899143219,2.97646999359131,2.70792007446289,0,0,0,2.17807006835938,2.23849010467529,2.15994000434875,2.10561990737915,2.5369200706481903,2.52204990386963,2.4471299648284903,2.18131995201111,2.1202600002288796,1.88935005664825,1.92636001110077,1.7258299589157098,1.98968005180359,1.81561005115509,1.7819999456405602,1.88340997695923,1.8188899755477899,1.73084998130798,1.6815700531005902,1.6915099620819098,0
root/Europe&CentralAsiaIreland,root,0,0,0,0,0,0,0,0,0,0,0,0,0,0,0,0,0,0,0,0,0,0,1.96686995029449,1.9043999910354599,1.8750100135803203,1.7441699504852302,0,0,1.9673899412155198,1.8437700271606399,1.6695699691772499,1.5702699422836297,1.22839999198914,1.0748000144958498,0.971769988536835,0.813109993934631,0.746770024299622,0.699609994888306,0.693949997425079,0.6437000036239621,0.6577799916267401,0.6250699758529661,0,0.509819984436035,0.410180002450943,0.42462998628616294,0.32997000217437705,0
root/Europe&CentralAsiaItaly,root,0,7.20693016052246,5.87855005264282,5.289549827575679,4.46170997619629,3.84752988815308,2.9766299724578897,2.50665998458862,2.2035300731658904,1.3115600347518899,1.3181699514389,1.22174000740051,1.3472800254821797,1.247230052948,1.18779003620148,1.0425599813461301,1.0204900503158598,0.970579981803894,0.9499999880790709,0.93902999162674,0.9200000166893009,0,0.687889993190765,0,0.602140009403229,0.544889986515045,0.43439000844955394,0.43911999464034995,0,0.384959995746613,0.43634000420570396,0.325549989938736,0.287470012903214,0.28940001130104104,0.297749996185303,0.231380000710487,0.21468000113964103,0.243180006742477,0.26956999301910395,0.30809998512268105,0.31093001365661604,0.324169993400574,0.294319987297058,0.26003000140190097,0.359129995107651,0.359409987926483,0,0
root/Europe&CentralAsiaKazakhstan,root,0,0,0,0,0,0,0,0,0,0,0,0,0,0,0,0,0,0,0,0,0,0,0,0,0.9360499978065491,0.380519986152649,0,0.5962600111961359,0.5715799927711489,0.344300001859665,0.264750003814697,0.229149997234344,0.167659997940063,0.13910999894142198,0.11800999939441699,0.10966999828815499,0.09672000259161,0.0840900018811226,0.0746800005435944,0.0736100003123283,0.0579399988055229,0.0562100000679493,0.0528500005602837,0.0460800006985664,0.0428600013256073,0.0362900011241436,0.0442800000309944,0.0350899994373322
root/Europe&CentralAsiaKyrgyzRepublic,root,0,0,0,0,0,0,0,0,0,0,0,0,0,0,0,0,0,0,0,0,0,0,0,0,0,0.606069982051849,0.43235000967979403,0,0,0.32973000407218894,0.26675000786781305,0.237210005521774,0.16234000027179699,0.139740005135536,0.0936100035905838,0.0898300036787987,0.11275000125169801,0.0848700031638145,0.0975399985909462,0.0784699991345406,0.06424000114202501,0.0670100003480911,0.0552700012922287,0.0384199991822243,0.0306000001728535,0.0410000011324883,0.0291600003838539,0
root/Europe&CentralAsiaLatvia,root,0,0,0,0,0,0,0,0,0,0,0,0,0,0,0,0,0,0,0,0,0,0,0,0,0,3.20989990234375,2.89941000938416,2.4916000366210898,0,2.05010008811951,1.9678499698638898,1.97398996353149,1.9364000558853103,1.89920997619629,2.7084000110626203,3.04851007461548,2.84786009788513,3.18266010284424,3.3057599067688,2.53509998321533,2.12770009040833,2.3199100494384797,1.57305002212524,1.01371002197266,0.757539987564087,0.730669975280762,0,0
root/Europe&CentralAsiaLiechtenstein,root,0,0,0,0,0,0,0,0,0,0,0,0,0,0,0,0,0,0,0,0,0,0,0,0,0,0,0,0,0,0,0,0,0,0,0,0,0,0,0,0,0,0,0,0,3.5769801139831503,3.1991701126098597,3.6298599243164102,0
root/Europe&CentralAsiaLithuania,root,0,0,0,0,0,0,0,0,0,0,0,0,0,0,0,0,0,0,0,0,0,0,0,0,2.48774003982544,1.9723000526428203,1.3515900373458898,1.3424799442291298,0,0.908670008182526,0.766789972782135,0.663829982280731,0.645179986953735,0.6183900237083441,0.6256800293922421,0.699540019035339,0.621580004692078,0.6480600237846371,0.6697700023651121,0.6085100173950201,0.534060001373291,0.511330008506775,0.523389995098114,0.489120006561279,0.535830020904541,0.42300000786781294,0.43015000224113503,0
root/Europe&CentralAsiaLuxembourg,root,0,0,0,0,0,6.181719779968259,6.146790027618411,5.86939001083374,5.63499021530151,6.13595008850098,0,0,0,5.98332023620605,0,0,0,0,0,0,0,0,0,0,0,0,0,0,0,4.96317005157471,0,4.53316020965576,0,0,4.30599021911621,4.39799022674561,4.20252990722656,3.9951798915862997,3.81700992584229,0,0,0,0,3.2283699512481703,3.60096001625061,3.97271990776062,0,0
root/Europe&CentralAsiaMacedoniaFYR,root,0,0,0,0,0,0,0,0,0,0,0,0,0,0,0,0,0,0,0,0,0,0,0,1.33025002479553,1.13949000835419,1.0051800012588499,0.9487599730491642,0.0999699980020523,0.0509499981999397,0.0470600016415119,0.0529199987649918,0.0768200010061264,0.10817000269889802,0.18347999453544603,0.16495999693870497,0.17702999711036702,0.11614000052213698,0.101080000400543,0.0217199996113777,0.20360000431537603,0.163420006632805,0,0,0,0,0,0,0
root/Europe&CentralAsiaMoldova,root,0,0,0,0,0,0,0,0,0,0,0,0,0,0,0,0,0,0,0,0,0,0,0,0,0,1.3995100259780902,0,0,0,0.916310012340546,1.03808999061584,1.16750001907349,0.8904399871826171,0.41824999451637296,0.387609988451004,0.25793001055717496,0.175410002470016,0.145769998431206,0.0764499977231026,0.0825499966740608,0,0,0,0,0,0,0,0
root/Europe&CentralAsiaMonaco,root,0,0,0,0,0,0,0,0,0,0,0,0,0,0,0,0,0,0,0,0,0,5.97856998443604,5.96252012252808,0,0,0,0,0,0,0,0,0,0,0,0,0,0,0,0,0,0,0,0,1.02681005001068,2.7397298812866198,0,0.39980000257492104,0
root/Europe&CentralAsiaMontenegro,root,0,0,0,0,0,0,0,0,0,0,0,0,0,0,0,0,0,0,0,0,0,0,0,0,0,0,0,0,0,0,0,0,0,0,0,0,0,0,0,0,0,0.069410003721714,0.0834200009703636,0,0,0.31395998597145097,0.652249991893768,0
root/Europe&CentralAsiaNetherlands,root,0,3.1312100887298597,2.65616011619568,2.76598000526428,2.7819800376892103,2.6248199939727797,2.4543399810791002,2.75273990631104,2.7650299072265603,2.7485799789428698,2.58112001419067,2.53415989875793,2.42583990097046,2.30317997932434,2.16895008087158,2.1786699295043896,0,0,0,0,0,0,0,0,0,0,0,0,0,0,0,0,0,0,0,0,0,0,0,0,0,0,0,0,0,0,0,0
root/Europe&CentralAsiaPoland,root,0,5.6556501388549805,5.89341020584106,5.81083011627197,4.01357984542847,2.4633300304412797,2.6202199459075897,2.75377011299133,2.8057899475097696,2.5676300525665297,2.2948100566864,2.3183600902557404,3.3274099826812704,4.05757999420166,3.82727003097534,3.28216004371643,3.11741995811462,2.93979001045227,2.82354998588562,2.5174400806427,2.44606995582581,2.14382004737854,1.65907001495361,1.2542699575424199,1.3644299507141102,1.3742100000381499,1.4238699674606299,1.3068300485611,1.1987600326538101,1.1616400480270401,0.8425800204277042,0.636399984359741,0.587939977645874,0.596159994602203,0.60206001996994,0.6884499788284301,0.669520020484924,0.70592999458313,1.1797699928283703,0.979089975357056,0.783150017261505,0.8666999936103821,0.793760001659393,0.8702999949455258,0.8352000117301941,0.765100002288818,0.816120028495789,0
root/Europe&CentralAsiaPortugal,root,0,0,23.375169754028303,22.796550750732397,22.4001197814941,20.3605804443359,11.344820022583,13.103380203247099,16.6367702484131,0,0,0,0,0,0,17.4654693603516,0,0,0,0,14.1812496185303,14.3076000213623,0,0,0,0,0,0,0,0,0,0,0,0,0,0,0,0,0,0,0,0,0,0,0,0,0,0
root/Europe&CentralAsiaRomania,root,0,0,0,0,0,0,0,0,0,0,0,0,0,0,0,0,0,0,0,0,1.7637000083923302,0,0,4.237080097198491,0,2.76434993743896,2.7513899803161603,2.7986700534820597,0,3.36822009086609,3.38090991973877,3.1604199409484903,3.1279399394989,2.76430988311768,2.44805002212524,2.2584900856018097,2.18858003616333,1.27442002296448,1.70554995536804,1.6807199716568,1.8024599552154499,1.6426899433136002,1.50004005432129,0,0,0.8533200025558471,1.1499999761581399,0
root/Europe&CentralAsiaRussianFederation,root,0,0,0,0,0,0,0,0,0,0,0,0,0,0,0,0,0,0,0,0,0,0,0,0,1.9772599935531598,1.87284994125366,0,0,0,1.3732500076293899,1.20392000675201,1.10204994678497,0.893649995326996,0.7501500248909,0,0,0.5686600208282471,0.49248999357223494,0.425799995660782,0.38870999217033403,0,0.366560012102127,0.36158999800682107,0.367269992828369,0.38222000002861,0.304720014333725,0,0
root/Europe&CentralAsiaSanMarino,root,0,4.392920017242431,1.8742400407791102,1.48544001579285,0,0,0,0,0,0,0,0,0,1.13864994049072,0.412090003490448,0.208330005407333,0.28349000215530396,0.220100000500679,0.6987599730491639,0.631910026073456,0.32600000500679,0.24751999974250802,0.166669994592667,0.33612999320030196,0.42882001399993896,0,0.0881799980998039,0.0854699984192848,0,0,0,0,0,0,0,0,0,0,0,0,0,0,0,0,0,0,0,0
root/Europe&CentralAsiaSerbia,root,0,0,0,0,0,0,0,0,0,0,0,0,0,0,0,0,0,0,0,0,0,0,0,0,0,0,0,0,0,0,0,0,0,0,0,0,0,0.6161500215530401,0.621840000152588,0.650150001049042,0.521260023117065,0.3900400102138521,0.390109986066818,0.42713999748229997,0.44846001267433205,0.6478999853134161,0.787299990653992,0
root/Europe&CentralAsiaSlovakRepublic,root,0,0,0,0,0,0,0,0,0,0,0,0,0,0,0,0,0,0,0,0,0,0,2.3993399143219,2.1559898853301998,2.08770990371704,2.13779997825623,2.14104008674622,2.12970995903015,2.3199999332428,2.3145899772644,2.4221200942993195,2.4008200168609597,2.51941990852356,2.4629299640655495,2.6017398834228502,2.64168000221252,2.75599002838135,2.71497988700867,2.95903992652893,3.22306990623474,3.1503500938415496,2.8382599353790297,2.8840301036834703,2.7737998962402304,2.94761991500854,3.12855005264282,0,0
root/Europe&CentralAsiaSlovenia,root,0,0,0,0,0,0,0,0,0,0,0,0,0,0,0,0,0,0,0,0,0,0,0,1.01970994472504,0.983160018920898,1.15576004981995,0.9735599756240841,1.12880003452301,0.8798499703407291,1.0367499589920002,0.9545199871063229,0.7848299741745,0.755630016326904,0.579890012741089,0.508719980716705,0.46481001377105696,0.46421998739242604,0.42653000354766796,0.572250008583069,0.606890022754669,0.74193000793457,0.7171800136566159,0.779879987239838,0.7787299752235409,0.783320009708405,0.7395300269126891,0,0
root/Europe&CentralAsiaSpain,root,0,0,0,0,0,0,0,0,0,0,0,6.411310195922849,6.8960599899292,6.10843992233276,5.11534023284912,4.82144021987915,4.90405988693237,6.16155004501343,3.0383601188659703,3.3490400314331095,3.8014800548553502,0,0,4.12977981567383,2.7012801170349103,0,0,0,0,0,0,0,0,0,2.25167989730835,0,2.8070499897003196,2.4872100353241,2.65915989875793,2.69929003715515,2.64252996444702,2.52817988395691,2.40508008003235,2.44995999336243,2.31603002548218,2.19368004798889,2.9959099292755096,0
root/Europe&CentralAsiaSwitzerland,root,0,0,0,0,0,0,0,2.4569098949432404,2.29367995262146,2.2315199375152597,1.9900499582290603,1.95124995708466,2.22662997245789,2.18038010597229,2.2018799781799303,2.06680989265442,2.00869989395142,2.0008299350738503,1.97388005256653,1.85409998893738,1.80074000358582,1.6699099540710403,1.7516299486160298,1.61415994167328,1.62597000598907,0,1.5601600408554097,0,0,1.7601599693298302,1.6406899690628098,1.68053996562958,1.70555996894836,1.641970038414,0,1.6298400163650502,1.4329199790954599,1.45535004138947,1.4792799949646003,1.4412300586700402,1.43226003646851,1.35300004482269,1.31280994415283,1.2327699661254898,1.24099004268646,1.06632995605469,1.23149001598358,0
root/Europe&CentralAsiaTajikistan,root,0,0,0,0,0,0,0,0,0,0,0,0,0,0,0,0,0,0,0,0,0,0,0,0,0,0.46603000164032,0,0.49305000901222207,0,0.542079985141754,0.343259990215302,0.453759998083115,0.37602001428604104,0.29930999875068703,0.23352999985218,0.214689999818802,0.19362999498844102,0.18418000638485,0.25178998708725003,0.295359998941422,0.291599988937378,0.0945099964737892,0.21252000331878698,0,0.0560100004076958,0.0373300015926361,0.0418899990618229,0.0752200037240982
root/Europe&CentralAsiaTurkey,root,0,0,0,0,0,0,0,0,0,0,0,0,0,0,8.82067012786865,9.157219886779789,8.34329032897949,8.04162979125977,7.5436100959777805,7.58890008926392,6.94222021102905,6.76080989837646,6.67001008987427,5.72416019439697,5.12840986251831,4.90500020980835,0,0,0,0,0,0,0,0,2.92023992538452,2.5415599346160898,2.53104996681213,2.22116994857788,2.1279399394989,1.7564599514007602,1.69514000415802,2.3558399677276602,2.2625699043273904,2.06248998641968,1.84556996822357,1.76959002017975,0,0
root/Europe&CentralAsiaUkraine,root,0,0.49478000402450606,0.46608999371528603,0.38841000199317893,0.350650012493134,0,0.259330004453659,0.273400008678436,0.276349991559982,0.265679985284805,0.252590000629425,0,0.33191001415252697,0.38567999005317705,0.465920001268387,0.542069971561432,0,0,0.623340010643005,0,0.917500019073486,0.971629977226257,0.952889978885651,1.0395200252533001,0.924570024013519,0,0,0,0.852330029010773,0.7942799925804142,0.70346999168396,0.48113000392913796,0.196820005774498,0.137920007109642,0.124109998345375,0.107830002903938,0.118720002472401,0.118819996714592,0.116499997675419,0.09262999892234801,0.0710299983620644,0.063960000872612,0.0558600015938282,0.0547499991953373,0.0566800013184547,0.0511500015854836,0.0617799982428551,0
root/Europe&CentralAsiaUzbekistan,root,0,0,0,0,0,0,0,0,0,0,0,0,0,0,0,0,0,0,0,0,0,0,0,0,0.21496999263763397,0.16913999617099804,0,0,0,0.0699699968099594,0.0589900016784668,0.0509300008416176,0.0350899994373322,0.0252299997955561,0.0205600000917912,0.0143499998375773,0.0128699997439981,0.008500000461935999,0.005890000145882371,0,0.00700000021606684,0,0,0,0,0,0,0
root/LatinAmerica&CaribbeanAntiguaandBarbuda,root,0,0,0,0,0,1.24326002597809,1.9047600030899001,0,0,0,0,0,0,0,0,0,0,0,0,0,0,0,2.8931000232696498,0,0,0,0,0,0,0,0,0,0,0,0,0,0,2.0658700466156,5.61322021484375,6.003900051116941,7.010839939117429,4.81805992126465,4.01799011230469,0,2.47739005088806,3.0763099193573,0,0
root/LatinAmerica&CaribbeanArgentina,root,11.384880065917999,10.3794202804565,0,0,9.817239761352539,8.65268993377686,8.11345958709717,0,0,0,0,0,0,0,0,0,0,0,0,0,0,0,0,0,5.57718992233276,0,5.565269947051999,5.27327013015747,5.46670007705688,5.94423007965088,6.14958000183105,6.354740142822269,6.057509899139401,6.34148979187012,6.4461197853088406,6.3896799087524405,6.53682994842529,6.10586023330688,5.737030029296879,5.13591003417969,4.65220022201538,4.17128992080688,3.7062199115753196,2.8503201007843,2.11698007583618,1.97775995731354,0,0
root/LatinAmerica&CaribbeanAruba,root,0,0,0,0,0,0,0,0,0,0,0,0,0,0,0,0,0,0,0,0,0,0,0,0,0,0,0,0,0,7.706679821014401,7.58933019638062,8.29800987243652,7.92682981491089,8.96230983734131,8.52233982086182,9.30731964111328,8.77851963043213,8.428380012512209,7.4410700798034695,6.95897006988525,7.40590000152588,0,0,8.13016033172607,7.345149993896481,0,0,0
root/LatinAmerica&CaribbeanBahamasThe,root,0,0,0,0,0,0,0,0,0,0,0,0,0,0,0,0,0,0,0,0,0,0,0,0,0,0,0,0,0,0,0,0,0,0,0,0,0,0,0,0,3.52003002166748,0,0,0,0,0,3.3273499011993395,0
root/LatinAmerica&CaribbeanBelize,root,0,0,0,0,0,0,0,0,0,0,0,0,0,0,0,0,0,0,0,0,0,0,6.76662015914917,0,0,10.3155298233032,10.0287504196167,0,0,9.651430130004881,9.52040958404541,9.83953952789307,0,9.43480014801025,10.788640022277802,11.6106395721436,10.3578796386719,9.40499019622803,8.22402954101563,8.17990016937256,7.5441598892211905,8.24277973175049,7.58884000778198,7.2033200263977095,6.86637020111084,7.29183006286621,6.81406021118164,0
root/LatinAmerica&CaribbeanBolivia,root,0,0,0,0,0,0,0,0,0,0,0,0,0,0,0,0,0,0,0,0,0,0,0,0,0,0,0,0,0,0,0,0,0,0,0,0,0,0,0,0,0,6.63743019104004,6.18397998809814,5.6845498085022,4.18002986907959,1.99687004089355,2.24885010719299,0
root/LatinAmerica&CaribbeanBrazil,root,19.2406997680664,16.1214809417725,18.0319194793701,18.1041698455811,17.5844192504883,17.172950744628903,19.2548294067383,21.317569732665998,21.5818195343018,17.615060806274396,21.693799972534197,21.7004909515381,21.7505893707275,0,20.912799835205103,19.588270187377898,0,19.8294506072998,0,0,0,0,18.146450042724602,18.3859004974365,19.120679855346697,0,0,0,0,24.0441207885742,25.0112705230713,21.4680500030518,20.6111793518066,19.9537391662598,20.1339492797852,18.665700912475604,0,0,11.823100090026902,10.8304996490479,9.447150230407711,8.74965000152588,0,0,0,0,0,0
root/LatinAmerica&CaribbeanBritishVirginIslands,root,0,0,0,0,0,0,0,0,0,0,0,0,0,0,0,9.6181697845459,0,0,0,0,0,0,0,0,6.59471988677979,0,0,0,0,0,2.74020004272461,0,3.69974994659424,4.38849020004272,4.10764980316162,6.84646987915039,6.773859977722171,4.46781015396118,0,6.32991981506348,5.62323999404907,7.170169830322269,4.99368000030518,5.84922981262207,5.8590202331542995,5.5390100479126,0,0
root/LatinAmerica&CaribbeanCaymanIslands,root,0,0,0,0,0,0,0,0,0,0,0,0,0,0,0,0,0,0,0,0,0,0,0,0,0,0,0,0,0,0.15475000441074402,0.203779995441437,0.225419998168945,0.0558799989521503,0,0,0.216049998998642,0,0,0,0,0,0,0,0.126579999923706,0,0,0,0
root/LatinAmerica&CaribbeanChile,root,11.6247396469116,8.90058994293213,9.10651969909668,12.450940132141099,12.9582195281982,13.391099929809599,13.3261203765869,13.7641496658325,0,0,0,0,0,8.03355026245117,0,0,0,0,0,0,0,0,0,0,0,0,0,4.1531701087951705,0,0,0,0,0,0,0,0,0,0,0,0,0,4.91250991821289,4.68701982498169,4.4206600189209,4.05331993103027,3.6119201183319105,3.3456699848175,0
root/LatinAmerica&CaribbeanColombia,root,16.611909866333,16.1369800567627,16.0259304046631,15.3732995986938,15.3576498031616,0,0,0,0,0,0,0,13.1796703338623,12.7052698135376,12.334719657897901,16.9532508850098,16.9532508850098,12.334719657897901,12.334719657897901,12.334719657897901,11.4376802444458,11.3858804702759,12.3300104141235,7.30797004699707,9.22078990936279,9.30745983123779,7.23094987869263,0,4.63325977325439,5.20320987701416,5.35442018508911,6.61950016021729,6.621709823608401,0,4.29728984832764,4.10632991790771,3.84050011634827,3.71154999732971,3.4725799560546897,1.97816002368927,1.9438999891281101,2.53769993782043,2.46457004547119,1.47776997089386,1.5712399482727097,2.32053995132446,1.98599994182587,0
root/LatinAmerica&CaribbeanCostaRica,root,10.338089942932099,11.046409606933599,5.85727977752686,2.0336899757385303,2.65696001052856,6.474899768829349,7.53804016113281,7.31282997131348,7.67460012435913,7.6658501625061,7.87525987625122,7.411019802093509,7.19566011428833,11.5826101303101,10.9611101150513,10.569700241088901,9.73490047454834,10.2709102630615,10.6823101043701,11.008000373840302,11.2910003662109,10.528200149536099,9.55442047119141,8.10585975646973,8.72451019287109,9.34922027587891,11.4033298492432,0,0,8.90198993682861,8.05943965911865,8.21181011199951,7.46971988677979,0,6.92674016952515,7.18924999237061,7.299349784851071,7.6221599578857395,7.03811979293823,5.07819986343384,5.6775798797607395,5.49490022659302,5.33049011230469,5.02243995666504,4.18224000930786,3.1130599975585898,3.2592000961303698,0
root/LatinAmerica&CaribbeanCuba,root,0,21.6072998046875,28.4563293457031,22.2125091552734,15.938500404357901,11.2373399734497,8.124560356140138,2.75865006446838,2.1006600856781,2.14604997634888,4.52866983413696,5.70275020599365,6.753399848937991,5.53982019424438,4.892250061035161,4.08965015411377,3.2094900608062704,4.26246023178101,7.79943990707397,5.16113996505737,3.60567998886108,2.6343400478362997,2.6653499603271498,3.0509400367736803,2.9554901123046897,2.7667999267578103,3.08485007286072,0,1.8165099620819098,1.5933400392532302,1.40688002109528,1.36618995666504,1.20921003818512,0.8315899968147281,0.660929977893829,0.517289996147156,0.487390011548996,0.511250019073486,0.536809980869293,0.42960000038146995,0.42943999171257,0.6020799875259399,0.6029700040817261,0.5938900113105771,0.6730499863624569,0.637589991092682,0,0
root/LatinAmerica&CaribbeanDominica,root,0,0,0,0,0,0,0,0,0,0,0,0,0,0,0,0,0,0,5.2539701461792,0,0,0,0,0,0,0,0,0,0,3.64496994018555,2.9556701183319105,2.23096990585327,4.49744987487793,3.8145298957824703,4.34562015533447,3.48480010032654,3.8375198841095,4.53545999526978,3.8714299201965297,5.67366981506348,4.4605598449707005,6.88129997253418,4.21168994903564,4.037700176239009,3.26185989379883,2.84008002281189,2.86768007278442,0
root/LatinAmerica&CaribbeanDominicanRepublic,root,0,22.2987003326416,0,0,0,0,0,0,0,0,0,18.0100002288818,0,0,0,0,0,0,0,0,0,0,0,0,14.2769002914429,0,0,0,0,4.11695003509521,5.110260009765629,0,5.872509956359861,0,7.25665998458862,8.1371898651123,7.83231019973755,5.56584978103638,0,6.82963991165161,7.27491998672485,7.8685798645019505,8.01439952850342,7.442639827728269,6.98390007019043,4.776959896087651,3.61023998260498,0
root/LatinAmerica&CaribbeanEcuador,root,0,12.3853702545166,13.9161796569824,11.7707004547119,13.0486001968384,10.8371000289917,11.396909713745101,11.2128295898438,12.632749557495101,13.161789894103999,10.9686899185181,9.65509033203125,9.65612030029297,8.908820152282711,8.62747001647949,8.46265029907227,0,6.73101997375488,6.1690201759338406,0,0,0,0,0,4.76089000701904,4.45264005661011,4.00903987884521,3.4519100189208998,0,2.70817995071411,2.3726799488067596,2.2228000164032005,2.04878997802734,2.0251400470733603,2.02517008781433,1.6447000503540001,1.5065100193023702,1.40469002723694,0,0,2.7690401077270494,2.17085003852844,2.22252011299133,1.7432500123977699,2.07134008407593,1.16726994514465,0.82548999786377,0.704219996929169
root/LatinAmerica&CaribbeanElSalvador,root,0,17.436500549316403,9.38551044464111,7.609829902648929,8.30354976654053,8.56552028656006,8.74699020385742,8.73880958557129,0,0,0,10.3680000305176,9.353799819946289,9.12477016448975,9.83563995361328,0,0,8.87716007232666,8.25712013244629,9.376569747924801,0,9.619669914245609,8.07466983795166,9.13858032226563,0,7.36926984786987,5.10880994796753,0,7.5229802131652805,0,6.6548900604248,6.469970226287839,6.96695995330811,6.7194299697876,0,6.41415977478027,7.541009902954099,6.648119926452639,6.10417985916138,5.20060014724731,5.73422002792358,5.7648601531982395,6.36178016662598,6.787409782409671,6.05581998825073,5.633609771728519,4.6318302154541,0
root/LatinAmerica&CaribbeanGrenada,root,0,0,0,0,0,0,6.07690000534058,7.0388498306274405,11.3416299819946,10.8140602111816,0,0,0,5.52981996536255,6.67824983596802,8.42117977142334,0,0,0,0,0,0,0,0,0,0,0,0,0,2.65774011611938,0,0,3.28575992584229,2.68105006217957,3.3630399703979506,3.7283699512481703,0,2.38112998008728,2.87609004974365,2.90426993370056,3.4543299674987797,0,0,0,0,0,0,0
root/LatinAmerica&CaribbeanGuatemala,root,15.8019399642944,16.2292308807373,15.650520324707001,0,0,14.8330602645874,14.1233797073364,15.2166595458984,15.1502504348755,14.6666202545166,14.971050262451199,15.842060089111301,18.3358192443848,15.4315004348755,15.308690071106,13.093099594116199,4.32656002044678,0,0,0,0,0,0,16.2089500427246,0,0,15.2891397476196,0,0,14.859459877014197,14.4805002212524,14.197489738464402,14.111330032348599,0,13.2859296798706,12.505220413208,12.0917701721191,12.2208995819092,12.449700355529801,10.800350189209,11.932880401611301,10.956809997558599,12.2398900985718,10.5174102783203,9.30860996246338,9.75609016418457,0,0
root/LatinAmerica&CaribbeanGuyana,root,0,9.227179527282711,10.7238798141479,9.77884006500244,10.1262702941895,0,8.35381031036377,7.28307008743286,7.7629098892211905,6.4990701675415,8.058300018310549,3.38143992424011,3.6237599849700897,3.2887001037597696,3.5095100402832,0,0,6.08627986907959,0,0,0,0,5.92612981796265,4.56824016571045,0,4.08973979949951,4.10366010665894,4.0598001480102495,0,3.07442998886108,2.33405995368958,1.6195100545883199,0,1.45089995861053,0,0.9224399924278259,1.24702000617981,1.4362499713897698,0.7333199977874759,0.8644199967384342,0.54009997844696,0,0,0,0,0,0,0
root/LatinAmerica&CaribbeanHaiti,root,0,0,0,0,0,0,0,0,0,23.6922798156738,20.9169692993164,0,15.5030698776245,13.1567897796631,0,12.7382202148438,9.45592975616455,0,0,0,0,0,0,0,0,0,0,16.9051609039307,0,0,0,0,0,0,0,0,0,0,0,0,0,0,0,0,0,0,0,0
root/LatinAmerica&CaribbeanHonduras,root,0,0,0,0,0,0,0,0,0,0,16.1713008880615,0,16.0272808074951,0,15.460940361022901,0,0,0,0,0,0,12.080519676208501,11.372779846191401,11.729060173034698,12.0187702178955,10.9549503326416,10.283699989318801,9.74754047393799,8.99433994293213,0,0,0,0,8.526829719543459,8.48206996917725,9.07380962371826,7.38031005859375,7.06587982177734,5.2959098815917995,3.23887991905212,0.7825700044631959,4.605589866638179,4.753940105438231,4.151939868927,1.63750994205475,0.783840000629425,1.1974400281906101,0
root/LatinAmerica&CaribbeanJamaica,root,0,0,0,0,0,0,3.61169004440308,4.38800001144409,0,4.14043998718262,3.7942299842834504,3.88998007774353,0,0,4.77975988388062,4.55989980697632,3.4699900150299103,3.90140008926392,3.3299698829650897,3.2096700668335,3.60093998908997,4.0265097618103,0,3.47188997268677,0,0,0,0,0,0,5.06903982162476,4.96749019622803,3.46643996238709,0,2.79426002502441,2.7943298816680895,0,3.00366997718811,3.04890990257263,3.5604701042175297,2.98656010627747,3.0347499847412096,3.0346100330352797,3.21009993553162,3.4094500541687,3.26416993141174,3.11419010162354,0
root/LatinAmerica&CaribbeanMexico,root,0,0,0,0,0,11.6519298553467,11.0482501983643,9.8331298828125,9.63090991973877,9.37539958953857,10.360650062561001,9.76488018035889,9.94717979431152,10.3120803833008,10.189169883728,10.039999961853,9.89638996124268,9.92123031616211,9.542280197143551,9.33111953735352,9.64216041564941,9.39035034179688,9.06867980957031,8.69443035125732,7.23153018951416,7.0376501083374,6.79748010635376,6.9194598197937,0,6.60085010528564,6.2184100151062,5.49856996536255,5.6787600517272905,5.12393999099731,4.82962989807129,4.64038991928101,4.22502994537354,3.82300996780396,3.60280990600586,3.61515998840332,3.42792010307312,3.12954998016357,2.8923699855804403,2.05252003669739,0.818069994449615,0.782280027866364,0.86599999666214,0
root/LatinAmerica&CaribbeanNicaragua,root,12.7672300338745,11.112469673156701,13.2117500305176,11.085749626159698,13.700819969177198,0,0,13.340519905090302,14.112380027771001,12.279990196228,16.927490234375,0,15.3234195709229,17.725509643554698,8.68959999084473,15.4005603790283,13.7009496688843,14.5765600204468,15.403440475463901,16.7236404418945,16.5673904418945,16.395339965820302,16.6184997558594,16.9921493530273,15.0189599990845,14.820159912109402,0,0,0,4.7028098106384295,5.1191701889038095,6.73205995559692,8.92926025390625,10.542519569397,10.542519569397,9.85144996643066,9.52136993408203,8.95563983917236,11.0471696853638,0,7.940179824829099,0,0,0,0,0,0,0
root/LatinAmerica&CaribbeanPanama,root,15.403450012207001,14.412050247192399,13.5229396820068,12.894989967346199,13.636360168457001,12.6067304611206,10.987979888916,11.2300500869751,11.404990196228,12.570320129394501,12.723019599914599,12.4248695373535,12.3005895614624,11.7279596328735,12.355019569397,13.1489000320435,11.5012102127075,11.3920202255249,11.0236902236938,9.97982025146484,0,0,0,0,0,0,0,0,0,6.364910125732419,5.99537992477417,5.61078977584839,5.40337991714478,0,5.491620063781741,5.64102983474731,5.62244987487793,5.49380016326904,5.2917599678039595,5.17354011535645,5.537970066070559,5.74120998382568,5.08991003036499,4.60579013824463,2.5694000720977797,0,0,0
root/LatinAmerica&CaribbeanParaguay,root,17.667779922485398,17.4951992034912,17.5323905944824,17.1953105926514,16.7842502593994,15.340660095214801,14.673450469970698,14.1187295913696,14.1461095809937,0,13.5996799468994,13.1588802337646,12.8278198242188,10.2305698394775,11.1753196716309,10.5989198684692,9.58397006988525,9.34224987030029,8.93270015716553,9.10459995269775,8.55467987060547,8.895219802856449,8.97354030609131,8.26014995574951,8.11351013183594,7.91793012619019,9.09031963348389,0,8.55764007568359,7.78564977645874,7.65119981765747,7.98646020889282,7.578579902648929,7.29608011245728,6.701129913330081,5.1176900863647505,4.84456014633179,4.0618400573730495,4.45488977432251,4.97354984283447,4.78784990310669,4.59681987762451,4.55522012710571,0,0,0,0,0
root/LatinAmerica&CaribbeanPeru,root,17.0270595550537,0,0,18.4126892089844,15.2058000564575,10.1984596252441,8.79255962371826,9.37769031524658,15.1906099319458,15.830650329589801,18.815139770507802,18.537109375,0,0,0,14.1252098083496,0,0,0,0,0,0,0,14.238320350647,0,15.2353200912476,0,0,9.77136993408203,10.211669921875,10.650170326232901,10.651470184326199,9.919230461120609,7.6090202331542995,7.6090202331542995,8.93830966949463,8.68817043304443,7.81140995025635,7.04897022247314,6.74171018600464,6.19058990478516,5.46792984008789,4.79617023468018,4.79468011856079,4.19974994659424,3.1601300239563,2.92762994766235,0
root/LatinAmerica&CaribbeanPuertoRico,root,0,0,0,0,0,0,0,0,0,0,0,0,0,0,0,0,0,0,0,0,0,0,0,0,0,0,0,0,0,0,0,0,0,0,0,0,0,0,0,0,0,0,0,0,0,2.61768007278442,0,0
root/LatinAmerica&CaribbeanSintMaartenDutchpart,root,0,0,0,0,0,0,0,0,0,0,0,0,0,0,0,0,0,0,0,0,0,0,0,0,0,0,0,0,0,0,0,0,0,0,0,0,0,0,0,0,0,0,10.376569747924801,0,6.58144998550415,0,0,0
root/LatinAmerica&CaribbeanStKittsandNevis,root,0,0,0,0,0,0,0,0,0,0,0,0,0,0,0,0,0,0,0,0,0,0,0,0,0,0,0,0,0,0,0,0,0,0,0,0,0,1.8308500051498402,1.54463994503021,2.55763006210327,1.6946400403976398,2.31937003135681,1.03234994411469,1.25246000289917,1.53623998165131,1.9758499860763503,1.5773999691009502,0
root/LatinAmerica&CaribbeanStLucia,root,0,0,0,0,0,0,0,0,0,0,0,0,0,3.2143399715423597,6.86766004562378,0,0,0,0,0,0,0,0,0,0,0,0,0,0,0,0,0,2.4044198989868195,2.714359998703,2.34666991233826,2.74890995025635,2.18332004547119,2.6829500198364302,2.39755010604858,2.4372100830078103,2.5714700222015403,2.34995007514954,2.33326005935669,2.6932599544525098,2.18095993995667,0,2.71206998825073,0
root/LatinAmerica&CaribbeanStVincentandtheGrenadines,root,0,0,0,0,0,0,0,0,0,0,0,0,0,0,0,0,0,0,0,0,0,0,0,0,0,0,0,0,0,9.103739738464359,0,0,10.4026498794556,9.95759010314941,6.35265016555786,4.059810161590581,0,0,4.558330059051509,0,4.65535020828247,4.78185987472534,4.90188980102539,4.44559001922607,2.6215798854827903,3.9814400672912598,2.29152011871338,0
root/LatinAmerica&CaribbeanSuriname,root,0,0,0,0,0,0,23.895170211792003,22.592519760131804,25.3677406311035,25.7912101745605,0,22.333570480346697,21.2217407226563,21.724479675293,22.640100479126,21.6922798156738,0,23.0629196166992,23.3929100036621,22.894309997558604,0,0,0,0,0,0,0,0,0,0,0,0,0,0,0,20.2572994232178,13.9834499359131,15.733619689941401,17.2102203369141,17.083599090576197,17.5965404510498,16.5696697235107,16.8033599853516,16.160650253295902,15.8161201477051,16.586009979248,17.1424903869629,0
root/LatinAmerica&CaribbeanTrinidadandTobago,root,0,0,0,0,0,0,0,0,0,0,0,0,3.8725800514221205,0,0,4.83500003814697,0,0,3.53843998908997,0,0,3.40322995185852,3.22106003761292,3.58371996879578,0,0,5.9263401031494105,5.605700016021731,0,4.65377998352051,7.91955995559692,6.29416990280151,0,4.96964979171753,5.19833993911743,5.23041009902954,0,3.7176899909973105,6.59306001663208,5.79387998580933,6.32508993148804,0,0,0,0,0,0,0
root/LatinAmerica&CaribbeanTurksandCaicosIslands,root,0,0,0,0,0,0,0,0,0,0,0,0,0,0,0,0,0,0,0,0,0,0,0,0,0,0,0,8.709469795227049,0,0,8.37462997436523,8.68566036224365,6.83200979232788,0,5.479450225830081,2.92793011665344,0,0,0,1.83327996730804,0,0,0,0,1.54892003536224,4.656579971313481,0,0
root/LatinAmerica&CaribbeanUruguay,root,14.395250320434599,13.606610298156701,13.629119873046902,13.3775196075439,14.0055599212646,0,13.786069869995101,12.9442195892334,12.879579544067399,13.0111703872681,12.4230604171753,0,0,0,0,11.3457202911377,10.2608499526978,9.76686954498291,9.02853965759277,8.57098007202148,9.16182041168213,10.325739860534698,10.2257299423218,9.83578014373779,9.89229965209961,9.708169937133789,9.47671985626221,8.20882034301758,8.40248012542725,7.93127012252808,8.89855003356934,9.00664043426514,8.35558032989502,8.338560104370119,7.4597601890564,7.48846006393433,7.01090002059937,6.9575099945068395,6.75726985931396,5.411089897155759,5.52729988098145,0,0,4.84566020965576,4.62805986404419,4.4522600173950195,0,0
root/LatinAmerica&CaribbeanVenezuelaRB,root,0,2.1501100063323997,2.6641800403595,2.5421199798583998,2.65201997756958,2.8836901187896697,2.7219099998474103,2.53635001182556,7.5789899826049805,8.58164024353027,9.27567005157471,9.84035968780518,9.94449996948242,9.98521041870117,9.884039878845211,9.70359992980957,9.41689968109131,9.23493957519531,9.46609020233154,9.98752975463867,10.1954097747803,10.479820251464801,10.640669822692901,10.988450050353999,0,0,10.184289932251,9.887189865112301,0,7.0141301155090305,6.683189868926999,6.683199882507321,7.65368986129761,7.50177001953125,7.34837007522583,6.77531003952026,6.115389823913571,4.91431999206543,3.3705201148986803,3.47701001167297,3.6948800086975098,3.5259099006652797,3.16562008857727,3.2296800613403303,3.00045990943909,3.0000400543212904,2.9977400302887003,0
root/MiddleEast&NorthAfricaAlgeria,root,0,0,12.503649711608901,12.573570251464801,12.4726104736328,12.478710174560499,12.5364599227905,12.1989898681641,13.056260108947802,13.017849922180199,12.7637996673584,11.679840087890598,10.151650428772,6.69596004486084,6.8728199005127,6.823279857635501,7.52580976486206,6.73397016525269,6.538400173187259,6.519859790801999,6.78744983673096,9.20553970336914,8.76029968261719,9.10626983642578,9.07264995574951,8.88582992553711,8.73392963409424,10.4881200790405,0,11.886599540710401,14.212300300598098,12.5290203094482,11.7343397140503,11.605910301208501,11.7663898468018,11.1753702163696,11.9579296112061,11.047080039978,7.7979998588562,10.8476896286011,7.47222995758057,7.44468021392822,6.84485006332397,6.85061979293823,6.9066300392150906,6.227960109710691,5.84601020812988,0
root/MiddleEast&NorthAfricaBahrain,root,0,0,0,0,0,0,0,0,0,0,0,0,11.3026895523071,12.230919837951697,11.021929740905799,7.42035007476807,8.54701042175293,8.48036956787109,8.76825046539307,8.086549758911131,0,5.100830078125,4.62410020828247,4.615520000457759,5.07707977294922,5.23302984237671,5.45873022079468,0,5.286399841308589,3.8426299095153795,4.307769775390629,4.24647998809814,3.78252005577087,0,3.16173005104065,2.79594993591309,2.67050004005432,0,0,0,0,1.15436995029449,1.01440000534058,0.9090499877929691,0.691609978675842,0.6497899889945981,0.48302000761032104,0
root/MiddleEast&NorthAfricaDjibouti,root,0,0,10.1894397735596,15.6406602859497,20.1196594238281,19.9333801269531,18.8754596710205,0,0,0,0,0,0,0,0,0,12.474220275878901,13.8634996414185,15.9305200576782,10.3409004211426,10.724069595336902,13.4327898025513,13.6777801513672,13.965800285339402,13.4676599502563,12.448610305786099,14.711649894714402,16.0613594055176,0,16.5654296875,14.1263599395752,14.431969642639197,11.3332300186157,0,0,9.2318000793457,7.45185995101929,9.0864200592041,10.5700902938843,0,0,9.634050369262699,9.08005046844482,0,9.06575012207031,8.627260208129881,8.294070243835451,10.126770019531302
root/MiddleEast&NorthAfricaEgyptArabRep,root,0,4.488009929656981,5.1880598068237305,4.95762014389038,4.78474998474121,7.07181978225708,6.69259977340698,5.1208600997924805,6.84066009521484,8.46578025817871,6.75862979888916,7.85967016220093,2.65886998176575,2.0630099773407,0,0,1.5,2.7610199451446498,0,0,0,0,0,0,0,0,0,6.48120021820068,0,5.97525978088379,5.497759819030759,5.22506999969482,5.133989810943599,4.52050018310547,3.97704005241394,2.15118002891541,0,0,0,3.34011006355286,3.4710099697112997,3.48878002166748,3.3355700969696005,3.19872999191284,0,0,3.1309599876403795,0
root/MiddleEast&NorthAfricaIranIslamicRep,root,0,9.09595966339111,0,0,0,0,0,0,0,0,0,0,0,0,11.826769828796401,10.7935800552368,10.185050010681199,11.6284399032593,10.463589668273901,10.5649404525757,10.0967397689819,9.36023044586182,9.59346961975098,7.2122898101806605,7.183589935302731,7.20810985565186,0,5.8553900718689,0,0,5.39248991012573,4.8269100189209,4.30236005783081,3.33099007606506,2.49503993988037,2.41336989402771,2.47350001335144,2.5397999286651602,2.2148499488830597,1.7039899826049798,1.64874994754791,1.54268002510071,1.4769999980926498,1.09284996986389,1.2512999773025502,1.34994995594025,0,0
root/MiddleEast&NorthAfricaIraq,root,0,20.6170902252197,20.972459793090803,19.510219573974602,19.144119262695302,17.2126502990723,15.6913299560547,14.210209846496598,11.3354902267456,0,10.190899848938,0,0,23.238050460815398,0,22.4671306610107,20.7557601928711,21.2128601074219,20.3079891204834,19.3564491271973,0,0,0,16.4721794128418,0,0,0,0,0,10.0393104553223,12.306389808654801,0,0,0,7.9726700782775906,0,0,16.8312091827393,0,0,0,0,0,0,0,0,0,0
root/MiddleEast&NorthAfricaIsrael,root,0,0,0,0,0,0,0,0,0,0,0,0,0,0,0,0,0,0,0,0,0,0,0,0,0,0,0,0,0,0,0,0,1.31810998916626,1.42139005661011,1.2833000421524,1.35442996025085,1.1175500154495202,1.13339996337891,1.23041999340057,1.1628400087356598,1.25621998310089,1.27026998996735,1.36009001731873,1.54396998882294,1.37576997280121,1.0154999494552601,1.00777995586395,0
root/MiddleEast&NorthAfricaJordan,root,0,0,6.353040218353269,6.2181301116943395,3.94050002098084,4.3126101493835405,4.11697006225586,4.76191997528076,3.92674994468689,2.71209001541138,2.98655009269714,3.23070001602173,3.9549200534820597,4.377759933471681,4.638140201568599,4.7121701240539595,0,6.19001007080078,6.53999996185303,5.59287977218628,5.08559989929199,4.60038995742798,4.8105001449585005,4.07447004318237,1.5358699560165399,0,1.12569999694824,0,0,0.712549984455109,0.6407700181007391,0,0.49981001019477794,0.46110999584198,1.0135200023651099,0.9193599820137021,1.12197005748749,1.08097004890442,0.585200011730194,0,0,0.498950004577637,0.6173800230026251,0.526799976825714,0.476330012083054,0,1.4916100502014198,0
root/MiddleEast&NorthAfricaKuwait,root,0,11.8668298721313,14.137209892272901,12.175680160522498,12.0109701156616,11.943929672241199,10.8254299163818,8.67646980285645,7.93259000778198,8.52462959289551,6.62587976455688,6.1597599983215305,5.1766500473022505,5.1327199935913095,6.02548980712891,5.64191007614136,5.2019100189209,5.20473003387451,0,0,0,0,2.80352997779846,0,4.15064001083374,3.85177993774414,3.46655988693237,3.36040997505188,0,3.26220011711121,3.33780002593994,3.19335007667542,2.7664198875427206,2.51596999168396,2.2253000736236603,1.9499499797821,0,0.915040016174316,0,0,0.6849700212478641,0.765349984169006,0.5923200249671939,0.580410003662109,0,0,0.719079971313477,0
root/MiddleEast&NorthAfricaLebanon,root,0,0,0,0,0,0,0,0,0,0,0,0,0,0,0,0,0,0,0,0,0,0,0,0,0,0,0,13.3941402435303,12.146619796752901,9.0660400390625,8.534299850463869,7.08914995193481,8.72161960601807,9.69906997680664,10.5627899169922,10.0721302032471,9.51937007904053,9.15956020355225,8.76589965820313,8.97377967834473,8.08934020996094,9.2182502746582,8.24100971221924,8.030300140380861,8.21794986724854,7.65094995498657,7.42356014251709,0
root/MiddleEast&NorthAfricaLibya,root,0,0,5.03083992004395,7.75367021560669,6.25325012207031,8.6697301864624,16.4263000488281,14.6312103271484,14.7333698272705,14.078960418701199,13.892120361328098,9.19161987304688,0,9.5846004486084,0,0,0,0,0,0,0,0,0,0,0,0,0,0,0,0,0,0,0,0,0,0,0,0,0,0,0,0,0,0,0,0,0,0
root/MiddleEast&NorthAfricaMalta,root,0,1.6491299867629998,0.9212999939918521,0.34060999751091,0.638639986515045,1.04544997215271,1.0390800237655602,0.955839991569519,4.08443021774292,3.7370400428772004,2.63807010650635,1.9629199504852302,1.74767005443573,1.5809400081634502,1.3152099847793601,1.29902994632721,2.9083900451660196,2.667799949646,2.46690988540649,1.7317399978637702,1.05359995365143,1.27646005153656,1.41189002990723,1.56391000747681,1.83510005474091,1.96000003814697,1.64147996902466,1.93079996109009,1.80936002731323,2.11089992523193,1.96432995796204,2.3978500366210898,2.2893300056457497,2.38094997406006,2.04738998413086,2.56116008758545,2.03305006027222,1.8773599863052401,1.82653999328613,1.39822995662689,0.87252002954483,0.14538000524044,0.30127000808715804,0.169100001454353,0.47775000333785994,0.27691999077796897,0.158879995346069,0
root/MiddleEast&NorthAfricaMorocco,root,0,29.787450790405302,29.850980758667003,29.303279876709,29.6534690856934,29.3818302154541,28.067899703979503,28.6958694458008,27.8615703582764,28.1602802276611,28.634479522705103,29.4531307220459,29.0025196075439,29.558580398559602,31.0444393157959,21.725749969482397,19.8158893585205,19.4257507324219,16.7546005249023,15.4726896286011,13.724479675292999,11.073920249939,12.273289680481,12.4176197052002,12.2701597213745,11.747699737548801,11.998629570007301,12.3387098312378,12.485950469970698,12.396599769592301,12.347049713134801,12.6512203216553,12.604240417480499,13.664660453796401,13.2175397872925,12.7251300811768,12.5616703033447,11.8775300979614,11.887439727783198,11.4378299713135,10.745869636535598,8.29432964324951,7.281420230865481,9.22970008850098,9.553239822387699,9.32882976531982,9.67611026763916,0
root/MiddleEast&NorthAfricaOman,root,0,0,0,0,11.861720085144,8.263270378112791,9.33327960968018,13.472780227661099,15.0782299041748,12.269630432128901,0,0,0,12.442990303039599,10.575420379638699,11.2101497650146,11.7206697463989,11.286319732666,12.575670242309599,11.4337501525879,11.2144298553467,0,9.19349956512451,0,8.51319980621338,7.87849998474121,8.30712032318115,9.21382999420166,8.78009033203125,7.97890996932983,7.30181980133057,6.00179004669189,4.26203012466431,0.5441600084304811,0,0,0,0,0,1.4485000371933001,0,0.9445800185203549,1.00443994998932,2.7836000919342,1.7996400594711297,1.94436001777649,1.8489199876785298,0
root/MiddleEast&NorthAfricaQatar,root,0,22.881860733032198,20.7698001861572,20.4358291625977,21.0703201293945,19.85910987854,19.8687305450439,19.8883895874023,14.210630416870101,13.1182699203491,13.0795202255249,10.5758399963379,7.790180206298831,0,8.45767974853516,9.16322040557861,8.38173007965088,9.76424980163574,7.45696020126343,6.36630010604858,6.26497983932495,5.623839855194089,4.75555992126465,3.86269998550415,3.33167004585266,3.27258992195129,3.02810001373291,0,2.65890002250671,2.7070500850677504,0,0,0,0,0,2.7060599327087402,1.5382000207901,0.8561800122261051,0.628499984741211,0.474920004606247,0,0.225299999117851,0,0.7796700000762941,1.90968000888824,1.5127500295639,1.8714599609375,0
root/MiddleEast&NorthAfricaSaudiArabia,root,0,0,0,0,0,0,0,0,0,13.6273603439331,0,0,0,0,0,0,0,0,0,0,0,0,0,0,0,0,0,0,0,0,0,0,0,0,0,5.05567979812622,0,3.1978600025177,3.31030988693237,0,0,1.9840600490570102,1.4362699985504197,1.3826500177383403,0.964909970760345,1.0699599981308,1.10047996044159,0
root/MiddleEast&NorthAfricaSyrianArabRepublic,root,0,10.889880180358901,9.2728796005249,9.10614013671875,9.28032970428467,9.83253002166748,10.136710166931199,9.82028961181641,8.80548000335693,8.83712005615234,8.80873012542725,8.13846015930176,8.197939872741701,8.2055196762085,7.73554992675781,7.785719871521,7.482590198516849,7.14122009277344,7.1238698959350595,7.119460105896,7.33755016326904,7.03918981552124,6.8479499816894505,7.242479801177981,7.03285980224609,7.564519882202151,7.22727012634277,7.32375001907349,6.86789989471436,6.48339986801147,7.06787014007568,7.19379997253418,6.75239992141724,8.02464008331299,7.47818994522095,7.30889987945557,6.4158000946044895,6.98646020889282,7.4574699401855495,7.69486999511719,7.59500980377197,7.497369766235349,7.43726015090942,7.3501501083374,0,0,0,0
root/MiddleEast&NorthAfricaTunisia,root,0,29.228050231933604,29.3481006622314,16.953010559082,16.7925701141357,17.0549697875977,19.3341007232666,24.2812099456787,21.6187400817871,22.131090164184602,22.3161296844482,20.6032695770264,19.5768508911133,20.324880599975604,19.8638706207275,20.9211406707764,20.362060546875,22.1787300109863,22.8436107635498,21.1406192779541,20.5702209472656,19.759469985961896,20.4633197784424,18.5436096191406,17.817979812622102,16.3173007965088,17.299749374389602,16.0662002563477,0,18.2630290985107,16.1545295715332,14.1083402633667,9.83664035797119,9.15501976013184,7.27937984466553,8.507129669189451,6.0521101951599094,7.41059017181396,8.45843029022217,6.78292989730835,5.9545202255249,0,0,7.21110010147095,6.82368993759155,0.0311200004070997,0,0
root/MiddleEast&NorthAfricaUnitedArabEmirates,root,0,0,0,0,20.045490264892603,18.548809051513697,13.546079635620101,11.741459846496598,9.190549850463869,9.245869636535641,7.97563982009888,7.48051023483276,6.64537000656128,5.91522979736328,5.61683988571167,6.3827199935913095,5.67822980880737,6.194739818573001,5.687029838562009,5.15188980102539,4.68376016616821,4.35584020614624,4.06562995910645,3.90701007843018,4.7340202331542995,4.8578200340271,4.64895009994507,4.170569896698,4.31938982009888,3.48853993415833,3.4106600284576403,3.0861999988555895,2.8147599697112997,2.63074994087219,2.24153995513916,1.86372995376587,1.96085000038147,1.87969994544983,0,2.0368099212646498,1.9994599819183303,0,0,0,0.21696999669075,0.17100000381469702,0,0
root/MiddleEast&NorthAfricaWestBankandGaza,root,0,0,0,0,0,0,0,0,0,0,0,0,0,0,0,0,0,0,0,0,0,0,0,0,0,4.55634021759033,3.88818001747131,3.44254994392395,0,2.1049599647522,2.05634999275208,1.8336900472641,1.54460000991821,1.19490003585815,0.173030003905296,0.688130021095276,0,0.549070000648499,0.464040011167526,0,0,0.5770999789237979,0.6875799894332889,0.20562000572681402,0.20408000051975303,0.20546999573707603,0.14843000471591902,0
root/MiddleEast&NorthAfricaYemenRep,root,0,0,0,0,0,0,0,0,0,0,0,0,0,0,0,0,0,0,0,0,0,0,0,0,0,0,0,0,0,10.6167402267456,0,6.96140003204346,6.93835020065308,4.33377981185913,4.3314499855041495,4.903460025787349,0,0,5.72387981414795,0,6.52228021621704,0,6.65450000762939,8.42028045654297,0,0,5.87759017944336,0
root/NorthAmericaBermuda,root,0,0,0,0,0,7.39990997314453,0,0,0,0,0,0,0,0,0,0,0,0,0,0,0,0,0,0,0,0,0,0,0,0,0,0,0,0,0,0,0,0,0,0,0,0,0,0,0,0,0,0
root/SouthAsiaAfghanistan,root,0,0,0,0,26.9088306427002,0,0,30.5440502166748,29.425889968872102,0,15.091449737548801,4.17920017242432,9.62217044830322,0,5.129980087280269,5.1240701675414995,0,0,0,0,0,0,0,8.99975967407227,0,0,0,0,0,0,0,0,0,0,0,0,0,0,0,0,0,0,0,0,0,0,0,0
root/SouthAsiaBangladesh,root,0,0,0,0,0,0,18.5494995117188,16.4247093200684,0,0,0,17.776170730590803,0,0,0,0,0,0,0,6.8262801170349094,0,0,0,0,0,0,0,0,0,0,0,0,0,0,0,10.2468795776367,10.9380302429199,0,13.154780387878402,13.2553100585938,12.460929870605499,9.36942005157471,0,6.77090978622437,0,5.32596015930176,5.41863012313843,0
root/SouthAsiaBhutan,root,0,0,0,0,0,0,10.9531497955322,21.1093997955322,3.4855799674987797,12.910630226135302,0,0,0,0,0,0,0,0,16.7690601348877,0,0,0,0,18.649709701538104,19.023450851440398,0,0,0,13.0372896194458,12.1075496673584,13.184550285339402,12.931389808654801,0,0,10.084970474243198,7.47852993011475,6.85448980331421,6.5944299697876,6.39303016662598,6.600389957427981,6.33238983154297,5.73919010162354,5.32308006286621,5.85681009292603,6.25178003311157,0,6.01423978805542,0
root/SouthAsiaIndia,root,0,20.8324298858643,0,0,17.443609237670902,0,0,0,0,0,0,0,0,0,0,0,0,3.9241099357605,4.07141017913818,0,0,0,0,0,0,3.68553996086121,0,0,0,4.01215982437134,4.16932010650635,3.68596005439758,3.64931011199951,3.5924499034881605,0,0,0,3.51361989974976,3.53781008720398,0,0,5.01757001876831,2.63480997085571,2.1408500671386697,1.3072500228881798,0.75314998626709,0.525690019130707,0
root/SouthAsiaMaldives,root,0,0,0,0,0,0,0,0,0,0,0,0,0,0,0,0,0,0,0,0,0,0,0,0,0,0,0,11.2721500396729,0,0,0,0,0,0.6226500272750849,0,5.185490131378169,4.66313982009888,0,4.33073997497559,3.60827994346619,3.82480001449585,3.81084990501404,3.40807008743286,3.2082300186157204,2.56760001182556,1.6754900217056299,0,0
root/SouthAsiaNepal,root,0,0,0,0,0,0,0,0,0,0,0,0,0,0,0,0,0,0,21.1774005889893,0,0,27.3592205047607,26.5941696166992,0,0,0,0,0,0,22.8905391693115,24.8460292816162,23.997709274292003,21.598119735717802,21.6845397949219,21.684549331665,23.100730895996104,20.5664501190186,19.409490585327102,16.7534294128418,14.5356197357178,14.068340301513699,11.974020004272498,11.8672704696655,11.054750442504899,10.215339660644501,9.97803020477295,8.78672981262207,7.63917016983032
root/SouthAsiaPakistan,root,0,0,0,0,0,0,0,0,0,0,0,0,0,0,0,0,0,0,0,0,0,0,0,0,0,0,0,0,0,0,0,0,0,0,0,3.0626699924469,2.1994199752807595,5.2541999816894505,4.42076015472412,4.35469007492065,4.31281995773315,4.20065021514893,3.3494799137115496,2.58730006217957,2.2784700393676802,1.64412999153137,2.3268399238586404,0
root/SouthAsiaSriLanka,root,22.205020904541,0,18.4280395507813,0,17.2987098693848,15.4102201461792,13.225040435791,11.9437503814697,9.07522010803223,11.9462604522705,10.431579589843802,10.7898998260498,10.431360244751,10.2238397598267,9.35025024414063,8.20973014831543,7.891039848327639,8.85799026489258,0,7.16710996627808,8.04300022125244,7.71114015579224,7.05636978149414,0,0,0,2.3006200790405296,0,5.13315010070801,0,0,1.4061000347137498,0,0.8103100061416629,0,0.8045200109481808,0.9493299722671509,0.8082100152969359,0.824060022830963,0.8742399811744691,0.73198002576828,0.7074099779129029,0.8024500012397769,0.7914199829101559,0.8864799737930301,0.930499970912933,0.85275000333786,0
root/Sub-SaharanAfricaAngola,root,0,0,0,0,0,0,0,0,0,0,0,29.1582908630371,35.990478515625,0,0,0,0,0,0,0,0,0,0,0,0,0,0,0,0,0,0,0,0,0,0,0,0,0,9.537839889526369,11.0893802642822,10.846369743347198,10.297380447387699,0,0,0,0,0,0
root/Sub-SaharanAfricaBenin,root,0,18.8444805145264,17.436180114746097,19.076980590820302,20.610910415649396,17.604660034179698,21.2297992706299,21.694259643554698,20.9189205169678,18.476879119873,23.221059799194304,19.576969146728498,18.1591796875,22.4662208557129,28.5151100158691,25.919559478759798,26.8527507781982,26.1471004486084,26.1822299957275,26.233129501342802,24.564640045166,21.483530044555696,23.1211109161377,23.8831005096436,24.655000686645497,24.457439422607397,25.105339050293,25.1541900634766,23.734560012817397,0,19.910259246826197,19.875799179077102,21.5829696655273,19.925579071044897,23.0748691558838,16.7847099304199,0,0,14.302379608154302,0,13.3881502151489,10.8312997817993,11.608149528503402,11.221440315246598,10.8406095504761,10.7349901199341,0,0
root/Sub-SaharanAfricaBotswana,root,0.33252000808715804,0.7343000173568729,0.8816800117492679,1.6448400020599399,2.30543994903564,2.89011001586914,2.61331009864807,2.25727009773254,1.99987995624542,2.6304700374603303,2.9316999912262003,4.62756013870239,5.63546991348267,6.4746298789978,5.881149768829349,5.68540000915527,4.73084020614624,5.31181001663208,4.950029850006099,4.93543004989624,4.87520980834961,4.561059951782231,3.3186099529266397,2.6136000156402597,2.7043700218200697,3.47664999961853,3.28751993179321,0,3.09832000732422,3.30940008163452,3.39611005783081,3.2417600154876696,3.18919992446899,4.68860006332397,4.597620010375981,4.70881986618042,4.66743993759155,4.89320993423462,4.5533299446106,4.5538501739502,0,0,4.662479877471919,4.39356994628906,5.31029987335205,0,0,0
root/Sub-SaharanAfricaBurkinaFaso,root,0,16.1469802856445,17.439109802246097,17.542800903320302,17.4423408508301,17.031150817871097,17.4518508911133,18.5248203277588,18.7573509216309,17.9561996459961,17.914400100708,17.0902099609375,16.4244594573975,16.570379257202102,16.5112800598145,14.082360267639197,0,15.5089197158813,16.511249542236303,16.9511108398438,17.3064804077148,17.7487106323242,16.7086505889893,16.6368103027344,15.994810104370101,16.2560501098633,15.954890251159698,0,0,17.7113208770752,17.032829284668,17.6082992553711,17.5254001617432,15.089559555053699,13.039090156555199,11.9266300201416,11.9750099182129,11.7500095367432,10.5157203674316,10.5626697540283,10.1224803924561,0,8.18048000335693,7.379769802093509,6.87414979934692,5.58869981765747,5.65722990036011,0
root/Sub-SaharanAfricaBurundi,root,0,21.853229522705103,0,21.992820739746104,25.4363803863525,24.5147399902344,25.595500946044897,23.9595508575439,25.928400039672898,27.157669067382802,28.6497802734375,30.1991405487061,28.815259933471697,18.2128601074219,14.1337900161743,15.4757499694824,17.742839813232397,17.962350845336896,18.4643497467041,24.682729721069304,22.207460403442397,21.7626895904541,23.013790130615202,23.6902694702148,0,0,0,0,0,0,25.2269802093506,24.5163497924805,26.3347606658936,26.4876403808594,29.074909210205103,30.4069309234619,28.8354797363281,31.957670211792003,33.7535781860352,32.313140869140604,33.6931800842285,36.2200202941895,33.0693588256836,28.9848194122314,24.2512893676758,22.6020202636719,22.030260086059602,0
root/Sub-SaharanAfricaCaboVerde,root,0,0,0,0,0,0,0,0,0,27.0276203155518,28.9790191650391,28.647090911865202,29.1770191192627,28.560359954834,29.4541797637939,29.0093803405762,27.6865406036377,27.092950820922898,23.970539093017603,0,18.777759552002,0,0,0,16.9227199554443,0,0,0,9.017510414123539,0,11.5816898345947,11.8810701370239,13.3661403656006,13.4273595809937,12.9601402282715,15.514849662780799,14.038359642028801,12.8856201171875,11.593859672546401,10.3687400817871,9.64939022064209,10.5071296691895,10.0083904266357,9.92574977874756,9.02447032928467,8.27204990386963,8.59700965881348,0
root/Sub-SaharanAfricaCameroon,root,0,0,0,25.895940780639602,26.9009609222412,26.425460815429698,25.0705299377441,25.9162998199463,18.321790695190398,27.285110473632802,29.241870880127,29.9706001281738,30.2049293518066,29.816839218139602,29.5378303527832,28.8677101135254,29.289180755615202,29.343650817871104,29.0879306793213,0,28.6320095062256,29.1812801361084,0,0,0,0,0,0,0,26.650049209594698,26.6500606536865,0,25.1652393341064,25.8130397796631,25.0873508453369,25.965269088745103,25.1101093292236,20.0670604705811,16.804029464721697,14.678560256958,13.1445302963257,12.4956302642822,12.3219499588013,0,12.726539611816401,12.171660423278801,11.786860466003402,0
root/Sub-SaharanAfricaCentralAfricanRepublic,root,0,28.141799926757802,27.654460906982397,26.008689880371104,32.217819213867195,31.183910369873,35.3033905029297,31.844659805297898,29.6976203918457,0,0,35.0979385375977,34.767749786377,35.2655906677246,0,0,29.440729141235398,34.953441619873,34.7546615600586,33.860359191894496,31.2147598266602,31.6894092559814,37.204139709472706,0,0,0,0,0,0,0,0,0,0,0,30.501600265502898,29.4991798400879,28.1774005889893,0,25.617639541626,23.8033103942871,20.6875495910645,22.5968208312988,22.7292995452881,0,0,0,22.641859054565398,0
root/Sub-SaharanAfricaChad,root,0,27.0548400878906,0,0,33.9574813842773,0,34.8849411010742,35.920539855956996,0,0,0,0,0,0,0,0,0,0,32.3397903442383,32.8388290405273,33.3024482727051,32.2946090698242,0,0,28.760799407959,34.510021209716804,32.875789642334,32.016609191894496,30.665939331054698,25.9340000152588,24.5632705688477,25.5188903808594,25.2578392028809,23.8391609191895,20.230270385742198,22.4543399810791,21.8050193786621,21.804990768432603,22.8262100219727,22.826219558715803,22.3558406829834,21.6458301544189,22.9945793151855,24.311670303344698,0,0,0,0
root/Sub-SaharanAfricaComoros,root,0,0,0,0,0,0,0,0,0,0,0,24.5624599456787,0,0,0,0,32.6130409240723,36.6835517883301,0,0,0,0,39.1177215576172,40.92811965942379,35.824859619140604,0,0,0,0,25.9937896728516,25.9941596984863,0,27.977249145507802,27.983009338378896,27.1219291687012,0,0,25.8950595855713,24.4314403533936,0,0,24.3505706787109,0,20.716220855712898,17.497779846191403,0,0,0
root/Sub-SaharanAfricaCongoDemRep,root,0,22.8838901519775,23.077459335327102,0,0,0,21.110860824585,20.8047103881836,20.2924404144287,0,18.820240020752,18.8202304840088,18.820209503173803,18.8202209472656,18.8202304840088,0,0,0,20.769739151001,0,0,17.6339797973633,11.9102697372437,8.97408962249756,20.960529327392603,0,0,0,0,15.5349597930908,0,0,16.3031902313232,0,0,0,0,15.9253797531128,15.3373804092407,15.337389945983901,14.1180000305176,12.344129562377901,11.2093000411987,10.8088598251343,0,9.86886024475098,0,0
root/Sub-SaharanAfricaCongoRep,root,0,32.614128112793004,32.1375312805176,30.3701705932617,30.755479812622102,29.1525897979736,26.1478290557861,24.7128200531006,24.6187801361084,24.7256507873535,24.837999343872102,25.709030151367198,27.891159057617198,30.7618808746338,31.7303905487061,33.201160430908196,29.8548793792725,31.3100204467773,30.819860458374,34.8452110290527,38.5162391662598,0,32.7904891967773,34.0333213806152,35.6568717956543,0,33.221061706543004,0,0,39.101318359375,27.2240505218506,24.9155101776123,24.7558097839355,27.818660736084,24.543870925903303,23.9464302062988,21.218460083007802,21.2185306549072,22.404119491577102,19.662700653076197,19.081739425659197,18.6969394683838,22.7906894683838,0,0,0,0,0
root/Sub-SaharanAfricaCotedIvoire,root,0,0,0,25.1592998504639,26.1041793823242,22.867490768432603,20.8929004669189,19.1341800689697,17.792169570922898,18.4109191894531,18.986989974975604,19.6449298858643,0,24.5164604187012,25.8166809082031,28.666690826416,28.3435897827148,27.1576995849609,25.8414497375488,26.3362693786621,26.347240447998,24.0661106109619,27.040620803832997,26.6409702301025,25.410100936889602,26.690059661865202,23.504070281982397,24.6468200683594,25.4258499145508,23.6523609161377,24.187879562377898,22.9617404937744,23.3395099639893,17.5913505554199,0,0,23.526180267334,21.591510772705103,0,18.794940948486303,0,16.5811901092529,19.6426906585693,20.2197494506836,15.0056896209717,15.2114896774292,12.665889739990199,0
root/Sub-SaharanAfricaEquatorialGuinea,root,0,0,0,0,0,0,0,0,0,0,0,0,0,0,0,0,0,0,0,0,0,0,0,0,24.7481899261475,0,0,0,0,0,12.0596399307251,0,0,0,0,25.564250946044897,0,0,22.528020858764602,22.144699096679698,20.189039230346697,19.260320663452102,18.0910396575928,0,0,18.5232791900635,0,0
root/Sub-SaharanAfricaEritrea,root,0,0,0,0,0,0,0,0,0,0,0,0,0,0,0,0,0,0,0,0,0,0,32.209850311279304,25.1468906402588,20.056110382080103,18.915939331054698,18.5661392211914,20.456350326538104,0,19.3996906280518,19.3802108764648,13.8561296463013,17.4801197052002,20.715890884399396,21.3388404846191,12.889129638671902,13.7052097320557,14.5976400375366,15.4101104736328,13.670459747314501,14.6775903701782,11.3169097900391,12.5572595596313,11.1874103546143,0,6.0384202003479,0,0
root/Sub-SaharanAfricaEthiopia,root,0,0,0,0,0,0,0,0,0,0,0,0,12.1743001937866,0,0,0,0,9.54691982269287,10.933650016784698,9.11415004730225,0,0,0,0,8.62024021148682,8.69857978820801,9.71259021759033,7.832809925079349,8.84650039672852,10.5677900314331,12.7756996154785,13.3557395935059,13.812029838562,14.5445098876953,11.246080398559599,7.27567005157471,6.672009944915769,6.03748989105225,5.65516996383667,6.64756011962891,7.47343015670776,8.49507999420166,8.75391960144043,0,7.6238899230957005,6.88012981414795,0,0
root/Sub-SaharanAfricaGabon,root,0,0,33.0460891723633,37.0240592956543,0,34.666858673095696,34.034481048584,33.7428512573242,34.817108154296896,35.118560791015604,35.4006195068359,34.8314781188965,33.8405609130859,32.494758605956996,33.0845909118652,32.1279792785645,0,35.8348999023438,31.2813701629639,33.752288818359396,0,0,33.4000015258789,0,0,38.9060707092285,34.8673515319824,34.4832191467285,0,0,0,36.486968994140604,34.4058113098145,34.405818939209,0,0,0,0,0,0,0,0,0,0,0,0,0,0
root/Sub-SaharanAfricaGambiaThe,root,0,13.4772500991821,11.9452600479126,13.181610107421902,12.7533302307129,10.6716003417969,10.4318199157715,23.905460357666,18.4651699066162,15.906270027160598,13.640970230102502,12.350060462951697,11.8622598648071,12.365480422973599,12.459130287170401,12.9991903305054,16.4241504669189,16.188299179077102,0,17.8029899597168,0,0,15.9953699111938,14.324199676513699,13.356280326843299,13.338809967041,12.708709716796902,13.0935697555542,0,9.16940021514893,8.53022956848145,8.60560035705566,8.58611965179443,5.75433015823364,5.18974018096924,6.39356994628906,5.37465000152588,5.743279933929441,5.42204999923706,0,2.9993898868560804,2.8473300933837904,2.62383008003235,3.4216699600219704,3.7114899158477797,5.29569005966187,5.19484996795654,0
root/Sub-SaharanAfricaGhana,root,0,3.32762002944946,3.7258899211883505,0,3.34102010726929,2.7288401126861603,2.27489995956421,2.3172299861908,2.2184200286865203,2.01899003982544,2.27682995796204,2.06298995018005,0,0,0,0,0,0,0,0,0,2.8951001167297403,3.07447004318237,0,0,0,0,0,0,4.20253992080688,4.993969917297361,5.2110800743103,6.85616016387939,5.895269870758059,5.7010498046875,5.82949018478394,6.35841989517212,6.521820068359379,6.50953006744385,3.77396988868713,0,2.54503011703491,2.7680299282073997,2.5516600608825697,2.6545801162719704,1.97373998165131,0,1.8073300123214702
root/Sub-SaharanAfricaGuinea,root,0,0,0,0,0,0,0,8.83545017242432,9.90130043029785,0,18.5440902709961,21.8927001953125,28.092679977417003,23.0397796630859,18.9238204956055,24.1890296936035,27.118200302124,24.863399505615202,24.2096290588379,20.2437801361084,18.4123306274414,19.8441791534424,19.721990585327102,20.6253604888916,21.8526401519775,22.000659942627,23.946819305419897,0,27.852840423584,26.1862392425537,23.282190322876,20.2519092559814,20.8143196105957,20.3379192352295,10.4772796630859,8.67591953277588,8.61532020568848,9.0720796585083,15.4373302459717,15.325420379638699,16.514339447021502,12.6620197296143,14.2012996673584,14.0680103302002,13.639280319213901,0,0,0
root/Sub-SaharanAfricaGuineaBissau,root,0,0,0,0,0,0,0,0,0,29.7704391479492,31.8450202941895,28.882869720459,28.894559860229503,31.1502304077148,30.035079956054698,0,0,40.9459190368652,41.943809509277294,0,0,0,0,0,0,0,0,0,0,0,23.9547901153564,21.200080871582,0,0,0,14.1998796463013,18.700120925903303,0,0,0,14.067910194397,0,0,0,0,0,0,0
root/Sub-SaharanAfricaKenya,root,3.6855700016021697,3.66569995880127,3.8754498958587598,4.07193994522095,0,4.34895992279053,5.2647600173950195,5.63781976699829,6.14127016067505,8.49223041534424,12.9039297103882,13.1968097686768,0,0,0,0,0,0,0,0,0,0,0,0,0,0,0,0,0,0,0,0,0,0,5.84328985214233,5.827569961547849,0,0,0,0,0,0,0,0,5.1197199821472195,3.4193999767303502,2.9397399425506605,0
root/Sub-SaharanAfricaLesotho,root,0,19.8163890838623,21.5743408203125,18.5437908172607,5.51418018341064,6.03140020370483,7.83680009841919,14.4872798919678,15.6426296234131,16.380880355835,20.658969879150398,21.915029525756804,23.379089355468803,24.4994602203369,23.6826190948486,22.6045608520508,23.596170425415,22.7968692779541,22.0682201385498,22.2135906219482,21.7190093994141,22.160690307617198,20.914529800415,19.561359405517603,18.447679519653303,18.4367694854736,20.0577602386475,20.214420318603498,20.280080795288104,20.3663005828857,18.3030796051025,19.617740631103498,21.1740608215332,21.6962203979492,18.1682395935059,20.5352897644043,20.945970535278303,20.9855003356934,21.153110504150398,19.8200397491455,20.0146102905273,18.336589813232397,16.6661396026611,13.667449951171902,8.74940013885498,8.3959903717041,9.16796970367432,0
root/Sub-SaharanAfricaLiberia,root,0,0,0,0,0,0,0,0,11.0875701904297,0,0,0,0,0,0,0,0,0,0,0,0,0,0,0,0,0,0,0,0,0,0,0,0,0,0,0,6.64117002487183,0,6.6732501983642605,5.47935009002686,0,6.503009796142581,0,0,6.03704977035522,5.35722017288208,0,0
root/Sub-SaharanAfricaMadagascar,root,0,28.9936695098877,28.645170211792003,31.2277908325195,0,24.377740859985398,0,0,0,0,0,0,0,0,0,0,0,0,33.2380714416504,34.5771102905273,34.673168182373,35.6977500915527,33.5760917663574,32.7888603210449,32.376708984375,31.7761306762695,33.800048828125,0,32.5793418884277,29.912900924682603,27.936700820922898,30.111459732055696,30.477720260620103,29.3172397613525,29.964120864868196,18.274959564209002,19.7282390594482,19.1406097412109,19.6577301025391,20.4462299346924,19.913120269775398,19.4303092956543,20.5170803070068,22.0702095031738,20.9273891448975,20.9735507965088,21.354679107665998,0
root/Sub-SaharanAfricaMalawi,root,0,0,0,0,16.6326599121094,15.960700035095199,15.206800460815401,16.499069213867198,14.3570003509521,14.407099723815902,15.326979637146001,14.988169670105,12.444939613342301,11.3716297149658,13.2057600021362,13.196820259094201,15.3625802993774,17.764949798584002,18.5308990478516,18.234319686889602,18.3545894622803,17.311939239502,13.739000320434599,17.7458591461182,16.5465908050537,17.9404602050781,15.2260103225708,0,14.6051797866821,14.417840003967301,15.354490280151401,16.4624004364014,15.5738000869751,0,17.9911994934082,20.1573696136475,20.7705192565918,20.6786499023438,20.0736904144287,18.7251796722412,18.9650993347168,19.617229461669897,19.679029464721697,18.8827495574951,19.530349731445302,0,0,0
root/Sub-SaharanAfricaMali,root,0,26.3221492767334,29.244939804077102,28.171459197998,27.1673793792725,0,22.9178295135498,23.3905601501465,26.498350143432603,26.726049423217802,28.6427402496338,29.5896701812744,0,31.029930114746104,29.763179779052702,30.3199405670166,29.560350418090803,28.249019622802702,29.549690246582,0,0,0,0,0,0,0,0,0,0,17.4078502655029,17.407859802246097,17.5228004455566,19.2760791778564,19.7647705078125,18.957599639892603,18.583869934082,16.9564304351807,16.9563999176025,14.2214298248291,13.389389991760302,12.855409622192399,12.8554201126099,19.221170425415,18.424489974975604,20.063930511474602,19.458599090576197,20.883499145507802,0
root/Sub-SaharanAfricaMauritania,root,0,0,0,0,0,0,14.782520294189501,13.4419803619385,14.5050296783447,13.7377395629883,18.2734203338623,14.0097198486328,0,17.1887493133545,0,17.7052993774414,18.3316707611084,19.781549453735398,19.0821208953857,19.557300567627,19.337139129638697,17.9532299041748,17.4827709197998,16.0172004699707,16.449640274047898,16.1271705627441,15.7467803955078,15.768010139465302,15.5766696929932,15.7520303726196,0,15.2213802337646,14.0861597061157,0,0,10.1004199981689,10.180270195007301,3.40074992179871,0,2.64600992202759,3.4556999206543,0,3.7089200019836404,3.34368991851807,3.48822999000549,3.117919921875,8.05601978302002,0
root/Sub-SaharanAfricaMauritius,root,0,0,0,0,0,0,0,0,0,0,0,0,0,4.55003976821899,6.17914009094238,5.93829011917114,6.67326021194458,9.51710033416748,8.13286972045898,7.928719997406009,4.58357000350952,7.294079780578611,8.02385997772217,7.62208986282349,6.56587982177734,5.64139986038208,4.49558019638062,4.060289859771729,3.62821006774902,3.7890799045562704,4.2059497833252,4.3189001083374,4.6514401435852095,4.3752298355102495,4.82229995727539,4.82753992080688,4.42468976974487,3.72223997116089,3.9975800514221205,3.65665006637573,3.48372006416321,3.5841400623321498,3.6670401096344,1.6196199655532801,0.9819599986076359,0.936680018901825,0.822200000286102,0
root/Sub-SaharanAfricaMozambique,root,0,0,0,27.9828395843506,0,0,0,0,0,0,0,0,28.654460906982397,28.629810333252,27.366399765014602,23.5486793518066,25.431219100952102,24.732679367065398,28.375080108642603,27.3652400970459,26.055570602417003,24.4879093170166,25.3233108520508,25.752830505371104,25.7026805877686,25.727619171142603,0,0,0,23.8166999816895,23.52659034729,22.7849006652832,23.0494499206543,0,20.5894794464111,10.383429527282699,5.304399967193599,5.92714023590088,5.51359987258911,7.02111005783081,7.45179986953735,7.66812992095947,7.54406976699829,6.878849983215329,6.41075992584229,6.17327976226807,0,0
root/Sub-SaharanAfricaNamibia,root,0,0,0,0,0,0,0,0,0,0,0,0,0,0,0,0,0,0,0,0,0,0,24.6194496154785,0,22.8003997802734,17.6157302856445,13.2698097229004,0,12.0749101638794,12.294560432434098,13.185549736022901,13.051659584045401,13.0756502151489,13.1351003646851,15.303210258483901,15.1373796463013,16.3928604125977,0,18.114049911499,15.8244895935059,15.592510223388699,0,14.8899803161621,14.8809404373169,0,0,0,0
root/Sub-SaharanAfricaNiger,root,0,19.2270393371582,18.9421100616455,18.5564804077148,17.8327903747559,15.9789695739746,13.067760467529302,12.7028799057007,12.3256101608276,13.8039302825928,13.357159614563,14.3431396484375,14.999810218811,14.809720039367699,14.519900321960401,14.998809814453098,14.999890327453599,14.9997301101685,0,12.752189636230499,13.66565990448,13.8062295913696,15.401080131530799,17.5648097991943,0,18.312650680542,16.2899303436279,12.9948902130127,12.660120010376,12.162569999694801,11.937129974365199,10.2289304733276,8.60566997528076,7.3342599868774405,5.25971984863281,5.34380006790161,4.854479789733889,4.89577007293701,6.439630031585691,5.0470299720764205,4.41761016845703,3.71968007087708,3.50731992721558,4.20479011535645,3.8480100631713903,3.3718099594116198,2.51378989219666,0
root/Sub-SaharanAfricaRwanda,root,0,29.6149196624756,27.7917804718018,24.217050552368196,23.6858596801758,21.0514602661133,0,16.8918590545654,16.7183799743652,0,7.07557010650635,6.575679779052731,14.503769874572802,14.431759834289599,12.871600151062,12.565890312194801,12.871760368347198,13.413570404052699,10.3435697555542,10.6276798248291,11.083100318908699,12.792599678039599,14.3807697296143,0,0,0,0,0,0,29.1019592285156,32.5429191589355,36.093048095703104,36.093090057373,16.5118007659912,18.8332901000977,0,14.6096200942993,0,17.7000102996826,14.7800703048706,13.7889499664307,13.542639732360803,12.6086101531982,12.456809997558599,17.0788307189941,18.7934494018555,18.2824802398682,0
root/Sub-SaharanAfricaSaoTomeandPrincipe,root,0,0,0,0,0,0,0,46.5924301147461,0,0,30.5711994171143,29.5004901885986,25.1800804138184,20.7676105499268,19.056320190429698,20.8518104553223,0,47.4897117614746,35.2086181640625,0,29.472299575805696,0,0,0,0,0,0,0,0,30.674409866332997,0,0,25.7887401580811,28.8751792907715,24.640750885009798,23.473810195922898,0,25.948339462280302,24.22047996521,14.862830162048303,12.8385496139526,12.380140304565401,11.374030113220199,0,10.773200035095199,0,13.6615400314331,12.251279830932601
root/Sub-SaharanAfricaSenegal,root,0,19.8290004730225,19.2191009521484,17.6110897064209,0,0,0,0,14.9299602508545,15.3415699005127,16.0597190856934,15.5686302185059,15.661870002746598,15.726329803466802,15.236769676208501,15.9523096084595,16.3102607727051,0,14.836389541626,15.8823404312134,16.178199768066403,0,16.0896797180176,0,15.020179748535199,0,13.953339576721199,13.4172201156616,13.345609664917,14.367959976196301,13.617079734802198,13.9126596450806,13.64501953125,13.7743701934814,12.942770004272498,11.8552398681641,10.6346702575684,10.6346702575684,7.683050155639651,7.49595022201538,6.257850170135501,2.99013996124268,3.4227700233459504,2.793790102005,2.8785200119018595,2.72686004638672,3.70607995986938,0
root/Sub-SaharanAfricaSeychelles,root,0.6179500222206121,0.461730003356934,0.49632999300956704,0,1.81554996967316,1.14347004890442,0.381909996271133,0.5499500036239621,0.81003999710083,0,0,0,0,0,0,0,0,0,0,0,0,0,0,0,0,0,0,0,0,0,0,0,0,0,0,0,0,0,0,0,0,0,0,0,0,0,0,0
root/Sub-SaharanAfricaSierraLeone,root,0,0,0,0,0,0,0,0,15.034130096435499,0,0,0,14.570969581603999,14.7646799087524,0,0,0,0,0,0,0,0,0,0,0,0,0,0,0,0,0,0,0,0,0,0,0,9.94277954101563,0,0,0,15.647089958190902,14.0724201202393,13.740220069885302,0,13.3732004165649,5.860469818115231,0
root/Sub-SaharanAfricaSouthAfrica,root,0,0,0,0,0,0,0,0,0,0,0,0,0,0,0,0,0,0,0,0,0,12.3396701812744,0,0,0,0,0,0,7.973199844360349,10.3896703720093,8.79179954528809,9.36351013183594,7.40126991271973,5.21703004837036,7.960370063781741,0,0,0,0,0,0,0,0,0,0,9.24748992919922,0,0
root/Sub-SaharanAfricaSouthSudan,root,0,0,0,0,0,0,0,0,0,0,0,0,0,0,0,0,0,0,0,0,0,0,0,0,0,0,0,0,0,0,0,0,0,0,0,0,0,0,0,0,0,11.062720298767099,0,0,0,0,0,0
root/Sub-SaharanAfricaSudan,root,0,0,0,0,0,0,0,0,0,0,0,0,0,0,0,0,0,0,0,0,0,0,0,0,0,0,0,0,0,0,0,0,0,0,0,0,0,0,0,0,4.25182008743286,0,3.52636003494263,3.28622007369995,0,3.4754900932312,0,0
root/Sub-SaharanAfricaSwaziland,root,10.5350799560547,15.2767496109009,15.443460464477502,13.314319610595698,10.404129981994599,10.146550178527802,10.5553197860718,10.5199604034424,10.7000999450684,10.874279975891099,10.877619743347198,11.812729835510302,12.8145399093628,12.903900146484402,12.5802803039551,13.9775400161743,14.8741998672485,15.2819404602051,15.081589698791499,14.892749786377001,14.8887996673584,15.308719635009801,15.3623399734497,15.781840324401902,14.792909622192399,15.5836601257324,15.4945402145386,15.7494802474976,15.313799858093299,17.0624408721924,16.081890106201197,16.701639175415,15.478119850158699,16.3401203155518,16.157859802246097,17.3152904510498,16.536920547485398,18.035709381103498,0,16.883150100708,15.119569778442399,15.487170219421401,15.485210418701199,16.889869689941403,15.6631498336792,15.603719711303699,0,0
root/Sub-SaharanAfricaTanzania,root,0,1.5746999979019198,1.3142199516296398,1.09060001373291,0.8578699827194209,0.48750001192092896,0.40959998965263394,0,0,0,0,1.22146999835968,1.22204995155334,1.11899995803833,1.01305997371674,0.9695100188255309,1.18639004230499,4.707210063934331,5.60734987258911,4.50969982147217,4.31346988677979,3.7189700603485094,3.44932007789612,3.08260989189148,2.93210005760193,0,0,2.14602994918823,2.94612002372742,3.1624999046325697,2.6226398944854705,2.5238299369812003,2.40844011306763,0,5.30401992797852,5.82541990280151,4.87849998474121,4.22037982940674,0,2.35549998283386,2.39148998260498,0,2.64478993415833,3.5036098957061803,0,0,0,0
root/Sub-SaharanAfricaTogo,root,0,33.896411895752,31.6079502105713,0,0,0,28.8108100891113,0,27.799949645996104,29.8065490722656,30.8661193847656,35.50123977661129,36.7783088684082,34.8809394836426,35.824348449706996,36.5633392333984,34.8275299072266,34.709171295166,30.9061393737793,37.089469909668004,33.6117095947266,35.777370452880895,37.0228691101074,0,45.9553718566895,33.079090118408196,24.2169208526611,0,0,31.1656703948975,26.952440261840803,24.0055294036865,22.473690032959,23.6758003234863,23.836009979248,22.922779083252,23.790819168090803,23.730709075927702,22.843320846557603,22.3646392822266,22.128969192504897,21.5446701049805,19.987079620361303,17.928480148315398,11.199769973754899,9.353349685668949,7.908090114593509,0
root/Sub-SaharanAfricaUganda,root,0,0,0,0,0,10.205180168151902,11.331540107727099,0,0,9.60338020324707,0,0,10.0882596969604,0,0,0,14.0753498077393,0,0,0,0,0,0,0,0,0,0,0,0,0,0,9.50397968292236,10.528940200805698,13.2874402999878,13.749290466308599,13.1441402435303,0,14.7896995544434,10.952580451965302,13.8800201416016,10.755430221557601,10.2499198913574,10.6122798919678,10.3307600021362,7.10696983337402,7.178329944610599,7.88989019393921,0
root/Sub-SaharanAfricaZambia,root,0,0,2.00186991691589,1.9273400306701698,2.03998994827271,2.05434989929199,1.7251399755477899,1.32128000259399,1.14881002902985,1.5809799432754499,1.8502099514007602,1.46327996253967,1.2853699922561599,1.46073997020721,1.7532399892807,0,2.16410994529724,0,0,0,0,0,0,0,2.40472006797791,2.7990200519561803,0,0,6.2023000717163095,6.0850100517272905,6.179570198059079,0,7.5648899078369105,0,6.9344801902771,6.32626008987427,6.85601997375488,6.49998998641968,5.88220977783203,6.17844009399414,6.022319793701169,5.903429985046389,5.34776020050049,5.52689981460571,0,0,0,0
root/Sub-SaharanAfricaZimbabwe,root,0,0,0,0,0,0,0,0,0,0,0,0,0,0,0.817789971828461,0,0,0,0,0,0,0,0,0,0,0,0,0,0,0,0,0,0,0,0,0,0,0,0,0,0,0,2.1171200275421103,1.89476001262665,0,0,0,0
