root/EastAsia&PacificAustralia,root,0,0,0,0,0,0,0,0,0,0,0,0,0,0,0,0,0,0,0,0,0,0,0,87.91869354248051,87.97020721435551,87.8852081298828,89.2856597900391,0,0,0,0,0,0,0,0,0,0,0,0,0,0,0,0,0,0,94.2241592407227,93.65191650390629,0
root/EastAsia&PacificBruneiDarussalam,root,0,0,0,0,0,0,0,51.375518798828104,51.0447807312012,52.2172508239746,54.0985984802246,53.958610534668,54.906009674072294,57.037681579589794,54.2795906066895,0,0,0,0,0,0,71.66175842285159,68.1327972412109,67.5290985107422,69.5616912841797,0,0,0,0,0,0,0,0,0,0,87.9801483154297,89.89199829101558,88.6214981079102,88.4229736328125,89.8896331787109,90.6779327392578,90.94995880126949,93.2844009399414,91.8580322265625,87.43238067626949,85.717887878418,84.294548034668,0
root/EastAsia&PacificCambodia,root,0,0,0,0,0,0,0,0,0,0,0,0,0,0,0,0,0,0,0,0,0,0,0,0,0,0,0,0,11.7218503952026,10.4043598175049,11.183369636535598,12.4105796813965,16.6807994842529,20.7168502807617,23.3583202362061,0,29.943300247192397,33.6891403198242,36.679039001464794,0,0,0,0,0,0,0,0,0
root/EastAsia&PacificFiji,root,0,0,0,0,0,0,0,0,0,0,0,0,0,0,0,0,0,0,0,0,0,0,0,0,0,0,0,0,0,80.33445739746091,76.0726776123047,77.4627914428711,79.7478485107422,79.7751998901367,86.9436721801758,0,89.3222427368164,86.5384292602539,0,84.9761276245117,0,88.5305328369141,87.9813079833984,0,0,0,0,0
root/EastAsia&PacificHongKongSARChina,root,0,29.0365390777588,30.6384296417236,33.053050994873,36.006500244140604,39.6121482849121,43.015251159668,46.156288146972706,50.15119934082029,55.3967399597168,58.9091796875,62.103240966796896,0,67.584342956543,68.97421264648439,70.78594970703129,0,0,0,0,0,0,0,0,0,0,78.3875198364258,0,0,0,0,72.9363174438477,72.7467880249023,73.3128662109375,74.0181503295898,74.9837188720703,75.31590270996091,76.376091003418,77.5588912963867,78.48455810546879,79.19602966308591,77.6744003295898,89.3770904541016,88.0360565185547,88.20883178710942,88.6669387817383,90.9420700073242,0
root/EastAsia&PacificIndonesia,root,0,0,12.225709915161099,12.432359695434599,12.999879837036099,14.615010261535598,15.3716602325439,15.8706703186035,17.0530395507813,0,0,0,0,0,0,0,0,0,0,0,0,0,0,0,0,38.7665596008301,0,0,0,0,0,49.289421081543,50.4997215270996,53.1076889038086,54.66593933105471,53.0945701599121,57.7664604187012,64.4343185424805,62.7303886413574,62.93376159667971,65.11441040039061,71.9527206420898,75.02491760253909,74.8649063110352,75.93963623046879,77.5820388793945,0,0
root/EastAsia&PacificJapan,root,0,0,0,0,0,0,0,0,93.5531997680664,0,0,0,0,0,0,0,0,0,0,0,0,0,0,0,0,0,0,0,0,0,0,0,0,0,0,0,96.2197265625,96.29222869873051,96.91844940185551,97.4969635009766,98.31017303466801,98.79283905029301,99.1910934448242,99.45626831054692,99.2914199829102,99.92108154296879,0,0
root/EastAsia&PacificKiribati,root,0,0,0,0,0,0,0,0,0,0,0,0,0,0,0,0,23.569580078125,0,0,0,0,0,0,0,0,0,0,0,0,0,0,0,0,73.5698318481445,74.1450271606445,72.952262878418,0,0,0,0,0,0,0,0,0,0,0,0
root/EastAsia&PacificKoreaDemPeople’sRep,root,0,0,0,0,0,0,0,0,0,0,0,0,0,0,0,0,0,0,0,0,0,0,0,0,0,0,0,0,0,0,0,0,0,0,0,0,0,0,0,98.6507568359375,0,0,0,0,0,76.2528076171875,0,0
root/EastAsia&PacificKoreaRep,root,0,28.1832008361816,31.7387008666992,34.757678985595696,37.99184036254879,41.531700134277294,45.357059478759794,49.2535514831543,52.8264694213867,56.9816703796387,63.4534912109375,68.7950820922852,0,0,77.84320068359379,80.4793395996094,83.3248977661133,0,0,84.44093322753909,0,86.9192123413086,86.1578216552734,0,0,0,95.92691040039058,94.14273071289058,93.7582473754883,93.1742172241211,92.9939498901367,93.84011840820308,93.8057174682617,94.84520721435551,95.7430191040039,96.32687377929692,94.9531097412109,94.306396484375,93.40576934814449,94.4624786376953,94.6803436279297,95.3813705444336,96.5620498657227,98.2453765869141,98.938232421875,98.08035278320308,0,0
root/EastAsia&PacificLaoPDR,root,0,0,0,0,0,0,0,0,0,0,0,0,0,0,0,0,0,0,0,0,0,0,12.210040092468299,12.466130256652802,14.898799896240199,0,0,17.9271392822266,20.267219543457,22.5195808410645,24.045730590820302,25.7490406036377,26.724510192871104,30.0032005310059,31.7444896697998,32.1356391906738,31.5854797363281,32.7442588806152,34.064601898193395,35.6886711120605,37.775749206543004,38.513111114502,41.6983604431152,45.68183898925779,51.35771179199221,55.174251556396506,58.2731704711914,0
root/EastAsia&PacificMacaoSARChina,root,0,0,0,0,0,0,0,0,0,0,0,0,0,0,0,0,0,0,0,0,49.77384948730471,0,57.8796997070313,0,0,0,0,0,0,68.19235992431639,71.8217010498047,74.5724563598633,72.3355484008789,70.79132080078129,69.2206192016602,68.3570938110352,67.8302383422852,68.04727172851561,68.264762878418,70.5592727661133,72.4698791503906,74.752799987793,75.8176498413086,76.574462890625,77.2045593261719,79.6677474975586,84.64122009277341,0
root/EastAsia&PacificMalaysia,root,30.3748893737793,32.2685699462891,34.556121826171896,0,0,0,0,0,0,0,0,0,0,0,0,0,0,0,0,0,0,0,0,0,0,0,0,0,0,0,0,0,0,0,0,0,0,0,0,0,0,0,0,0,77.0008010864258,75.901123046875,77.0915908813477,0
root/EastAsia&PacificMarshallIslands,root,0,0,0,0,0,0,0,0,0,0,0,0,0,0,0,0,0,0,0,0,0,0,0,0,0,0,0,0,0,0,0,0,64.45285034179689,0,0,0,0,64.7286834716797,0,0,0,0,0,0,0,68.6107864379883,67.05361938476561,0
root/EastAsia&PacificMongolia,root,0,0,0,0,0,0,0,0,0,0,0,0,0,0,0,0,0,0,0,0,0,0,0,0,0,68.0154190063477,69.0181732177734,66.0363388061523,67.3619232177734,65.2160263061523,68.7195205688477,74.5287322998047,77.7477798461914,81.95379638671879,85.2830429077148,87.2805709838867,86.07274627685551,0,0,0,0,0,0,0,0,0,93.5732574462891,0
root/EastAsia&PacificMyanmar,root,0,0,0,0,0,0,0,0,0,0,0,0,0,0,0,0,0,0,0,0,0,0,0,0,0,0,0,0,0,29.5967807769775,34.047130584716804,35.1152114868164,34.7061805725098,35.3624610900879,39.9102897644043,41.250701904296896,43.681331634521506,44.5471801757813,0,46.3630981445313,47.38227844238279,0,0,0,49.7604484558105,0,0,58.860408782959006
root/EastAsia&PacificNauru,root,0,0,0,0,0,0,0,0,0,0,0,0,0,0,0,0,0,0,0,0,0,0,0,0,0,0,0,0,0,0,0,0,0,0,0,0,0,0,0,0,0,0,73.9436569213867,0,74.8752136230469,0,68.87835693359379,0
root/EastAsia&PacificNewZealand,root,0,0,0,0,0,0,0,81.09825134277341,0,81.6185989379883,80.5330505371094,81.2082595825195,82.3625869750977,84.381217956543,83.79766845703129,83.0049819946289,82.60060119628909,82.845588684082,83.6140899658203,84.1859893798828,84.9087677001953,86.72766876220699,87.70922088623051,0,93.9210891723633,90.4316024780273,93.93946075439449,92.24569702148442,91.1088180541992,0,0,0,92.47376251220699,0,0,0,0,0,0,95.0951309204102,95.23047637939449,96.4035186767578,95.71209716796879,95.6309127807617,95.7508010864258,96.27578735351558,96.9591827392578,0
root/EastAsia&PacificPhilippines,root,0,0,0,0,0,0,0,0,0,0,0,0,0,0,0,0,0,0,0,0,0,0,0,0,0,0,0,0,50.836978912353494,52.144191741943395,0,55.3418083190918,59.891750335693395,62.574058532714794,64.7754592895508,64.5295486450195,64.7911376953125,65.42714691162111,65.7281494140625,66.32321929931639,0,0,0,72.5756530761719,0,71.803596496582,0,0
root/EastAsia&PacificSamoa,root,0,0,0,0,0,0,0,0,0,0,0,0,0,0,0,0,0,0,0,0,0,0,0,0,0,44.2251396179199,0,0,73.0438232421875,75.0387802124023,69.1096267700195,70.4787368774414,0,0,0,0,0,0,0,85.9021835327148,85.5716781616211,85.7849426269531,84.371711730957,0,84.3390884399414,81.0241775512695,81.0799865722656,0
root/EastAsia&PacificSolomonIslands,root,0,0,0,0,0,0,0,0,0,0,0,0,0,0,0,0,0,0,0,0,0,0,0,0,0,0,0,0,0,20.4698390960693,16.8028392791748,20.1140403747559,25.8722705841064,0,0,0,30.7310009002686,28.8794803619385,0,0,0,0,0,0,0,0,0,0
root/EastAsia&PacificThailand,root,0,0,0,13.340519905090302,14.9377098083496,0,0,0,0,0,0,0,0,0,0,0,0,0,0,0,0,0,0,0,0,0,0,0,0,0,0,0,0,0,0,0,72.82415771484379,77.4889297485352,78.73619079589841,81.6246871948242,81.22084045410159,83.8770065307617,79.26429748535159,0,82.4275817871094,77.49305725097659,0,0
root/EastAsia&PacificTimorLeste,root,0,0,0,0,0,0,0,0,0,0,0,0,0,0,0,0,0,0,0,0,0,0,0,0,0,0,0,0,0,0,0,0,0,0,0,0,0,0,34.999359130859396,40.60866165161129,41.6840591430664,43.304271697998,43.913299560546896,43.6634292602539,47.507869720459006,52.7760810852051,58.9618911743164,0
root/EastAsia&PacificTonga,root,0,0,0,0,0,0,0,0,0,0,0,0,0,0,0,70.94667053222659,0,0,0,0,82.9382629394531,0,0,0,0,0,0,0,76.600212097168,0,0,80.3902816772461,0,0,0,0,0,0,0,0,0,0,85.6191635131836,78.9070510864258,79.76731872558591,0,0,0
root/EastAsia&PacificTuvalu,root,0,0,0,0,0,0,0,0,0,0,0,0,0,0,0,0,0,0,0,0,0,0,0,0,0,0,0,0,0,0,0,0,0,0,0,0,0,0,0,0,0,0,0,0,83.7632827758789,92.0062713623047,0,0
root/EastAsia&PacificVanuatu,root,0,0,0,0,0,0,0,0,0,0,0,0,0,0,0,0,0,0,0,13.125709533691401,0,15.158189773559599,0,0,0,0,0,0,0,27.6606101989746,35.620849609375,32.7576904296875,36.9384918212891,34.938419342041,37.610279083252,0,0,0,0,0,52.51728820800779,0,0,0,0,51.1683883666992,0,0
root/Europe&CentralAsiaAlbania,root,0,0,0,0,0,0,0,0,0,0,0,0,0,0,0,0,0,0,0,0,0,0,0,0,0,0,0,0,0,0,65.7248001098633,67.32083129882811,0,0,0,0,0,0,0,0,0,0,0,84.06349182128909,84.4253234863281,84.95892333984379,84.80210876464841,0
root/Europe&CentralAsiaArmenia,root,0,0,0,0,0,0,0,0,0,0,0,0,0,0,0,0,0,0,0,0,0,0,0,0,0,0,0,0,0,0,0,0,0,0,0,0,0,91.9832000732422,85.2750930786133,91.672119140625,0,0,0,0,0,0,0,0
root/Europe&CentralAsiaBelarus,root,0,0,0,0,0,0,0,0,0,0,0,0,0,0,0,0,0,0,0,0,0,0,0,0,0,0,0,0,0,0,0,0,0,0,0,0,0,0,0,0,94.4842681884766,94.85604858398442,95.90770721435551,97.3099822998047,97.7093887329102,98.5794677734375,0,0
root/Europe&CentralAsiaBelgium,root,0,0,0,0,0,0,0,79.9505081176758,0,0,0,0,0,0,0,0,0,0,0,0,0,0,0,96.3457717895508,98.4861907958984,99.5298080444336,98.4705581665039,0,0,94.7430267333984,94.3425979614258,95.29058837890629,95.60755157470699,96.87225341796879,98.10025024414058,98.22814178466801,98.36325073242192,96.8393325805664,95.1474075317383,93.96286010742192,93.1807479858398,93.0185317993164,93.50982666015629,94.09622192382808,94.22357177734379,94.0832366943359,0,0
root/Europe&CentralAsiaBulgaria,root,0,0,0,0,0,0,0,0,0,0,0,0,0,0,0,0,0,0,0,0,0,0,0,0,0,0,0,0,83.9094696044922,84.7892227172852,85.6273727416992,86.5050735473633,86.7832717895508,84.0131072998047,84.8154220581055,84.9424819946289,84.1684494018555,84.25267028808591,83.2248306274414,82.41259765625,82.91651916503909,84.8676681518555,85.9590530395508,88.8264007568359,89.78040313720699,89.9583892822266,89.06234741210942,0
root/Europe&CentralAsiaCroatia,root,0,0,0,0,0,0,0,0,0,0,0,0,0,0,0,0,0,0,0,0,0,0,0,0,0,0,0,0,0,82.8251113891602,83.186897277832,83.45355224609379,84.39373779296879,86.0127716064453,0,89.5858688354492,0,0,94.58130645751949,98.32495880126949,97.99767303466801,95.7816696166992,95.7848663330078,94.96539306640629,93.8063735961914,93.7101211547852,92.47740936279301,0
root/Europe&CentralAsiaCyprus,root,0,49.2692794799805,52.1507797241211,57.0342483520508,60.267578125,57.23603820800779,62.0988998413086,62.7221794128418,61.5667915344238,62.096641540527294,62.85697937011721,62.891178131103494,62.1030616760254,62.765419006347706,0,0,0,0,0,0,0,0,0,0,90.5195999145508,90.5515823364258,90.8658218383789,90.45496368408199,0,89.5605697631836,89.43890380859379,89.3730010986328,93.1315231323242,94.3465423583984,94.56854248046879,95.2875518798828,95.1299362182617,96.30040740966801,96.7005081176758,96.4593734741211,89.6507110595703,90.62310791015629,92.9665985107422,93.98998260498051,95.5068588256836,95.1028518676758,0,0
root/Europe&CentralAsiaDenmark,root,0,0,0,0,0,0,0,0,0,0,0,89.22711181640629,89.19927978515629,88.1087188720703,86.31607055664058,84.9363479614258,84.370849609375,84.5020980834961,85.6595764160156,87.39842987060551,88.2232284545898,88.3812408447266,87.90167236328129,87.9163818359375,88.45482635498051,88.1143417358398,88.4623794555664,0,89.21621704101558,0,89.58509063720699,90.6077728271484,92.5357284545898,95.7579879760742,92.7423477172852,93.02401733398442,90.9630126953125,90.80236053466801,90.9720916748047,91.29147338867192,91.3785171508789,92.47982788085942,91.5193710327148,91.6786117553711,91.25567626953129,91.2806625366211,91.7106399536133,0
root/Europe&CentralAsiaEstonia,root,0,0,0,0,0,0,0,0,0,0,0,0,0,0,0,0,0,0,0,0,0,0,0,0,0,0,0,0,86.12564086914058,86.6280136108398,87.8711624145508,88.57984161376949,91.1527328491211,92.68417358398442,93.9495086669922,95.6175765991211,95.7990188598633,95.1062698364258,93.7419204711914,92.43895721435551,91.75794219970699,91.6603775024414,91.4290237426758,92.54370880126949,93.3100814819336,94.4328994750977,0,0
root/Europe&CentralAsiaFinland,root,0,0,0,0,0,0,0,0,0,86.8426284790039,0,0,0,0,0,0,0,0,0,0,0,93.7932586669922,0,95.93359375,95.4151077270508,93.0589599609375,93.58782958984379,93.75927734375,98.75628662109379,94.88491821289058,95.26390838623051,94.9661026000977,95.17156982421879,95.4166488647461,95.3580322265625,96.08126831054692,96.39099884033199,96.1350936889648,95.4113388061523,94.6912002563477,94.2899932861328,93.7952499389648,93.2073974609375,94.8974075317383,94.92160034179692,95.65847778320308,96.3223037719727,0
root/Europe&CentralAsiaFrance,root,0,0,0,0,0,0,0,80.7367706298828,0,81.5232925415039,82.2004699707031,0,82.8562393188477,83.641227722168,0,85.4027404785156,85.5595169067383,85.3985366821289,85.1909103393555,85.53343200683591,86.07797241210942,0,91.0207901000977,91.91409301757808,96.1630477905273,96.6641311645508,96.0834503173828,95.18238067626949,0,93.9882431030273,93.4186477661133,93.45738983154301,94.3866729736328,95.24395751953129,95.7003631591797,0,0,0,99.1392669677734,98.8324813842773,98.53746795654301,98.5714797973633,99.6290512084961,0,0,0,0,0
root/Europe&CentralAsiaGeorgia,root,0,0,0,0,0,0,0,0,0,0,0,0,0,0,0,0,0,0,0,0,0,0,0,0,0,0,75.7081527709961,75.871711730957,0,76.003532409668,76.4681167602539,0,0,0,0,74.0937728881836,76.6077423095703,0,79.5934295654297,0,0,0,0,88.17205810546879,92.19027709960942,95.06784057617192,96.83154296875,0
root/Europe&CentralAsiaGreece,root,0,46.73442077636721,50.35758972167971,51.383140563964794,52.352199554443395,53.5613288879395,56.252689361572294,57.98796081542971,61.4381294250488,63.31867980957029,68.42236328125,0,74.8246765136719,0,77.3137283325195,78.7418212890625,79.5341796875,81.2041091918945,80.9174270629883,81.6751403808594,0,81.9432678222656,82.1633377075195,0,79.9294128417969,0,83.56414794921879,83.0348663330078,82.6996231079102,82.0394287109375,81.9186630249023,83.2976531982422,84.7799835205078,83.8250732421875,84.91908264160159,87.481201171875,86.6385269165039,83.9377517700195,0,0,90.6042861938477,0,0,89.79029083251949,87.9747085571289,89.3648529052734,0,0
root/Europe&CentralAsiaHungary,root,0,0,0,0,0,0,0,0,0,0,0,0,0,0,0,0,0,0,0,0,0,0,0,0,0,0,0,82.5790710449219,82.260612487793,83.9948196411133,85.38043212890629,87.6116714477539,88.9701080322266,90.447021484375,88.99542236328129,89.8334426879883,89.9722137451172,90.0144195556641,89.37249755859379,89.03463745117192,89.04486083984379,88.2138137817383,88.80142211914058,89.59557342529301,89.8529586791992,89.30239868164058,89.2274017333984,0
root/Europe&CentralAsiaIceland,root,0,0,0,0,0,0,0,0,0,0,0,0,0,0,0,0,0,0,0,0,0,0,0,0,0,0,0,0,86.699951171875,86.01917266845699,84.70037841796879,83.9795913696289,86.7945175170898,89.3381118774414,90.9960784912109,91.6234664916992,91.317138671875,91.00057983398442,89.8570938110352,87.9898223876953,88.5661392211914,87.21240234375,87.58509063720699,88.8924102783203,89.8803024291992,90.59133911132808,0,0
root/Europe&CentralAsiaIreland,root,0,64.81252288818361,66.0450897216797,71.1835632324219,74.0989532470703,76.1404266357422,77.0660705566406,77.6243591308594,78.4233627319336,0,0,0,85.12892150878909,0,0,0,0,0,0,0,0,77.89927673339841,79.5771102905273,0,0,83.25086975097659,83.149772644043,82.2871475219727,88.9266891479492,87.68714141845699,87.8809127807617,87.73309326171879,89.7887725830078,91.8952102661133,94.4024429321289,96.2943572998047,97.4327621459961,98.53634643554692,99.2808074951172,100.0,0,0,0,0,0,0,0,0
root/Europe&CentralAsiaItaly,root,0,0,0,0,0,0,0,0,0,0,0,0,0,0,0,0,0,0,0,0,0,0,0,0,0,0,0,0,0,85.2973709106445,85.0303497314453,88.65838623046879,90.0743408203125,90.9711532592773,92.35059356689449,92.27056884765629,92.9714202880859,92.7913665771484,94.6987533569336,94.5100631713867,95.6399078369141,93.8696517944336,93.7685317993164,95.3285598754883,95.7158737182617,96.22885131835942,0,0
root/Europe&CentralAsiaKazakhstan,root,0,0,0,0,0,0,0,0,0,0,0,0,0,0,0,0,0,0,0,0,0,0,0,0,0,0,0,0,0,0,90.28795623779301,0,0,0,0,0,93.5862274169922,0,0,0,91.89031982421879,92.3684921264648,0,93.6873397827148,0,0,0,100.0
root/Europe&CentralAsiaKyrgyzRepublic,root,0,0,0,0,0,0,0,0,0,0,0,0,0,0,0,0,0,0,0,0,0,0,0,0,0,0,0,0,0,0,0,0,0,0,82.6613235473633,80.8321914672852,80.8674392700195,80.6388473510742,0,0,0,0,0,0,81.3406219482422,82.8561172485352,85.4869689941406,0
root/Europe&CentralAsiaLatvia,root,0,0,0,0,0,0,0,0,0,0,0,0,0,0,0,0,0,0,0,0,0,0,0,0,0,0,0,0,0,0,0,0,0,0,0,0,0,0,89.3399276733398,86.81976318359379,84.84259033203129,84.56378173828129,84.5088119506836,89.1866226196289,91.7862396240234,94.2508010864258,0,0
root/Europe&CentralAsiaLiechtenstein,root,0,0,0,0,0,0,0,0,0,0,0,0,0,0,0,0,0,0,0,0,0,0,0,0,0,0,0,0,0,0,0,0,0,87.6866683959961,89.68421173095699,0,0,0,86.7298583984375,85.733512878418,85.80039978027341,85.85723876953129,87.20852661132808,0,0,84.22865295410159,83.7570571899414,0
root/Europe&CentralAsiaLithuania,root,0,0,0,0,0,0,0,0,0,0,0,0,0,0,0,0,0,0,0,0,0,0,0,0,0,84.7100601196289,0,0,90.11215209960942,91.07762908935551,92.3135986328125,93.1856689453125,94.9254531860352,96.5777969360352,97.62857055664058,97.4573974609375,96.2699127197266,95.4215469360352,94.61782836914058,94.2922821044922,93.72384643554692,93.0402603149414,92.13854217529301,92.62268829345699,93.3584136962891,93.6594009399414,93.4911117553711,0
root/Europe&CentralAsiaLuxembourg,root,0,43.719810485839794,44.018558502197294,44.8235397338867,45.9985694885254,56.4054107666016,56.7635612487793,57.7781295776367,0,0,0,0,66.5435104370117,66.29177093505861,67.0151214599609,0,68.02655029296879,67.9367294311523,62.720630645752,0,0,0,0,0,0,0,72.1890411376953,72.2243576049805,0,86.3407363891602,86.45437622070308,83.9689178466797,82.710693359375,82.6212387084961,82.1470108032227,85.6355361938477,85.593620300293,85.7858123779297,86.3686981201172,0,88.4906463623047,88.2903594970703,87.5302581787109,86.9379196166992,86.5126724243164,86.1491165161133,0,0
root/Europe&CentralAsiaMacedoniaFYR,root,0,0,0,0,0,0,0,0,0,0,0,0,0,0,0,0,0,0,0,0,0,0,0,0,0,0,0,0,0,0,0,0,0,0,0,77.5917587280273,0,0,0,0,0,0,0,0,0,0,0,0
root/Europe&CentralAsiaMoldova,root,0,0,0,0,0,0,0,0,0,0,0,0,0,0,0,0,0,0,0,0,0,0,0,0,0,0,0,0,0,0,79.3260269165039,79.2605514526367,80.2296829223633,81.7203369140625,83.1821594238281,83.2242202758789,83.0566101074219,81.85386657714841,85.217887878418,80.48338317871091,79.31622314453129,78.3911819458008,78.3321990966797,77.717399597168,77.1835021972656,76.6094970703125,0,0
root/Europe&CentralAsiaMontenegro,root,0,0,0,0,0,0,0,0,0,0,0,0,0,0,0,0,0,0,0,0,0,0,0,0,0,0,0,0,0,0,0,0,0,0,0,0,0,0,0,0,0,0,0,0,0,0,90.1801223754883,0
root/Europe&CentralAsiaNetherlands,root,0,65.5342330932617,69.0247268676758,71.5733184814453,74.0547714233398,75.5706405639648,79.5708694458008,80.892936706543,81.6465377807617,81.58851623535159,81.6049575805664,81.8273468017578,82.9864807128906,84.5199432373047,86.22055053710942,86.5056533813477,90.01309204101558,89.515869140625,87.4719085693359,85.7511367797852,84.882682800293,84.73341369628909,85.77496337890629,87.5183563232422,0,91.2347412109375,91.1966018676758,89.7777633666992,0,91.2827911376953,0,0,89.47283935546879,88.5552597045898,89.2188491821289,87.84558868408199,89.2255630493164,89.17266845703129,88.76378631591801,88.23316192626949,88.5000381469727,89.71145629882808,90.1992416381836,0,0,93.23632049560551,93.8006820678711,0
root/Europe&CentralAsiaNorway,root,0,0,0,0,0,0,0,0,81.5214920043945,83.7298202514648,0,85.4851913452148,86.2812118530273,0,87.25525665283199,87.74356079101558,87.7201614379883,86.71179962158199,86.2148666381836,86.6188125610352,88.40258026123051,88.3977737426758,89.15286254882808,90.8092575073242,0,0,0,96.7939300537109,96.5487594604492,95.65374755859379,95.2182083129883,94.81912231445308,94.697509765625,95.5517425537109,96.6370010375977,97.2180709838867,97.6161117553711,97.7954330444336,96.8479766845703,95.9383773803711,95.4312591552734,95.0898818969727,95.1736068725586,95.19824981689449,95.5702285766602,95.9110870361328,96.14232635498051,0
root/Europe&CentralAsiaPoland,root,0,0,0,0,0,0,0,0,0,0,0,0,0,0,0,0,0,0,0,0,0,0,0,0,0,0,0,0,0,92.02977752685551,92.1101837158203,92.9059066772461,93.64486694335942,93.7630615234375,92.4032363891602,93.6908721923828,93.5043563842773,93.0494232177734,92.3568801879883,91.46807861328129,90.7853012084961,90.0760269165039,89.9427032470703,91.2688217163086,91.4566192626953,92.2921524047852,92.66799926757808,0
root/Europe&CentralAsiaPortugal,root,0,0,0,20.777309417724602,22.1627597808838,0,29.9043998718262,0,32.8313484191895,0,0,0,0,0,0,0,0,0,0,0,0,0,0,74.5589218139648,80.444206237793,78.3424987792969,0,0,0,83.5522689819336,84.22071838378909,81.8641586303711,81.2538528442383,84.0071029663086,0,85.9677276611328,86.1952667236328,0,0,0,0,0,0,93.1085891723633,93.13836669921879,0,94.10482788085942,0
root/Europe&CentralAsiaRomania,root,0,0,0,0,0,0,0,0,0,0,0,0,0,0,0,0,0,0,0,0,0,0,0,0,0,0,70.72767639160159,71.4446563720703,0,0,0,0,0,0,0,0,0,0,0,0,0,0,0,0,83.7847366333008,82.8950729370117,80.8657531738281,0
root/Europe&CentralAsiaSerbia,root,0,0,0,0,0,0,0,0,0,0,0,0,0,0,0,0,0,0,0,0,0,0,0,0,0,0,0,0,0,0,0,0,0,0,0,0,0,0,90.7561187744141,91.4156112670898,91.0513534545898,93.5763397216797,94.2484970092773,94.3170623779297,93.2281112670898,94.5781021118164,93.8972396850586,0
root/Europe&CentralAsiaSlovenia,root,0,0,0,0,0,0,0,0,0,0,0,0,0,0,0,0,0,0,0,0,0,0,0,0,0,0,0,0,90.2684478759766,91.58641815185551,93.0245590209961,93.17034912109379,93.1661529541016,93.35964965820308,92.4143295288086,92.1417083740234,91.9772720336914,93.3542633056641,93.4085922241211,93.8540191650391,94.1905517578125,94.09097290039058,94.16632080078129,95.14977264404301,94.68826293945308,96.40918731689449,0,0
root/Europe&CentralAsiaSpain,root,0,41.6127815246582,40.880100250244105,48.113189697265604,0,56.16535949707029,59.3922996520996,63.0399513244629,65.5869674682617,68.6567535400391,72.2676162719727,73.8488006591797,0,0,0,0,0,0,0,0,0,0,0,0,0,0,0,0,0,88.3769378662109,90.2150421142578,92.0528717041016,92.8294296264648,93.27526092529301,94.6901321411133,95.0189590454102,94.63995361328129,94.4861602783203,94.651611328125,95.1107406616211,95.8586807250977,95.59078979492192,96.3039779663086,96.8298492431641,96.9321136474609,96.8488311767578,97.1592025756836,0
root/Europe&CentralAsiaSweden,root,0,0,0,0,0,0,0,0,0,0,0,0,0,0,0,0,0,0,0,85.0346298217773,85.29872131347659,85.7726669311523,86.9744415283203,90.74520874023442,93.94418334960942,95.901123046875,97.91436767578129,98.30113983154301,0,97.8803482055664,97.3226318359375,95.82907104492192,97.7968368530273,98.5950698852539,100.0,100.0,99.72325897216801,98.4438323974609,97.1718521118164,95.0837173461914,93.0893402099609,91.6258010864258,92.5290985107422,94.2885589599609,96.5117874145508,99.4590301513672,0,0
root/Europe&CentralAsiaSwitzerland,root,0,0,0,0,0,0,0,0,0,0,0,73.57713317871091,73.5410079956055,73.3912734985352,73.2908020019531,73.4273223876953,73.19537353515629,73.0036697387695,73.1976776123047,73.2838897705078,74.0161590576172,75.2041473388672,75.87628173828129,76.9493408203125,78.25640869140629,0,0,0,0,81.57904052734379,82.0639266967773,81.95555114746091,80.9447021484375,80.7437973022461,81.1470184326172,82.0186233520508,82.5977325439453,82.4511413574219,82.3033065795898,81.5626678466797,82.0823669433594,81.77073669433591,79.8094482421875,82.3273391723633,83.2295608520508,83.79962158203129,84.473876953125,0
root/Europe&CentralAsiaTajikistan,root,0,0,0,0,0,0,0,0,0,0,0,0,0,0,0,0,0,0,0,0,0,0,0,0,0,0,0,0,0,58.954158782959006,65.09042358398439,65.8942031860352,68.5745086669922,0,72.1996307373047,72.3649063110352,72.96868896484379,74.4086227416992,76.48033142089841,77.114387512207,77.3614273071289,78.18226623535159,0,0,0,0,0,0
root/Europe&CentralAsiaTurkey,root,0,0,0,0,14.9567003250122,0,0,0,0,0,0,0,0,0,0,0,0,0,0,0,0,0,0,0,0,0,0,45.082889556884794,0,49.5561408996582,56.752079010009794,64.7867431640625,64.65048980712889,65.1175918579102,67.6033401489258,70.46180725097659,73.2810897827148,75.3509979248047,75.7346496582031,73.4052429199219,78.0549774169922,81.4704895019531,79.53746032714841,85.4523696899414,86.635986328125,85.9541473388672,0,0
root/Europe&CentralAsiaUkraine,root,0,0,0,0,0,0,0,0,0,0,0,0,0,0,0,0,0,0,0,0,0,0,0,0,0,0,0,0,0,0,95.7656478881836,95.9138565063477,91.4957962036133,91.8722305297852,90.9205322265625,83.164421081543,87.57225799560551,87.3260269165039,87.03565216064449,86.12319946289058,86.1995315551758,84.2349166870117,84.8363494873047,85.541633605957,86.6827011108398,0,0,0
root/Europe&CentralAsiaUnitedKingdom,root,0,70.7865371704102,71.000862121582,71.4720230102539,76.61390686035159,76.4068603515625,77.8794174194336,77.4416198730469,76.67771911621091,76.1265563964844,0,78.1389236450195,79.00537109375,80.0855407714844,80.119873046875,0,81.6317596435547,81.1045684814453,0,0,79.5023193359375,82.1791687011719,84.8159637451172,92.04226684570308,93.7915878295898,94.8075790405273,94.1529769897461,93.0754623413086,93.9200210571289,95.1277236938477,95.33953857421879,95.61412811279301,96.5680694580078,97.0382308959961,96.57373046875,97.3804397583008,94.15341186523442,92.73397827148442,93.81790161132808,95.46817016601558,96.9470977783203,93.56228637695308,91.29464721679692,94.7786865234375,98.34893798828129,99.3290634155273,0,0
root/Europe&CentralAsiaUzbekistan,root,0,0,0,0,0,0,0,0,0,0,0,0,0,0,0,0,0,0,0,0,0,0,0,0,0,0,0,0,0,0,0,0,0,0,0,0,0,0,0,0,85.42462158203129,85.9813766479492,87.67813110351558,87.8530502319336,87.5266265869141,88.09603881835942,89.0194473266602,90.04151153564449
root/LatinAmerica&CaribbeanAntiguaandBarbuda,root,0,0,0,0,0,0,0,0,0,0,0,0,0,0,0,0,0,0,0,0,0,0,0,0,0,0,0,0,0,0,59.3858299255371,0,0,0,0,0,0,0,0,80.0788497924805,79.7638320922852,0,86.7612762451172,0,74.3673934936523,75.8109970092773,0,0
root/LatinAmerica&CaribbeanArgentina,root,0,0,0,0,42.8045310974121,44.488651275634794,0,0,0,0,0,0,0,0,0,0,0,0,0,0,0,0,0,0,0,0,0,0,77.2218017578125,79.330451965332,81.3591613769531,81.8891220092773,81.73175048828129,81.8097229003906,82.54930114746091,82.5893783569336,83.2020034790039,83.6299285888672,85.1266708374023,86.9369964599609,87.8482437133789,89.2702407836914,90.83956909179692,91.18515014648442,90.9160995483398,90.9405288696289,0,0
root/LatinAmerica&CaribbeanAruba,root,0,0,0,0,0,0,0,0,0,0,0,0,0,0,0,0,0,0,0,0,0,0,0,0,0,0,0,0,0,81.0249786376953,78.867919921875,74.2290115356445,79.276611328125,74.7853469848633,73.4344787597656,75.6986999511719,0,81.7968826293945,77.87982177734379,80.97251892089841,0,80.6824264526367,0,0,0,0,0,0
root/LatinAmerica&CaribbeanBahamasThe,root,0,0,0,0,0,0,0,0,0,0,0,0,0,0,0,0,0,0,0,0,0,0,90.43374633789058,90.4920425415039,0,0,0,0,0,70.447883605957,0,0,0,0,80.12123107910159,83.1852493286133,85.5381698608398,89.33541870117192,87.8097305297852,85.90817260742192,85.685546875,0,0,0,0,0,85.6225280761719,0
root/LatinAmerica&CaribbeanBarbados,root,0,0,0,0,0,0,0,0,84.0998764038086,0,0,84.7067489624023,86.1506729125977,84.1284866333008,85.2124404907227,88.89459228515629,0,0,0,84.0444564819336,73.6686630249023,0,0,0,0,0,0,0,0,94.93646240234379,91.2734909057617,85.1453323364258,87.1914215087891,89.1919403076172,95.1500930786133,92.0335006713867,91.7620620727539,93.7647705078125,88.9463882446289,84.9498291015625,85.1765670776367,91.5670394897461,0,0,100.0,0,99.6003875732422,0
root/LatinAmerica&CaribbeanBelize,root,0,0,0,0,0,0,0,0,0,0,0,0,0,0,0,0,0,0,0,0,0,0,0,0,0,0,0,0,0,57.1718902587891,60.153480529785206,61.89530944824221,0,69.3468475341797,0,66.3564300537109,66.9631423950195,66.46750640869139,66.0604629516602,66.3052215576172,66.27761840820311,67.63958740234379,68.8439483642578,71.0969467163086,71.3256912231445,71.0710906982422,73.71852111816409,0
root/LatinAmerica&CaribbeanBolivia,root,0,0,0,0,0,0,0,0,0,0,0,0,0,0,0,0,0,0,0,0,0,0,0,0,0,0,0,0,0,0,58.8556098937988,61.9670181274414,66.6720123291016,69.503776550293,71.97862243652341,73.1092987060547,72.9936294555664,72.9074172973633,72.3636169433594,73.3750381469727,73.3959503173828,73.178581237793,74.57749938964841,76.2438430786133,76.9928207397461,77.7890930175781,78.1052703857422,0
root/LatinAmerica&CaribbeanBrazil,root,0,0,0,0,0,0,0,0,0,0,0,0,0,0,0,0,0,0,0,0,0,0,0,0,0,0,0,0,0,0,0,0,0,0,0,0,0,77.4828567504883,0,82.7320327758789,0,81.3671493530273,81.4958267211914,84.5736389160156,85.3519668579102,83.0870132446289,0,0
root/LatinAmerica&CaribbeanChile,root,0,0,0,0,0,0,0,0,0,0,0,0,0,0,0,0,0,0,0,0,0,0,0,0,0,0,0,0,0,0,0,0,0,0,0,0,0,91.4627685546875,90.71163940429692,88.4720916748047,89.2069320678711,88.7891616821289,87.2036590576172,89.0713272094727,88.9689102172852,88.8247299194336,88.66552734375,0
root/LatinAmerica&CaribbeanColombia,root,0,0,0,0,0,0,0,0,0,0,0,0,0,0,0,0,0,0,0,0,0,0,0,0,0,0,0,0,0,0,0,0,0,0,0,67.4310836791992,72.711051940918,76.1379318237305,77.3325424194336,80.462646484375,81.8307800292969,83.9671936035156,82.4131774902344,82.810302734375,81.6438369750977,81.271728515625,81.57830810546879,0
root/LatinAmerica&CaribbeanCostaRica,root,23.521390914917003,0,0,33.2223587036133,0,36.536651611328104,37.167610168456996,0,0,40.7539215087891,0,41.2222785949707,39.5003890991211,0,0,36.0546112060547,36.551521301269496,37.2332801818848,0,37.52540969848629,38.665340423584,39.375770568847706,0,0,0,0,0,0,0,0,0,0,0,0,0,0,0,0,0,0,0,78.0332794189453,77.9813690185547,79.4083633422852,80.1432113647461,82.1979598999023,84.45252990722659,0
root/LatinAmerica&CaribbeanCuba,root,0,0,20.216119766235398,21.9988803863525,25.8283290863037,0,0,0,0,61.434421539306605,0,0,0,0,0,0,71.3393173217773,70.1053009033203,70.9906005859375,73.3569717407227,71.9568176269531,74.32264709472659,72.8782196044922,0,64.537109375,0,0,0,0,79.4858322143555,81.8847885131836,84.230583190918,82.9191131591797,85.0545883178711,86.1049270629883,87.1679306030273,88.5712127685547,87.6665878295898,86.5997085571289,85.2558670043945,87.9514617919922,88.881591796875,88.7515487670898,89.7751312255859,88.68612670898442,88.3546676635742,0,0
root/LatinAmerica&CaribbeanDominica,root,0,0,0,0,0,0,0,0,0,0,0,0,0,0,0,0,0,0,0,0,0,0,0,0,0,0,0,0,0,88.16314697265629,89.548828125,86.98532104492192,0,93.0352783203125,93.9191207885742,92.10997772216801,83.182746887207,0,0,83.9130401611328,83.7525863647461,81.5300216674805,0,0,0,87.1532821655273,96.60363006591801,0
root/LatinAmerica&CaribbeanDominicanRepublic,root,0,0,0,0,0,0,0,0,0,0,0,0,0,0,0,0,0,0,0,0,0,0,0,0,0,0,0,0,0,43.300510406494105,44.186729431152294,0,55.6720085144043,0,53.49443054199221,57.5118408203125,0,66.88913726806639,65.05222320556639,66.4181365966797,66.4394378662109,66.2035369873047,66.9640274047852,68.6940994262695,69.8394927978516,70.4474868774414,70.8031921386719,0
root/LatinAmerica&CaribbeanEcuador,root,0,0,0,0,0,0,0,0,0,0,0,0,0,0,0,0,0,0,0,0,0,0,0,0,0,0,0,0,47.49092102050779,48.1023483276367,48.6303901672363,49.5011215209961,50.3573989868164,50.6400299072266,50.9883613586426,53.6355400085449,55.127838134765604,56.571781158447294,0,0,75.1057662963867,77.3193664550781,80.4391326904297,83.2368927001953,83.7646865844727,86.12164306640629,88.1794815063477,89.2742919921875
root/LatinAmerica&CaribbeanElSalvador,root,0,0,0,0,0,0,0,0,0,0,0,0,0,0,0,0,0,0,0,0,0,0,0,0,0,0,0,0,0,0,47.616428375244105,49.37873840332029,53.0849189758301,0,0,57.978588104248,57.205440521240206,57.336399078369105,58.068111419677706,59.5656890869141,61.9491691589355,64.0266189575195,65.9582138061523,67.98013305664061,67.77999877929689,66.4301376342773,65.1082916259766,0
root/LatinAmerica&CaribbeanGrenada,root,0,0,24.9025096893311,0,0,0,0,0,0,0,0,0,0,0,0,0,0,0,0,0,0,0,0,0,0,0,0,0,0,0,0,0,91.2347030639648,76.0084609985352,83.5090866088867,77.1222305297852,0,0,0,0,0,0,0,80.9249725341797,83.5132293701172,86.3467788696289,90.1683502197266,0
root/LatinAmerica&CaribbeanGuatemala,root,0,0,6.90698003768921,0,8.25652980804443,8.85315990447998,0,0,0,0,0,0,0,0,0,0,0,0,0,0,0,0,0,0,0,0,0,0,0,20.562969207763697,24.345430374145497,27.9563694000244,28.347469329834,0,0,0,0,0,37.326099395752,39.3553314208984,43.0955085754395,43.4058418273926,44.078971862793,44.297210693359396,44.9645805358887,46.3163185119629,46.1585083007813,0
root/LatinAmerica&CaribbeanGuyana,root,0,54.728111267089794,0,0,0,0,0,0,0,0,0,0,0,0,0,0,0,0,0,0,0,0,0,0,0,0,0,0,0,71.01524353027341,0,0,0,0,0,0,0,0,0,76.5185317993164,0,89.9474029541016,85.8666763305664,0,0,0,0,0
root/LatinAmerica&CaribbeanHonduras,root,0,0,0,0,0,0,0,0,0,0,0,0,0,25.533519744873,0,0,0,0,0,0,0,0,0,0,0,0,0,0,0,0,0,0,0,0,0,0,0,0,0,0,0,0,0,48.2664909362793,48.2057304382324,48.0486907958984,48.84577941894529,0
root/LatinAmerica&CaribbeanJamaica,root,0,0,0,0,0,59.9557609558105,62.4137992858887,62.351921081543,0,0,0,68.1782913208008,0,64.597412109375,62.2872314453125,63.052730560302706,61.6038017272949,0,0,0,0,0,0,0,0,0,0,0,0,81.78990173339841,77.6661682128906,76.7019424438477,77.4331436157227,78.12364196777341,83.2735214233398,83.6806106567383,0,0,0,0,0,79.7643508911133,0,76.4400863647461,76.1997299194336,75.4629287719727,76.78173828125,0
root/LatinAmerica&CaribbeanMexico,root,0,0,0,0,0,0,0,0,0,0,0,0,0,0,0,0,0,0,0,0,0,0,0,0,0,0,0,0,0,53.8530082702637,55.3409194946289,0,60.324821472168,63.2065582275391,65.012092590332,66.62924957275389,68.0054168701172,69.37933349609379,70.1110763549805,69.9764404296875,69.6642379760742,69.36279296875,69.57952880859379,72.6909484863281,74.4079132080078,76.82305908203129,78.6078872680664,0
root/LatinAmerica&CaribbeanNicaragua,root,0,11.654560089111301,0,0,0,0,0,0,0,0,22.388860702514602,0,0,24.016939163207997,20.7883205413818,21.641700744628896,22.7666397094727,24.792329788207997,0,25.882989883422898,0,0,0,0,0,0,0,0,0,0,38.208900451660206,40.0321807861328,42.3778495788574,0,44.7409896850586,47.781909942627,50.2527389526367,0,0,0,52.9563598632813,0,0,0,0,0,0,0
root/LatinAmerica&CaribbeanPanama,root,0,0,0,0,0,0,0,0,0,0,0,0,0,0,0,0,0,0,0,0,0,0,0,0,0,0,0,0,0,60.004119873046896,61.2613410949707,63.365329742431605,65.101692199707,0,64.4875030517578,64.5438232421875,0,0,66.1114883422852,66.3769989013672,68.587272644043,68.3821868896484,0,72.9283828735352,71.7327880859375,72.0266799926758,0,0
root/LatinAmerica&CaribbeanParaguay,root,0,0,0,0,0,0,0,0,0,0,0,0,0,0,0,0,0,0,0,0,0,0,0,0,34.3257904052734,0,39.567131042480504,0,44.5200004577637,47.6082611083984,0,53.5582618713379,55.0012893676758,56.4214401245117,58.6136703491211,59.5395088195801,60.1609916687012,60.7778205871582,62.287391662597706,62.814388275146506,63.9600486755371,65.79103851318361,66.3180465698242,0,0,0,0,0
root/LatinAmerica&CaribbeanPeru,root,23.197660446167003,0,0,0,0,0,0,0,0,0,0,41.768009185791,0,0,0,0,0,0,0,0,0,0,0,0,0,52.1739501953125,0,0,60.910701751709006,61.7676391601563,63.864051818847706,66.6630401611328,67.3620529174805,0,68.1773681640625,69.60067749023439,72.1924285888672,75.9625778198242,77.6753768920898,80.4776611328125,80.7018508911133,81.1748275756836,75.83714294433591,80.5659713745117,79.40187072753909,78.65196228027341,80.32215881347659,0
root/LatinAmerica&CaribbeanPuertoRico,root,0,0,0,0,0,0,0,0,0,0,0,0,0,0,0,0,0,0,0,0,0,0,0,0,0,0,0,0,0,0,0,0,0,0,0,0,0,0,0,0,0,75.0664291381836,76.1821365356445,77.2484970092773,77.70068359375,77.0969161987305,0,0
root/LatinAmerica&CaribbeanStLucia,root,0,0,0,0,0,0,0,0,0,0,0,0,0,0,0,0,0,0,0,0,0,0,0,0,0,0,0,0,0,68.4048385620117,69.5126190185547,67.53098297119139,67.6045074462891,70.57289123535159,61.394561767578104,74.3370895385742,76.1036605834961,82.46556091308591,82.7529373168945,85.3431015014648,83.7237014770508,83.47605895996091,83.0195617675781,81.1555862426758,0,79.7060775756836,79.6699523925781,0
root/LatinAmerica&CaribbeanStVincentandtheGrenadines,root,0,0,0,0,0,0,0,0,0,0,0,0,0,0,43.7894515991211,0,0,0,0,0,0,0,0,0,0,0,0,0,0,0,78.3774490356445,73.37413024902341,79.18077087402341,75.0135498046875,79.17047119140629,82.4114990234375,0,0,95.58519744873051,92.5897903442383,86.5157928466797,0,0,83.58717346191409,85.8020935058594,89.21240234375,90.56482696533199,0
root/LatinAmerica&CaribbeanSuriname,root,0,0,0,0,0,0,0,0,0,0,0,0,0,0,0,0,0,55.83110046386721,54.2034187316895,0,0,0,0,0,0,0,0,0,0,0,0,0,0,0,0,0,0,0,0,50.1727409362793,56.0401191711426,56.95903015136721,58.0949287414551,60.6719818115234,61.1641311645508,64.71810913085939,0,0
root/LatinAmerica&CaribbeanTrinidadandTobago,root,0,36.068489074706996,36.313728332519496,0,0,0,0,0,0,0,0,0,0,0,0,0,0,0,0,0,0,0,0,68.0233612060547,0,0,0,0,0,0,0,0,0,0,75.1611328125,0,0,0,0,0,0,0,0,0,0,0,0,0
root/LatinAmerica&CaribbeanUruguay,root,0,0,0,0,0,0,0,0,0,0,0,0,0,0,0,0,0,0,0,0,0,0,0,0,0,0,0,0,0,0,0,0,0,0,0,0,0,71.0874099731445,72.9589462280273,75.74278259277341,76.0851287841797,0,0,78.9291534423828,79.52760314941409,84.5685119628906,0,0
root/LatinAmerica&CaribbeanVenezuelaRB,root,0,25.952709197998,28.347509384155302,0,0,0,0,0,0,0,0,0,0,0,0,0,0,0,0,0,0,0,0,0,0,0,0,0,0,52.9298095703125,55.3410301208496,58.244808197021506,60.6383781433105,62.0896987915039,64.3345108032227,66.12436676025389,69.560676574707,71.7211380004883,72.4746780395508,73.8710098266602,74.1856231689453,75.2835006713867,76.5431900024414,77.0514602661133,78.3319320678711,75.7957305908203,73.97242736816409,0
root/MiddleEast&NorthAfricaAlgeria,root,0,5.42320013046265,0,0,0,0,0,0,0,0,0,0,0,0,32.310501098632805,0,0,0,0,0,0,0,0,0,0,48.8516998291016,49.663490295410206,51.004188537597706,0,0,0,0,0,0,0,0,0,0,0,0,0,0,0,0,0,0,0,0
root/MiddleEast&NorthAfricaBahrain,root,0,0,0,0,0,0,0,44.630008697509794,46.201210021972706,49.2368011474609,0,0,56.04924011230471,66.5605621337891,66.69595336914061,71.89288330078129,76.0206985473633,73.6597137451172,0,76.32676696777341,0,0,0,0,93.44872283935551,94.1834716796875,0,89.4088516235352,88.2167816162109,87.6979522705078,90.5473098754883,92.2148590087891,91.2434616088867,91.32534790039058,91.9668731689453,93.0085601806641,93.114013671875,0,88.5834503173828,87.6854400634766,87.0923614501953,87.10220336914058,85.4897232055664,86.9765625,89.1617279052734,91.3727798461914,93.89230346679692,0
root/MiddleEast&NorthAfricaDjibouti,root,0,0,0,0,0,0,0,0,0,0,0,0,0,0,0,6.82226991653442,7.45911979675293,8.24604034423828,8.02031993865967,0,0,0,0,0,0,0,0,9.36981964111328,0,0,0,11.064929962158198,11.3856801986694,0,15.638389587402301,16.7462005615234,0,0,21.548889160156303,0,0,0,0,0,0,31.6552791595459,0,0
root/MiddleEast&NorthAfricaEgyptArabRep,root,0,17.5236301422119,17.7578506469727,19.7741298675537,19.7296104431152,0,0,0,0,0,0,0,0,0,0,0,0,0,0,0,0,0,0,0,58.2756500244141,0,0,0,0,0,0,0,0,0,0,0,0,0,0,0,0,0,0,0,79.66844177246091,0,81.6090393066406,0
root/MiddleEast&NorthAfricaIranIslamicRep,root,0,0,0,0,0,0,0,0,0,0,0,0,0,0,0,0,0,0,0,0,0,0,0,0,0,0,0,0,0,0,0,0,0,0,0,0,0,0,0,77.3587417602539,76.7223663330078,79.9268493652344,82.1479263305664,78.7204895019531,81.0376205444336,72.6750564575195,0,0
root/MiddleEast&NorthAfricaIraq,root,0,0,0,0,0,16.0332107543945,16.2830295562744,18.034559249877898,21.1531600952148,24.549009323120103,27.281919479370103,29.111230850219698,30.906679153442397,0,0,29.669950485229503,0,30.3435592651367,30.0341491699219,30.0442295074463,0,0,0,28.123949050903303,0,0,0,0,0,24.132980346679698,25.5713195800781,0,0,30.937599182128896,33.5866889953613,0,0,39.8963584899902,0,0,0,0,0,0,0,0,0,0
root/MiddleEast&NorthAfricaIsrael,root,0,0,0,0,0,0,0,0,0,0,0,0,0,0,0,0,0,0,0,0,0,0,0,0,0,0,0,0,0,96.4263229370117,98.635009765625,99.39441680908199,100.0,99.30709838867192,100.0,100.0,100.0,100.0,0,0,0,99.5887832641602,98.8665313720703,99.1607284545898,99.63343048095699,99.8455810546875,0,0
root/MiddleEast&NorthAfricaJordan,root,0,0,0,0,0,0,0,0,0,0,0,0,0,0,0,0,0,0,0,0,0,0,0,0,0,0,0,0,0,77.6511993408203,77.8011093139648,0,80.71690368652341,81.2841415405273,80.1320419311523,78.6315078735352,81.4990310668945,0,82.556510925293,0,0,78.515007019043,0,71.44281005859379,70.2790374755859,0,0,0
root/MiddleEast&NorthAfricaKuwait,root,0,48.4575691223145,49.0577583312988,48.7654495239258,0,0,0,0,0,0,0,0,0,0,0,0,0,0,0,0,0,0,46.373619079589794,0,67.4365615844727,0,96.7386627197266,92.86792755126949,0,83.9198532104492,82.1912307739258,81.51963806152341,0,0,0,0,93.4345321655273,91.8651809692383,91.1326904296875,87.93038940429692,89.68649291992192,87.21826934814449,87.93569946289058,86.80941772460942,86.4230194091797,89.1149673461914,0,0
root/MiddleEast&NorthAfricaLebanon,root,0,0,0,0,0,0,0,0,0,0,0,0,0,0,0,0,0,0,0,0,0,0,0,0,0,0,0,0,0,0,0,0,0,0,0,0,69.30673980712889,69.6731491088867,69.9729690551758,71.07652282714841,69.55368041992189,69.7281875610352,64.99359130859379,0,0,0,0,0
root/MiddleEast&NorthAfricaLibya,root,0,0,0,0,0,0,0,33.6398887634277,41.06650924682621,45.35884094238279,48.0551681518555,46.5829887390137,0,48.923999786377,0,0,0,0,0,0,0,0,0,0,0,0,0,0,0,0,0,0,0,0,0,0,0,0,0,0,0,0,0,0,0,0,0,0
root/MiddleEast&NorthAfricaMalta,root,0,49.7761306762695,54.971160888671896,58.707210540771506,59.3414916992188,66.77902984619139,69.1660308837891,65.1123504638672,63.342380523681605,60.926139831543,65.4928512573242,62.2733001708984,67.9551315307617,72.1690292358398,73.9524307250977,76.9594497680664,75.1286926269531,73.7308731079102,73.8213272094727,74.4284896850586,76.2836685180664,76.4927520751953,78.8881530761719,78.5383071899414,77.5430526733398,79.9460983276367,82.2019119262695,81.2343063354492,80.6973190307617,79.60325622558591,82.5659408569336,81.8631973266602,83.2037734985352,87.7928237915039,90.84300994873051,89.6934280395508,87.09046173095699,0,81.1634521484375,0,82.4632034301758,0,90.33413696289058,89.49307250976558,90.5016403198242,91.9829788208008,91.7812881469727,0
root/MiddleEast&NorthAfricaMorocco,root,0,0,0,0,0,0,0,0,0,0,0,0,0,0,0,0,0,0,0,0,0,0,0,0,0,0,0,0,0,0,0,0,0,0,0,37.38376998901371,39.909030914306605,42.767608642578104,44.696659088134794,0,48.3679313659668,50.9881401062012,53.6002616882324,0,0,0,0,0
root/MiddleEast&NorthAfricaOman,root,0,0,0,0,0,0,0,0,0,0,0,0,6.728209972381589,0,0,0,0,0,0,0,0,0,0,47.7265701293945,0,0,0,0,0,64.72412109375,68.075569152832,71.87782287597659,72.9584197998047,74.1019973754883,0,0,0,0,0,87.5971221923828,0,88.3893508911133,89.41635131835942,92.2823028564453,0,93.8020782470703,94.4594879150391,0
root/MiddleEast&NorthAfricaQatar,root,0,0,0,0,0,0,0,0,0,0,59.0445213317871,0,0,65.2560882568359,63.4894905090332,64.48117065429689,0,0,0,0,0,74.7468719482422,0,0,0,0,0,0,80.0716018676758,79.9874496459961,0,0,80.39695739746091,0,87.4225616455078,86.71109008789058,85.3555526733398,84.970832824707,0,90.60558319091801,92.27081298828129,0,89.32347869873051,86.8063278198242,88.3507537841797,89.6110305786133,89.10314178466801,0
root/MiddleEast&NorthAfricaSaudiArabia,root,0,0,0,0,0,0,0,0,0,0,0,0,0,0,0,0,0,0,0,0,0,0,0,0,0,0,0,0,0,0,0,0,0,0,0,0,0,0,0,73.602653503418,0,0,0,83.5251083374023,0,0,0,0
root/MiddleEast&NorthAfricaSyrianArabRepublic,root,0,14.57017993927,0,20.2181701660156,21.5836696624756,22.947639465332,25.1567001342773,27.3179092407227,28.725700378418,30.628150939941396,31.2750606536865,30.0067291259766,0,0,0,0,0,0,0,0,0,0,0,0,0,35.2579116821289,35.4178009033203,35.7648315429688,36.618381500244105,36.9765510559082,37.8433990478516,39.049888610839794,39.286678314209,55.8202095031738,59.3607711791992,62.76618957519529,62.9071197509766,65.2124786376953,66.1778106689453,66.5693893432617,67.09591674804689,68.7414398193359,70.6432266235352,45.2750091552734,0,0,0,0
root/MiddleEast&NorthAfricaTunisia,root,0,0,0,0,0,0,0,0,14.9315099716187,15.906550407409698,16.7607097625732,0,0,22.0452308654785,23.8208198547363,26.2265605926514,0,0,0,0,0,0,0,0,0,0,0,0,0,0,0,0,0,0,0,0,0,0,0,0,0,0,0,0,0,0,0,0
root/MiddleEast&NorthAfricaUnitedArabEmirates,root,0,0,0,0,0,0,0,0,0,0,36.0213012695313,0,0,0,0,0,0,0,0,0,0,0,0,0,70.5640487670898,74.3438034057617,0,73.9845428466797,73.0779266357422,0,0,0,0,0,0,0,0,0,0,0,0,0,0,0,0,0,85.5641174316406,0
root/MiddleEast&NorthAfricaWestBankandGaza,root,0,0,0,0,0,0,0,0,0,0,0,0,0,0,0,0,0,0,0,0,0,0,0,0,0,0,0,0,0,74.0946502685547,76.3935165405273,77.98631286621091,80.0186386108398,82.5925827026367,86.17266845703129,87.4623489379883,89.0595016479492,89.0456008911133,89.08978271484379,87.6982803344727,86.1401519775391,84.9978790283203,84.6069412231445,84.1408462524414,84.0521011352539,84.8752212524414,85.9405364990234,0
root/MiddleEast&NorthAfricaYemenRep,root,0,0,0,0,0,0,0,0,0,0,0,0,0,0,0,0,0,0,0,0,0,0,0,0,0,0,0,0,0,18.2357196807861,0,0,0,0,0,0,0,0,0,0,30.1295604705811,0,33.236358642578104,35.5263710021973,0,0,39.7874298095703,0
root/NorthAmericaBermuda,root,0,0,0,0,0,0,0,0,67.49643707275389,0,0,0,0,0,0,0,0,0,0,0,0,0,0,0,0,0,0,0,0,0,0,0,0,0,0,0,0,0,0,0,56.7811889648438,78.6076889038086,0,0,0,0,0,0
root/NorthAmericaCanada,root,0,0,0,0,0,0,0,0,0,0,0,0,0,0,0,0,0,0,0,0,0,0,0,0,88.8021011352539,0,0,0,0,0,0,0,0,0,0,0,0,0,0,0,0,0,92.0887832641602,91.6542816162109,91.06488037109379,92.93743896484379,100.0,0
root/NorthAmericaUnitedStates,root,0,0,0,0,0,0,0,0,0,0,0,0,0,0,0,0,0,90.5392227172852,0,0,0,0,0,88.81517791748051,89.8560028076172,90.6387481689453,89.2061309814453,0,0,0,87.9795074462891,88.4645614624023,85.6936111450195,89.4703903198242,90.7609100341797,90.24887084960942,89.40625762939449,89.4163818359375,89.3087921142578,89.069091796875,87.47606658935551,88.37506103515629,88.3068008422852,88.65308380126949,90.0261917114258,92.21456909179692,0,0
root/SouthAsiaAfghanistan,root,0,0,0,0,2.37258005142212,0,0,0,0,0,0,0,0,0,0,0,0,0,0,0,0,0,0,8.20188999176025,0,0,0,0,0,0,0,0,0,0,0,0,0,14.8282299041748,0,0,0,0,0,33.935070037841804,34.2522392272949,34.5788993835449,0,36.1002807617188
root/SouthAsiaBangladesh,root,0,0,0,0,0,0,0,6.33043003082275,0,0,0,6.0160198211669895,0,0,0,0,0,0,0,0,0,0,0,0,0,0,0,0,39.118949890136705,43.23078918457029,45.4174995422363,47.840240478515604,49.399131774902294,49.3042106628418,44.4071197509766,43.932258605957,44.43424987792971,45.177028656005895,0,46.7705612182617,48.8578414916992,49.2517890930176,51.4508285522461,54.7231216430664,0,61.025569915771506,66.6180877685547,0
root/SouthAsiaBhutan,root,0,0,0,0,0,0,0,0,0,0,0,0,0,0,0,0,0,0,0,0,0,0,0,0,0,0,0,0,17.321590423584002,19.0538597106934,21.3206405639648,23.5151195526123,0,0,0,33.937179565429695,37.0657615661621,0,44.1558418273926,47.5023384094238,52.5388793945313,54.9255218505859,58.5341911315918,61.563591003418,64.94863891601561,66.9081192016602,68.3123016357422,0
root/SouthAsiaIndia,root,0,0,0,0,0,0,0,0,0,0,0,0,0,0,0,0,0,0,0,0,0,0,0,0,0,0,0,0,0,0,0,0,0,0,0,0,0,0,0,0,0,0,0,62.193199157714794,0,0,0,0
root/SouthAsiaMaldives,root,0,0,0,0,0,0,0,0,0,0,0,0,0,0,0,0,0,0,0,0,0,0,0,0,0,0,0,0,0,31.152040481567397,39.6337013244629,0,51.206260681152294,0,0,0,0,0,0,0,0,0,0,0,0,0,0,0
root/SouthAsiaNepal,root,0,0,0,0,0,0,0,0,0,0,0,0,0,0,0,0,0,0,0,0,0,0,0,0,0,0,0,0,0,0,0,0,0,0,0,0,0,41.65576171875,44.996898651123,0,49.0311698913574,54.383861541748,58.5344009399414,60.211818695068395,61.8060111999512,62.7666816711426,55.674098968505895,57.2627487182617
root/SouthAsiaPakistan,root,0,0,0,0,0,0,0,0,0,0,0,0,0,0,0,0,0,0,0,0,0,0,0,0,0,0,0,0,0,0,0,0,0,0,0,0,27.6450500488281,29.442199707031303,29.768859863281303,30.638860702514602,0,30.979829788207997,31.8868808746338,33.067550659179695,36.116828918456996,38.5984306335449,40.630439758300795,0
root/SouthAsiaSriLanka,root,0,0,0,0,0,0,0,0,0,0,0,0,0,0,0,0,61.1804618835449,0,0,0,0,0,0,0,0,0,0,0,0,0,0,0,0,0,0,0,0,0,0,0,85.8291702270508,86.9854278564453,0,0,0,0,0,0
root/Sub-SaharanAfricaAngola,root,0,0,3.5408101081848105,0,0,0,0,0,0,0,0,0,4.41662979125977,0,0,0,0,0,0,0,0,0,0,0,0,0,0,0,0,0,0,0,0,0,0,0,0,0,8.56138038635254,9.03954029083252,10.0665102005005,0,0,0,0,0,0,0
root/Sub-SaharanAfricaBenin,root,0,0,0,0,0,0,0,0,0,0,0,0,0,0,0,0,0,0,0,0,0,0,0,0,0,0,0,0,0,0,11.1376495361328,12.3293399810791,0,0,0,0,0,0,0,0,0,0,0,35.6143798828125,0,39.8108787536621,0,0
root/Sub-SaharanAfricaBotswana,root,0,5.4602799415588406,6.10774993896484,8.14325046539307,9.60311985015869,11.496700286865199,13.1414699554443,14.4089002609253,14.409330368042,14.7708797454834,16.4249897003174,17.3133907318115,0,0,20.6949901580811,23.5743007659912,24.8654403686523,0,0,29.871829986572298,33.678131103515604,42.1720008850098,41.5891914367676,44.5752296447754,43.046958923339794,43.88948059082029,0,0,61.4878082275391,57.1289482116699,59.6200981140137,0,59.4482002258301,61.3996810913086,0,0,0,0,0,0,0,0,0,0,0,0,0,0
root/Sub-SaharanAfricaBurkinaFaso,root,0,0,0,0,0,0,0,0,0,0,0,0,0,1.6728700399398797,0,0,2.39685988426209,0,0,3.63421988487244,0,0,4.651390075683589,4.780670166015629,4.91482019424438,0,0,0,0,6.444409847259519,0,6.32617998123169,0,7.67681980133057,8.56466960906982,9.41724967956543,10.1525001525879,10.817359924316401,12.506159782409698,13.4463396072388,14.389730453491199,16.3882808685303,17.8872890472412,20.163410186767603,0,25.918260574340803,28.001930236816396,0
root/Sub-SaharanAfricaBurundi,root,0,0,0,0,0,0,1.3124599456787098,1.3876199722290001,0,0,1.4779800176620501,0,1.93307995796204,1.5713700056076003,1.6456799507141102,1.9052100181579599,2.08501005172729,2.4036700725555398,0,0,0,0,0,4.0970602035522505,0,0,0,0,0,0,0,0,0,0,0,0,0,0,0,11.8857002258301,13.701700210571301,15.425950050353999,17.4029502868652,21.0114707946777,26.1962394714355,30.0907192230225,34.0804214477539,0
root/Sub-SaharanAfricaCaboVerde,root,0,0,0,0,0,0,0,0,0,0,0,0,0,0,0,0,0,9.058389663696289,0,0,0,0,0,0,24.3701705932617,0,0,0,0,0,0,0,58.68428039550779,60.4524993896484,60.372631072998,64.5443572998047,65.72292327880861,68.08499145507811,0,70.8395080566406,0,0,70.02484130859379,69.2970123291016,68.3938674926758,67.9339599609375,68.04734039306639,0
root/Sub-SaharanAfricaCameroon,root,0,4.1741099357605,4.866040229797361,5.4783000946044895,6.104119777679441,6.762939929962161,7.59568023681641,8.54442024230957,9.44225025177002,10.1079998016357,10.4961395263672,11.091320037841802,0,0,0,0,0,0,0,0,0,0,0,0,0,0,0,0,0,0,0,0,0,0,0,0,0,0,0,0,0,0,38.0496101379395,39.371898651123,42.077320098877,43.2954902648926,44.3056716918945,0
root/Sub-SaharanAfricaCentralAfricanRepublic,root,0,1.5139900445938101,1.6282000541687,1.82071995735168,0,0,0,0,0,0,0,0,0,0,0,0,0,0,0,0,0,0,0,0,0,0,0,0,0,0,0,0,0,0,0,0,0,0,0,7.69954013824463,0,9.91619968414307,9.42004013061523,0,0,0,0,0
root/Sub-SaharanAfricaChad,root,0,0,0,0,0,0,0,0,0,0,0,0,0,0,0,0,0,0,0,0,0,0,0,0,0,0,0,0,2.89787006378174,3.21585011482239,3.48634004592896,4.26301002502441,5.08107995986938,5.2624001502990705,0,0,0,0,0,0,0,0,0,0,0,0,0,0
root/Sub-SaharanAfricaComoros,root,0,0,0,0,0,0,0,0,0,0,0,0,0,0,0,0,0,0,0,0,0,0,0,0,0,0,0,0,0,0,0,0,0,0,0,0,0,0,0,0,0,0,0,45.957481384277294,46.6466217041016,0,0,0
root/Sub-SaharanAfricaCongoDemRep,root,0,0,0,0,0,0,0,0,0,0,0,0,0,0,0,0,0,0,0,0,0,0,11.9688196182251,12.579139709472699,12.345970153808599,0,0,0,0,0,0,0,0,0,0,0,0,0,0,0,0,0,0,0,0,0,0,0
root/Sub-SaharanAfricaCongoRep,root,0,0,11.356559753417999,0,20.3219203948975,0,26.7137603759766,0,0,0,0,0,0,0,0,0,0,0,0,0,0,0,0,0,0,0,0,0,0,0,0,0,0,0,0,0,0,0,0,0,0,0,0,0,0,0,0,0
root/Sub-SaharanAfricaCotedIvoire,root,0,0,0,0,0,0,0,0,0,0,0,0,0,0,0,0,0,0,0,0,0,0,0,0,0,0,0,0,0,0,0,0,0,0,0,0,0,0,0,0,0,0,0,0,25.195930480957,0,29.876880645752,0
root/Sub-SaharanAfricaEquatorialGuinea,root,0,0,0,0,0,0,0,0,0,0,0,0,0,0,0,0,0,0,0,0,0,0,0,0,0,0,0,0,0,8.85533046722412,0,0,0,0,0,17.7767696380615,0,0,0,0,0,0,0,0,0,0,0,0
root/Sub-SaharanAfricaEritrea,root,0,0,0,0,0,0,0,0,0,0,0,0,0,0,0,0,0,0,0,0,0,0,0,0,10.7765302658081,11.568470001220698,0,13.221899986267099,0,15.9087200164795,17.786939620971697,17.5148906707764,17.250659942627,17.721969604492198,17.5908908843994,19.6649894714355,21.0390796661377,22.6178493499756,23.8398494720459,26.0911293029785,28.8848495483398,29.8995895385742,30.643770217895497,28.263450622558604,28.2847499847412,25.540800094604503,0,0
root/Sub-SaharanAfricaEthiopia,root,0,0,0,0,0,0,0,0,0,0,0,0,0,0,0,0,0,0,0,0,0,0,0,0,0,0,0,0,0,9.09167003631592,10.2673397064209,10.522560119628901,11.430439949035598,0,0,0,0,0,0,0,0,0,0,0,30.0318794250488,30.406169891357397,0,0
root/Sub-SaharanAfricaGambiaThe,root,0,0,0,0,0,0,0,0,5.18347978591919,4.97314977645874,0,0,0,7.751399993896481,8.68591976165771,8.69299983978271,8.45267963409424,0,0,0,0,0,0,0,0,0,0,0,0,0,0,0,0,0,0,0,0,0,0,0,0,0,0,0,0,0,0,0
root/Sub-SaharanAfricaGhana,root,0,0,0,0,0,0,0,0,0,0,0,0,0,0,0,0,0,0,0,0,0,0,0,0,0,0,0,0,0,29.1515998840332,29.774250030517603,28.754150390625,30.3135795593262,31.3740501403809,0,34.6162986755371,36.2486801147461,41.70888137817379,42.4952392578125,41.16762161254879,0,0,0,49.1704597473145,48.4681205749512,52.085018157959006,52.68193054199221,52.9299507141113
root/Sub-SaharanAfricaGuinea,root,0,0,0,0,0,0,0,0,0,0,0,0,0,0,0,0,5.04120016098022,0,0,3.96827006340027,3.7911500930786097,0,0,0,0,0,0,0,0,6.17790985107422,0,9.04452037811279,10.5913400650024,12.1216497421265,13.1288604736328,15.968110084533699,18.499280929565398,0,0,0,0,23.750169754028303,0,0,26.239459991455103,0,0,0
root/Sub-SaharanAfricaGuineaBissau,root,0,0,0,0,0,0,0,0,0,0,0,1.25995004177094,1.24592995643616,0,1.3542399406433099,0,0,0,0,0,0,0,0,0,0,0,0,0,0,0,5.957580089569089,0,0,0,0,0,0,0,0,0,0,0,0,0,0,0,0,0
root/Sub-SaharanAfricaKenya,root,0,0,0,0,0,0,0,0,0,0,0,0,0,0,0,0,0,0,0,0,0,0,0,0,0,0,0,0,0,0,33.140209197998,0,34.6029281616211,35.77415084838871,39.255210876464794,41.1199607849121,41.0593299865723,41.8128318786621,47.714260101318395,46.8710517883301,0,0,0,0,0,0,0,0
root/Sub-SaharanAfricaLesotho,root,0,5.457129955291751,0,7.9033699035644505,0,0,0,12.0564699172974,12.0398101806641,14.717829704284698,15.6812200546265,16.3202590942383,16.7849807739258,15.934720039367699,16.081279754638697,16.4557991027832,17.188440322876,0,0,0,0,20.509090423584002,22.7740592956543,24.0028190612793,23.135229110717802,0,24.7906799316406,0,19.8478507995605,23.71409034729,25.7094802856445,27.7653503417969,28.1342697143555,28.8082809448242,29.754249572753896,31.532470703125,31.5042896270752,32.669361114502,34.746589660644496,37.533050537109396,40.78541946411129,42.3941688537598,42.40346145629879,42.49876022338871,42.8802490234375,44.8472900390625,44.7736206054688,0
root/Sub-SaharanAfricaLiberia,root,0,0,0,0,0,0,0,0,0,0,0,0,0,0,0,0,0,0,0,0,0,0,0,0,0,0,0,0,0,0,0,0,0,0,0,0,0,0,0,0,0,0,0,0,15.171520233154302,14.480130195617699,0,0
root/Sub-SaharanAfricaMadagascar,root,0,0,0,0,0,0,0,0,0,0,0,0,0,0,0,0,0,0,0,0,0,0,0,0,0,0,0,0,0,0,0,0,0,0,0,17.491949081420902,0,21.8651008605957,23.804479598999,24.790460586547898,0,29.923040390014602,31.143930435180696,0,31.568660736084,31.1390895843506,31.063850402832,0
root/Sub-SaharanAfricaMalawi,root,0,0,0,0,0,0,0,0,0,0,0,0,0,0,0,0,0,0,0,0,0,0,0,0,0,0,0,0,0,25.3238792419434,25.191930770874,23.8212890625,22.871030807495103,0,21.2240905761719,20.7707290649414,22.5229797363281,22.4883499145508,24.576980590820302,25.299499511718803,26.9165992736816,27.7075595855713,27.72878074646,30.036230087280302,31.438730239868196,32.375900268554695,30.797960281372102,0
root/Sub-SaharanAfricaMali,root,0,1.6703000068664597,0,0,0,0,0,0,0,0,0,0,0,0,0,0,0,0,0,0,0,4.00293016433716,0,0,0,0,0,0,0,0,0,0,0,0,0,0,0,0,21.5301208496094,22.500879287719698,24.6810493469238,25.9985294342041,0,28.954610824585,29.7885208129883,27.6728897094727,27.691520690918,0
root/Sub-SaharanAfricaMauritania,root,0,0,0,0,0,0,0,0,0,0,0,0,0,0,0,0,0,0,0,0,0,0,0,0,0,0,0,0,0,0,0,12.1341495513916,11.902750015258801,0,11.870530128478999,13.1302404403687,13.4520797729492,0,0,0,0,0,20.2016696929932,19.768169403076197,21.9354305267334,23.3303108215332,27.3120498657227,0
root/Sub-SaharanAfricaMauritius,root,0,0,0,0,0,0,0,0,0,0,0,41.3392105102539,40.1285514831543,0,0,0,0,0,0,0,0,0,0,0,0,0,0,0,65.2892227172852,66.5157318115234,67.6096725463867,69.91732788085939,74.0184707641602,0,79.7791213989258,0,0,0,0,0,0,0,0,0,0,87.799560546875,86.73770141601558,0
root/Sub-SaharanAfricaMozambique,root,0,0,0,0,0,0,0,0,0,0,0,0,0,0,0,0,0,0,0,0,0,0,4.78327989578247,4.87450981140137,4.77499008178711,5.08131980895996,0,0,0,2.2493200302124,2.65792989730835,2.85727000236511,3.61884999275208,0,3.56080007553101,6.09754991531372,7.8708200454711905,9.2979097366333,10.8766803741455,13.2099599838257,14.624529838562,15.9760398864746,16.5425605773926,18.9402809143066,19.498989105224602,19.0472507476807,0,0
root/Sub-SaharanAfricaNamibia,root,0,0,0,0,0,0,0,0,0,0,0,0,0,0,0,0,0,0,0,0,0,0,0,0,0,0,0,0,41.395698547363295,43.9371109008789,47.7053718566895,49.670581817627,54.3326606750488,51.7262687683105,53.064701080322294,54.807159423828104,55.624629974365206,57.041088104248,0,0,0,0,0,0,0,0,0,0
root/Sub-SaharanAfricaNiger,root,0,0,0,0,0.7359899878501891,0,0.929459989070892,1.1638699769973797,1.3911199569702102,1.58847999572754,0,1.99390995502472,0,0,0,0,0,0,0,0,3.0828099250793497,3.3329899311065696,0,0,0,0,0,3.9412100315094,0,4.07851982116699,0,4.06246995925903,4.21657991409302,4.73106002807617,5.7510700225830105,6.760729789733889,0,6.8112301826477095,7.2622799873352095,7.36808013916016,9.11021995544434,9.34702014923096,0,0,12.430060386657699,13.739870071411099,0,0
root/Sub-SaharanAfricaRwanda,root,0,0,0,0,0,0,0,0,0,0,0,0,0,0,0,0,0,0,0,0,0,0,0,0,0,0,0,0,0,0,0,0,0,0,0,0,0,0,0,0,0,0,0,0,0,29.799499511718803,29.8950691223145,0
root/Sub-SaharanAfricaSaoTomeandPrincipe,root,0,0,0,0,0,0,0,0,0,0,0,0,0,0,0,0,0,0,30.438169479370103,0,0,0,0,0,0,0,0,0,0,0,0,0,0,30.3137397766113,26.2886600494385,32.0063514709473,0,34.0288887023926,33.027618408203104,34.9963188171387,35.9481201171875,49.5248603820801,0,56.6999588012695,63.6166801452637,68.29049682617189,0,0
root/Sub-SaharanAfricaSenegal,root,0,0,0,0,0,0,0,0,0,0,0,0,0,0,0,0,0,0,0,0,0,0,0,0,0,0,0,0,0,0,0,0,0,0,12.431719779968299,16.8514003753662,17.8403491973877,0,0,0,0,0,0,0,0,0,0,0
root/Sub-SaharanAfricaSeychelles,root,0,0,0,0,0,0,0,0,0,49.04621887207029,0,0,0,0,0,0,0,0,0,0,0,0,0,80.0556106567383,84.0816268920898,82.7007522583008,83.2863388061523,0,90.1593704223633,68.94309234619139,68.47592163085939,74.8000030517578,73.28399658203129,77.7399826049805,78.6653823852539,84.5787887573242,0,83.0895614624023,81.25,80.46588134765629,77.0008316040039,43.5140991210938,0,81.6355514526367,82.56297302246091,89.8714981079102,0,0
root/Sub-SaharanAfricaSierraLeone,root,0,0,0,0,0,0,0,0,0,0,0,0,0,0,0,0,0,0,0,0,0,0,0,0,0,0,0,0,0,0,0,0,0,0,0,0,0,0,0,0,0,0,0,30.6548500061035,0,30.4074001312256,0,0
root/Sub-SaharanAfricaSomalia,root,0,0,0,0,0,0,0,0.0515899993479252,0.0741700008511543,0.15310999751091,0.155289992690086,0,0,0,0,0,0,0,0,0,0,0,0,0,0,0,0,0,0,0,0,0,0,0,0,0,0,0,0,0,0,0,0,0,0,0,0,0
root/Sub-SaharanAfricaSouthAfrica,root,0,0,0,0,0,0,0,0,0,0,0,0,0,0,0,0,0,0,0,0,0,0,0,0,53.481231689453104,0,0,0,0,63.838218688964794,63.2961311340332,64.5133590698242,66.634033203125,68.73622894287111,70.3433380126953,71.07044982910159,0,0,0,0,0,0,0,0,0,65.4170074462891,0,0
root/Sub-SaharanAfricaSouthSudan,root,0,0,0,0,0,0,0,0,0,0,0,0,0,0,0,0,0,0,0,0,0,0,0,0,0,0,0,0,0,0,0,0,0,0,0,0,0,0,0,0,0,3.83425998687744,0,0,0,4.03493976593018,0,0
root/Sub-SaharanAfricaSwaziland,root,0,11.061169624328599,12.6093196868896,0,17.0441398620605,19.1585102081299,20.5507698059082,22.7174797058105,0,0,0,0,0,0,0,0,0,0,0,0,0,0,0,0,0,0,0,0,36.7084197998047,35.1604385375977,32.563888549804695,30.789400100707997,33.5143699645996,32.425060272216804,35.214748382568395,35.138748168945305,32.3275299072266,27.0033798217773,0,35.8220710754395,36.8233795166016,37.3233985900879,38.12392044067379,37.628448486328104,39.803901672363295,41.3919792175293,0,0
root/Sub-SaharanAfricaTogo,root,0,0,0,0,0,0,0,0,0,0,0,0,0,0,0,0,0,0,0,0,0,8.59358024597168,0,0,0,0,0,0,0,12.273509979247999,15.2679901123047,0,0,0,0,0,0,0,0,0,0,0,0,0,0,0,0,0
root/Sub-SaharanAfricaUganda,root,0,0,0,0,0,0,0,0,0,0,0,0,0,0,0,0,0,0,0,0,0,0,0,0,0,0,0,0,0,0,0,0,15.229479789733901,0,14.5765199661255,0,0,18.4429302215576,20.7130107879639,0,0,0,0,0,0,0,0,0
root/Sub-SaharanAfricaZimbabwe,root,0,0,0,0,0,0,0,0,0,0,0,0,0,0,0,0,0,0,0,0,0,0,0,0,0,0,0,0,0,39.0733489990234,39.018341064453104,39.894538879394496,37.8851089477539,34.6986312866211,0,0,0,0,0,0,0,0,43.1945114135742,44.0763282775879,0,0,0,0
