root/EastAsia&PacificBruneiDarussalam,root,0,0,108.39694976806601,109.359359741211,104.08062744140601,101.68026733398399,101.286170959473,105.616500854492,100.839630126953,32.5121192932129,95.2119293212891,96.7889862060547,91.1567230224609,95.9124069213867,99.14193725585942,0,104.411758422852,0,0,0,0,0,0,0,0,0,0,103.11765289306601,108.88243865966801,107.23169708251999,106.189781188965,102.26941680908199,103.110473632813,104.074508666992,102.772911071777,104.07386016845699,110.65332794189501,105.94354248046899,107.396270751953,100.790267944336,104.43560791015601,106.436569213867,105.805839538574,106.729209899902,102.793296813965,103.04434204101601,104.04605102539101,0
root/EastAsia&PacificCambodia,root,0,0,0,0,0,0,0,0,0,0,0,0,0,0,0,0,0,0,0,0,0,0,0,0,0,93.5934906005859,0,108.14511108398399,100.833740234375,109.130172729492,126.785926818848,149.385589599609,182.424560546875,147.668640136719,145.32351684570298,133.122756958008,136.596374511719,142.990524291992,127.585968017578,135.101119995117,138.056091308594,127.462257385254,124.366409301758,139.454849243164,107.38126373291,116.347290039063,114.145683288574,0
root/EastAsia&PacificChina,root,0,0,0,0,0,0,0,0,0,0,0,0,0,0,0,0,0,0,0,0,0,0,0,0,0,0,95.0443801879883,93.17391967773442,0,0,0,0,104.600112915039,109.484909057617,0,0,106.418251037598,111.859573364258,112.140670776367,109.027488708496,105.070022583008,106.760536193848,0,106.76016998291,104.52808380126999,101.181381225586,104.87265014648399,0
root/EastAsia&PacificFiji,root,0,0,0,0,0,0,0,0,0,0,107.88011932373001,105.46502685546899,0,102.393501281738,103.757827758789,105.66663360595699,106.55322265625,0,0,0,0,0,110.64898681640601,0,107.416366577148,94.2580032348633,107.899696350098,110.71115875244101,112.47714233398399,107.260971069336,101.654197692871,104.815620422363,106.503608703613,0,111.55921173095699,0,108.51602935791,0,102.269577026367,101.800102233887,0,103.400352478027,104.348350524902,109.768272399902,0,102.468276977539,0,0
root/EastAsia&PacificHongKongSARChina,root,0,0,0,0,0,0,0,0,0,0,107.82405090331999,110.403427124023,102.696823120117,101.90762329101601,103.060348510742,102.914749145508,0,0,0,0,0,0,0,0,0,0,0,0,98.8192367553711,0,0,0,0,0,0,0,0,0,0,0,0,0,109.50002288818399,113.901107788086,117.406089782715,114.23223876953101,106.350730895996,0
root/EastAsia&PacificIndonesia,root,0,0,0,0,0,0,0,0,0,0,0,0,0,0,0,0,0,0,0,0,0,0,0,0,0,103.89792633056601,104.19629669189501,109.840888977051,0,105.46753692626999,104.649032592773,108.002479553223,111.669952392578,113.038619995117,107.03893280029301,108.933906555176,110.374771118164,113.51999664306601,113.88493347168001,110.785293579102,114.750923156738,116.30821990966801,105.108139038086,104.47287750244101,106.959350585938,107.509956359863,99.41677856445308,0
root/EastAsia&PacificJapan,root,0,98.35816192626949,101.852416992188,97.3806381225586,88.44811248779301,103.294967651367,102.56671142578101,99.81561279296879,99.4441680908203,100.19953918456999,100.17955780029301,100.066062927246,98.25000762939449,96.1160736083984,96.84429931640629,100.675346374512,102.60481262206999,102.544761657715,99.6918792724609,98.73870849609379,99.8175888061523,101.089813232422,100.81770324706999,0,98.93289184570308,98.33348846435551,0,0,96.2980194091797,98.2531204223633,98.8669815063477,99.4620208740234,103.778861999512,99.9541168212891,101.556602478027,100.90065765380899,101.923728942871,100.951606750488,101.564979553223,102.443878173828,101.47023773193399,100.73802947998001,99.0890579223633,95.9410629272461,98.5874481201172,0,98.5335006713867,0
root/EastAsia&PacificKiribati,root,0,0,0,0,0,0,0,119.80609130859399,96.3431777954102,106.258888244629,110.96865844726601,84.1514663696289,113.342323303223,106.39385986328101,87.5151519775391,102.088172912598,100.33708190918001,93.9956283569336,103.510643005371,107.26141357421899,103.427421569824,104.509803771973,112.00768280029301,104.635757446289,114.700370788574,111.049209594727,110.055351257324,106.261512756348,0,122.191528320313,112.30487060546899,117.407066345215,107.982460021973,125.315391540527,119.174758911133,122.27487945556601,121.491577148438,111.90878295898399,114.20813751220699,0,0,0,0,0,107.38552093505899,103.092056274414,100.27321624755899,0
root/EastAsia&PacificKoreaDemPeople’sRep,root,0,0,0,0,0,0,0,0,0,0,0,0,0,0,0,0,0,0,0,0,0,0,0,0,0,0,0,0,0,0,0,0,0,0,0,0,0,0,0,103.713829040527,0,0,0,0,0,0,0,0
root/EastAsia&PacificKoreaRep,root,0,111.85565185546899,108.43318939209,104.158416748047,106.928810119629,105.20568084716801,110.57431030273399,106.51789855956999,107.533622741699,113.090888977051,109.184028625488,106.243057250977,104.762901306152,100.046096801758,94.5453033447266,100.931953430176,100.412208557129,111.966430664063,110.653480529785,112.046043395996,108.672416687012,101.750099182129,94.2249984741211,100.272666931152,103.43280029296899,106.868850708008,106.52977752685499,104.547119140625,109.129676818848,103.661758422852,97.66232299804692,96.13970947265629,98.8299407958984,99.29522705078129,103.34203338623001,101.691459655762,102.646827697754,108.494422912598,101.562530517578,93.7020111083984,100.47762298584,99.67916870117192,93.2387466430664,96.5812225341797,105.930679321289,100.44338226318399,0,0
root/EastAsia&PacificLaoPDR,root,0,0,0,0,0,0,0,0,0,0,0,0,0,0,0,0,0,0,0,0,0,0,96.5536117553711,107.754852294922,105.927932739258,0,105.10817718505899,107.393623352051,111.02100372314501,105.346450805664,106.950637817383,104.404136657715,109.36662292480499,111.966117858887,112.060508728027,113.738609313965,117.627128601074,123.68438720703101,123.159652709961,125.219039916992,125.59285736084,119.17816162109399,119.160842895508,122.54302978515601,117.44788360595699,107.117156982422,102.91757202148399,0
root/EastAsia&PacificMacaoSARChina,root,0,0,0,0,0,0,0,0,0,0,0,0,0,0,0,0,0,0,0,0,100.79840087890601,0,104.04358673095699,101.093360900879,0,0,0,0,0,93.6817169189453,89.94119262695308,92.6384429931641,93.9883193969727,93.6658172607422,89.13465118408199,90.4821319580078,94.4121627807617,92.2596206665039,90.3359222412109,88.2093734741211,86.2348175048828,90.8120880126953,98.41919708251949,102.04419708251999,105.891319274902,100.784492492676,98.9020309448242,0
root/EastAsia&PacificMalaysia,root,0,0,0,0,96.9690170288086,0,0,0,0,0,95.94046020507808,96.4709014892578,96.77603149414058,97.0816802978516,95.7887496948242,95.3881072998047,0,96.4218978881836,98.4471206665039,97.6333694458008,95.594970703125,99.0953521728516,102.61636352539101,99.9778518676758,0,0,0,0,95.3700714111328,97.6061019897461,102.574638366699,101.31233215331999,98.8374481201172,97.7794570922852,98.8795318603516,95.39806365966801,95.80889892578129,100.334503173828,95.7129898071289,97.48052978515629,97.5997467041016,100.49517822265601,102.250381469727,105.06259155273399,104.991577148438,102.30539703369101,106.249740600586,0
root/EastAsia&PacificMarshallIslands,root,0,0,0,0,0,0,0,0,0,0,0,0,0,0,0,0,0,0,0,0,0,0,0,0,0,0,0,0,0,103.142860412598,0,0,131.478256225586,118.950927734375,0,127.777778625488,121.515151977539,107.794120788574,104.58453369140601,102.11267852783199,0,103.506309509277,0,0,0,0,89.3793106079102,0
root/EastAsia&PacificMicronesiaFedSts,root,0,0,0,0,0,0,0,0,0,0,0,0,0,0,0,0,0,0,0,0,0,0,0,0,0,0,0,0,0,0,0,0,0,0,0,0,0,0,0,0,0,0,0,0,97.3474807739258,102.513458251953,0,0
root/EastAsia&PacificMongolia,root,0,0,0,0,0,0,0,0,0,0,0,0,0,0,0,0,0,0,0,0,0,0,0,0,0,98.4749603271484,100.45955657959,100.340492248535,102.543663024902,108.08679962158199,108.887062072754,105.629219055176,105.48274230956999,120.42559814453101,119.60629272460899,0,119.43885040283199,124.97411346435499,135.610000610352,142.82702636718798,112.642402648926,103.516761779785,99.6756210327148,96.6778564453125,106.772270202637,110.453750610352,109.65978240966801,0
root/EastAsia&PacificMyanmar,root,0,113.88681030273399,133.398361206055,82.50885009765629,105.377731323242,0,0,0,0,0,0,0,0,0,0,0,0,0,0,0,0,0,0,0,0,0,0,0,0,127.816177368164,128.457107543945,130.16354370117202,130.012451171875,131.298538208008,120.837791442871,114.096481323242,113.12975311279301,0,115.538749694824,114.601890563965,112.191131591797,0,0,0,121.270980834961,0,0,135.547988891602
root/EastAsia&PacificNauru,root,0,0,0,0,0,0,0,0,0,0,0,0,0,0,0,0,0,0,0,0,0,0,0,0,0,0,0,0,66.6666717529297,0,0,111.278198242188,94.65648651123051,0,0,0,97.24771118164058,0,0,0,0,0,81.1023635864258,0,97.1222991943359,0,114.0,0
root/EastAsia&PacificNewZealand,root,0,0,0,0,0,0,0,0,0,0,0,0,0,0,0,0,0,0,0,101.05474853515601,101.959541320801,100.966972351074,96.72339630126949,102.983451843262,0,105.90113067626999,106.450843811035,0,0,0,0,0,0,0,0,0,0,0,0,0,0,0,0,102.936538696289,97.18006134033199,99.41204833984379,0,0
root/EastAsia&PacificPalau,root,0,0,0,0,0,0,0,0,0,0,0,0,0,0,0,0,0,0,0,0,0,0,0,0,0,0,0,0,0,0,0,0,0,0,0,0,0,0,0,0,0,0,0,114.678901672363,111.11110687255899,0,0,0
root/EastAsia&PacificPapuaNewGuinea,root,0,0,0,0,0,0,0,0,0,0,0,0,0,0,0,0,0,68.53781127929689,72.3582229614258,77.52024841308591,76.3639373779297,76.3071670532227,76.2178192138672,83.8705520629883,85.0561828613281,86.2596588134766,88.61681365966801,90.8939208984375,83.9124374389648,0,0,48.2577018737793,42.8492202758789,31.984840393066396,30.0199794769287,29.7250099182129,28.984329223632802,0,0,0,0,0,0,0,0,0,0,0
root/EastAsia&PacificPhilippines,root,0,0,0,0,0,0,0,0,0,0,0,126.249580383301,0,123.293991088867,123.901016235352,123.197158813477,124.18798065185499,119.509140014648,134.228012084961,134.14094543457,0,0,121.278526306152,119.09494781494101,0,124.064697265625,0,130.554183959961,128.296325683594,125.60666656494101,0,120.96867370605499,121.563522338867,122.275093078613,119.765609741211,119.66110992431601,113.588623046875,118.912719726563,123.945587158203,126.079483032227,0,0,0,116.490196228027,0,110.04450988769501,0,0
root/EastAsia&PacificSamoa,root,0,0,0,0,0,0,0,0,0,0,0,0,0,0,0,0,0,0,0,0,0,0,0,0,0,0,0,0,107.194236755371,101.409622192383,102.139923095703,115.53800964355499,0,0,0,0,0,105.51693725585899,0,105.02146148681601,124.571922302246,107.004219055176,107.580780029297,0,112.111427307129,108.23529052734399,112.97209167480499,0
root/EastAsia&PacificSingapore,root,0,0,0,0,0,0,0,0,0,0,0,0,0,0,0,0,0,0,0,0,0,0,0,0,0,0,0,0,0,0,0,0,0,0,0,0,0,0,0,0,0,0,0,0,0,0,101.8349609375,0
root/EastAsia&PacificSolomonIslands,root,0,0,0,0,0,84.21807861328129,0,0,0,0,78.9459228515625,73.8719787597656,79.3522262573242,95.8826370239258,0,0,81.1385498046875,0,0,0,0,0,0,0,0,0,0,0,0,0,0,0,0,0,0,0,0,0,0,0,0,118.53955841064501,116.705116271973,122.877296447754,0,0,0,0
root/EastAsia&PacificThailand,root,0,0,0,0,0,100.02752685546899,99.92098999023442,98.8509368896484,96.9237289428711,0,0,94.8681869506836,0,0,0,0,0,0,0,0,0,0,0,0,0,0,0,0,105.006553649902,97.9793472290039,93.9612579345703,95.6801986694336,0,0,0,95.07379150390629,0,0,0,0,0,0,0,0,0,93.67239379882808,0,0
root/EastAsia&PacificTimorLeste,root,0,0,0,0,0,0,0,0,0,0,0,0,0,0,0,0,0,0,0,0,0,0,0,0,0,0,0,0,0,0,0,0,0,0,0,95.0047378540039,0,0,122.23493957519501,125.85588073730499,145.233703613281,119.643081665039,103.696952819824,102.679718017578,100.39099884033199,92.15377807617192,81.8282928466797,0
root/EastAsia&PacificTonga,root,0,0,0,0,0,0,0,106.319122314453,108.168319702148,115.06494140625,0,104.170440673828,103.928573608398,0,137.541244506836,110.687660217285,106.66124725341801,0,0,0,102.96353149414101,101.85471343994101,0,104.849502563477,0,0,0,0,103.144653320313,96.06060791015629,100.600601196289,104.77996826171899,106.66667175293001,0,106.38126373291,107.309242248535,107.51399230956999,0,0,0,0,0,100.77881622314501,104.17957305908199,0,0,0,0
root/EastAsia&PacificTuvalu,root,0,0,0,0,0,0,0,0,0,0,0,0,0,0,0,0,0,0,0,0,0,0,0,0,0,0,0,0,0,0,0,102.75228881835899,89.1666717529297,92.56198120117192,95.86776733398442,83.1932830810547,100.0,0,0,0,0,0,0,0,122.33010101318399,134.653472900391,0,0
root/EastAsia&PacificVanuatu,root,0,0,0,0,0,0,0,0,0,0,0,0,0,0,0,0,0,0,0,0,0,0,103.361717224121,0,113.30135345459,0,0,0,119.603797912598,0,117.38784790039101,130.472106933594,0,0,120.264320373535,0,0,112.67098999023399,117.466621398926,109.048309326172,134.153305053711,0,0,112.966537475586,0,0,0,0
root/EastAsia&PacificVietnam,root,0,0,0,0,0,0,0,0,0,0,0,0,0,0,0,0,0,0,0,0,0,0,0,0,0,0,0,0,0,106.018516540527,106.657028198242,98.1234130859375,97.7985305786133,98.0477981567383,100.115921020508,0,0,0,0,0,0,0,0,106.452476501465,107.508163452148,107.07102203369101,115.387351989746,0
root/Europe&CentralAsiaAlbania,root,0,0,0,0,0,0,0,0,0,0,0,0,0,0,0,0,0,0,0,0,0,0,0,0,0,0,96.4523468017578,0,0,0,99.6438827514648,100.995887756348,0,99.7830276489258,97.42298126220699,97.1634902954102,94.1597900390625,97.66161346435551,99.44373321533199,83.6961975097656,98.39996337890629,96.5798568725586,102.197799682617,107.294540405273,109.154037475586,111.20011138916,111.147186279297,0
root/Europe&CentralAsiaArmenia,root,0,0,0,0,0,0,0,0,0,0,0,0,0,0,0,0,0,0,0,0,0,0,0,0,0,0,0,0,0,112.922706604004,96.69727325439449,0,102.00441741943399,93.05187225341801,94.0248870849609,102.21124267578101,107.718460083008,0,100.158401489258,101.585983276367,0,0,0,0,0,95.9800262451172,97.95128631591801,0
root/Europe&CentralAsiaAustria,root,0,100.746292114258,99.39620971679692,96.5999984741211,0,0,0,0,0,0,0,0,0,0,0,0,0,0,0,0,0,0,0,0,0,0,0,0,105.45597839355499,104.194480895996,0,0,99.5139007568359,0,101.21563720703101,0,0,0,0,0,0,97.68527221679692,98.87136840820308,98.0379791259766,97.7962493896484,97.97979736328129,99.22766876220699,0
root/Europe&CentralAsiaAzerbaijan,root,0,0,0,0,0,0,0,0,0,0,0,0,0,0,0,0,0,0,0,0,0,99.1576309204102,95.48853302001949,93.3602066040039,104.349838256836,104.714637756348,94.2696685791016,92.53634643554692,92.7809829711914,98.8172225952148,94.0540008544922,96.1929931640625,90.5339202880859,90.8590087890625,96.65538787841801,85.6781005859375,85.4049377441406,90.51734161376949,95.0038833618164,93.5297164916992,88.3454437255859,98.1710586547852,102.30474853515601,110.111923217773,110.585380554199,101.660186767578,104.295722961426,0
root/Europe&CentralAsiaBelarus,root,0,0,0,0,0,0,0,0,0,0,0,0,0,0,0,0,0,0,0,0,0,0,0,95.1307373046875,95.2929534912109,97.13819122314449,97.87457275390629,98.9501113891602,102.665069580078,132.405197143555,101.99356842041,101.23253631591801,97.93372344970699,97.1426162719727,96.2450180053711,97.2870101928711,103.67005157470699,105.725967407227,107.124740600586,102.274627685547,99.03305053710942,98.4004592895508,97.0644989013672,98.6055679321289,102.056297302246,102.92653656005899,106.273857116699,0
root/Europe&CentralAsiaBelgium,root,0,0,0,0,95.6504364013672,95.4936981201172,102.616386413574,96.5461883544922,100.635528564453,100.17688751220699,97.0804672241211,97.4079132080078,93.87026977539058,95.8314666748047,98.5700836181641,98.9920806884766,100.505020141602,102.546279907227,101.480628967285,0,0,94.6734085083008,0,0,0,0,0,0,0,0,0,0,0,0,97.23275756835942,0,98.0169219970703,99.3968505859375,96.64190673828129,94.8033676147461,96.6480865478516,98.21292114257808,97.28539276123051,99.9443817138672,98.5627975463867,99.0831985473633,0,0
root/Europe&CentralAsiaBulgaria,root,0,0,0,0,0,0,0,0,0,0,0,0,0,0,0,0,105.285209655762,107.12580871581999,96.7934722900391,93.4985198974609,89.77658081054692,93.3191680908203,91.1207122802734,95.65869903564449,100.02822875976601,101.78540802001999,105.58924102783199,105.549118041992,108.39035797119101,98.62860107421879,100.24749755859399,103.19773101806601,103.368759155273,105.39208984375,104.931869506836,97.2161865234375,105.47705841064501,118.17643737793001,115.94051361084,105.145156860352,102.19927978515601,101.329643249512,99.9618377685547,98.07971954345699,97.97876739501949,95.46762084960942,94.4253921508789,0
root/Europe&CentralAsiaCroatia,root,0,0,0,0,0,0,0,0,0,0,0,0,0,0,0,0,0,0,0,0,0,0,0,0,0,87.54293823242192,86.0818023681641,87.1189117431641,93.33969116210942,96.15261840820308,95.2795791625977,98.0985488891602,104.46289825439501,103.521186828613,0,101.289833068848,95.4365234375,90.9909896850586,90.39349365234379,90.0956268310547,92.01513671875,94.8274078369141,101.410110473633,102.161499023438,95.71166229248051,97.2242279052734,95.8086090087891,0
root/Europe&CentralAsiaCyprus,root,0,82.5349807739258,74.2727432250977,83.2564468383789,87.77623748779301,72.4084014892578,88.23938751220699,73.1638412475586,74.6448516845703,73.08750915527341,56.3506889343262,61.054840087890604,68.6991119384766,78.1613464355469,76.67845153808591,80.5355529785156,88.6250686645508,87.0933074951172,80.436653137207,84.7686462402344,82.134391784668,77.5157012939453,75.8339614868164,101.134140014648,102.005897521973,98.668701171875,100.439208984375,98.4171295166016,0,85.4391174316406,101.122512817383,99.9418563842773,98.3157501220703,98.97750854492192,100.868461608887,101.769111633301,104.77416229248001,106.05477905273399,103.274803161621,106.22738647460899,100.88580322265601,100.942749023438,101.07257080078101,100.24439239501999,98.3325729370117,96.0034408569336,0,0
root/Europe&CentralAsiaCzechRepublic,root,0,0,0,0,0,0,0,0,0,0,0,0,0,0,0,0,0,0,0,0,0,0,0,106.120361328125,105.786186218262,0,101.578002929688,0,0,99.6061630249023,102.376953125,99.4305419921875,90.5921478271484,91.8849029541016,95.6462783813477,102.135536193848,108.52984619140601,109.11559295654301,106.52970886230499,104.37624359130899,99.8129196166992,97.0414276123047,98.4545211791992,98.63697052001949,100.303871154785,103.85021209716801,0,0
root/Europe&CentralAsiaDenmark,root,0,101.48281860351601,102.622528076172,110.64005279541,113.19313812255899,0,0,0,0,0,0,97.8599395751953,99.4623184204102,103.457809448242,97.4627838134766,96.8873977661133,99.3852386474609,99.1543197631836,101.017402648926,96.7747802734375,98.3191986083984,98.955810546875,99.6780624389648,102.30837249755899,102.997947692871,0,0,0,102.66017913818399,101.012252807617,102.047637939453,99.90225219726558,101.58601379394501,0,98.81207275390629,97.0778274536133,98.2763824462891,99.3383102416992,101.724510192871,100.37644195556601,98.73693084716801,100.451759338379,101.62167358398399,100.738540649414,98.3180999755859,96.9786911010742,96.870361328125,0
root/Europe&CentralAsiaEstonia,root,0,0,0,0,0,0,0,0,0,0,0,0,0,0,0,0,0,0,0,0,0,0,0,85.8155975341797,91.1206207275391,93.8594131469727,101.272758483887,0,101.58390045166,97.9427871704102,99.6653900146484,92.6867218017578,93.2915802001953,95.4200668334961,98.6111068725586,97.6253662109375,98.5995864868164,104.01213073730499,107.37777709960899,103.00985717773399,100.714401245117,98.74343872070308,98.25393676757808,95.38507080078129,95.28514862060551,97.1646728515625,0,0
root/Europe&CentralAsiaFinland,root,0,0,0,0,0,0,0,0,0,0,0,0,0,0,0,0,0,99.0743026733398,97.5156402587891,95.8864898681641,99.5790328979492,101.718650817871,100.507148742676,98.0832977294922,95.90090942382808,95.1242294311523,101.401718139648,0,103.925430297852,101.775337219238,101.151870727539,97.7623519897461,97.9640274047852,96.29920196533199,95.7444686889648,97.3123931884766,96.10671997070308,99.31407928466801,98.7893524169922,99.34893798828129,98.1690902709961,100.467613220215,100.932289123535,100.58731079101601,100.824432373047,98.1744613647461,98.55077362060551,0
root/Europe&CentralAsiaFrance,root,0,105.201797485352,103.70857238769501,0,0,0,0,0,0,0,0,0,0,0,0,0,0,0,0,0,0,0,0,0,0,0,0,0,0,0,0,0,0,0,0,0,0,0,0,0,0,0,0,0,0,0,0,0
root/Europe&CentralAsiaGeorgia,root,0,0,0,0,0,0,0,0,0,0,0,0,0,0,0,0,0,0,0,0,0,0,0,0,0,0,0,0,96.72586059570308,94.97042846679692,87.41632080078129,86.1048965454102,91.63794708251949,94.90426635742192,96.5419387817383,100.498306274414,101.82082366943399,104.387977600098,105.185966491699,102.49732208251999,98.6212310791016,111.83618927001999,111.695846557617,95.8131484985352,92.9455184936523,94.2587509155273,93.0492401123047,0
root/Europe&CentralAsiaGermany,root,0,0,0,0,0,0,0,0,0,0,0,0,0,0,0,0,0,0,0,0,0,0,0,99.06066131591801,100.947952270508,103.08074951171899,102.78067016601601,104.11573028564501,0,100.839653015137,100.371612548828,99.6325531005859,98.4870376586914,101.764358520508,106.46984100341801,103.673622131348,103.742630004883,101.973106384277,98.7449569702148,100.30129241943399,101.290512084961,100.394111633301,102.37917327880899,99.6484222412109,99.814453125,103.12258148193399,0,0
root/Europe&CentralAsiaGreece,root,0,99.8723983764648,102.858833312988,105.648803710938,107.69622802734399,102.40892791748001,99.2721328735352,97.03504180908199,97.89563751220699,98.6602783203125,98.6095962524414,103.907066345215,100.062080383301,99.9930191040039,97.4789505004883,96.1302490234375,97.2448501586914,95.74085235595699,94.02845001220699,94.54769897460942,0,0,88.7808685302734,0,0,0,0,0,92.5284271240234,101.55954742431601,99.64232635498051,98.9463577270508,92.04302978515629,98.37869262695308,96.8972702026367,92.98766326904301,91.6849899291992,94.3652725219727,0,0,97.6954803466797,96.79022216796879,96.6467971801758,95.7824935913086,92.87692260742192,97.5392303466797,0,0
root/Europe&CentralAsiaHungary,root,0,0,0,0,0,0,104.38825988769501,101.83804321289101,96.28057861328129,94.9737167358398,96.64736938476558,106.052871704102,118.267471313477,109.18643951416,101.920082092285,93.85324096679692,87.40573120117192,83.73793029785159,76.1018981933594,82.42250061035159,88.0663070678711,0,0,0,0,0,0,98.94066619873051,102.408447265625,100.680908203125,98.52474975585942,96.45864868164058,94.6703720092773,98.1461029052734,94.9409637451172,96.3355865478516,98.8623275756836,99.4261093139648,103.938110351563,101.411178588867,100.429252624512,97.8392868041992,98.92227172851558,100.102340698242,107.28971862793001,101.321670532227,97.04879760742192,0
root/Europe&CentralAsiaIceland,root,0,0,0,0,0,0,0,0,0,0,0,0,0,0,0,0,0,0,0,0,0,0,0,0,0,0,0,0,99.4878997802734,97.1843795776367,99.73403930664058,93.2751083374023,90.2278671264648,92.95648193359379,93.3116607666016,96.3855361938477,101.43138885498001,104.87561798095699,99.35675048828129,97.6596832275391,98.7553863525391,98.58624267578129,95.7308578491211,96.71533203125,97.3967666625977,99.42401123046879,0,0
root/Europe&CentralAsiaIreland,root,0,0,0,0,0,0,0,0,0,0,0,0,0,0,0,0,0,0,0,0,0,0,93.4474411010742,97.65453338623051,101.388458251953,102.523559570313,0,0,102.41204833984399,101.235527038574,102.07688140869101,103.50501251220699,107.69573974609399,107.734809875488,103.27855682373001,100.592460632324,101.77867889404301,103.393989562988,103.37896728515601,103.256317138672,98.5410919189453,93.1659088134766,0,100.621353149414,100.17675018310499,98.18785858154301,97.9971923828125,0
root/Europe&CentralAsiaItaly,root,0,104.539428710938,99.31201171875,98.6402435302734,96.2178421020508,95.7109832763672,97.8157806396484,94.61831665039058,96.1840591430664,94.55127716064449,95.1224136352539,97.3922805786133,96.1716766357422,93.7289581298828,93.35559844970699,93.9860992431641,92.1995697021484,91.7226028442383,92.85836791992192,93.9453506469727,95.44696044921879,94.72351837158199,95.5961074829102,0,96.0567779541016,96.6026077270508,97.1367034912109,99.7126083374023,0,101.077178955078,101.876449584961,96.3220901489258,93.83175659179692,97.49813842773442,102.945297241211,100.20352935791,102.050636291504,103.407859802246,100.563926696777,100.043502807617,100.133460998535,100.721221923828,99.0332565307617,100.670951843262,99.3446502685547,99.0925521850586,0,0
root/Europe&CentralAsiaKazakhstan,root,0,0,0,0,0,0,0,0,0,0,0,0,0,0,0,0,0,0,0,0,0,0,0,0,99.9598236083984,98.2237930297852,0,0,0,0,101.50084686279301,104.852836608887,104.54451751709,101.080932617188,98.506591796875,101.825698852539,101.621856689453,106.203109741211,113.623977661133,106.59387969970699,106.234161376953,110.667427062988,111.422187805176,109.89002227783199,110.17569732666,111.3486328125,106.525360107422,107.624458312988
root/Europe&CentralAsiaKyrgyzRepublic,root,0,0,0,0,0,0,0,0,0,0,0,0,0,0,0,0,0,0,0,0,0,0,0,0,0,103.728187561035,99.53040313720699,97.1760482788086,96.2542724609375,100.070503234863,96.68460083007808,97.6432037353516,101.08470916748001,101.869506835938,97.4525375366211,95.6829833984375,101.35050964355499,101.26331329345699,100.81672668456999,100.07608795166,103.70777130126999,103.834121704102,111.93865966796899,107.2958984375,105.66912841796899,106.69474792480499,107.659843444824,0
root/Europe&CentralAsiaLatvia,root,0,0,0,0,0,0,0,0,0,0,0,0,0,0,0,0,0,0,0,0,0,0,0,0,0,0,0,0,0,95.19613647460942,98.43862915039058,93.5892791748047,90.39556884765629,89.0386276245117,89.3332138061523,94.08551025390629,101.11712646484399,112.854331970215,118.013343811035,111.70339202880899,107.09275054931601,97.8837127685547,92.2291793823242,95.3865814208984,96.5617218017578,100.506210327148,0,0
root/Europe&CentralAsiaLiechtenstein,root,0,0,0,0,0,0,0,0,0,0,0,0,0,0,0,0,0,0,0,0,0,0,0,0,0,0,0,0,0,0,0,0,0,104.12844085693399,90.90908813476558,0,100.48309326171899,105.555557250977,106.18556976318399,129.411758422852,96.31578826904301,135.36584472656298,114.73683929443399,95.9183731079102,112.63735961914101,88.5057525634766,104.90798187255899,0
root/Europe&CentralAsiaLithuania,root,0,0,0,0,0,0,0,0,0,0,0,0,0,0,0,0,0,0,0,0,0,0,0,0,0,97.9404067993164,97.43048095703129,101.81945037841801,0,102.13820648193399,105.01912689209,97.40933227539058,90.4764022827148,93.77794647216801,98.2132110595703,93.8790969848633,97.13619995117192,103.10865020751999,98.7876434326172,98.8965530395508,96.1560516357422,99.17288208007808,100.98291015625,100.798843383789,99.8108062744141,99.9625930786133,104.773162841797,0
root/Europe&CentralAsiaLuxembourg,root,0,0,0,0,0,96.9609909057617,93.51464080810551,95.9708480834961,96.71985626220699,90.60772705078129,0,0,0,88.38742065429692,0,0,0,0,0,0,0,0,0,0,0,0,0,0,0,0,0,101.032760620117,0,0,101.09889984130899,101.45751953125,99.50302124023442,98.2611770629883,99.92904663085942,0,98.6243362426758,96.1861419677734,97.7320327758789,99.0972213745117,103.96688842773399,101.301368713379,0,0
root/Europe&CentralAsiaMacedoniaFYR,root,0,0,0,0,0,0,0,0,0,0,0,0,0,0,0,0,0,0,0,0,0,0,0,0,0,98.5442733764648,98.03933715820308,96.7060928344727,0,99.1294479370117,94.7593231201172,94.40957641601558,94.4404067993164,91.1924514770508,91.7136001586914,93.37481689453129,92.78106689453129,91.00330352783199,0,91.6068267822266,93.74584197998051,0,90.2031707763672,91.8433837890625,92.7460708618164,97.42980194091801,0,0
root/Europe&CentralAsiaMoldova,root,0,0,0,0,0,0,0,0,0,0,0,0,0,0,0,0,0,0,0,0,0,0,0,0,0,94.7263031005859,0,0,0,104.763526916504,104.20304870605499,0,101.68009948730499,100.412231445313,100.175132751465,90.0997314453125,97.2532806396484,95.6437606811523,93.3782272338867,93.3034210205078,96.52381134033199,96.5810012817383,95.33727264404301,94.99752807617192,94.1553497314453,93.6437606811523,0,0
root/Europe&CentralAsiaMontenegro,root,0,0,0,0,0,0,0,0,0,0,0,0,0,0,0,0,0,0,0,0,0,0,0,0,0,0,0,0,0,0,0,100.571563720703,105.69773101806601,114.26473999023399,108.523292541504,123.476303100586,127.08122253418001,123.232582092285,121.126029968262,101.145538330078,97.76844024658199,96.14874267578129,93.0109024047852,0,0,98.5770797729492,0,0
root/Europe&CentralAsiaNetherlands,root,0,98.94164276123051,97.64312744140629,96.2800521850586,95.7687225341797,97.0025482177734,103.79644775390601,103.53404998779301,101.83811187744101,100.694778442383,96.0304336547852,93.1864013671875,93.5086669921875,93.1442718505859,95.6941909790039,101.948143005371,0,0,0,0,0,0,0,0,0,0,0,0,0,0,0,0,0,0,0,0,0,0,0,0,0,0,0,0,0,0,0,0
root/Europe&CentralAsiaNorway,root,0,106.628761291504,0,103.999740600586,103.06144714355499,101.07869720459,100.882690429688,101.324081420898,96.9203720092773,100.194091796875,100.236152648926,97.3811416625977,98.6150588989258,0,94.2177963256836,94.0428314208984,99.2137069702148,101.792549133301,101.84921264648399,103.128959655762,101.426551818848,97.6825180053711,98.2410430908203,97.42218017578129,96.97152709960942,0,0,0,101.921768188477,99.41136932373051,98.94772338867192,97.94799041748051,97.9208526611328,99.83145141601558,98.7689590454102,97.4266128540039,99.54039764404301,100.105522155762,98.2813034057617,97.841552734375,100.29116821289101,101.408790588379,100.965072631836,102.259750366211,99.6360702514648,0,101.549247741699,0
root/Europe&CentralAsiaPoland,root,0,0,0,0,0,0,0,0,0,0,0,0,0,0,0,0,0,0,0,0,0,0,0,0,0,0,0,0,0,0,0,0,0,0,0,0,0,0,0,97.3274078369141,99.6324234008789,101.39404296875,0,95.6160736083984,95.56954956054692,132.65510559082,132.63449096679702,0
root/Europe&CentralAsiaPortugal,root,0,103.117088317871,105.95899200439501,103.965629577637,106.011917114258,104.401626586914,114.53244781494101,0,0,0,0,0,0,0,0,0,0,0,0,0,0,0,0,0,0,0,0,0,0,0,0,0,0,0,109.49523162841801,108.82257080078101,111.47765350341801,111.309761047363,103.919418334961,104.04086303710899,0,0,0,0,0,0,0,0
root/Europe&CentralAsiaRomania,root,0,0,0,0,0,0,0,0,0,0,0,0,0,0,0,0,0,0,0,0,84.9398727416992,0,0,92.99034881591801,0,0,0,0,0,89.0148391723633,93.88430786132808,99.84449005126949,107.51104736328101,106.865966796875,126.32347869873001,97.9348983764648,97.6514205932617,98.60511016845699,99.46499633789058,96.44692993164058,94.57373046875,95.64405059814449,97.3063583374023,0,93.42089080810551,91.4115829467773,91.31629180908199,0
root/Europe&CentralAsiaRussianFederation,root,0,0,0,0,0,0,0,0,0,0,0,0,0,0,0,0,0,0,0,0,0,0,0,0,99.0637893676758,100.023490905762,0,0,0,0,0,0,0,0,0,0,0,0,0,0,0,0,0,0,97.3511428833008,104.49047088623001,109.615921020508,0
root/Europe&CentralAsiaSanMarino,root,0,0,0,0,0,0,0,0,0,0,0,0,0,0,0,0,0,0,0,0,0,0,0,0,0,0,0,0,0,0,0,0,0,0,0,0,0,0,0,94.16058349609379,85.4545516967773,89.4736785888672,97.5609817504883,0,0,0,0,0
root/Europe&CentralAsiaSerbia,root,0,0,0,0,0,0,0,0,0,0,0,0,0,0,0,0,0,0,0,0,0,0,0,0,0,0,0,0,0,0,0,0,0,0,0,0,0,98.2912826538086,100.471389770508,94.45374298095699,91.5979766845703,102.695846557617,101.323196411133,99.00064086914058,100.953300476074,100.779571533203,99.2449417114258,0
root/Europe&CentralAsiaSlovakRepublic,root,0,0,0,0,0,0,0,0,0,0,0,0,0,0,0,0,0,0,0,0,0,0,103.134803771973,100.202423095703,99.8560104370117,98.8863906860352,97.7813720703125,96.6954727172852,102.837501525879,99.4286270141602,100.255859375,98.69458770751949,93.2493362426758,93.53854370117192,95.8021774291992,99.2381210327148,102.444541931152,103.472007751465,99.4776229858398,95.9262466430664,95.9941177368164,99.0585098266602,98.69104766845699,95.51690673828129,94.8825836181641,94.1504974365234,0,0
root/Europe&CentralAsiaSlovenia,root,0,0,0,0,0,0,0,0,0,0,0,0,0,0,0,0,0,0,0,0,0,0,0,0,0,0,0,95.4463119506836,98.03128051757808,96.2406005859375,101.749038696289,106.796318054199,112.51197052001999,118.12718963623001,139.350814819336,96.6011123657227,96.371337890625,101.161849975586,98.3690032958984,99.0603179931641,97.4563522338867,100.638389587402,97.7718734741211,99.64840698242192,99.2142868041992,103.992149353027,0,0
root/Europe&CentralAsiaSpain,root,0,0,0,0,0,0,0,0,0,0,0,107.080703735352,107.092430114746,106.75266265869101,103.701377868652,103.75681304931601,100.14959716796899,100.970230102539,99.27648162841801,100.893867492676,101.34414672851601,0,0,102.47418212890601,100.52126312255899,0,0,0,0,105.019218444824,101.734169006348,98.5485000610352,98.24859619140629,99.7304000854492,102.344589233398,100.906478881836,104.26418304443399,106.190361022949,104.81192016601601,102.484092712402,101.79296112060499,100.884323120117,99.6187362670898,0,98.2049179077148,100.73519897460899,96.2723236083984,0
root/Europe&CentralAsiaSweden,root,0,98.73107147216801,106.485496520996,104.846817016602,104.158416748047,102.41748809814501,96.54662322998051,91.8936080932617,94.4381484985352,98.7383575439453,98.99774169921879,99.14398193359379,100.97437286376999,98.3432998657227,95.4490585327148,0,0,101.033988952637,103.81374359130899,101.25894165039101,100.09716033935499,97.8728790283203,100.288116455078,103.37682342529301,103.145309448242,0,0,0,0,104.176712036133,101.715766906738,99.38980102539058,96.1222610473633,92.8729400634766,92.7566986083984,94.2992782592773,99.3799591064453,102.67946624755899,105.72583770751999,102.98438262939501,103.70355224609399,101.15149688720699,101.132713317871,99.14788818359379,100.764213562012,100.101196289063,100.03524780273399,0
root/Europe&CentralAsiaSwitzerland,root,0,0,0,0,0,0,0,96.9690093994141,96.36041259765629,96.2951431274414,95.6194229125977,90.5827484130859,91.6104278564453,90.5603866577148,93.2373428344727,92.6940765380859,94.32449340820308,98.0932083129883,100.371383666992,103.505416870117,104.102378845215,99.1835479736328,99.4488677978516,98.2007675170898,96.3291473388672,0,103.027206420898,0,104.212608337402,99.0609893798828,98.3464508056641,93.99179077148442,92.1870880126953,92.9271697998047,93.7093505859375,93.61898803710942,94.03650665283199,95.1762237548828,94.39257049560551,93.9692611694336,95.39453887939449,97.2349014282227,99.37835693359379,96.8910903930664,96.9878387451172,98.6252975463867,99.29434204101558,0
root/Europe&CentralAsiaTajikistan,root,0,0,0,0,0,0,0,0,0,0,0,0,0,0,0,0,0,0,0,0,0,0,0,0,0,0,0,0,0,95.00855255126949,92.0835494995117,88.8626022338867,99.74349975585942,103.441093444824,0,0,0,0,0,93.0445022583008,97.6379165649414,94.5996322631836,96.7840118408203,92.4658432006836,91.7213592529297,93.8357620239258,99.6205291748047,103.37204742431601
root/Europe&CentralAsiaTurkey,root,0,0,0,0,0,0,0,0,0,0,0,0,0,0,112.81900024414101,85.7276992797852,89.96365356445308,93.08999633789058,100.312889099121,91.0396270751953,92.8758010864258,91.03064727783199,92.5995635986328,91.1283493041992,89.0446014404297,90.8959121704102,0,0,0,0,0,0,0,0,97.5237808227539,99.3235702514648,99.55673217773442,101.63787841796899,99.2719573974609,92.8774566650391,102.030883789063,100.080780029297,100.898406982422,0,100.639450073242,92.6773910522461,0,0
root/Europe&CentralAsiaUkraine,root,0,0,0,0,0,0,0,0,0,0,0,0,0,0,0,0,0,0,0,0,0,0,0,96.8906936645508,102.66877746581999,0,0,0,0,100.607872009277,102.49154663085899,0,0,106.97411346435499,102.21288299560499,99.4060592651367,95.6206512451172,97.03585815429692,98.185302734375,99.1500778198242,104.84021759033199,105.365447998047,100.03653717041,102.09773254394501,100.51912689209,0,0,0
root/Europe&CentralAsiaUnitedKingdom,root,0,0,0,0,0,0,0,0,0,0,0,0,0,0,0,0,0,0,0,0,0,0,0,0,0,0,0,0,0,0,0,0,0,0,0,0,0,0,0,0,0,0,0,0,0,97.0647201538086,0,0
root/Europe&CentralAsiaUzbekistan,root,0,0,0,0,0,0,0,0,0,0,0,0,0,0,0,0,0,0,0,0,0,0,0,0,0,0,0,0,0,0,0,96.90545654296879,98.5649871826172,99.6290283203125,95.68753051757808,94.85511016845699,91.8445205688477,91.2532806396484,91.96365356445308,92.5699920654297,94.8083724975586,93.94512939453129,97.59976196289058,97.0645980834961,98.0577926635742,102.186210632324,104.93464660644501,104.730972290039
root/LatinAmerica&CaribbeanAntiguaandBarbuda,root,0,0,0,0,0,84.59214782714841,92.60385131835942,0,0,0,0,0,0,0,0,0,0,0,0,0,0,0,105.346290588379,0,0,0,0,0,0,0,0,0,0,0,0,0,0,91.4792861938477,88.4798126220703,84.4047622680664,0,83.7349395751953,77.4271774291992,0,92.08899688720699,95.26184844970699,0,0
root/LatinAmerica&CaribbeanArgentina,root,118.445190429688,119.782279968262,0,0,0,115.47852325439501,116.657432556152,0,0,0,0,0,0,0,0,0,0,0,0,0,0,93.8924026489258,0,0,0,0,114.17993927001999,113.75463104248001,113.62457275390601,110.339790344238,109.86978149414101,112.05844116210899,113.01397705078101,111.27693939209,110.231323242188,108.76769256591801,109.392593383789,107.15728759765601,104.932579040527,105.79776763916,104.554161071777,105.147270202637,102.14504241943399,100.332176208496,100.70847320556601,103.93448638916,0,0
root/LatinAmerica&CaribbeanAruba,root,0,0,0,0,0,0,0,0,0,0,0,0,0,0,0,0,0,0,0,0,0,0,0,0,0,0,0,0,0,100.864547729492,106.722686767578,0,0,100.26953887939501,97.9702301025391,104.25823974609399,107.323936462402,104.142860412598,104.927543640137,105.43318939209,100.59084320068399,0,0,113.21321105956999,108.885536193848,0,0,0
root/LatinAmerica&CaribbeanBahamasThe,root,0,0,0,0,0,0,0,0,0,0,0,0,0,0,0,0,0,0,0,0,0,0,0,0,0,99.89022827148442,104.62322998046899,89.6907196044922,96.3511199951172,109.913223266602,0,0,0,0,105.672729492188,111.744972229004,117.378280639648,118.243751525879,118.14312744140601,120.869911193848,110.885757446289,0,0,0,0,0,91.51318359375,0
root/LatinAmerica&CaribbeanBarbados,root,0,0,0,0,0,0,0,0,0,0,0,0,0,0,0,0,0,0,0,0,0,0,0,0,0,0,0,0,0,98.1864013671875,89.59799194335942,92.04830932617192,89.02001190185551,95.69100952148442,96.0193710327148,102.24535369873001,102.75330352783199,108.678833007813,100.055160522461,102.96378326416,95.3551864624023,97.0491790771484,0,0,91.4333724975586,0,0,0
root/LatinAmerica&CaribbeanBelize,root,0,0,0,0,0,0,0,0,0,0,0,0,0,0,0,0,0,0,0,0,0,0,134.54670715332,0,0,144.121719360352,145.783126831055,0,0,124.930923461914,115.835777282715,99.37818145751949,0,103.277359008789,101.118812561035,101.915008544922,112.829803466797,113.415893554688,102.16661834716801,103.48477172851601,104.828300476074,102.13806915283199,104.53125,100.899948120117,103.60505676269501,103.01793670654301,103.660522460938,0
root/LatinAmerica&CaribbeanBolivia,root,0,0,0,0,0,0,0,0,0,0,0,0,0,0,0,0,0,0,0,0,131.46272277832,125.372871398926,123.90991973876999,128.654357910156,133.168014526367,136.942947387695,134.936187744141,136.206954956055,128.665023803711,132.454574584961,129.230285644531,127.84850311279301,127.09059906005899,122.923301696777,124.169731140137,125.068878173828,124.840347290039,123.947250366211,115.99114990234399,97.3819198608398,91.3864517211914,89.48388671875,90.02993774414058,90.96932983398442,92.22118377685551,95.2218475341797,95.94415283203129,0
root/LatinAmerica&CaribbeanBrazil,root,0,0,0,0,0,0,0,0,0,0,0,0,0,0,0,0,0,0,0,0,0,0,0,0,0,0,0,0,0,0,0,113.427230834961,0,0,118.187789916992,0,0,0,0,0,0,0,0,0,0,0,0,0
root/LatinAmerica&CaribbeanChile,root,131.356384277344,151.242034912109,135.963226318359,129.927886962891,125.077529907227,112.828178405762,108.631393432617,110.07462310791,0,0,0,0,0,88.2176666259766,0,0,0,0,0,0,0,0,0,0,0,0,0,103.713798522949,100.706817626953,100.73889923095699,101.31671142578101,0,99.5251617431641,98.93553924560551,97.65728759765629,98.17334747314449,96.8600616455078,99.5074005126953,96.2199325561523,94.68115234375,92.01788330078129,90.0842666625977,89.9002304077148,93.2129287719727,95.4662704467773,98.65624237060551,0,0
root/LatinAmerica&CaribbeanColombia,root,137.971878051758,145.718933105469,145.40315246582,148.799667358398,147.295745849609,0,0,0,0,0,0,0,131.07125854492202,128.635406494141,123.006187438965,114.39804077148399,105.50206756591801,119.209800720215,119.08120727539101,119.23902130126999,130.964935302734,118.79615020751999,133.063064575195,138.260345458984,126.468223571777,135.577560424805,142.753036499023,0,142.571365356445,143.21340942382798,145.78292846679702,139.41340637207,142.39013671875,0,137.933029174805,136.463485717773,136.528915405273,132.649276733398,133.816497802734,123.284721374512,115.56310272216801,115.87580871581999,115.83709716796899,116.558563232422,112.878280639648,108.78589630126999,107.64666748046899,0
root/LatinAmerica&CaribbeanCostaRica,root,109.714912414551,106.131072998047,114.519332885742,121.229248046875,112.99294281005899,111.325828552246,118.057586669922,119.12854766845699,106.558158874512,105.27307891845699,110.04831695556601,110.025001525879,104.19043731689501,0,0,101.39396667480499,106.002342224121,103.963050842285,104.44235992431601,101.199508666992,0,109.61676025390601,112.289672851563,108.63387298584,105.062026977539,105.170059204102,107.14070892334,0,103.54981231689501,106.237289428711,104.432441711426,102.611976623535,106.251426696777,0,108.638458251953,105.772911071777,112.036346435547,107.39330291748001,102.418258666992,105.962303161621,106.249282836914,105.491508483887,103.14154052734399,100.722618103027,100.795753479004,101.697608947754,101.700546264648,0
root/LatinAmerica&CaribbeanCuba,root,0,114.20128631591801,107.733840942383,0,0,0,0,0,0,0,0,0,0,0,0,0,0,0,0,0,0,0,0,0,0,0,0,102.39328765869101,0,89.8493194580078,90.9112930297852,90.50731658935551,93.4511566162109,88.8705215454102,97.51207733154301,97.38272094726558,98.2183303833008,95.1918716430664,95.8134078979492,101.273628234863,100.91979217529301,96.0963592529297,93.59393310546879,0,0,98.18505859375,0,0
root/LatinAmerica&CaribbeanDominica,root,0,0,0,0,0,0,0,0,0,0,0,0,0,0,0,0,0,0,107.297607421875,0,0,0,0,0,0,0,0,0,0,119.258201599121,109.890106201172,112.039657592773,101.897811889648,95.4198532104492,83.5483932495117,111.774742126465,105.88234710693399,110.526321411133,121.07356262206999,118.06723022460899,122.24669647216801,109.72850799560499,128.409088134766,113.932579040527,114.945053100586,112.847969055176,103.60169219970699,0
root/LatinAmerica&CaribbeanDominicanRepublic,root,0,140.62649536132798,0,0,0,0,0,0,0,0,0,0,0,0,0,0,0,0,0,0,0,0,0,0,0,0,0,0,0,127.06826782226601,122.777397155762,0,122.971336364746,0,97.1792678833008,102.190223693848,105.95834350585899,123.563148498535,100.69586181640601,92.00769805908199,100.077743530273,92.08873748779301,92.8307266235352,91.8352279663086,96.5423583984375,102.232566833496,100.20256042480499,0
root/LatinAmerica&CaribbeanEcuador,root,0,130.22688293457,124.85082244873001,130.284896850586,129.717361450195,131.067489624023,129.602111816406,129.727691650391,132.278427124023,136.58883666992202,136.82345581054702,0,0,0,0,0,0,153.261825561523,152.947402954102,0,0,0,0,0,125.84658813476601,125.622909545898,126.09381103515601,128.64840698242202,127.12296295166,127.561477661133,130.92199707031298,132.688522338867,132.670501708984,130.727157592773,128.09411621093798,125.646041870117,130.664215087891,132.625244140625,0,0,120.223846435547,116.415229797363,114.056602478027,114.966766357422,110.406410217285,108.479072570801,103.164428710938,100.009002685547
root/LatinAmerica&CaribbeanElSalvador,root,0,119.42675018310499,125.90682983398399,135.229675292969,142.40661621093798,0,145.47233581543,144.903396606445,0,0,0,117.60056304931601,135.40158081054702,136.254806518555,131.836502075195,0,0,134.80114746093798,139.684906005859,134.90896606445298,0,123.00634765625,135.209808349609,125.485908508301,0,122.797988891602,144.850357055664,0,125.66481781005899,128.163345336914,130.847305297852,128.958572387695,134.231384277344,134.33450317382798,136.351898193359,132.507965087891,124.175331115723,117.85626220703101,116.263717651367,112.98356628418001,108.31648254394501,104.893516540527,104.46591186523399,100.13224792480499,98.021240234375,100.10587310791,99.9124603271484,0
root/LatinAmerica&CaribbeanGrenada,root,0,0,0,0,0,0,0,0,116.137573242188,105.47476196289101,0,0,0,96.3541717529297,93.30435180664058,0,0,0,0,0,0,0,0,0,95.1271209716797,95.66761016845699,96.95873260498051,103.23065185546899,112.838920593262,104.704879760742,0,0,118.604652404785,99.8027572631836,0,97.97366333007808,0,96.13733673095699,97.35391235351558,105.084747314453,113.21839141845699,0,0,98.33148193359379,99.2432403564453,94.8202972412109,90.9758682250977,0
root/LatinAmerica&CaribbeanGuatemala,root,0,0,0,0,0,0,80.954460144043,85.6042404174805,87.6830215454102,0,0,0,0,0,0,0,0,0,0,0,0,0,0,0,0,0,106.35360717773399,0,118.772743225098,123.99514007568399,120.661148071289,118.64077758789101,119.116630554199,0,122.105209350586,120.106590270996,121.83177947998001,122.50772857666,121.631172180176,133.867614746094,114.449691772461,110.75604248046899,97.46481323242192,98.53394317626949,100.22421264648399,102.915809631348,116.073852539063,0
root/LatinAmerica&CaribbeanGuyana,root,0,89.9256362915039,88.7410736083984,99.5360870361328,90.7192764282227,0,81.55918884277341,98.90576171875,93.20297241210942,99.4623184204102,86.5792007446289,0,95.48458862304692,0,0,0,0,90.3347320556641,0,0,0,0,80.6378936767578,86.6931381225586,0,100.815147399902,89.5269927978516,92.6103286743164,0,100.204277038574,96.01290893554692,120.39755249023399,0,108.25621795654301,0,90.5691070556641,90.3639984130859,90.8523178100586,95.83383178710942,87.08251190185551,95.84644317626949,95.1866226196289,91.4831924438477,0,0,0,0,0
root/LatinAmerica&CaribbeanHaiti,root,0,0,0,0,0,0,0,0,0,82.5099182128906,92.9786529541016,0,142.935775756836,154.334487915039,0,167.468933105469,158.575531005859,0,0,0,0,0,0,0,0,0,0,153.36279296875,0,0,0,0,0,0,0,0,0,0,0,0,0,0,0,0,0,0,0,0
root/LatinAmerica&CaribbeanHonduras,root,0,0,0,0,0,0,0,0,0,0,132.838714599609,0,137.87707519531298,0,136.1611328125,0,0,0,0,0,0,134.761459350586,121.12190246581999,126.650703430176,123.341049194336,128.477096557617,126.247886657715,126.674179077148,137.092178344727,120.668579101563,134.778396606445,0,0,122.885643005371,121.337928771973,114.70989990234399,122.828712463379,0,110.41909790039101,106.463706970215,108.853057861328,105.97496795654301,103.059356689453,99.1594772338867,102.636337280273,104.64684295654301,97.8638687133789,0
root/LatinAmerica&CaribbeanJamaica,root,0,0,0,0,0,0,96.56442260742192,96.54940795898442,0,102.22068023681601,97.9055862426758,95.7044906616211,0,0,100.382637023926,0,0,99.5805206298828,96.2540130615234,96.4081878662109,96.7723922729492,91.85797119140629,0,87.41989135742192,0,0,0,0,0,0,96.2382278442383,96.02490234375,93.6829071044922,90.4195022583008,91.0344619750977,0,0,0,0,0,0,0,0,0,0,0,0,0
root/LatinAmerica&CaribbeanMexico,root,0,0,0,0,0,131.01931762695298,132.771743774414,132.286422729492,0,0,0,0,0,0,0,0,0,0,0,0,0,0,0,110.507278442383,107.46011352539101,109.43765258789101,107.28000640869101,107.791816711426,0,107.236831665039,106.449737548828,105.782257080078,104.41729736328101,102.602348327637,98.8414764404297,98.56881713867192,98.0761871337891,104.85578918456999,108.28415679931601,109.744972229004,104.038833618164,103.324058532715,102.995933532715,103.003936767578,103.942939758301,104.772163391113,0,0
root/LatinAmerica&CaribbeanNicaragua,root,123.592079162598,127.38622283935499,123.428451538086,125.76483154296899,0,0,0,117.591110229492,116.34362030029301,156.305099487305,148.976669311523,0,150.115249633789,125.417129516602,131.007858276367,116.874549865723,131.34567260742202,128.633010864258,128.690628051758,0,0,0,0,117.639106750488,120.60717010498001,120.912528991699,0,0,0,147.430618286133,148.108963012695,150.776657104492,154.366760253906,146.774597167969,148.679153442383,152.88723754882798,172.571319580078,169.78308105468798,155.87307739257798,0,144.968673706055,0,0,0,0,0,0,0
root/LatinAmerica&CaribbeanPanama,root,104.31011962890601,134.590972900391,118.571189880371,114.04602813720699,111.14308929443399,107.43807983398399,108.951316833496,108.38062286376999,110.921546936035,100.786148071289,102.645950317383,99.2999420166016,99.65780639648442,97.9460220336914,99.44647216796879,98.51329803466801,100.61219024658199,100.566940307617,105.115089416504,106.17336273193399,0,0,0,0,0,0,0,0,0,106.867156982422,107.25499725341801,112.640342712402,115.469223022461,0,113.363609313965,105.07032012939501,110.28675079345699,109.78402709960899,103.03109741210899,100.20581817626999,98.6233367919922,96.86990356445308,94.5079574584961,95.9035263061523,96.2428817749023,98.3862991333008,0,0
root/LatinAmerica&CaribbeanParaguay,root,121.211479187012,0,116.626602172852,113.81746673584,110.515579223633,108.214218139648,115.233291625977,115.492622375488,119.57975769043001,0,121.758750915527,120.205368041992,119.836929321289,116.953453063965,115.643409729004,116.279022216797,117.71591186523399,122.23380279541,122.379203796387,121.967498779297,120.763442993164,119.419219970703,113.216133117676,132.76159667968798,131.535232543945,128.140518188477,126.418502807617,0,126.53890991210899,128.36575317382798,127.21643829345699,121.523803710938,114.942337036133,114.558380126953,114.89601898193399,110.999298095703,105.87882995605499,103.193359375,104.03826904296899,107.329292297363,104.809829711914,103.53784942626999,99.6306610107422,0,0,0,0,0
root/LatinAmerica&CaribbeanPeru,root,111.178573608398,0,0,0,0,0,0,123.15418243408199,116.815849304199,116.224510192871,116.536880493164,119.89502716064501,0,0,0,0,0,0,0,0,0,0,0,121.09832763671899,0,118.343963623047,0,0,120.452346801758,121.362098693848,117.81896209716801,118.534080505371,117.80354309081999,113.831336975098,110.966117858887,111.062698364258,107.866142272949,107.803497314453,103.407836914063,103.64208221435499,107.53502655029301,105.478218078613,90.6481170654297,93.7644882202148,92.6168670654297,98.2173004150391,101.808471679688,0
root/LatinAmerica&CaribbeanPuertoRico,root,0,0,0,0,0,0,0,0,0,0,0,0,0,0,0,0,0,0,0,0,0,0,0,0,0,0,0,0,0,0,0,0,0,0,0,0,0,0,0,0,0,0,0,92.4977188110352,92.5917816162109,87.45745849609379,0,0
root/LatinAmerica&CaribbeanStLucia,root,0,0,0,0,0,0,0,0,0,0,0,0,0,105.041030883789,109.085609436035,0,0,0,0,0,115.95806884765601,118.44934844970699,0,108.35669708251999,0,0,0,0,0,0,103.231491088867,0,97.9255599975586,96.57321166992192,90.30612182617192,95.60655975341801,101.08843994140601,99.36215209960942,0,0,0,0,0,0,0,0,0,0
root/LatinAmerica&CaribbeanStVincentandtheGrenadines,root,0,0,0,0,0,0,0,0,0,0,0,0,0,0,0,0,0,0,0,0,0,0,0,0,0,0,0,0,0,0,0,0,101.90735626220699,98.1464309692383,88.2686767578125,0,0,101.925033569336,101.56086730956999,0,100.0,0,108.846580505371,100.558036804199,109.756103515625,108.20398712158199,99.77503204345699,0
root/LatinAmerica&CaribbeanSuriname,root,0,0,0,0,0,0,93.4197616577148,106.564170837402,113.00145721435499,112.918746948242,0,0,0,0,0,125.36286926269501,0,109.08624267578101,105.95471954345699,115.060516357422,0,0,0,0,0,0,0,0,0,0,0,0,0,0,0,93.9423828125,103.098930358887,96.8956527709961,104.039588928223,105.13134002685499,100.800491333008,96.8976211547852,94.49292755126949,99.0406723022461,103.449722290039,107.933853149414,107.14434814453101,0
root/LatinAmerica&CaribbeanTrinidadandTobago,root,0,0,0,0,0,0,0,0,0,0,0,0,86.2640914916992,0,0,89.6551666259766,0,0,0,0,0,84.3878173828125,82.8258819580078,84.8845520019531,0,0,87.2102890014648,88.6264801025391,0,96.67218017578129,94.0321273803711,94.0857391357422,0,95.1603775024414,93.01223754882808,95.75338745117192,0,99.21546173095699,97.65489959716801,99.3709335327148,99.8570327758789,0,0,0,0,0,0,0
root/LatinAmerica&CaribbeanUruguay,root,0,0,0,0,71.6192092895508,0,79.0979232788086,79.9508590698242,76.3929214477539,72.9438171386719,73.2566833496094,0,0,0,0,97.77993774414058,97.7626419067383,95.29517364501949,98.6232223510742,101.38986968994101,100.89769744873001,100.867973327637,100.498748779297,101.60218048095699,98.93585205078129,100.790390014648,99.8511428833008,54.6352195739746,104.446563720703,106.864776611328,102.006767272949,104.515487670898,109.80232238769501,110.011688232422,105.18897247314501,102.775497436523,104.440147399902,103.18953704834,102.05477142334,105.49160766601601,98.90460205078129,0,0,97.24163818359379,95.1193008422852,95.2552871704102,0,0
root/LatinAmerica&CaribbeanVenezuelaRB,root,0,0,0,0,0,0,0,0,0,0,0,0,0,0,0,0,0,0,110.94640350341801,107.061630249023,0,110.59738922119101,108.263862609863,103.47776031494101,0,0,97.3433303833008,98.85494995117192,0,94.6395416259766,100.69127655029301,105.408309936523,103.483329772949,98.9197463989258,97.7946624755859,96.25804901123051,98.0944290161133,102.977401733398,99.6754913330078,96.82025146484379,96.5321197509766,94.70675659179692,95.5928268432617,95.6233978271484,97.3486862182617,96.4692001342773,93.5819473266602,0
root/MiddleEast&NorthAfricaAlgeria,root,0,0,66.8366317749023,71.6460494995117,71.28558349609379,70.504638671875,76.65753173828129,79.4971694946289,77.389518737793,76.1579666137695,76.70314025878909,75.2098693847656,75.4890594482422,76.7145080566406,80.4262466430664,77.9950408935547,83.4280090332031,86.2052383422852,86.0521087646484,83.2288589477539,85.1737976074219,89.6088180541992,92.6543731689453,87.3619232177734,89.07018280029301,87.27938842773442,93.0864028930664,92.5739212036133,0,97.03720092773442,95.2580718994141,83.12628173828129,98.98605346679692,95.1506500244141,97.1984329223633,96.51476287841801,95.9241790771484,99.8827896118164,104.64002227783199,104.72615814209,112.86557006835899,110.128463745117,112.738136291504,112.23272705078101,110.428588867188,106.976631164551,103.906753540039,0
root/MiddleEast&NorthAfricaBahrain,root,0,0,0,0,0,0,0,0,0,0,0,0,90.2704010009766,95.7667007446289,108.10189819335899,110.66696929931601,107.993827819824,102.846221923828,101.289932250977,99.8023300170898,0,105.832870483398,82.9860534667969,103.912887573242,103.76634979248001,104.914047241211,104.42259979248001,0,103.139686584473,105.370971679688,99.61602783203129,94.9258499145508,89.964111328125,91.7492218017578,90.1414337158203,90.00672149658199,96.26336669921879,0,87.29302978515629,90.0507965087891,97.75900268554692,98.2490005493164,95.88400268554692,95.68328857421879,97.7149810791016,100.45993804931601,101.527656555176,0
root/MiddleEast&NorthAfricaDjibouti,root,0,12.505080223083501,13.2552900314331,13.8967504501343,16.3413791656494,23.171480178832997,16.9352607727051,0,0,0,0,0,0,0,0,0,0,0,0,0,0,0,0,0,0,0,0,0,0,25.165969848632802,27.1431503295898,35.880428314209,37.580020904541,0,0,44.9974517822266,48.8922805786133,52.516971588134794,61.537681579589794,58.335018157959006,0,60.00202941894529,58.8426704406738,62.410400390625,58.502838134765604,55.7510108947754,53.3326416015625,57.32637023925779
root/MiddleEast&NorthAfricaEgyptArabRep,root,0,0,0,0,0,0,0,0,0,0,0,0,0,0,0,0,78.5323791503906,0,0,0,0,0,0,0,0,0,0,78.31153869628909,0,82.311882019043,86.6503067016602,89.7767562866211,93.0673675537109,94.2346572875977,97.1383895874023,100.32623291015601,100.535606384277,101.531280517578,0,99.9587173461914,98.0846099853516,98.1706390380859,97.5787200927734,99.52587890625,101.173538208008,0,102.26136016845699,0
root/MiddleEast&NorthAfricaIranIslamicRep,root,0,63.7346305847168,0,0,0,0,0,0,0,0,0,0,0,0,0,0,0,95.8968734741211,100.707656860352,100.259521484375,102.5234375,107.261039733887,106.098266601563,101.334228515625,96.7752227783203,94.1855926513672,0,98.63416290283199,0,96.5226364135742,92.7505416870117,93.30905151367192,94.1911392211914,99.9695663452148,99.05892944335942,99.88233184814449,107.566390991211,106.47434234619101,105.11840057373001,106.28932952880899,103.422889709473,103.49690246581999,103.73487091064501,107.572982788086,100.91886138916,97.95526123046879,0,0
root/MiddleEast&NorthAfricaIraq,root,0,47.6031913757324,50.527259826660206,51.2028198242188,54.419460296630895,62.9572906494141,77.76499938964841,79.95118713378909,76.5361099243164,0,101.503562927246,0,0,84.8495635986328,0,96.7500762939453,94.0375595092773,93.0799179077148,89.41039276123051,94.5053482055664,0,0,80.8121719360352,82.18882751464841,0,0,0,0,0,102.60266876220699,100.765907287598,0,0,0,108.916961669922,0,0,108.909896850586,0,0,0,0,0,0,0,0,0,0
root/MiddleEast&NorthAfricaIsrael,root,0,0,0,0,0,0,0,0,0,0,0,0,0,0,0,0,0,0,0,0,0,0,0,0,0,0,0,0,0,0,0,102.634696960449,104.449920654297,100.186996459961,104.17767333984399,100.84268951416,98.70043182373051,104.24224853515601,99.6175384521484,100.884956359863,108.622169494629,101.94537353515601,104.566543579102,100.57048034668001,100.04386138916,106.45549011230499,0,0
root/MiddleEast&NorthAfricaJordan,root,0,0,110.441581726074,105.38147735595699,106.56948852539101,103.623046875,104.34822845459,104.941772460938,102.79528045654301,105.137252807617,103.134132385254,91.3040237426758,92.4004898071289,91.80065155029301,95.126953125,103.62222290039101,0,100.30895233154301,102.674491882324,95.76669311523442,91.3005523681641,93.26586151123051,94.09192657470699,94.8880615234375,94.5072402954102,0,96.5985107421875,0,95.4179534912109,96.5693817138672,99.5902633666992,0,102.294486999512,100.064979553223,94.3359832763672,0,0,0,0,0,0,0,0,0,0,0,0,0
root/MiddleEast&NorthAfricaKuwait,root,0,49.463409423828104,60.576530456543,63.509830474853494,60.0085105895996,62.7437896728516,81.9067764282227,80.5019912719727,75.7873764038086,71.55384826660159,77.1111221313477,96.4580230712891,98.9753265380859,97.6035614013672,101.89792633056601,100.15985107421899,93.2857513427734,92.2480926513672,0,0,0,0,50.108158111572294,0,80.0846633911133,92.00171661376949,94.23703002929692,101.58358001709,0,98.98983764648442,102.32422637939501,104.595016479492,104.257202148438,104.05715179443399,100.20468139648399,95.6581497192383,94.8281631469727,98.8071517944336,99.6306610107422,0,105.25154113769501,110.670936584473,110.08277130126999,105.285453796387,0,0,96.8358688354492,0
root/MiddleEast&NorthAfricaLebanon,root,0,0,0,0,0,0,0,0,0,0,0,0,0,0,0,0,0,0,0,0,0,0,0,0,0,0,0,0,120.801391601563,116.16900634765601,112.872886657715,115.524398803711,109.26872253418001,106.74543762206999,102.417182922363,100.25137329101601,94.53404998779301,95.7667694091797,96.3114471435547,104.82692718505899,102.618583679199,104.51172637939501,100.997909545898,100.9990234375,102.64588165283199,95.2115325927734,86.4868011474609,0
root/MiddleEast&NorthAfricaLibya,root,0,96.2609405517578,114.797813415527,115.12743377685499,110.351463317871,101.74494934081999,105.235641479492,104.488319396973,101.83959197998001,105.82569122314501,106.306518554688,104.785926818848,0,107.999931335449,0,0,0,0,0,0,0,0,0,0,0,0,0,0,0,0,0,0,0,0,0,0,0,0,0,0,0,0,0,0,0,0,0,0
root/MiddleEast&NorthAfricaMalta,root,0,75.3069610595703,94.0626068115234,104.01854705810499,109.045440673828,104.292037963867,127.484329223633,111.81137084960899,108.396621704102,107.66161346435499,95.9695816040039,99.3296127319336,102.87481689453101,95.70968627929692,98.2344589233398,97.5464401245117,96.7550582885742,96.56983184814449,103.38983154296899,100.607788085938,100.76087188720699,99.1221694946289,96.9440383911133,102.295448303223,97.31942749023442,107.908546447754,105.793258666992,109.04907989501999,104.972801208496,101.69358062744101,101.59616851806601,97.9806137084961,97.15216064453129,93.67816162109379,93.63561248779301,91.2064590454102,98.1115493774414,91.7896728515625,92.1282806396484,97.2945404052734,100.582939147949,101.504570007324,99.7851791381836,99.89356231689449,108.718490600586,110.82901763916,109.861328125,0
root/MiddleEast&NorthAfricaMorocco,root,0,0,0,34.1601982116699,35.699821472168004,36.161430358886705,0,44.2823905944824,46.3725509643555,49.68009948730471,53.2446517944336,55.9334106445313,61.673091888427706,64.22763824462889,49.440120697021506,43.4888114929199,62.2437210083008,55.0676193237305,56.481960296630895,52.616050720214794,55.5529708862305,58.428279876709006,60.55754089355471,67.76003265380861,73.132568359375,75.0297012329102,77.2616195678711,78.18824768066409,87.6179733276367,107.734519958496,108.301971435547,109.45616912841801,109.679267883301,99.01854705810551,98.9591827392578,101.999542236328,101.887329101563,113.83267211914101,104.483741760254,104.038101196289,104.577461242676,103.770523071289,101.351333618164,101.62122344970699,103.041786193848,102.79972839355499,106.30162811279301,0
root/MiddleEast&NorthAfricaOman,root,0,0,0,0,26.2045001983643,41.1407699584961,30.940059661865202,0,37.804370880127,42.654468536377,0,0,0,60.871829986572294,69.8503875732422,75.72727966308591,75.1657028198242,73.4743118286133,68.5439910888672,71.8068389892578,74.623908996582,0,81.8432998657227,0,82.2182235717773,77.5437316894531,79.7910232543945,84.0452423095703,85.79283142089841,88.0710220336914,88.4592437744141,87.1996307373047,86.37493896484379,84.8722763061523,0,0,0,0,0,104.933380126953,0,107.75514984130899,110.816116333008,104.50524139404301,105.10653686523399,106.089569091797,107.11940765380899,0
root/MiddleEast&NorthAfricaQatar,root,0,85.5495834350586,99.5655288696289,106.753067016602,93.51732635498051,93.79891967773442,93.1946029663086,89.19207763671879,87.37322998046879,87.6790771484375,82.932258605957,80.0493621826172,82.20436096191409,0,75.5221862792969,72.2322463989258,74.1039199829102,69.57077026367189,69.95062255859379,67.47487640380861,62.616050720214794,0,55.654411315918,59.43830871582029,58.6781997680664,63.450168609619105,66.7733688354492,0,103.666603088379,112.75788879394501,0,0,0,110.324432373047,101.972709655762,107.039520263672,104.91638946533199,109.870132446289,108.931053161621,112.97257995605499,107.006973266602,107.972640991211,105.152412414551,100.668128967285,104.776123046875,112.189659118652,109.48370361328101,0
root/MiddleEast&NorthAfricaSaudiArabia,root,0,0,0,0,0,0,0,0,0,49.648101806640604,0,0,0,0,0,0,0,0,0,0,0,0,0,0,0,0,0,0,0,0,0,0,0,0,0,97.3628311157227,0,103.51905059814501,106.821807861328,107.912696838379,108.984657287598,106.02725219726601,108.590156555176,112.76228332519501,116.353187561035,115.884902954102,115.788696289063,0
root/MiddleEast&NorthAfricaSyrianArabRepublic,root,0,74.467399597168,78.48561096191409,85.9117889404297,76.28321838378909,76.00978088378909,78.2858581542969,80.1055679321289,83.2693634033203,84.1343688964844,95.7757110595703,89.92523193359379,91.89614868164058,88.75354766845699,98.6974411010742,96.4929733276367,99.1004791259766,0,92.8006134033203,98.8584976196289,99.3790512084961,102.33685302734399,103.50553894043001,101.393920898438,100.825942993164,99.7768707275391,100.476860046387,97.456298828125,102.914321899414,104.109336853027,109.874801635742,112.97989654541,115.656089782715,116.404731750488,114.039932250977,114.92043304443399,113.21527099609399,110.64797210693399,111.66731262206999,111.836303710938,116.250877380371,123.33065795898399,120.710487365723,78.68121337890629,0,0,0,0
root/MiddleEast&NorthAfricaTunisia,root,0,0,0,71.3250198364258,0,0,73.3924102783203,75.1449432373047,76.3319396972656,82.9872283935547,83.7578430175781,85.7185592651367,94.6502227783203,97.6219024658203,98.33319091796879,95.3868408203125,96.7649917602539,0,95.8923721313477,91.82568359375,98.2297897338867,100.23153686523399,101.111427307129,100.435203552246,99.1306381225586,95.0538711547852,91.4098587036133,96.87023162841801,97.81887817382808,102.244667053223,104.05474853515601,105.58130645751999,102.354690551758,93.673828125,95.9916305541992,99.6577835083008,97.7977828979492,99.4417572021484,101.707397460938,103.29566192626999,106.190620422363,106.21307373046899,109.147499084473,108.698051452637,112.598510742188,115.893173217773,106.276000976563,0
root/MiddleEast&NorthAfricaUnitedArabEmirates,root,0,0,0,0,86.74517822265629,83.3333282470703,81.71214294433591,77.58331298828129,73.60105895996091,62.727508544921896,65.2356719970703,64.7709884643555,93.66802978515629,88.8959579467773,94.9184799194336,95.60350799560551,95.98529052734379,98.7590103149414,100.805488586426,103.136978149414,105.185218811035,100.66860961914101,99.90821075439449,99.42098999023442,97.7220077514648,101.13818359375,98.0821685791016,90.54544067382808,87.4444732666016,0,0,0,0,0,0,0,0,106.048110961914,0,106.483993530273,105.260948181152,107.332626342773,106.68123626709,103.109046936035,107.45001220703101,99.8421783447266,121.03588104248001,0
root/MiddleEast&NorthAfricaWestBankandGaza,root,0,0,0,0,0,0,0,0,0,0,0,0,0,0,0,0,0,0,0,0,0,0,0,0,0,92.0858001708984,93.81552124023442,96.00347900390629,0,93.219970703125,95.71243286132808,91.2904434204102,89.0622711181641,85.05091857910159,82.57269287109379,84.8977279663086,85.9343490600586,89.1081085205078,88.0826568603516,89.7760391235352,91.6789779663086,95.15292358398442,95.9886016845703,94.0253524780273,94.1490631103516,94.82129669189449,94.43567657470699,0
root/MiddleEast&NorthAfricaYemenRep,root,0,0,0,0,0,0,0,0,0,0,0,0,0,0,0,0,0,0,0,0,0,0,0,0,0,0,0,0,0,61.5487213134766,0,76.93414306640629,83.7117385864258,91.80075073242192,98.3263397216797,105.77774810791,0,0,102.45173645019501,0,101.31231689453101,0,103.347953796387,111.411407470703,0,0,97.5083465576172,0
root/NorthAmericaBermuda,root,0,0,0,0,0,75.9259262084961,0,0,0,0,0,0,0,0,0,0,0,0,0,0,0,0,0,0,0,0,0,0,0,0,0,109.76863861084,102.57068634033199,108.717948913574,0,0,0,0,0,0,90.15151977539058,89.5408172607422,88.0208282470703,87.23403930664058,0,58.77436828613279,0,0
root/NorthAmericaCanada,root,0,0,0,0,0,0,0,0,0,0,0,0,0,0,0,0,0,0,0,0,0,0,0,0,0,0,0,0,103.10520172119101,101.86799621581999,100.642753601074,0,0,0,0,0,96.6924514770508,95.8526229858398,97.0506362915039,99.56594848632808,100.90057373046899,100.477729797363,0,0,0,0,0,0
root/NorthAmericaUnitedStates,root,0,0,0,0,0,0,0,0,0,0,0,0,0,0,0,0,0,0,0,0,0,0,0,0,0,0,0,0,104.675086975098,102.071113586426,99.5108413696289,100.52734375,100.59326171875,99.9920425415039,101.349067687988,103.614219665527,104.61058807373001,110.05623626709,112.12703704834,104.79826354980499,99.53331756591801,101.520278930664,95.9747314453125,98.0980377197266,101.32675170898399,102.17951965331999,0,0
root/SouthAsiaAfghanistan,root,0,0,0,0,10.106060028076199,0,0,10.873660087585401,11.590069770813,0,18.9712009429932,23.2635192871094,12.6167001724243,0,16.8094692230225,19.4553604125977,0,0,0,0,0,0,0,13.948769569397,0,0,0,0,0,9.01735973358154,0,0,146.82580566406298,150.999496459961,0,90.41400146484379,0,76.2851181030273,0,86.1522979736328,92.56442260742192,96.9393692016602,102.748550415039,97.8322601318359,93.6514434814453,89.1577987670898,0,0
root/SouthAsiaBangladesh,root,0,0,0,0,0,0,82.0073928833008,0,0,0,0,96.4061126708984,0,0,0,0,0,0,0,0,0,0,0,0,0,0,0,0,0,0,0,0,0,0,0,120.95899200439501,121.719429016113,103.731811523438,105.22730255126999,110.147247314453,113.04222869873001,125.389999389648,0,122.053939819336,0,112.88646697998001,102.45271301269501,0
root/SouthAsiaBhutan,root,0,0,0,0,0,0,0,0,49.798988342285206,51.3155708312988,0,0,0,0,0,0,0,0,0,0,0,61.7308883666992,54.6523284912109,55.304630279540994,50.1909103393555,54.6857795715332,66.3269119262695,73.38023376464841,68.1208114624023,73.0889892578125,78.2707901000977,80.1638107299805,84.28941345214841,90.4842681884766,96.4889068603516,91.4537887573242,103.16429901123001,102.790702819824,106.087440490723,113.24577331543001,111.85080718994101,103.003807067871,86.7640914916992,81.3294219970703,86.9583282470703,0,87.6063003540039,0
root/SouthAsiaIndia,root,0,79.9009094238281,0,0,88.31179809570308,0,0,0,0,0,0,0,0,0,0,0,0,94.9534912109375,95.88198852539058,0,0,0,0,0,0,108.136070251465,0,0,112.742553710938,112.35059356689501,112.97727203369101,111.242797851563,107.340316772461,125.833839416504,126.280708312988,125.14019775390601,125.56112670898399,123.21179962158199,123.00769805908199,112.57421875,118.069686889648,110.204170227051,0,106.87328338623001,101.976402282715,103.391929626465,105.660972595215,0
root/SouthAsiaMaldives,root,0,0,0,0,0,0,0,0,0,0,0,0,0,0,0,0,0,0,0,0,0,0,0,0,0,0,0,96.73780059814449,0,100.65003204345699,99.0588912963867,102.937057495117,100.437957763672,104.207321166992,102.79808807373001,103.46305847168001,98.53192138671879,102.518356323242,97.7313003540039,90.57274627685551,0,0,0,0,0,109.13829803466801,111.084770202637,0
root/SouthAsiaNepal,root,0,0,0,0,0,0,0,0,0,0,0,0,0,0,0,0,0,0,0,0,0,0,115.062240600586,0,0,0,0,112.471748352051,0,115.801010131836,118.65228271484399,103.960899353027,112.116600036621,108.32814788818399,110.242309570313,106.773277282715,154.397018432617,140.03796386718798,131.539123535156,155.512145996094,164.832168579102,178.312225341797,162.773056030273,161.888031005859,154.89303588867202,153.815765380859,145.422119140625,144.326919555664
root/SouthAsiaPakistan,root,0,0,0,0,0,0,0,0,0,0,0,0,0,0,0,0,0,0,0,0,0,0,0,0,0,0,0,0,0,0,0,0,0,0,0,104.078338623047,99.7286529541016,106.468559265137,110.082321166992,108.393432617188,107.66002655029301,100.454391479492,101.159622192383,98.7180862426758,103.53427124023399,102.56356811523399,111.580772399902,0
root/SouthAsiaSriLanka,root,86.85912322998051,0,0,0,0,0,0,0,0,0,0,0,0,92.3755111694336,0,95.5840530395508,101.95880126953101,102.19317626953101,0,103.807876586914,102.56453704834,105.19744873046899,99.8736572265625,0,0,0,0,0,103.84987640380899,0,0,101.52175140380899,100.432441711426,97.3231964111328,0,97.4332809448242,98.33444213867192,98.5090866088867,0,0,96.59515380859379,96.2310104370117,99.4051971435547,100.74488067626999,100.434219360352,97.9048080444336,97.2128067016602,0
root/Sub-SaharanAfricaAngola,root,0,0,0,0,0,0,0,0,0,0,0,0,0,0,0,0,0,0,0,0,0,0,0,0,0,0,0,0,59.2911987304688,0,0,0,0,0,0,0,0,0,123.85040283203101,121.68963623046899,120.85675048828101,118.773262023926,0,0,0,0,0,0
root/Sub-SaharanAfricaBenin,root,0,28.3209209442139,31.671400070190398,37.3207588195801,31.4696407318115,40.2822914123535,36.8324699401855,40.219841003418004,40.1985015869141,53.257240295410206,43.1931495666504,48.51216125488279,48.4328117370605,45.407840728759794,45.1249504089355,46.7775993347168,45.0855903625488,49.8148384094238,48.6539497375488,47.9965591430664,50.407379150390604,51.684818267822294,50.6002311706543,55.178150177002,57.321380615234396,60.28569030761721,63.252349853515604,64.10958862304689,74.9809494018555,0,86.8101119995117,88.5161666870117,91.4159164428711,92.3800735473633,97.9155120849609,100.373046875,113.272109985352,0,151.006652832031,0,142.038879394531,140.145431518555,150.5576171875,149.74148559570298,152.59704589843798,157.954193115234,0,0
root/Sub-SaharanAfricaBotswana,root,62.078498840332,49.507171630859396,62.764198303222706,0,0,0,0,0,0,94.4276123046875,0,97.3990478515625,93.9693603515625,96.7014312744141,102.68109130859399,103.849502563477,101.34900665283199,105.224678039551,112.02423095703101,110.77424621581999,109.013969421387,112.50750732421899,111.97254180908199,106.971580505371,109.36696624755899,116.071678161621,116.208686828613,0,114.29971313476601,115.45564270019501,114.75524139404301,118.00572967529301,113.173568725586,110.690872192383,104.580116271973,111.317260742188,111.53436279296899,109.26690673828101,104.298927307129,0,0,0,112.933296203613,109.84140014648399,94.7457275390625,0,0,0
root/Sub-SaharanAfricaBurkinaFaso,root,0,10.5044202804565,11.995849609375,12.1706800460815,12.417630195617699,12.0301198959351,12.136260032653801,11.9872398376465,13.323780059814501,13.683650016784698,15.095749855041499,16.3081092834473,17.4085102081299,18.9834003448486,19.7247695922852,23.827730178832997,0,24.3452205657959,22.0672798156738,25.6535205841064,25.992130279541,26.6229591369629,25.0267391204834,28.3519096374512,27.771629333496104,35.527801513671896,35.8792610168457,0,0,38.513519287109396,39.5224494934082,41.850151062011705,43.792781829834006,49.1015281677246,66.0363388061523,68.4656219482422,69.1467437744141,77.43006896972659,86.00839233398442,81.47572326660159,87.2123184204102,87.92227172851558,89.94088745117192,92.7542572021484,96.82129669189449,102.06430053710899,103.409072875977,0
root/Sub-SaharanAfricaBurundi,root,0,26.016210556030302,0,15.8534698486328,14.474510192871099,16.1715507507324,17.645839691162102,18.417949676513697,19.455579757690398,19.144250869751,21.4671993255615,22.425500869751,24.998699188232397,50.1865310668945,47.335411071777294,49.9841117858887,52.7203483581543,62.7462882995605,75.0430221557617,58.3607406616211,57.4960517883301,61.962429046630895,51.583099365234396,53.5641288757324,0,0,0,0,0,0,58.3193588256836,64.14044189453129,67.73703765869139,74.4949417114258,83.2959518432617,81.75994873046879,167.028884887695,140.393798828125,123.90292358398399,126.505760192871,133.52458190918,136.397232055664,131.891860961914,130.978622436523,133.557556152344,138.855178833008,140.091659545898,0
root/Sub-SaharanAfricaCaboVerde,root,0,0,0,0,0,0,0,0,0,124.35897064209,111.65093994140601,101.22209167480499,108.207901000977,104.31739044189501,111.25173187255899,117.729530334473,101.841987609863,107.62877655029301,118.229942321777,0,114.18058776855499,0,0,0,117.817680358887,0,0,0,119.340591430664,0,103.113578796387,104.84335327148399,99.3233413696289,102.877578735352,93.3114166259766,96.1711273193359,93.06613159179692,91.6894683837891,88.9811477661133,91.64769744873051,89.46621704101558,87.92453002929692,88.1180877685547,89.8163299560547,88.68646240234379,87.1373825073242,84.98992919921879,0
root/Sub-SaharanAfricaCameroon,root,0,0,0,82.4878387451172,83.9016494750977,86.6906204223633,88.8499908447266,83.6615295410156,94.04149627685551,84.4506378173828,81.4920272827148,83.5959930419922,83.32984924316409,86.3841400146484,81.3389892578125,83.1853790283203,82.18995666503909,85.4723281860352,82.7024688720703,0,75.3423690795898,75.277961730957,0,0,0,0,0,0,0,66.8605804443359,70.4700164794922,109.915916442871,95.26547241210942,88.1827163696289,90.4033889770508,92.6583480834961,95.3358383178711,98.29904174804692,103.793617248535,110.081756591797,113.49813842773399,115.11598968505899,118.61093139648399,0,122.630966186523,126.656837463379,125.792510986328,0
root/Sub-SaharanAfricaCentralAfricanRepublic,root,0,56.0941390991211,56.6829986572266,62.81494140625,53.852378845214794,57.431510925293,48.5768699645996,0,53.3440017700195,0,0,53.2035102844238,53.202178955078104,49.9189300537109,0,0,55.575958251953104,44.3878593444824,45.83821105957029,49.4350814819336,55.901538848877,50.3450508117676,44.4538993835449,0,0,0,0,0,0,0,0,0,54.3917388916016,0,50.469841003418,57.3698806762695,53.4311294555664,62.721809387207,80.44081115722659,82.6134567260742,89.9407577514648,80.1142501831055,82.267936706543,0,0,0,118.417411804199,0
root/Sub-SaharanAfricaChad,root,0,0,0,0,0,0,21.4560108184814,23.5895805358887,0,0,0,0,0,0,0,0,0,0,35.5247383117676,33.352180480956996,37.864559173584,40.758758544921896,0,0,38.768989562988295,40.336540222168004,44.842990875244105,50.9898681640625,60.462039947509794,56.7130012512207,60.998291015625,62.7130012512207,67.9698486328125,69.88645172119139,79.5981979370117,74.49314880371091,77.615348815918,0,0,89.8833694458008,96.9362564086914,105.700736999512,110.62914276123001,116.22116851806601,0,0,0,0
root/Sub-SaharanAfricaComoros,root,0,0,0,0,0,0,0,0,0,0,0,0,0,0,0,0,79.6947708129883,74.7042007446289,0,0,0,0,90.67308807373051,0,0,0,0,0,0,79.7871017456055,0,0,93.3150405883789,91.9121322631836,85.8833465576172,0,0,84.09796142578129,85.0598068237305,0,0,133.006195068359,0,96.3734817504883,89.2453765869141,0,0,0
root/Sub-SaharanAfricaCongoDemRep,root,0,96.734619140625,96.925537109375,0,0,0,87.17047119140629,84.0306396484375,80.35862731933591,0,95.0026626586914,95.75906372070308,95.7329864501953,95.875732421875,96.19068145751949,0,0,0,79.1430587768555,0,0,72.0715026855469,84.4225692749023,83.4712905883789,69.2850723266602,0,0,0,0,57.576908111572294,0,0,66.3192291259766,0,0,0,0,108.843299865723,121.663749694824,116.527847290039,110.387733459473,119.18396759033199,121.216026306152,130.58366394043,130.962646484375,134.789413452148,0,0
root/Sub-SaharanAfricaCongoRep,root,0,0,105.37068176269501,96.6296768188477,103.636123657227,107.932632446289,106.469917297363,108.772499084473,108.448867797852,102.272117614746,105.34326171875,105.37368774414101,106.092918395996,108.585029602051,105.02780914306601,101.886260986328,100.39588165283199,102.772499084473,94.4772567749023,83.05699157714841,84.3051834106445,84.6445007324219,95.3765029907227,89.87560272216801,89.3584976196289,0,84.4544982910156,0,0,35.6080894470215,72.1385879516602,84.6818084716797,75.5158004760742,66.2203216552734,77.7862091064453,76.3564987182617,84.150016784668,83.1551208496094,84.4702377319336,95.1847991943359,97.9118270874023,0,95.27127075195308,0,0,0,0,0
root/Sub-SaharanAfricaCotedIvoire,root,0,0,0,42.3528289794922,43.436859130859396,0,45.5094604492188,48.7423782348633,55.6404609680176,55.7257614135742,55.638580322265604,56.041618347168,0,52.0443916320801,50.464141845703104,49.9545402526855,52.7103691101074,52.3015213012695,54.1396598815918,53.173801422119105,53.2815093994141,51.28620910644529,48.921989440918,53.834068298339794,55.633548736572294,55.910758972168,57.3660087585449,60.636501312255895,59.4440803527832,58.612701416015604,56.944850921630895,56.957859039306605,59.907649993896506,64.8590927124023,0,0,55.972320556640604,58.2173004150391,66.3551712036133,64.84462738037111,0,70.8515167236328,78.5059280395508,79.1664505004883,92.4920501708984,93.7125930786133,103.67662811279301,0
root/Sub-SaharanAfricaEquatorialGuinea,root,0,0,0,0,0,0,0,0,0,0,0,0,0,0,0,0,0,0,0,0,0,0,0,0,203.133941650391,0,0,0,0,0,0,0,0,73.5158233642578,0,77.0242385864258,0,0,78.3287124633789,67.62026977539061,69.2171630859375,69.2576217651367,70.8268737792969,0,0,61.2802886962891,0,0
root/Sub-SaharanAfricaEritrea,root,0,0,0,0,0,0,0,0,0,0,0,0,0,0,0,0,0,0,0,0,0,0,0,0,40.3925018310547,39.8077507019043,39.8292694091797,36.2748908996582,0,50.923789978027294,61.485069274902294,62.5565605163574,69.00531005859379,67.2165985107422,63.01509094238279,63.7854995727539,55.958179473877,47.8181686401367,44.344879150390604,46.7828598022461,48.349239349365206,58.2422218322754,57.3834915161133,53.5202293395996,0,47.4078598022461,44.8060913085938,0
root/Sub-SaharanAfricaEthiopia,root,0,0,0,0,0,0,0,0,0,0,0,0,49.6274299621582,0,0,0,0,52.7454414367676,49.11470031738279,50.110500335693395,0,0,0,0,34.8582992553711,40.589569091796896,49.4476509094238,0,61.1197090148926,66.3942031860352,70.6217498779297,74.6404495239258,72.0230178833008,71.4458236694336,91.3414764404297,129.557662963867,109.250648498535,123.49462127685499,146.478042602539,127.114601135254,122.904296875,139.80075073242202,136.46484375,0,144.758712768555,131.598861694336,0,0
root/Sub-SaharanAfricaGabon,root,0,0,141.71960449218798,132.069107055664,0,129.298095703125,135.016311645508,136.25247192382798,150.58610534668,132.775405883789,133.588684082031,134.793411254883,137.070785522461,134.687942504883,145.237655639648,0,0,137.670593261719,148.241744995117,140.268463134766,0,0,128.990097045898,0,0,115.904571533203,127.66716003418001,121.760643005371,0,0,0,96.8657608032227,101.77989959716801,99.4447021484375,0,0,0,0,0,0,0,0,0,0,0,0,0,0
root/Sub-SaharanAfricaGambiaThe,root,0,16.301580429077102,15.9511203765869,18.5839405059814,19.5806198120117,20.7993602752686,20.7679595947266,13.4135303497314,20.7730693817139,29.4554805755615,37.7993392944336,58.414119720459006,58.9422187805176,58.838958740234396,60.543338775634794,57.6038284301758,57.281829833984396,48.128288269043,0,39.5946617126465,0,0,53.2855911254883,57.7847213745117,64.0742721557617,66.54815673828129,80.39849853515629,81.05133056640629,78.4592208862305,99.0807418823242,101.73858642578101,102.735313415527,99.4264602661133,111.140907287598,106.809608459473,96.3498077392578,99.2693328857422,95.0888290405273,94.27786254882808,0,93.0348663330078,91.79705810546879,101.583511352539,102.793807983398,111.95011138916,112.731376647949,109.61121368408199,0
root/Sub-SaharanAfricaGhana,root,0,69.7657470703125,68.3368377685547,0,65.76438140869139,65.6093215942383,75.796501159668,77.17823791503909,75.7920227050781,79.0351486206055,82.4739074707031,83.5420684814453,0,0,0,0,0,0,0,0,0,86.6243362426758,85.6231002807617,0,0,0,0,0,0,89.27831268310551,90.7588424682617,86.2354965209961,85.6604385375977,86.1686325073242,87.8851089477539,92.8855133056641,108.59610748291,109.265731811523,111.552139282227,109.836639404297,0,109.668716430664,109.66950988769501,107.31667327880899,103.437942504883,106.670021057129,0,101.81775665283199
root/Sub-SaharanAfricaGuinea,root,0,0,0,0,0,0,0,0,0,0,0,0,0,0,25.9583301544189,38.0856513977051,18.643079757690398,18.5147495269775,28.6062202453613,24.1480407714844,23.151969909668,28.174049377441396,26.178279876709,33.3195190429688,32.8457717895508,39.220649719238295,0,0,32.403800964355504,42.1772117614746,52.673099517822294,55.6667594909668,59.7417984008789,68.1342697143555,74.1775817871094,75.8027420043945,78.3351364135742,81.3373336791992,79.9853210449219,87.6894378662109,86.0268707275391,89.8121871948242,91.88626098632808,94.04129028320308,97.0265121459961,0,0,0
root/Sub-SaharanAfricaGuineaBissau,root,0,0,0,0,0,0,0,0,0,71.4811325073242,56.8196487426758,54.7591209411621,56.678260803222706,52.3353500366211,52.9402198791504,0,0,43.0706901550293,38.36130905151371,0,0,0,0,0,0,0,0,0,0,0,85.8236312866211,0,0,0,0,0,0,0,0,0,158.541732788086,0,0,0,0,0,0,0
root/Sub-SaharanAfricaKenya,root,67.971321105957,67.3424606323242,76.6003723144531,79.4014511108398,0,0,0,109.28427124023399,103.10163879394501,0,136.493209838867,121.12322998046899,0,0,0,0,0,0,0,0,0,0,0,0,0,0,0,0,99.1532135009766,96.9474563598633,0,0,0,0,108.16314697265601,100.072021484375,0,0,0,0,0,0,0,0,96.5459823608398,94.97091674804692,93.8848724365234,0
root/Sub-SaharanAfricaLesotho,root,0,0,115.652656555176,125.53256225585899,182.389343261719,140.166610717773,135.069641113281,136.221603393555,127.96768951416,132.61062622070298,130.530227661133,130.418273925781,136.705703735352,129.670944213867,120.968032836914,131.663314819336,116.735336303711,124.42491912841801,128.586563110352,115.89865875244101,110.060096740723,115.22380065918001,114.674491882324,105.654327392578,117.040809631348,118.278793334961,109.464530944824,103.592483520508,102.16340637206999,100.120971679688,180.358322143555,125.424842834473,110.441116333008,109.050338745117,110.901901245117,101.277938842773,102.82659912109399,98.7631683349609,99.43630981445308,104.28132629394501,102.050880432129,103.12882995605499,106.09348297119101,99.4007110595703,99.6311874389648,99.88098907470699,96.2610626220703,0
root/Sub-SaharanAfricaLiberia,root,0,0,0,0,0,0,0,0,45.3029899597168,0,0,0,0,0,0,0,0,0,0,0,0,0,0,0,0,0,0,0,0,0,0,0,0,0,0,0,0,0,108.917266845703,127.705581665039,0,123.743270874023,0,0,121.614936828613,0,0,0
root/Sub-SaharanAfricaMadagascar,root,0,99.97400665283199,101.068901062012,101.62345886230499,0,122.15316772460899,0,0,0,0,0,0,0,0,0,0,0,0,97.51470947265629,99.5670394897461,90.2501220703125,97.1300735473633,84.37957763671879,89.9080429077148,93.1773529052734,95.80014038085942,96.2324676513672,0,107.454643249512,107.692070007324,109.281181335449,109.226661682129,114.92151641845699,146.999588012695,164.105819702148,175.7802734375,172.98439025878898,164.562805175781,171.775405883789,181.960662841797,177.646133422852,177.08937072753898,175.531448364258,176.437774658203,183.25172424316398,179.003555297852,174.384033203125,0
root/Sub-SaharanAfricaMalawi,root,0,0,0,0,74.70310974121091,81.7273483276367,79.7727737426758,74.2727508544922,74.6883163452148,81.1128692626953,90.10669708251949,88.0544967651367,102.613998413086,88.7171096801758,70.9148178100586,79.8154830932617,78.7516098022461,76.17291259765629,79.9540481567383,95.16616821289058,99.36453247070308,99.22103881835942,146.551406860352,149.323394775391,167.11360168457,255.426315307617,208.229187011719,0,0,175.179885864258,185.572265625,189.244873046875,174.108932495117,0,182.22364807128898,161.52099609375,160.941787719727,150.48908996582,151.5244140625,149.64962768554702,155.53434753418,153.470947265625,156.61453247070298,163.73507690429702,152.911804199219,0,0,0
root/Sub-SaharanAfricaMali,root,0,0,0,0,0,0,0,0,0,19.217819213867198,0,17.3925895690918,0,0,18.488130569458,17.0526905059814,0,17.989450454711896,18.2549800872803,0,0,0,0,0,0,0,0,0,0,47.6743087768555,49.7542304992676,54.8796310424805,62.1128005981445,61.4846611022949,64.21527099609379,64.9950714111328,72.89964294433591,74.352912902832,77.23927307128909,74.3557662963867,75.3393478393555,76.598388671875,64.5840606689453,65.9230880737305,60.0211296081543,62.288028717040994,62.61051940917971,0
root/Sub-SaharanAfricaMauritania,root,0,0,0,0,0,0,20.7510604858398,24.076219558715803,23.789020538330103,24.388469696044897,0,24.647520065307603,0,0,0,33.0699806213379,37.9432983398438,37.0253295898438,38.1416816711426,39.8957405090332,39.5089683532715,47.5066108703613,63.277248382568395,79.0032196044922,82.78553771972659,78.61814880371091,85.4786682128906,88.17767333984379,86.90393829345699,90.34300994873051,0,91.9241561889648,108.42189788818399,101.55834197998001,104.630233764648,113.216148376465,115.659881591797,107.218101501465,111.125778198242,105.45397186279301,100.198272705078,103.51439666748001,108.28298187255899,106.988967895508,116.305160522461,126.680770874023,106.226303100586,0
root/Sub-SaharanAfricaMauritius,root,0,0,0,0,0,0,0,0,0,0,0,0,0,105.92767333984399,70.3594207763672,118.17388916015601,118.64656066894501,114.29981231689501,104.320190429688,98.6794662475586,96.85446166992192,93.5338668823242,92.6324462890625,101.021682739258,104.019577026367,106.069931030273,107.56143951416,101.675277709961,101.181678771973,97.3777008056641,95.4441680908203,93.6211929321289,96.6598663330078,96.7126083374023,98.45266723632808,104.111518859863,104.518661499023,101.78221893310499,102.10446929931601,99.1128387451172,102.18766784668001,102.868621826172,99.2452392578125,104.594078063965,104.874496459961,101.16438293456999,104.422401428223,0
root/Sub-SaharanAfricaMozambique,root,0,0,0,56.963069915771506,0,0,0,0,0,0,0,0,97.025146484375,82.6723175048828,91.1799163818359,91.8568572998047,81.9006805419922,73.1833572387695,60.999481201171896,64.422477722168,65.5691299438477,57.5405883789063,56.132598876953104,61.147300720214794,62.8435592651367,68.30520629882811,0,0,81.9597396850586,92.0259017944336,100.560089111328,107.152481079102,102.02272796630899,0,118.566436767578,133.631393432617,133.547317504883,146.127243041992,148.159088134766,148.476303100586,152.484146118164,148.493347167969,148.807754516602,151.611831665039,151.29220581054702,151.341888427734,0,0
root/Sub-SaharanAfricaNamibia,root,0,0,0,0,0,0,0,0,0,0,0,0,0,0,0,0,0,0,0,0,0,0,133.462448120117,0,116.134063720703,0,0,0,106.17205810546899,105.83252716064501,105.303779602051,106.84967041015601,105.87606048584,104.891220092773,96.7851104736328,103.278633117676,98.23107147216801,0,96.7117080688477,95.1747512817383,95.994873046875,0,104.874076843262,107.744041442871,0,0,0,0
root/Sub-SaharanAfricaNiger,root,0,9.782429695129391,9.91827964782715,10.7317304611206,12.9619903564453,13.1339797973633,16.7791996002197,16.1492595672607,15.785499572753901,15.896080017089801,17.8730697631836,18.849439620971697,17.3394508361816,17.005880355835,14.2744998931885,16.0029697418213,18.3686599731445,19.590900421142603,0,20.8114395141602,19.911729812622102,19.634479522705103,19.0926494598389,19.605800628662102,0,21.448659896850604,24.590810775756804,25.8214797973633,24.8933296203613,34.0781211853027,35.6435890197754,38.328948974609396,47.29048156738279,48.4493217468262,51.654598236084006,51.605770111084006,56.2880706787109,54.822959899902294,66.9029693603516,76.2627716064453,84.6298599243164,82.4459915161133,80.4628829956055,79.4080505371094,77.6406784057617,81.7159881591797,81.93052673339841,0
root/Sub-SaharanAfricaNigeria,root,0,0,0,0,0,0,0,0,0,0,0,0,0,0,0,0,0,0,0,0,0,0,0,0,0,0,0,0,0,96.6061630249023,104.06192779541,111.20590209960899,0,107.06224822998001,105.40477752685499,103.15895843505899,101.447021484375,96.43567657470699,83.7041778564453,88.1237335205078,80.3560333251953,0,0,0,0,0,0,0
root/Sub-SaharanAfricaRwanda,root,0,61.067440032959006,52.0857086181641,59.141929626464794,58.209999084472706,52.2475509643555,0,74.8375778198242,0,0,79.813591003418,78.1549911499023,73.4889373779297,71.18695068359379,71.9101867675781,73.7190017700195,82.8004913330078,86.4142913818359,88.2375335693359,84.9934387207031,82.1519012451172,88.11245727539058,96.9497604370117,0,0,0,0,0,0,144.072692871094,156.064224243164,125.996238708496,143.61135864257798,180.194686889648,197.661666870117,0,205.558807373047,203.459686279297,205.72239685058602,189.51354980468798,186.763259887695,194.281661987305,185.75569152832,169.552886962891,152.034561157227,136.17529296875,125.94595336914101,0
root/Sub-SaharanAfricaSaoTomeandPrincipe,root,0,0,0,0,0,0,0,122.610717773438,0,0,0,0,0,0,109.05119323730499,0,0,0,94.77932739257808,0,0,0,0,0,0,0,145.440322875977,0,0,96.3202362060547,0,111.31404876709,112.683921813965,106.76953887939501,108.112022399902,108.57408905029301,0,101.301971435547,102.112098693848,0,102.057929992676,89.41307830810551,96.5416793823242,96.5888671875,99.8933486938477,100.03521728515601,99.33843994140629,94.7440719604492
root/Sub-SaharanAfricaSenegal,root,0,28.5813903808594,30.030000686645497,0,0,0,0,0,32.1156692504883,33.6799697875977,33.7841796875,35.7185516357422,37.8899383544922,42.3393592834473,42.055900573730504,41.74766159057621,38.281730651855504,0,45.1445503234863,41.8242683410645,44.523708343505895,0,44.6439208984375,0,47.9305305480957,0,66.9558181762695,70.8524398803711,67.3607635498047,0,83.6430206298828,77.06996154785159,80.2922592163086,87.1389389038086,90.7826614379883,91.14633178710942,96.7405014038086,101.045936584473,100.108100891113,99.7763519287109,101.283309936523,103.765899658203,102.855667114258,98.2975387573242,101.33605194091801,100.518798828125,100.50559234619101,0
root/Sub-SaharanAfricaSeychelles,root,116.557159423828,112.80724334716801,108.69564819335899,0,113.08766937255899,109.18367004394501,100.0,91.9053497314453,101.845016479492,0,95.7212677001953,105.26960754394501,103.078819274902,94.0520401000977,97.0,103.16455841064501,112.562187194824,100.61125183105499,100.60167694091801,87.1581497192383,0,110.18182373046899,99.8763885498047,100.752822875977,102.664970397949,96.55612182617192,104.097312927246,109.266410827637,105.958549499512,108.75817108154301,111.889038085938,97.70580291748051,101.52565765380899,99.7151031494141,94.4444427490234,99.2548370361328,0,110.762329101563,106.45645904541,104.53858184814501,109.69230651855499,116.949150085449,116.76828765869101,113.303436279297,110.248901367188,110.389610290527,104.475517272949,0
root/Sub-SaharanAfricaSierraLeone,root,0,0,0,0,0,0,0,0,39.6005897521973,0,0,0,0,0,0,0,0,0,0,0,0,0,0,0,0,0,0,0,0,0,0,0,0,0,0,0,0,0,0,0,0,107.72995758056601,138.270401000977,143.833114624023,0,148.053939819336,161.540771484375,0
root/Sub-SaharanAfricaSouthAfrica,root,0,0,0,0,0,0,0,0,0,0,0,0,0,0,0,0,0,0,0,0,0,122.70599365234399,0,0,0,0,0,0,98.08023071289058,111.885307312012,92.5709381103516,99.3973617553711,113.117958068848,113.21804046630899,112.144630432129,108.725692749023,0,0,0,87.28460693359379,89.95208740234379,96.5714797973633,95.0492401123047,96.39514923095699,95.50689697265629,98.5178375244141,0,0
root/Sub-SaharanAfricaSouthSudan,root,0,0,0,0,0,0,0,0,0,0,0,0,0,0,0,0,0,0,0,0,0,0,0,0,0,0,0,0,0,0,0,0,0,0,0,0,0,0,0,0,0,92.57565307617192,0,0,0,75.3904724121094,0,0
root/Sub-SaharanAfricaSudan,root,0,0,0,0,0,0,0,0,0,0,0,0,0,0,0,0,0,0,0,0,0,0,0,0,0,0,0,0,0,0,0,0,0,0,0,0,0,0,0,0,71.5688705444336,0,74.56793212890629,76.32440185546879,0,78.3977584838867,0,0
root/Sub-SaharanAfricaSwaziland,root,87.2928237915039,82.4945297241211,85.8688507080078,89.1915969848633,90.4170303344727,93.36273193359379,91.1572418212891,97.9807968139648,96.21678924560551,98.8508071899414,103.49079895019501,105.535697937012,101.683120727539,97.63973999023442,99.1919708251953,97.9646224975586,92.6274871826172,93.9509124755859,94.45623779296879,96.1488037109375,100.67816162109399,98.6468124389648,97.1974868774414,91.3914108276367,93.2131576538086,94.6976776123047,94.0112686157227,93.6774520874023,93.237548828125,93.57620239257808,93.1248397827148,95.1019134521484,92.4243392944336,95.5512313842773,103.187881469727,97.6859970092773,104.124931335449,101.20616912841801,0,94.3762969970703,108.97203826904301,94.4025115966797,93.3056793212891,89.69872283935551,90.4258499145508,84.9464874267578,0,0
root/Sub-SaharanAfricaTanzania,root,0,0,0,0,0,86.6860580444336,101.57935333251999,0,0,0,0,82.7729187011719,80.14483642578129,84.8382568359375,81.711669921875,0,73.5939178466797,72.5944519042969,75.4767074584961,78.9720764160156,0,73.956428527832,76.8454666137695,74.5205307006836,73.73980712890629,0,0,73.553092956543,68.07553100585939,71.50315856933591,83.7939682006836,102.763870239258,146.276840209961,0,108.39395141601601,105.07196044921899,100.112693786621,102.260581970215,0,94.3074111938477,90.5757064819336,0,87.8123321533203,86.52825927734379,88.08441162109379,0,0,0
root/Sub-SaharanAfricaTogo,root,0,47.29521179199221,55.84941101074221,0,0,0,70.3323593139648,0,77.0440673828125,82.2875595092773,79.32215881347659,74.38771057128909,68.01614379882811,66.0961532592773,59.23152160644529,61.485969543457,64.953987121582,70.42652893066409,72.1580429077148,71.5532989501953,73.52825927734379,75.5921096801758,71.7819137573242,0,71.33251953125,91.06627655029301,109.238800048828,0,0,93.95364379882808,90.4610595703125,98.0262069702148,99.31192016601558,94.5539093017578,92.72738647460942,98.37789916992192,107.28729248046899,101.433151245117,102.746810913086,130.89453125,130.51095581054702,121.767616271973,126.079978942871,126.794746398926,129.947692871094,128.817962646484,137.45788574218798,0
root/Sub-SaharanAfricaUganda,root,0,0,0,0,0,0,0,0,0,0,0,0,72.7948684692383,0,0,0,86.6659774780273,0,0,0,0,0,0,0,0,0,0,0,202.47877502441398,0,175.87353515625,178.917587280273,186.995056152344,180.10534667968798,165.585433959961,152.176162719727,145.94656372070298,149.489929199219,155.753845214844,153.561126708984,151.235534667969,139.12179565429702,137.683746337891,134.930847167969,143.85159301757798,133.775161743164,132.733535766602,0
root/Sub-SaharanAfricaZambia,root,0,0,99.9608612060547,96.8655166625977,96.33566284179692,94.26654052734379,93.9073104858398,92.96054077148442,91.9876708984375,90.7416229248047,90.886962890625,90.75499725341801,90.82837677001949,93.31311798095699,96.1885604858398,0,96.6892471313477,0,0,0,0,0,0,0,0,0,85.9601211547852,0,82.0113525390625,81.9452667236328,87.6803665161133,85.382698059082,85.08714294433591,0,105.595977783203,121.360679626465,115.58757019043001,117.68321990966801,118.96328735351601,110.763389587402,105.92730712890601,112.805938720703,115.94235992431601,110.36962890625,0,0,0,0
root/Sub-SaharanAfricaZimbabwe,root,0,0,0,0,0,0,0,0,0,0,0,0,0,0,130.901657104492,0,0,0,0,0,0,0,120.019882202148,0,0,0,0,0,0,112.752891540527,118.220390319824,125.875587463379,117.891571044922,116.95011901855499,0,0,0,0,0,0,0,0,102.58338165283199,94.84436798095699,0,0,0,0
