root/EastAsia&PacificBruneiDarussalam,root,0,0,0,0,0,82.98008728027341,0,0,0,0,0,0,0,0,0,0,0,0,0,0,0,0,0,0,0,0,0,0,0,0,0,0,0,99.01451873779301,97.8345718383789,97.7942276000977,97.41197967529301,97.86087036132808,0,96.9066619873047,0,99.7469863891602,0,0,0,0,0
root/EastAsia&PacificCambodia,root,0,0,0,0,0,0,0,0,0,0,0,0,0,0,0,0,0,0,0,0,0,0,0,0,56.562141418457,0,0,51.4159812927246,52.664421081543,0,63.1240386962891,71.0903015136719,59.660438537597706,58.2611618041992,61.6133308410645,60.7738189697266,60.9200782775879,59.737060546875,0,0,68.7708892822266,70.72828674316409,0,53.1961517333984,0,75.6252899169922,0
root/EastAsia&PacificChina,root,0,0,0,0,0,0,0,0,0,0,0,0,0,0,0,0,0,0,0,0,0,0,0,0,0,92.2371673583984,93.4191131591797,0,0,0,0,0,0,0,0,0,0,0,0,0,0,0,0,0,0,0,0
root/EastAsia&PacificFiji,root,0,0,0,0,0,0,0,0,0,91.9901885986328,92.3770599365234,0,0,92.8647003173828,93.208740234375,92.55618286132808,0,0,0,0,0,86.9407272338867,0,0,85.0103302001953,87.0779800415039,91.30792236328129,90.11707305908199,90.2113189697266,89.11373901367192,87.35043334960942,83.8003616333008,0,97.2249374389648,0,0,0,0,96.2315902709961,0,0,96.1191864013672,98.7285537719727,0,0,0,0
root/EastAsia&PacificHongKongSARChina,root,0,0,0,0,0,0,0,0,0,97.56661987304692,98.9329986572266,97.9342575073242,99.5039520263672,99.3942337036133,99.33458709716801,0,0,0,0,0,0,0,0,0,0,0,0,0,0,0,0,0,99.1611480712891,99.5299911499023,99.0460433959961,0,0,99.78475952148442,0,0,99.9648208618164,99.65306854248051,99.9453125,99.2783737182617,99.3476409912109,99.2748184204102,0
root/EastAsia&PacificIndonesia,root,0,0,0,0,0,0,0,0,0,0,0,0,0,0,0,0,0,0,0,0,0,0,0,0,95.87277221679692,90.3622283935547,87.5529327392578,0,0,0,0,86.56546020507808,88.29138946533199,0,89.80896759033199,0,0,83.12782287597659,0,0,0,0,0,0,0,0,0
root/EastAsia&PacificJapan,root,0,99.69039916992192,99.6926803588867,99.72857666015629,99.80410766601558,99.7605133056641,99.7133026123047,99.7992477416992,99.78759765625,99.5829315185547,99.80740356445308,99.82391357421879,99.8417587280273,99.8234481811523,99.8433609008789,99.8297805786133,99.8946914672852,99.8939895629883,99.8654937744141,99.86768341064449,99.8975296020508,99.94302368164058,0,0,0,0,0,0,99.9708099365234,99.9787216186523,99.91351318359379,99.97332763671879,99.9432220458984,99.96282958984379,99.93060302734379,99.92669677734379,99.9884033203125,0,99.98355102539058,99.9748001098633,99.9373779296875,99.8838882446289,0,0,0,0,0
root/EastAsia&PacificKiribati,root,0,0,0,0,0,0,0,0,95.9225616455078,0,91.7504196166992,0,88.97171020507808,80.8048477172852,0,0,0,0,0,0,0,0,79.4095916748047,0,83.7498092651367,0,0,0,0,0,0,71.730827331543,0,74.15708923339841,0,86.51608276367192,0,0,0,0,0,0,0,0,0,0,0
root/EastAsia&PacificKoreaRep,root,0,96.5,93.68572998046879,94.08538818359379,95.4702835083008,94.9865493774414,93.8731689453125,95.7651214599609,96.3585586547852,97.33129119873051,0,93.6120223999023,97.1045074462891,96.8693695068359,99.0664596557617,99.3710403442383,98.9483184814453,99.4345169067383,99.24832153320308,99.6188583374023,99.55895233154301,99.3055419921875,99.6380996704102,100.0,99.3255081176758,0,0,96.0327377319336,99.4319229125977,99.55725860595699,99.1005325317383,98.6008834838867,99.5138168334961,97.8121185302734,98.8963394165039,98.82363891601558,98.09182739257808,98.4674224853516,99.1090469360352,99.3512115478516,99.08200073242192,99.2660064697266,99.63430786132808,99.40753173828129,99.3612823486328,0,0
root/EastAsia&PacificLaoPDR,root,0,0,0,0,0,0,0,0,0,0,0,0,0,0,0,0,0,0,0,0,0,0,56.450069427490206,55.069820404052706,0,0,56.8969802856445,60.815181732177706,52.6715888977051,55.258731842040994,52.9532814025879,62.3508911132813,64.0281982421875,62.4872817993164,64.01422119140629,62.5774803161621,61.9262886047363,66.2100296020508,67.6159133911133,70.606689453125,66.92775726318361,68.8480606079102,72.3630905151367,76.2326736450195,77.221061706543,78.65191650390629,0
root/EastAsia&PacificMacaoSARChina,root,0,0,0,0,0,0,0,0,0,0,0,0,0,0,0,0,0,0,0,0,0,0,0,0,0,0,0,0,0,0,0,0,98.87484741210942,0,0,0,0,0,98.223876953125,97.93798828125,0,0,0,0,0,0,0
root/EastAsia&PacificMalaysia,root,0,0,0,0,0,0,0,0,0,0,96.73584747314449,98.4444198608398,98.8835830688477,96.9662933349609,99.5401382446289,0,0,98.00440216064449,97.3998565673828,96.93177032470699,98.04168701171879,0,96.69515991210942,0,0,0,0,0,0,0,0,86.8990707397461,98.1359481811523,0,98.6565322875977,98.2318496704102,98.30200958251949,0,0,0,0,0,0,94.8357086181641,91.68383026123051,0,0
root/EastAsia&PacificMarshallIslands,root,0,0,0,0,0,0,0,0,0,0,0,0,0,0,0,0,0,0,0,0,0,0,0,0,0,0,0,0,0,0,0,0,0,0,0,0,71.6035537719727,0,91.81964111328129,0,0,0,0,0,0,0,0
root/EastAsia&PacificMongolia,root,0,0,0,0,0,0,0,0,0,0,0,0,0,0,0,0,0,0,0,0,0,0,0,0,0,0,0,0,0,0,0,0,0,0,0,0,0,0,0,0,0,0,0,0,0,97.12026977539058,0
root/EastAsia&PacificMyanmar,root,0,31.679439544677702,0,34.998420715331996,0,0,0,0,0,0,0,0,0,0,0,0,0,0,0,0,0,0,0,0,0,0,0,0,0,0,55.3133697509766,57.943790435790994,65.1959686279297,69.3662490844727,0,0,0,0,70.0712509155273,72.2402420043945,0,0,0,0,0,0,0
root/EastAsia&PacificPapuaNewGuinea,root,0,0,0,0,0,0,0,0,0,0,0,0,0,0,0,0,68.4390487670898,66.8521881103516,68.9721221923828,55.32881164550779,59.5318794250488,70.2548065185547,0,0,58.9797286987305,69.4296035766602,59.9116096496582,66.2204971313477,0,0,0,0,0,0,0,0,0,0,0,0,0,0,0,0,0,0,0
root/EastAsia&PacificPhilippines,root,0,0,0,0,0,0,0,0,0,0,0,0,67.68752288818361,68.13543701171879,66.77462768554689,67.7732009887695,78.97698974609379,70.8430099487305,74.6153030395508,0,0,0,0,0,0,0,0,0,69.33624267578129,0,0,75.8100814819336,72.1699676513672,71.476448059082,70.6009521484375,70.2299728393555,72.8250274658203,74.7715530395508,75.4877395629883,0,0,0,0,0,0,0,0
root/EastAsia&PacificSamoa,root,0,0,0,0,0,0,0,0,0,0,0,0,0,0,0,0,0,0,0,0,0,0,0,0,0,0,0,0,0,88.7810897827148,94.1888580322266,0,0,0,0,0,86.9575424194336,0,0,0,78.0395126342773,92.4111709594727,0,0,93.35159301757808,89.8566207885742,0
root/EastAsia&PacificSingapore,root,0,0,97.8913803100586,96.8775634765625,98.0973129272461,96.3734970092773,98.0162811279297,94.96375274658199,89.9446334838867,94.3202896118164,0,100.0,0,100.0,0,0,0,0,0,0,0,0,0,0,0,0,0,0,0,0,0,0,0,0,0,0,0,0,99.24295043945308,0,0,0,0,0,0,0,0
root/EastAsia&PacificSolomonIslands,root,0,0,0,0,91.33071899414058,0,0,0,0,0,74.7453918457031,76.52166748046879,0,0,0,0,0,0,0,0,0,0,0,0,0,0,0,0,0,0,0,0,0,0,0,0,0,0,0,0,84.31385803222659,70.3949890136719,0,0,0,0,0
root/EastAsia&PacificThailand,root,0,0,0,0,46.631931304931605,48.4976196289063,50.7876586914063,54.3331489562988,0,0,0,0,0,0,0,0,0,0,0,0,0,0,0,0,0,0,0,0,0,83.0827178955078,93.9552536010742,0,0,0,0,0,0,0,0,0,0,0,0,0,0,0,0
root/EastAsia&PacificTimorLeste,root,0,0,0,0,0,0,0,0,0,0,0,0,0,0,0,0,0,0,0,0,0,0,0,0,0,0,0,0,0,0,0,0,0,0,0,0,0,0,76.33917236328129,67.7426910400391,83.30946350097659,77.7969665527344,78.8567199707031,81.9001235961914,85.2796936035156,82.93077087402341,0
root/EastAsia&PacificTonga,root,0,0,0,0,0,0,0,89.9148101806641,92.72791290283199,0,0,0,0,96.89736938476558,0,96.1394882202148,0,0,0,0,0,0,0,0,0,0,0,0,0,0,91.3644027709961,0,0,0,87.39364624023442,91.49793243408199,0,0,0,0,0,0,0,0,0,0,0
root/EastAsia&PacificVanuatu,root,0,0,0,0,0,0,0,0,0,0,0,0,0,0,0,0,0,0,0,0,0,0,0,73.3361282348633,0,0,0,0,0,72.3591003417969,0,0,0,0,0,0,81.4012832641602,78.4663391113281,77.6373291015625,0,0,0,0,0,0,0,0
root/EastAsia&PacificVietnam,root,0,0,0,0,0,0,0,0,0,0,0,0,0,0,0,0,0,0,0,0,0,0,0,0,0,0,0,0,0,79.89479064941409,86.0921630859375,87.8378524780273,85.6691665649414,0,0,0,0,0,0,0,0,0,94.4841690063477,83.67539978027341,94.03601837158199,0,0
root/Europe&CentralAsiaAlbania,root,0,0,0,0,0,0,0,0,0,0,0,0,0,0,0,0,0,0,0,0,0,0,0,0,0,18.832729339599602,0,0,0,0,0,0,0,0,0,0,0,0,91.649169921875,95.06566619873051,97.83779907226558,98.4688186645508,97.6190872192383,98.3262481689453,95.1202163696289,88.6568603515625,0
root/Europe&CentralAsiaAndorra,root,0,0,0,0,0,0,0,0,0,0,0,0,0,0,0,0,0,0,0,0,0,0,0,0,0,0,0,0,0,0,0,0,0,0,0,0,99.9509429931641,96.9523468017578,94.7740478515625,92.71054077148442,92.1730804443359,93.4914932250977,97.85523223876949,97.4645614624023,0,0,0
root/Europe&CentralAsiaBelgium,root,0,0,0,0,71.8462219238281,68.6132125854492,75.487678527832,67.3563995361328,70.6785888671875,73.9022979736328,73.8874130249023,75.12152099609379,63.436248779296896,67.78420257568361,72.5155029296875,77.5772399902344,78.87091064453129,78.80226135253909,0,0,0,0,0,0,0,0,0,0,0,0,0,0,0,0,0,95.9053497314453,95.47132110595699,90.47618865966801,95.57568359375,97.9125823974609,0,0,98.24756622314449,94.83727264404301,95.8957366943359,0,0
root/Europe&CentralAsiaBosniaandHerzegovina,root,0,0,0,0,0,0,0,0,0,0,0,0,0,0,0,0,0,0,0,0,0,0,0,0,0,0,0,0,0,0,0,0,0,0,0,0,0,0,0,73.4506912231445,81.1116561889648,83.0017623901367,82.81593322753909,86.4117584228516,96.48544311523442,96.6529312133789,0
root/Europe&CentralAsiaCyprus,root,0,95.77306365966801,99.08486938476558,97.8285980224609,68.873908996582,94.7014312744141,99.2046966552734,99.14305877685551,99.0968399047852,98.6768798828125,99.8950729370117,97.1175918579102,99.9054794311523,98.66192626953129,98.6309585571289,98.9932022094727,98.55892944335942,99.59738159179692,99.6987533569336,98.3216705322266,0,99.4527206420898,98.919921875,98.9117889404297,98.9836807250977,0,0,0,0,93.7858123779297,98.8756866455078,98.1330108642578,97.3209762573242,99.974853515625,99.54296112060551,97.8611297607422,98.9868698120117,94.0666732788086,0,0,0,0,93.4650497436523,91.71517944335942,98.16879272460942,0,0
root/Europe&CentralAsiaCzechRepublic,root,0,0,0,0,0,0,0,0,0,0,0,0,0,0,0,0,0,0,0,0,0,0,0,0,0,0,0,0,0,98.0297698974609,98.42437744140629,98.586669921875,97.2747421264648,98.2508773803711,98.1656875610352,99.53317260742192,97.9230117797852,98.8117294311523,99.3840713500977,98.50695037841801,99.1250762939453,99.1269683837891,99.001953125,99.1931610107422,99.3626937866211,0,0
root/Europe&CentralAsiaDenmark,root,0,94.8850326538086,95.68399047851558,96.7844924926758,0,0,0,0,0,0,0,99.06118774414058,98.78675079345699,99.1946182250977,98.11312866210942,99.6971817016602,98.9248580932617,99.29071044921879,98.9076080322266,98.72393798828129,99.2129287719727,94.2866592407227,99.7801895141602,0,0,0,0,0,99.85067749023442,99.8759078979492,99.88961791992192,0,0,0,92.5709991455078,99.7517318725586,0,98.1346893310547,99.7337112426758,99.24327850341801,0,0,99.3994598388672,99.72765350341801,99.9210891723633,0,0
root/Europe&CentralAsiaEstonia,root,0,0,0,0,0,0,0,0,0,0,0,0,0,0,0,0,0,0,0,0,0,0,0,0,0,95.6346664428711,0,0,99.1629867553711,98.5895462036133,99.50601196289058,98.06549072265629,97.25692749023442,98.5241470336914,98.44403076171879,96.7388229370117,98.3604736328125,98.9713973999023,98.83130645751949,97.3917922973633,97.95691680908199,97.7775497436523,97.3220672607422,97.9983062744141,97.93408203125,0,0
root/Europe&CentralAsiaFinland,root,0,0,0,0,0,0,0,0,0,0,0,0,0,0,0,0,97.2142562866211,96.5128021240234,96.8492965698242,99.06777954101558,99.6490707397461,99.5418014526367,99.1939163208008,99.2404403686523,99.5587615966797,99.4224319458008,0,99.8347702026367,99.478271484375,99.64166259765629,98.7608108520508,99.45535278320308,99.7704086303711,99.74915313720699,98.9789810180664,98.8804473876953,99.83228302001949,99.3993682861328,99.7176284790039,99.5568618774414,99.9788665771484,99.41541290283199,99.4246978759766,99.4967803955078,99.72933959960942,99.7072906494141,0
root/Europe&CentralAsiaFrance,root,0,84.8331680297852,0,0,0,0,0,0,0,0,0,0,0,0,0,0,0,0,0,0,0,0,0,0,0,0,0,0,0,0,0,0,0,0,0,0,0,0,0,0,0,0,0,0,0,0,0
root/Europe&CentralAsiaGeorgia,root,0,0,0,0,0,0,0,0,0,0,0,0,0,0,0,0,0,0,0,0,0,0,0,0,0,0,0,0,0,0,0,0,0,97.2478790283203,86.1139297485352,0,0,93.3988876342773,95.6472702026367,94.18081665039058,0,97.6896514892578,99.8619537353516,98.9467086791992,94.2597885131836,99.5559310913086,0
root/Europe&CentralAsiaGreece,root,0,94.389892578125,96.1936264038086,95.4884414672852,93.7654266357422,97.8833694458008,97.44921875,96.7073974609375,98.0284423828125,94.3243026733398,96.6819000244141,98.84915161132808,98.4804229736328,99.23934936523442,99.7852401733398,98.9466171264648,94.4374618530273,0,97.5123291015625,0,0,99.0846710205078,0,0,0,0,0,0,0,0,0,0,0,0,96.9898300170898,96.4874801635742,97.8080596923828,0,0,0,93.3173675537109,95.20523071289058,91.70629119873051,92.8405227661133,0,0,0
root/Europe&CentralAsiaIceland,root,0,0,0,0,0,0,0,0,0,0,0,0,0,0,0,0,0,0,0,0,0,0,0,0,0,0,0,98.2277297973633,97.9685592651367,98.7303009033203,98.1060562133789,98.19483184814449,98.7621612548828,97.72576904296879,98.70166015625,96.9667129516602,0,99.4200897216797,99.4280471801758,97.4425735473633,97.9284210205078,97.7809677124023,0,0,0,0,0
root/Europe&CentralAsiaIreland,root,0,0,0,0,0,0,0,0,0,0,0,0,0,0,0,0,0,0,0,0,0,99.09314727783199,99.9738616943359,99.8948211669922,98.6310272216797,0,0,0,0,0,0,0,0,0,0,0,0,0,0,0,0,0,0,0,0,0,0
root/Europe&CentralAsiaItaly,root,0,0,0,0,0,0,0,0,0,0,0,0,0,0,0,0,0,0,0,0,0,0,0,0,0,0,0,0,0,0,0,95.3816909790039,0,0,99.9063262939453,98.9623031616211,99.0826034545898,99.466796875,99.3563232421875,99.47720336914058,100.0,98.7138671875,98.2747421264648,99.4317092895508,99.05638885498051,0,0
root/Europe&CentralAsiaLatvia,root,0,0,0,0,0,0,0,0,0,0,0,0,0,0,0,0,0,0,0,0,0,0,0,0,0,0,0,0,0,0,0,0,0,0,0,0,96.9606094360352,97.5285186767578,96.11563110351558,95.73680877685551,94.8788375854492,92.6149063110352,93.7739410400391,94.26141357421879,96.15746307373051,0,0
root/Europe&CentralAsiaLiechtenstein,root,0,0,0,0,0,0,0,0,0,0,0,0,0,0,0,0,0,0,0,0,0,0,0,0,0,0,0,0,0,0,0,0,0,0,0,0,0,79.6659698486328,0,81.25,0,0,0,0,0,0,0
root/Europe&CentralAsiaLuxembourg,root,0,0,0,0,0,0,93.13201904296879,90.7144622802734,88.8588104248047,0,0,0,90.2902374267578,0,0,0,0,0,0,0,0,0,0,0,0,0,0,0,0,0,96.8517379760742,0,0,0,0,97.4472122192383,97.1933975219727,94.81385040283199,0,0,0,0,95.34014892578129,92.8734893798828,0,0,0
root/Europe&CentralAsiaMacedoniaFYR,root,0,0,0,0,0,0,0,0,0,0,0,0,0,0,0,0,0,0,0,0,0,0,0,0,0,0,0,0,0,0,0,0,0,0,0,0,0,0,0,0,0,0,96.4854965209961,96.6551132202148,0,0,0
root/Europe&CentralAsiaMonaco,root,0,0,0,0,0,0,0,0,0,0,0,0,0,0,0,0,0,0,0,0,0,91.2377471923828,0,0,0,0,0,0,0,0,0,0,0,0,0,0,0,0,0,0,0,0,0,0,0,0,0
root/Europe&CentralAsiaMontenegro,root,0,0,0,0,0,0,0,0,0,0,0,0,0,0,0,0,0,0,0,0,0,0,0,0,0,0,0,0,0,0,0,0,0,0,0,0,0,0,0,0,0,79.6900100708008,0,0,0,93.05602264404301,0
root/Europe&CentralAsiaNetherlands,root,0,95.2264404296875,95.05087280273442,95.2071762084961,95.7561798095703,96.56127166748051,95.71021270751949,95.7945098876953,95.82579803466801,96.43347930908199,95.8894500732422,94.3459930419922,93.65704345703129,93.1831588745117,92.7670364379883,0,0,0,0,0,0,0,0,0,0,0,0,0,0,0,0,0,99.7013168334961,99.92440795898442,98.8466033935547,98.6182708740234,98.5859375,99.2939605712891,98.7960891723633,98.0072174072266,0,0,0,0,0,0,0
root/Europe&CentralAsiaNorway,root,0,0,0,98.2641983032227,98.61048126220699,96.7567596435547,99.08582305908199,98.66912841796879,98.97756958007808,99.0156478881836,99.43927001953129,99.3141098022461,0,0,99.2141265869141,99.5709075927734,98.6205902099609,99.7621383666992,99.7126007080078,98.351318359375,99.2768783569336,99.1235809326172,98.2918930053711,0,0,0,0,0,99.54686737060551,99.9246368408203,99.4273300170898,98.43698120117192,99.78076934814449,99.05776977539058,99.87133026123051,99.7283401489258,100.0,98.7686614990234,99.9181976318359,99.3346633911133,99.4931488037109,99.3929214477539,99.9012069702148,99.7672576904297,99.42333221435551,99.60962677001949,0
root/Europe&CentralAsiaPoland,root,0,0,0,0,0,0,0,0,0,0,0,0,0,0,0,0,0,0,0,0,0,0,0,0,0,0,0,0,0,0,0,0,0,0,0,0,0,0,97.90390014648442,99.3759613037109,98.7443695068359,98.80297088623051,98.3882675170898,98.2475814819336,98.4440078735352,98.2194366455078,0
root/Europe&CentralAsiaPortugal,root,0,58.1184501647949,63.9521713256836,68.1018524169922,71.1383285522461,0,0,0,0,0,0,0,0,0,0,0,0,0,0,0,0,0,0,0,0,0,0,0,0,0,0,0,0,0,0,0,0,0,0,0,0,0,0,0,0,0,0
root/Europe&CentralAsiaSanMarino,root,0,0,0,0,0,0,0,0,0,0,0,0,0,0,0,0,0,0,0,0,0,0,0,0,0,0,0,0,0,0,0,0,0,0,0,0,0,0,0,0,0,94.8521728515625,0,0,0,0,0
root/Europe&CentralAsiaSlovenia,root,0,0,0,0,0,0,0,0,0,0,0,0,0,0,0,0,0,0,0,0,0,0,0,0,0,0,0,0,0,0,0,0,0,0,0,0,0,0,99.6934814453125,99.09618377685551,99.08129119873051,99.4657974243164,99.8770294189453,99.15090942382808,98.82177734375,0,0
root/Europe&CentralAsiaSpain,root,0,0,0,0,0,0,0,0,0,0,92.39996337890629,94.87750244140629,92.8553924560547,93.16356658935551,95.7236328125,95.066650390625,94.0696334838867,0,0,97.21353149414058,0,0,0,0,0,0,0,0,0,0,0,0,0,0,0,99.60413360595699,0,0,99.38858032226558,95.6119918823242,98.9649200439453,98.7127914428711,0,97.5847702026367,98.30560302734379,99.2932968139648,0
root/Europe&CentralAsiaSweden,root,0,97.3632431030273,95.98724365234379,96.1696395874023,96.6203079223633,98.5287628173828,99.1138687133789,0,99.57916259765629,98.8876113891602,98.5553817749023,97.99999237060551,97.93675994873051,98.5221481323242,0,0,0,99.1312026977539,99.40374755859379,99.6046295166016,99.2857131958008,99.53333282470699,0,0,0,0,0,0,0,98.53515625,98.9207534790039,98.68795776367192,99.1276321411133,98.6266708374023,99.1021575927734,98.4985809326172,99.3941421508789,99.57791137695308,98.81446075439449,99.2860336303711,96.4412384033203,0,99.540771484375,99.51744842529301,0,0,0
root/Europe&CentralAsiaSwitzerland,root,0,0,0,0,0,0,0,78.3715515136719,73.9359588623047,73.8153610229492,51.906520843505895,74.3092269897461,72.8628692626953,73.0088806152344,72.4896697998047,73.1164093017578,73.5195236206055,0,0,0,0,0,0,0,0,0,0,0,0,0,0,0,0,0,0,0,0,0,0,0,0,0,0,0,0,0,0
root/Europe&CentralAsiaTurkey,root,0,0,0,0,0,0,0,0,0,0,0,0,0,0,93.1889877319336,97.91136932373051,96.5936737060547,97.55731201171879,96.83499145507808,97.0751266479492,96.27828979492192,97.9999237060547,91.8086624145508,88.0816268920898,0,0,0,0,0,0,0,0,0,0,96.9136428833008,97.5326919555664,97.0440216064453,94.00213623046879,90.68472290039058,98.48764038085942,94.6082305908203,90.7751007080078,0,0,0,0,0
root/LatinAmerica&CaribbeanAntiguaandBarbuda,root,0,0,0,0,0,0,0,0,0,0,0,0,0,0,0,0,0,0,0,0,0,0,0,0,0,0,0,0,0,0,0,0,0,0,0,0,0,92.00023651123051,0,0,0,0,0,0,89.8929977416992,0,0
root/LatinAmerica&CaribbeanArgentina,root,73.3763427734375,0,0,0,69.8878021240234,74.503288269043,0,0,0,0,0,0,0,0,0,0,0,0,0,0,0,0,0,0,0,0,69.928337097168,0,89.4809799194336,98.2738571166992,93.3039779663086,92.84423065185551,85.5179824829102,98.14452362060551,90.60299682617192,96.9924697875977,96.4060821533203,99.0762786865234,95.867919921875,97.623046875,94.8102264404297,98.22229766845699,96.18750762939449,96.8192672729492,96.00537872314449,0,0
root/LatinAmerica&CaribbeanAruba,root,0,0,0,0,0,0,0,0,0,0,0,0,0,0,0,0,0,0,0,0,0,0,0,0,0,0,0,0,0,97.3215103149414,0,92.10797119140629,93.7912979125977,94.71685791015629,92.5327377319336,0,93.6466064453125,88.05661010742192,86.9139862060547,0,0,0,0,92.3918914794922,0,0,0
root/LatinAmerica&CaribbeanBahamasThe,root,0,0,0,0,0,0,0,0,0,0,0,0,0,0,0,0,0,0,0,0,0,0,0,0,0,0,0,0,0,0,0,0,0,0,0,82.2073593139648,92.1399993896484,91.6778717041016,78.4264297485352,92.9065704345703,0,0,0,0,0,0,0
root/LatinAmerica&CaribbeanBarbados,root,0,0,0,0,0,0,0,0,0,0,0,0,0,0,0,0,0,0,0,0,0,0,0,0,0,0,0,0,0,93.1766891479492,0,93.8675765991211,97.1067123413086,94.92591094970699,95.3983993530273,92.94178009033199,0,0,94.6210403442383,0,97.69647216796879,0,0,0,0,0,0
root/LatinAmerica&CaribbeanBelize,root,0,0,0,0,0,0,0,0,0,0,0,0,0,0,0,0,0,0,0,0,0,68.8588180541992,0,0,70.33389282226561,0,0,0,0,74.4934005737305,0,0,0,0,0,89.5498886108398,87.0419769287109,92.89633178710942,95.03057861328129,89.2207717895508,94.2913970947266,0,93.5614776611328,97.7053375244141,98.53143310546879,0,0
root/LatinAmerica&CaribbeanBolivia,root,0,0,0,0,0,0,0,0,0,0,0,0,0,0,0,0,0,0,0,0,0,0,0,0,0,0,0,0,0,0,0,0,0,0,0,0,0,0,0,0,89.9144821166992,92.5257797241211,97.6787261962891,95.6933364868164,97.2656707763672,95.81836700439449,0
root/LatinAmerica&CaribbeanCaymanIslands,root,0,0,0,0,0,0,0,0,0,0,0,0,0,0,0,0,0,0,0,0,0,0,0,0,0,0,0,0,0,0,96.28182983398442,0,0,0,77.4775390625,0,0,0,0,0,0,0,0,0,0,0,0
root/LatinAmerica&CaribbeanChile,root,82.28614807128909,73.9558181762695,75.1635818481445,75.34889221191409,73.0101623535156,71.7769393920898,77.5019912719727,0,0,0,0,0,92.6381072998047,0,0,0,0,0,0,0,0,0,0,0,0,0,98.2794876098633,0,0,0,0,0,0,0,0,0,0,0,0,0,98.231201171875,98.1247024536133,0,99.33731079101558,99.30950927734379,99.25823974609379,0
root/LatinAmerica&CaribbeanColombia,root,48.308868408203104,34.0288696289063,38.768310546875,34.395519256591804,0,0,0,0,0,0,0,35.670558929443395,52.0649185180664,53.462711334228494,47.907299041748,55.3975601196289,63.8007316589355,53.2497482299805,53.188358306884794,0,0,0,58.772819519043,63.244258880615206,54.655120849609396,0,0,0,56.186519622802706,64.0378799438477,0,0,0,0,78.31903076171879,77.2792892456055,81.5568923950195,0,0,83.99220275878909,87.6164169311523,82.6119079589844,72.6420364379883,81.1839981079102,85.8361434936523,87.88153076171879,0
root/LatinAmerica&CaribbeanCostaRica,root,75.8092727661133,74.2158737182617,78.1037673950195,72.4980087280273,0,77.88536071777341,75.1274108886719,75.10060119628909,77.264030456543,72.5790786743164,77.4361572265625,74.4626770019531,0,0,79.1188507080078,84.6025466918945,80.1836700439453,82.38999938964841,82.3924179077148,0,80.80613708496091,83.4169006347656,83.9950637817383,86.7203521728516,87.0187606811523,86.2680282592773,0,0,0,90.12744903564449,92.83155059814449,90.2186126708984,0,0,83.7612686157227,93.0213394165039,86.1558380126953,94.4609603881836,94.63442993164058,90.2413482666016,91.69204711914058,89.7829132080078,88.70217895507808,90.9346694946289,94.5100631713867,93.34689331054692,0
root/LatinAmerica&CaribbeanCuba,root,0,67.8061676025391,0,0,0,0,0,0,0,0,0,0,0,0,0,0,0,0,0,0,0,0,0,0,0,0,0,0,72.0018768310547,95.0397262573242,96.4795379638672,96.9944686889648,97.2220306396484,97.2418670654297,96.09011840820308,96.05819702148442,96.5141220092773,95.9386215209961,95.6976699829102,96.6237030029297,94.9084091186523,95.46652221679692,95.48513793945308,96.08538818359379,95.52294158935551,0,0
root/LatinAmerica&CaribbeanDominica,root,0,0,0,0,0,0,0,0,0,0,0,0,0,0,0,0,0,0,0,0,0,0,0,0,0,0,0,0,0,0,87.4707412719727,86.5835418701172,80.3180618286133,85.51116943359379,93.9186477661133,0,90.8394393920898,95.0733413696289,0,86.1348724365234,91.78124237060551,90.08746337890629,0,0,89.50586700439449,0,0
root/LatinAmerica&CaribbeanDominicanRepublic,root,0,0,0,0,0,0,0,0,0,0,0,0,0,0,0,0,0,0,0,0,0,0,0,0,0,0,0,0,66.68296051025389,71.39491271972659,0,0,0,0,0,65.759147644043,0,0,0,0,0,81.26898193359379,92.3381881713867,81.9834365844727,0,86.38831329345699,0
root/LatinAmerica&CaribbeanEcuador,root,0,51.933231353759794,55.0062484741211,57.961151123046896,54.864341735839794,60.1139106750488,58.682220458984396,60.9396781921387,72.3289413452148,63.5001106262207,0,0,0,0,0,0,0,66.05966186523439,0,0,0,0,0,39.663368225097706,75.4937362670898,76.9133834838867,84.3976364135742,0,76.8230361938477,76.7998809814453,76.4049530029297,77.43385314941409,73.8523864746094,75.2533416748047,75.3694610595703,76.6059265136719,80.3722686767578,0,0,97.2667465209961,91.6930999755859,93.8363494873047,86.06478881835942,94.4127578735352,0,84.0549774169922,92.02172088623051
root/LatinAmerica&CaribbeanElSalvador,root,34.5682716369629,37.797050476074205,52.525421142578104,42.256050109863295,0,42.1124610900879,42.0988998413086,0,0,0,17.4272899627686,65.890251159668,46.0938606262207,47.85945129394529,0,0,0,49.0086517333984,44.037750244140604,0,0,55.7430610656738,57.60932922363279,0,0,76.1526184082031,0,0,0,0,64.4030227661133,67.0995025634766,73.0100173950195,0,0,70.06060791015629,71.8369522094727,78.12306213378909,78.8785705566406,88.98513793945308,85.69561767578129,85.5460433959961,85.3952178955078,84.056770324707,81.0261306762695,81.2774276733398,0
root/LatinAmerica&CaribbeanGrenada,root,0,0,0,0,0,0,0,0,0,0,0,0,0,0,0,0,0,0,0,0,0,0,0,0,0,0,0,0,0,0,0,0,71.7552185058594,0,0,0,0,0,0,78.83287048339841,0,0,0,0,0,0,0
root/LatinAmerica&CaribbeanGuatemala,root,0,0,0,0,0,35.252769470214794,41.304779052734396,40.527839660644496,0,0,0,0,0,0,0,0,0,0,0,0,0,0,0,0,0,51.6135787963867,0,0,0,54.5927314758301,57.5930099487305,66.7587509155273,0,0,69.7137298583984,70.2727584838867,69.1513290405273,71.3314590454102,83.3004531860352,72.63414001464841,75.39955139160159,73.1269912719727,74.3507537841797,77.0531997680664,79.6242370605469,0,0
root/LatinAmerica&CaribbeanGuyana,root,0,0,0,0,0,0,0,85.99207305908199,89.6220321655273,86.98712158203129,0,87.8302383422852,0,0,0,0,0,0,0,0,0,0,0,0,0,0,0,0,0,0,71.10459899902341,0,0,0,0,0,0,0,87.1746292114258,0,0,92.48523712158199,0,0,0,0,0
root/LatinAmerica&CaribbeanHaiti,root,0,0,0,0,0,0,0,0,35.1313896179199,51.9249801635742,0,19.5202598571777,33.1551094055176,0,19.5633506774902,33.9621200561523,0,0,0,0,0,0,0,0,0,0,0,0,0,0,0,0,0,0,0,0,0,0,0,0,0,0,0,0,0,0,0
root/LatinAmerica&CaribbeanHonduras,root,0,0,0,0,0,0,0,0,0,0,0,0,0,44.7056007385254,0,0,0,0,0,0,0,62.0813484191895,58.10163879394529,56.492549896240206,54.0437202453613,57.980808258056605,56.9204216003418,56.327808380127,0,0,0,0,0,0,0,80.4877700805664,0,75.4928207397461,74.4180068969727,79.3010711669922,77.02008056640629,72.17376708984379,73.51373291015629,81.44483947753909,78.5643081665039,85.2963790893555,0
root/LatinAmerica&CaribbeanJamaica,root,0,0,0,0,0,0,0,0,0,0,0,0,0,89.94873046875,0,0,0,83.7692031860352,0,0,0,0,0,0,0,0,0,0,0,0,85.2616424560547,86.64476776123051,0,0,0,0,0,0,85.4428024291992,0,86.40509033203129,0,89.9405364990234,94.44983673095699,0,0,0
root/LatinAmerica&CaribbeanMexico,root,0,0,0,0,0,57.7776298522949,63.6377182006836,0,0,0,0,0,0,0,0,0,0,0,0,0,0,0,80.7732620239258,84.581298828125,83.258056640625,85.4087600708008,84.9841384887695,0,88.1404190063477,88.0503387451172,87.3464202880859,89.71102905273442,92.1523666381836,91.8189163208008,93.2940673828125,93.53909301757808,93.80335235595699,93.15148162841801,95.2065963745117,95.1967926025391,95.8501663208008,96.17807006835942,94.8861312866211,96.1253128051758,96.50399780273442,91.6494674682617,0
root/LatinAmerica&CaribbeanNicaragua,root,30.6922798156738,26.0961093902588,30.6173496246338,0,0,0,30.7998905181885,27.221620559692397,27.4343700408936,39.974540710449205,0,0,40.3827781677246,31.0304298400879,38.4991912841797,25.730249404907198,36.556678771972706,33.464630126953104,0,0,0,0,51.2471389770508,51.9518699645996,42.629508972168004,0,0,0,0,44.34223937988279,50.5147590637207,62.5077514648438,51.7713012695313,55.3570213317871,50.9626808166504,50.3467597961426,43.420589447021506,47.939338684082,0,0,0,0,0,0,0,0,0
root/LatinAmerica&CaribbeanPanama,root,87.9446487426758,77.30140686035159,77.28582763671879,76.2203826904297,79.659049987793,75.3675765991211,81.28697204589841,79.15350341796879,74.1303176879883,74.6546936035156,74.0439682006836,78.9773483276367,76.18345642089841,82.625,79.6671981811523,82.1690902709961,81.6250228881836,73.8419494628906,79.50990295410159,0,0,0,0,0,0,0,0,0,0,91.5332183837891,88.0820999145508,89.04998779296879,0,0,84.99249267578129,86.73117065429692,89.5708694458008,86.9147415161133,88.03186798095699,94.7334823608398,93.4519882202148,0,0,87.2201080322266,0,0,0
root/LatinAmerica&CaribbeanParaguay,root,0,0,52.6655502319336,48.584808349609396,46.8344306945801,55.033931732177706,53.4632987976074,57.4420890808105,0,0,58.500148773193395,58.888370513915994,61.8001899719238,60.7252197265625,61.0018310546875,58.9130516052246,61.1485786437988,63.8331985473633,64.3031005859375,65.6147079467773,69.1123733520508,73.3085021972656,74.7624588012695,69.7191009521484,71.0482406616211,77.314338684082,0,76.0270690917969,79.6709976196289,76.1661605834961,0,0,80.0547637939453,79.3612823486328,85.83660888671879,79.6298904418945,82.8047714233398,82.42124938964841,80.8439636230469,84.60218811035159,81.6078796386719,85.43499755859379,0,0,0,0,0
root/LatinAmerica&CaribbeanPeru,root,0,0,0,0,0,0,0,72.6252365112305,76.5231475830078,72.4794006347656,77.745002746582,0,0,0,0,0,0,0,0,0,0,0,80.4330291748047,0,0,0,0,0,88.19110107421879,88.24423217773442,86.1169967651367,84.5634994506836,0,89.6592483520508,90.6533737182617,90.3888320922852,93.0690689086914,86.1897201538086,90.9983901977539,92.60887908935551,85.6719665527344,79.8298416137695,0,91.41876220703129,0,0,0
root/LatinAmerica&CaribbeanPuertoRico,root,0,0,0,0,0,0,0,0,0,0,0,0,0,0,0,0,0,0,0,0,0,0,0,0,0,0,0,0,0,0,0,0,0,0,0,0,0,0,0,0,0,0,0,0,81.4645767211914,0,0
root/LatinAmerica&CaribbeanStKittsandNevis,root,0,0,0,0,0,0,0,0,0,0,0,0,0,0,0,0,0,0,0,0,0,0,0,0,0,0,0,0,0,0,0,0,0,0,0,0,0,81.29583740234379,0,89.8347320556641,0,0,0,0,97.7031402587891,0,0
root/LatinAmerica&CaribbeanStLucia,root,0,0,0,0,0,0,0,0,0,0,0,0,0,97.1474380493164,0,0,0,0,0,0,0,0,0,0,0,0,0,0,0,0,0,0,0,88.7245330810547,96.1410675048828,0,92.044189453125,93.38195037841801,92.6549530029297,95.9607696533203,90.0008392333984,95.4547119140625,94.9699325561523,93.0767288208008,0,0,0
root/LatinAmerica&CaribbeanStVincentandtheGrenadines,root,0,0,0,0,0,0,0,0,0,0,0,0,0,0,0,0,0,0,0,0,0,0,0,0,0,0,0,0,0,0,0,0,0,0,0,0,0,0,0,0,74.2515487670898,0,93.0069427490234,94.2509536743164,0,95.7136917114258,0
root/LatinAmerica&CaribbeanSuriname,root,0,0,0,0,0,34.200611114502,0,62.7431488037109,72.31581115722659,0,0,0,0,0,0,0,0,78.563591003418,0,0,0,0,0,0,0,0,0,0,0,0,0,0,0,0,0,77.1393814086914,78.5308303833008,0,88.9645614624023,81.76499938964841,85.8132095336914,94.22216796875,90.6412582397461,87.1332473754883,94.8616790771484,93.3693389892578,0
root/LatinAmerica&CaribbeanTrinidadandTobago,root,0,0,0,0,0,0,0,0,0,0,0,0,0,0,0,0,0,0,0,0,0,0,0,0,0,0,0,0,0,0,0,0,0,0,88.78424072265629,0,0,94.2267227172852,96.9889907836914,90.3401565551758,0,0,0,0,0,0,0
root/LatinAmerica&CaribbeanUruguay,root,0,0,0,0,0,0,0,87.54357147216801,0,0,0,0,0,0,94.17810821533199,88.92105102539058,93.2485580444336,93.9744873046875,96.4318008422852,93.5270233154297,93.15894317626949,93.5102996826172,94.3772811889648,92.8547515869141,94.680908203125,96.4396209716797,93.1715469360352,99.6353988647461,84.4459533691406,0,87.43270874023442,91.3380966186523,86.56640625,89.57562255859379,93.6220932006836,91.72589111328129,92.69387817382808,92.95272827148442,93.9156723022461,93.6036376953125,0,0,0,98.80465698242192,98.4772491455078,0,0
root/LatinAmerica&CaribbeanVenezuelaRB,root,0,0,0,0,0,0,0,0,0,0,0,0,0,0,0,0,0,70.7970886230469,72.3160781860352,0,0,82.5476989746094,74.64495849609379,0,0,0,86.26162719726558,0,0,87.52269744873051,0,0,81.4826431274414,88.58690643310551,88.0812835693359,89.71646118164058,95.62783813476558,82.275032043457,92.1402130126953,92.63733673095699,94.12692260742192,93.32996368408199,94.5770034790039,89.949951171875,92.8469696044922,85.94666290283199,0
root/MiddleEast&NorthAfricaAlgeria,root,0,0,92.1805572509766,91.2964401245117,88.8582763671875,90.5622711181641,86.71253204345699,87.9362335205078,87.04669189453129,90.0972213745117,88.42166137695308,89.69180297851558,91.7732696533203,92.6986465454102,94.86453247070308,96.3120269775391,95.2204132080078,95.2038116455078,93.1729583740234,95.0960464477539,95.5558090209961,94.4603271484375,92.43470001220699,93.2778167724609,93.1705169677734,94.22232055664058,93.45419311523442,0,94.39556884765629,93.9685287475586,96.8082275390625,94.8035125732422,96.50170135498051,95.0625686645508,94.211181640625,94.75218963623051,94.5844573974609,94.6105499267578,0,93.15515899658199,94.0105514526367,91.1180191040039,94.8486785888672,92.3475570678711,93.0100326538086,93.1571197509766,0
root/MiddleEast&NorthAfricaBahrain,root,0,0,0,0,0,0,0,0,0,0,0,0,79.4885330200195,0,0,88.76061248779301,84.931022644043,90.06179809570308,97.7156524658203,0,0,88.63394165039058,97.1966705322266,97.1065521240234,98.76885986328129,88.2203598022461,0,96.8147811889648,98.9330062866211,95.1144332885742,98.8735809326172,99.5451812744141,0,99.01071166992192,99.4957809448242,0,0,0,0,0,0,99.09671020507808,0,0,0,98.26406860351558,0
root/MiddleEast&NorthAfricaDjibouti,root,0,0,0,0,0,0,0,0,0,0,0,0,0,0,0,0,0,0,0,0,0,0,0,0,0,0,0,0,0,71.24082946777341,0,0,0,0,0,92.4680328369141,0,0,0,0,0,0,80.3457107543945,0,0,0,0
root/MiddleEast&NorthAfricaEgyptArabRep,root,0,0,0,0,0,87.4101028442383,88.33596801757808,0,0,0,0,0,0,0,0,0,0,0,0,0,0,0,0,0,0,0,0,0,0,98.8056182861328,98.7760696411133,94.77053833007808,94.2822265625,98.2610397338867,0,94.00344848632808,0,0,0,96.77236938476558,0,0,0,0,0,0,0
root/MiddleEast&NorthAfricaIranIslamicRep,root,0,0,0,0,0,0,0,0,0,0,0,0,0,0,0,0,86.3600234985352,88.5040435791016,89.74181365966801,91.32689666748051,91.7253875732422,90.66686248779301,91.4508285522461,90.0821075439453,91.7963333129883,0,0,0,0,0,98.0968475341797,93.7421112060547,87.7752304077148,0,0,0,0,0,96.60192108154301,92.8589935302734,98.3478317260742,95.81951904296879,0,91.7861175537109,98.2485809326172,0,0
root/MiddleEast&NorthAfricaIraq,root,0,81.01075744628909,85.47332763671879,84.7092590332031,66.82550048828129,0,0,0,0,0,0,0,76.6835403442383,0,86.92859649658199,84.1139831542969,88.9237899780273,84.0375518798828,80.6069107055664,0,0,0,0,0,0,0,0,0,0,67.4455490112305,0,0,0,0,0,0,0,0,0,0,0,0,0,0,0,0,0
root/MiddleEast&NorthAfricaIsrael,root,0,0,0,0,0,0,0,0,0,0,0,0,0,0,0,0,0,0,0,0,0,0,0,0,0,0,0,0,0,0,0,99.75192260742192,99.70642852783199,99.3317031860352,99.7168197631836,99.7696762084961,0,99.7753219604492,100.0,0,99.3330230712891,100.0,100.0,99.72927856445308,99.80911254882808,99.4775390625,0
root/MiddleEast&NorthAfricaJordan,root,0,81.8075714111328,92.0178985595703,92.47366333007808,89.99920654296879,90.25341033935551,91.7743301391602,93.3002700805664,93.09078979492192,95.6299667358398,95.1949081420898,0,90.7487030029297,96.8627395629883,0,0,0,0,93.21151733398442,98.2649765014648,0,0,0,98.168212890625,0,0,0,0,0,97.59963989257808,0,0,96.3211135864258,98.1428985595703,96.9070892333984,0,92.9974517822266,0,0,0,97.6725387573242,0,0,0,0,0,0
root/MiddleEast&NorthAfricaKuwait,root,0,0,0,0,0,0,0,0,0,0,0,0,0,0,0,0,0,0,0,0,0,0,0,0,0,0,0,0,0,0,0,0,0,0,0,0,0,0,0,96.0156784057617,0,93.02484130859379,95.40576171875,0,0,96.59542846679692,0
root/MiddleEast&NorthAfricaLebanon,root,0,0,0,0,0,0,0,0,0,0,0,0,0,0,0,0,0,0,0,0,0,0,0,0,0,0,0,0,0,87.2219772338867,94.5990524291992,92.293212890625,90.1481475830078,94.40648651123051,91.36267852783199,88.58502197265629,95.2120819091797,90.5771102905273,94.40460205078129,0,91.92150115966801,94.38961791992192,0,94.89852905273442,0,84.2062530517578,0
root/MiddleEast&NorthAfricaLibya,root,0,93.516357421875,89.4424514770508,89.1437301635742,0,0,92.8307876586914,83.2900314331055,0,89.3469467163086,87.2683792114258,0,0,0,0,0,0,0,0,0,0,0,0,0,0,0,0,0,0,0,0,0,0,0,0,0,0,0,0,0,0,0,0,0,0,0,0
root/MiddleEast&NorthAfricaMalta,root,0,0,0,0,0,0,0,0,94.69833374023442,94.2985992431641,91.8963088989258,0,0,0,97.7968521118164,99.0484619140625,0,0,0,0,0,97.8779678344727,96.8026809692383,0,99.0638580322266,0,97.6690292358398,98.0839080810547,96.7789688110352,99.18714141845699,97.6148529052734,99.2581787109375,97.14151000976558,0,0,0,0,94.79608154296879,86.2874526977539,0,95.2831802368164,93.8675384521484,97.3750762939453,96.60546875,95.9470977783203,0,0
root/MiddleEast&NorthAfricaMorocco,root,0,0,63.4976387023926,68.0902481079102,75.1130065917969,0,80.3788223266602,82.7811737060547,84.1676025390625,81.734260559082,80.1799392700195,80.686653137207,76.2953796386719,82.1260681152344,69.0142669677734,68.38543701171879,70.3075485229492,67.1334686279297,63.2788887023926,75.320182800293,73.62306213378909,74.62818908691409,79.9761505126953,79.1430282592773,80.39122009277341,79.3560562133789,75.89202880859379,75.9046173095703,76.7788314819336,81.7930374145508,79.18212890625,84.2854537963867,82.0838928222656,77.1301193237305,81.3185501098633,81.6992721557617,84.5645980834961,83.1026306152344,83.8771667480469,93.9457168579102,93.1001815795898,91.7220993041992,94.1149673461914,92.7459030151367,94.03394317626949,95.1265335083008,0
root/MiddleEast&NorthAfricaOman,root,0,0,0,0,60.0028686523438,66.4824905395508,0,73.8378524780273,71.08265686035159,0,0,0,96.16687774658199,94.5552520751953,97.8333282470703,96.3744888305664,94.6691436767578,95.73992919921879,94.9785919189453,96.0160903930664,0,95.4419326782227,0,96.3738479614258,95.1591796875,95.9707870483398,95.90200805664058,95.14244842529301,94.5745620727539,93.6671371459961,95.2156982421875,96.0679931640625,97.8740463256836,0,0,0,0,0,0,0,0,93.6720199584961,99.0986099243164,0,97.5932998657227,100.0,0
root/MiddleEast&NorthAfricaQatar,root,0,94.04067993164058,98.8911972045898,93.2551422119141,94.77835083007808,93.69769287109379,96.2816009521484,90.6295700073242,89.2235336303711,91.73660278320308,97.38353729248051,0,0,99.0105514526367,98.3760223388672,0,0,0,0,92.7507781982422,0,0,91.202392578125,93.97341918945308,91.3411712646484,95.0179824829102,0,0,0,0,0,0,0,0,0,85.3718032836914,0,92.2861785888672,0,0,0,0,99.2780609130859,0,0,99.0992202758789,0
root/MiddleEast&NorthAfricaSaudiArabia,root,0,0,0,0,0,0,0,0,0,0,0,0,0,0,0,0,0,0,0,0,0,0,0,0,0,0,0,0,0,0,0,0,0,0,0,0,0,96.7498092651367,0,0,0,98.02770233154301,0,93.6942367553711,0,0,0
root/MiddleEast&NorthAfricaSyrianArabRepublic,root,0,90.78778076171879,95.5842666625977,88.16995239257808,90.05081176757808,91.38500213623051,89.16677856445308,88.3816604614258,91.5207672119141,87.922607421875,89.9900131225586,92.62853240966801,92.8224563598633,94.3171615600586,96.11795043945308,96.61618041992192,0,0,94.0984115600586,89.9035491943359,98.36327362060551,94.4208602905273,91.90054321289058,93.5469589233398,90.5389022827148,91.92926025390629,92.8416976928711,85.8604278564453,0,92.0093307495117,92.18675994873051,92.9334564208984,0,0,0,0,0,0,0,0,0,0,0,0,0,0,0
root/MiddleEast&NorthAfricaTunisia,root,0,0,0,0,0,0,89.88880157470699,90.2751312255859,86.43773651123051,89.23403930664058,88.7820205688477,88.5603408813477,90.4613571166992,88.8402633666992,89.61746215820308,90.1881103515625,0,0,87.9170074462891,88.853759765625,88.4918899536133,0,88.0593414306641,90.5925674438477,91.3823623657227,92.1427993774414,90.40637969970699,0,90.97335815429692,91.4832534790039,92.4760971069336,95.23269653320308,95.6329803466797,96.3805084228516,96.50399780273442,96.46243286132808,96.4484634399414,95.8217620849609,95.4689407348633,95.9696578979492,0,0,97.14434814453129,92.81360626220699,96.5913925170898,0,0
root/MiddleEast&NorthAfricaUnitedArabEmirates,root,0,0,0,64.5463180541992,0,0,0,96.6316375732422,91.1228713989258,0,0,0,97.67568969726558,88.79708862304692,82.65711975097659,91.5917434692383,85.3720932006836,91.1333694458008,96.1255569458008,97.40869903564449,96.247802734375,80.2681884765625,88.05722045898442,100.0,97.37322998046879,81.35169982910159,83.18934631347659,91.6478729248047,96.77136993408199,92.5460891723633,95.06665802001949,95.5749664306641,0,93.3530502319336,94.9103012084961,97.06964111328129,96.6442337036133,0,0,0,84.5492935180664,0,90.8167037963867,0,0,0,0
root/MiddleEast&NorthAfricaYemenRep,root,0,0,0,0,0,0,0,0,0,0,0,0,0,0,0,0,0,0,0,0,0,0,0,0,0,0,0,0,0,0,0,77.8136672973633,79.5912322998047,77.7938537597656,67.2020111083984,0,0,0,0,0,0,0,77.4902801513672,0,0,0,0
root/NorthAmericaBermuda,root,0,0,0,0,0,0,0,0,0,0,0,0,0,0,0,0,0,0,0,0,0,0,0,0,0,0,0,0,0,0,0,0,96.56896209716801,0,0,0,0,0,0,0,87.1734619140625,0,0,0,0,0,0
root/NorthAmericaCanada,root,0,0,0,0,0,0,0,0,0,0,0,0,0,0,0,0,0,0,0,0,0,0,0,0,0,0,0,0,96.33348846435551,98.34176635742192,0,0,0,0,0,0,0,0,0,0,0,0,0,0,0,0,0
root/SouthAsiaAfghanistan,root,0,0,0,66.131706237793,0,0,71.5477828979492,77.889518737793,0,0,61.891239166259794,0,0,0,0,0,0,0,0,0,0,0,0,0,0,0,0,0,0,0,0,0,0,0,0,0,0,0,0,0,0,0,0,0,0,0,0
root/SouthAsiaBangladesh,root,0,0,0,0,0,0,0,0,0,0,17.7616901397705,0,0,0,0,0,0,0,0,0,0,0,0,0,0,0,0,0,0,0,0,0,0,0,0,0,0,0,67.137939453125,61.9493408203125,0,0,0,0,0,0,0
root/SouthAsiaBhutan,root,0,0,0,0,0,0,0,14.127300262451199,30.4010200500488,0,0,0,0,0,0,0,0,0,0,0,0,0,0,80.64642333984379,0,0,0,85.1650924682617,86.37423706054692,88.9465866088867,89.2107696533203,0,0,0,0,91.26941680908199,0,0,92.6178512573242,90.8349380493164,94.7374801635742,94.9175567626953,87.6459579467773,0,0,0,0
root/SouthAsiaIndia,root,0,0,0,42.0197715759277,0,0,0,0,0,0,0,0,0,0,0,0,54.8354301452637,65.21060180664061,0,0,0,0,0,0,61.4990081787109,0,0,0,0,63.3265609741211,59.232551574707,59.7051811218262,0,0,0,0,0,0,0,0,0,0,0,82.1884307861328,0,89.4412078857422,0
root/SouthAsiaMaldives,root,0,0,0,0,0,0,0,0,0,0,0,0,0,0,0,0,0,0,0,0,0,0,0,0,0,0,0,0,0,0,0,0,0,0,86.24160766601558,0,0,94.09127807617192,0,94.22647094726558,87.7865371704102,0,91.8541488647461,93.0121307373047,0,0,0
root/SouthAsiaNepal,root,0,0,0,0,0,0,0,0,0,0,0,0,0,0,0,0,0,0,0,0,0,52.656211853027294,0,0,0,0,0,0,0,56.648681640625,0,0,63.7501106262207,70.040168762207,57.295970916748,0,0,59.82392883300779,0,0,0,0,54.608058929443395,58.8278884887695,68.4418106079102,75.3918228149414,73.6872100830078
root/SouthAsiaPakistan,root,0,0,0,0,0,0,0,0,0,0,0,0,0,0,0,0,0,0,0,0,0,0,0,0,0,0,0,0,0,0,0,0,0,0,67.83917236328129,0,0,0,61.48786926269529,63.6826400756836,53.203929901123,60.7665481567383,63.603889465332,83.5926971435547,64.4612197875977,79.0270767211914,0
root/SouthAsiaSriLanka,root,0,0,0,0,0,0,0,0,0,0,0,0,91.1325302124023,0,0,92.2343368530273,0,0,94.50949096679692,90.8048629760742,94.0114898681641,91.8094863891602,0,0,0,0,0,0,0,0,0,97.5164794921875,97.5946578979492,0,0,98.5344772338867,98.31118774414058,0,0,0,100.0,93.3779067993164,98.3775482177734,98.3427200317383,99.0710220336914,98.2546005249023,0
root/Sub-SaharanAfricaAngola,root,0,0,0,0,0,0,0,0,0,0,0,0,0,0,0,0,0,0,0,0,0,0,0,0,0,0,0,0,0,0,0,0,0,0,0,0,0,0,44.31929016113279,52.5759696960449,0,0,0,0,0,0,0
root/Sub-SaharanAfricaBenin,root,0,66.8108291625977,63.5655097961426,51.0929107666016,0,60.704071044921896,53.989650726318395,53.6768989562988,60.53398132324221,54.1321907043457,62.290931701660206,0,59.808811187744105,38.5341300964355,56.6393013000488,44.126461029052706,50.53681945800779,42.6324691772461,47.6391716003418,14.4093599319458,0,54.6516990661621,66.9918899536133,55.737621307373,66.79116058349611,63.5715103149414,68.8284072875977,65.9450225830078,0,0,88.8100967407227,74.9387130737305,70.4112014770508,69.89430999755861,0,0,0,0,0,61.698848724365206,65.06109619140629,67.7184677124023,61.7982597351074,62.8311614990234,67.5504989624023,0,0
root/Sub-SaharanAfricaBotswana,root,61.3111686706543,0,0,0,0,0,0,0,83.9265975952148,0,80.1752014160156,0,83.7242126464844,83.1725234985352,89.7048110961914,88.49169921875,89.3265762329102,86.1171417236328,0,80.4632873535156,90.7763671875,81.4866104125977,87.6399307250977,85.6552276611328,85.4882888793945,86.89720916748051,0,0,84.20204162597659,84.31146240234379,86.3247833251953,86.6302719116211,86.98802947998051,88.38494873046879,86.38107299804692,88.82434844970699,0,0,95.72943115234379,0,0,0,95.15078735351558,0,0,0,0
root/Sub-SaharanAfricaBurkinaFaso,root,0,57.1344604492188,52.881710052490206,58.0639114379883,59.883480072021506,64.82821655273439,65.9447174072266,63.4011917114258,65.1692733764648,67.8392486572266,67.8049163818359,76.454719543457,71.4776992797852,74.6238708496094,73.36090087890629,0,75.3654708862305,71.7034683227539,69.9198379516602,68.9602890014648,74.4242935180664,70.9445724487305,0,0,77.9616394042969,0,0,0,65.349983215332,66.9195404052734,67.63881683349611,63.6906585693359,71.833610534668,74.3822784423828,75.18540954589841,71.4710998535156,79.4375534057617,78.11683654785159,81.9459228515625,73.04026794433591,0,77.4480361938477,76.7589797973633,75.74790954589841,74.9612579345703,76.7662582397461,0
root/Sub-SaharanAfricaBurundi,root,0,0,13.8742504119873,49.726871490478494,67.986686706543,57.741859436035206,56.944240570068395,84.1768569946289,60.851741790771506,78.5238571166992,81.2011337280273,0,86.7444229125977,85.4943389892578,83.7890625,0,87.30670166015629,83.573112487793,69.3411865234375,71.2625732421875,0,65.2630996704102,74.16571044921879,0,0,0,0,0,0,0,59.258449554443395,69.1040802001953,66.54750823974611,64.96389007568361,67.560302734375,0,67.504753112793,61.871639251709006,0,59.1881790161133,56.5739402770996,50.968711853027294,58.362678527832,58.568321228027294,55.422149658203104,53.1423683166504,0
root/Sub-SaharanAfricaCaboVerde,root,0,0,0,0,0,0,0,0,16.4012794494629,24.843080520629897,29.292850494384798,25.7907905578613,28.923189163207997,0,39.5457992553711,41.9946899414063,53.3897094726563,52.552761077880895,0,0,0,0,0,0,0,0,0,0,0,0,0,88.3706588745117,86.9596481323242,87.64639282226558,0,88.0956802368164,0,88.5690078735352,0,0,92.37066650390629,0,92.56360626220699,91.11868286132808,91.5090713500977,91.9843215942383,0
root/Sub-SaharanAfricaCameroon,root,0,0,60.785579681396506,62.550510406494105,69.3067092895508,63.6093597412109,57.3977203369141,67.9014205932617,65.7957305908203,67.89797210693361,72.8505020141602,70.18361663818361,75.2019424438477,63.635189056396506,75.0738830566406,72.7736129760742,76.0907516479492,0,0,0,64.2654876708984,0,0,0,0,0,0,0,0,0,0,0,0,0,0,0,77.04270935058591,62.7301216125488,76.8891220092773,76.0729293823242,67.4605178833008,77.6282119750977,0,0,77.972282409668,70.7674331665039,0
root/Sub-SaharanAfricaCentralAfricanRepublic,root,0,41.866058349609396,55.722049713134794,48.278469085693395,0,52.167510986328104,0,54.54032897949221,0,0,50.270149230957,64.2191619873047,68.45326995849611,0,0,42.8728904724121,30.149320602417003,73.3959503173828,64.9802169799805,0,38.850761413574205,25.1267395019531,0,0,0,0,0,0,0,0,0,0,0,0,0,0,0,0,57.6134910583496,60.8959884643555,57.847049713134794,57.1603202819824,0,0,0,0,0
root/Sub-SaharanAfricaChad,root,0,0,0,0,0,0,37.11082077026371,0,0,0,0,0,0,0,0,0,0,0,37.696479797363295,0,58.292449951171896,0,0,0,33.3697090148926,47.87821960449221,63.207061767578104,0,53.6823310852051,58.880729675293,58.3773803710938,68.2234573364258,56.5228118896484,0,34.245819091796896,40.89088821411129,0,0,0,36.417018890380895,57.3471908569336,48.405910491943395,59.165809631347706,0,0,0,0
root/Sub-SaharanAfricaComoros,root,0,0,0,0,0,0,0,0,0,0,0,0,0,0,0,0,33.5862197875977,0,0,0,0,0,0,0,0,0,0,0,47.8669090270996,0,0,0,0,0,0,0,0,0,0,0,0,0,0,71.5531997680664,0,0,0
root/Sub-SaharanAfricaCongoDemRep,root,0,50.852909088134794,0,0,0,62.5661010742188,61.278678894043,68.0736923217773,0,0,0,0,0,0,0,0,0,88.0839691162109,0,0,0,58.462581634521506,68.0654296875,72.82334899902341,0,0,0,0,0,0,0,0,0,0,0,0,0,78.3069686889648,0,62.061561584472706,62.1973991394043,74.8687286376953,60.5677909851074,0,44.716060638427706,0,0
root/Sub-SaharanAfricaCongoRep,root,0,0,82.2639923095703,86.8180465698242,0,78.827392578125,79.6265029907227,76.62286376953129,77.1090087890625,0,0,0,0,85.3910598754883,80.3696517944336,0,0,0,0,66.2222366333008,0,58.9420318603516,0,67.54934692382811,0,39.950019836425795,0,0,0,0,0,0,66.98513793945311,0,0,0,0,75.2541198730469,0,0,0,0,0,0,0,0,0
root/Sub-SaharanAfricaCotedIvoire,root,0,0,90.47899627685551,89.2524185180664,0,82.9316177368164,99.73370361328129,95.17730712890629,96.6545791625977,90.4569778442383,90.43663787841801,0,85.5807800292969,76.5313415527344,73.1431579589844,76.2216110229492,79.7214736938477,80.649528503418,84.1874694824219,78.6691818237305,71.9119415283203,75.0220108032227,64.5558319091797,85.6821365356445,76.95765686035159,76.351676940918,74.81996154785159,70.78411865234379,0,72.5460433959961,89.7093276977539,0,0,0,0,0,83.3722381591797,0,66.0408096313477,0,0,84.3472366333008,78.9480514526367,78.2085494995117,85.1222381591797,83.047492980957,0
root/Sub-SaharanAfricaEquatorialGuinea,root,0,0,0,0,0,0,0,0,0,0,0,0,0,0,0,0,0,0,0,0,0,0,0,0,0,0,0,0,0,0,0,0,0,0,0,0,0,0,59.937469482421896,67.27493286132811,63.9236907958984,75.482177734375,0,0,0,0,0
root/Sub-SaharanAfricaEritrea,root,0,0,0,0,0,0,0,0,0,0,0,0,0,0,0,0,0,0,0,0,0,0,0,84.744140625,80.7253189086914,78.0223693847656,73.22743225097659,0,0,95.93701171875,60.8762283325195,0,89.3614501953125,86.85021209716801,83.4759063720703,77.0756072998047,59.1191482543945,77.51039123535159,74.1262283325195,70.9458084106445,97.4418487548828,85.4582214355469,78.0010070800781,0,71.9757385253906,0,0
root/Sub-SaharanAfricaEthiopia,root,0,0,0,0,0,0,0,0,0,0,0,49.9163208007813,0,0,0,0,56.3916206359863,49.2317314147949,29.7063903808594,0,0,0,0,61.1119995117188,51.4209403991699,56.534000396728494,0,0,48.369998931884794,55.2457885742188,63.9354591369629,62.108070373535206,58.871189117431605,53.4106216430664,68.1564788818359,64.0200729370117,63.5408706665039,49.311439514160206,42.998050689697294,42.623218536377,47.93061828613279,41.9040985107422,0,0,43.2226905822754,0,0
root/Sub-SaharanAfricaGabon,root,0,58.703208923339794,59.4777984619141,0,70.7379837036133,68.01544189453129,54.121120452880895,0,52.2737884521484,61.2306518554688,66.3190078735352,57.708740234375,57.8027191162109,59.819759368896506,0,0,59.4996490478516,53.5136795043945,66.0882110595703,0,0,0,0,0,0,58.4066581726074,0,0,0,0,0,0,0,0,0,0,0,0,0,0,0,0,0,0,0,0,0
root/Sub-SaharanAfricaGambiaThe,root,0,89.7281265258789,0,0,0,0,0,0,0,0,0,0,76.0302429199219,0,84.02748107910159,64.9714508056641,0,0,0,0,0,0,0,77.4423065185547,0,77.3917617797852,77.5230026245117,0,0,65.45574951171879,71.31748962402341,65.19744873046879,0,76.9735488891602,67.04318237304689,67.58847045898439,0,70.907470703125,0,0,64.831298828125,85.69288635253909,77.6382522583008,77.3208389282227,78.7103500366211,77.7753982543945,0
root/Sub-SaharanAfricaGhana,root,0,79.0889587402344,0,72.0012664794922,87.29029083251949,98.4275970458984,82.3556289672852,78.2113723754883,78.9620895385742,0,0,0,0,0,0,0,0,0,0,0,0,81.3865203857422,0,0,0,0,0,0,0,0,67.2309112548828,94.09161376953129,61.8470611572266,0,0,0,0,0,80.271842956543,0,0,0,88.61060333251949,90.4943618774414,0,0,91.4826202392578
root/Sub-SaharanAfricaGuinea,root,0,0,0,0,0,0,0,0,0,0,0,0,0,59.2419013977051,52.3310203552246,57.194408416748,62.82096862792971,63.132381439209006,65.59494781494139,60.0445899963379,78.693359375,63.8915901184082,84.4651718139648,82.1371994018555,0,0,0,0,0,0,0,0,0,86.322998046875,78.10009765625,81.551872253418,85.564208984375,73.9281387329102,72.26654052734379,74.2529678344727,0,62.904510498046896,67.4941024780273,67.96620941162111,0,0,0
root/Sub-SaharanAfricaGuineaBissau,root,0,0,0,0,0,0,0,0,20.618129730224602,21.5856494903564,23.005670547485398,25.5287399291992,24.913099288940398,26.2716903686523,0,0,0,23.2009792327881,0,0,0,0,0,0,0,0,0,0,0,0,0,0,0,0,0,0,0,0,0,0,0,0,0,0,0,0,0
root/Sub-SaharanAfricaKenya,root,72.5406723022461,80.412109375,76.81983947753909,0,0,0,61.8854293823242,56.804508209228494,0,66.8971786499023,59.580440521240206,0,0,0,0,0,0,0,0,0,0,0,0,0,0,0,0,0,0,0,0,0,0,76.6126480102539,78.6230773925781,0,0,0,0,0,0,0,0,0,0,0,0
root/Sub-SaharanAfricaLesotho,root,0,0,51.636070251464794,59.015869140625,45.58000183105471,40.115020751953104,35.93857955932621,37.3901596069336,40.6610717773438,42.678871154785206,49.853729248046896,56.0135688781738,48.905948638915994,48.8662986755371,55.4533805847168,49.435020446777294,54.380088806152294,55.5793113708496,50.0393486022949,55.383140563964794,58.2708587646484,58.834499359130895,54.38883972167971,71.6090774536133,67.93923187255861,55.323459625244105,62.091911315918,65.11151123046879,61.3039894104004,68.19387817382811,60.4765090942383,66.2332305908203,69.457893371582,58.1660690307617,66.1804962158203,68.9265213012695,55.645389556884794,72.8595275878906,64.5467910766602,76.2621765136719,69.2671737670898,69.6126327514648,63.0989990234375,74.2711410522461,72.8121032714844,78.5632629394531,0
root/Sub-SaharanAfricaLiberia,root,0,0,0,0,0,0,0,0,0,0,0,0,0,0,0,0,0,0,0,0,0,0,0,0,0,0,0,0,0,0,0,0,0,0,0,0,0,0,86.2468795776367,0,0,0,0,0,0,0,0
root/Sub-SaharanAfricaMadagascar,root,0,44.8016014099121,29.9069309234619,0,39.375339508056605,0,0,0,0,0,0,0,0,0,0,0,0,0,32.2222900390625,31.3840408325195,37.5436782836914,22.3087692260742,28.912399291992198,26.161180496215803,23.737169265747102,50.768951416015604,0,0,36.5576286315918,52.186149597168,35.094181060791,34.0308799743652,55.367618560790994,59.466861724853494,42.8576812744141,35.22523880004879,41.760440826416,42.042961120605504,48.4001998901367,33.8041610717773,38.9409408569336,39.392848968505895,36.762748718261705,38.8204803466797,41.4710807800293,34.102321624755895,0
root/Sub-SaharanAfricaMalawi,root,0,0,0,51.2015914916992,56.1705207824707,42.470039367675795,39.683990478515604,42.4718589782715,44.9574317932129,51.414058685302706,40.5562705993652,47.52690124511721,32.7086982727051,36.2479591369629,50.3943099975586,46.0822410583496,59.630298614502,46.010459899902294,65.49346923828129,56.555080413818395,48.2202491760254,71.333381652832,37.5184898376465,38.7631683349609,0,35.9662017822266,0,0,0,54.7796401977539,0,49.7288398742676,0,0,43.84931945800779,44.4762115478516,44.5453681945801,70.7338104248047,51.2896118164063,59.500370025634794,58.3022804260254,58.60771179199221,72.9371871948242,63.9056205749512,0,0,0
root/Sub-SaharanAfricaMali,root,0,0,0,0,0,0,0,0,70.8042907714844,0,49.608551025390604,0,0,48.5033302307129,47.0680084228516,0,54.68476867675779,51.682769775390604,0,0,0,0,0,0,0,0,0,0,0,77.6614227294922,0,88.09024047851558,78.0374298095703,88.85363006591801,89.7710418701172,82.6005172729492,0,87.1453323364258,88.2762298583984,85.009162902832,88.5525283813477,73.4748916625977,0,0,0,0,0
root/Sub-SaharanAfricaMauritania,root,0,0,0,0,0,0,0,0,0,0,0,0,0,0,0,0,0,0,0,59.6912117004395,76.8960723876953,74.9815979003906,72.8418197631836,74.1594314575195,67.80088043212889,63.0207595825195,60.9145317077637,64.95806884765629,65.9269866943359,0,0,53.6755599975586,0,0,51.093109130859396,58.702449798584006,62.5539207458496,0,80.4659729003906,0,0,0,75.31385803222659,0,0,43.707069396972706,0
root/Sub-SaharanAfricaMauritius,root,0,0,0,0,0,0,0,0,0,0,0,0,93.4743499755859,98.32357788085942,97.3954925537109,97.34573364257808,98.4910125732422,95.81967163085942,98.73194122314449,97.1042022705078,98.3310317993164,96.6737518310547,99.5604019165039,0,0,0,0,98.3032913208008,98.20681762695308,99.5926895141602,98.31027221679692,96.94573974609379,98.6006927490234,99.3861236572266,97.04981231689449,97.7834014892578,98.82373809814449,99.1506805419922,95.9352493286133,98.7904205322266,98.48236083984379,98.5076370239258,95.84246826171879,97.9197311401367,97.800537109375,97.8952484130859,0
root/Sub-SaharanAfricaMozambique,root,0,0,0,0,0,0,0,0,0,0,0,0,0,0,0,0,26.832460403442397,26.4968700408936,39.0981292724609,48.361000061035206,37.0225982666016,36.6222801208496,39.117401123046896,48.4776000976563,51.985179901123,0,0,0,49.874549865722706,47.3750991821289,56.5569000244141,53.1218605041504,0,0,66.0197830200195,59.43302917480471,67.7679290771484,62.7007904052734,56.111488342285206,56.0864486694336,45.070560455322294,50.5876998901367,51.4455718994141,49.3820915222168,51.1394195556641,0,0
root/Sub-SaharanAfricaNamibia,root,0,0,0,0,0,0,0,0,0,0,0,0,0,0,0,0,0,0,0,0,0,61.110500335693395,0,79.9085998535156,0,0,0,84.2010803222656,79.845458984375,92.4471435546875,0,0,86.6532669067383,79.8739318847656,84.27159118652341,84.15281677246091,0,0,90.28369140625,91.7006988525391,0,0,96.2524032592773,0,0,0,0
root/Sub-SaharanAfricaNiger,root,0,56.7108688354492,61.697238922119105,58.7316207885742,64.79025268554689,65.8073272705078,71.7443008422852,75.9695281982422,62.686458587646506,79.2156982421875,73.1853713989258,73.9768905639648,75.0476531982422,88.60157012939449,62.5977096557617,0,75.76368713378909,0,0,72.0413436889648,82.7883605957031,61.041751861572294,75.91062927246091,0,0,67.097541809082,71.9970626831055,71.2475662231445,65.24337768554689,62.1015396118164,75.8135528564453,72.8499374389648,70.4552230834961,74.8902893066406,0,0,74.0489501953125,74.1608963012695,71.7983932495117,66.31069946289061,73.5132598876953,65.7532196044922,65.22933959960939,63.3902702331543,0,77.45892333984379,0
root/Sub-SaharanAfricaNigeria,root,0,0,0,0,0,0,0,0,0,0,0,0,0,0,0,0,0,0,0,0,0,0,0,0,0,0,0,0,0,90.5774078369141,0,0,0,0,80.4418563842773,77.6658096313477,57.1442718505859,61.5096206665039,88.8162612915039,70.2230072021484,0,0,0,0,0,0,0
root/Sub-SaharanAfricaRwanda,root,0,41.75339889526371,41.2938995361328,46.433528900146506,48.4960784912109,0,58.185150146484396,0,0,75.71559143066409,80.7925109863281,69.11190795898439,55.3539695739746,61.5442695617676,63.0634613037109,63.1969604492188,67.90921020507811,66.3345794677734,65.086669921875,57.84867858886721,57.790218353271506,61.0422706604004,0,0,0,0,0,0,0,0,40.704948425293004,40.476959228515604,44.9389495849609,43.034481048584006,0,0,0,0,46.411930084228494,44.8609085083008,0,49.4781608581543,47.226478576660206,47.5765609741211,58.498538970947294,72.2169570922852,0
root/Sub-SaharanAfricaSaoTomeandPrincipe,root,0,0,0,0,0,0,0,0,0,0,0,0,0,0,0,0,0,0,0,0,0,0,0,0,0,0,0,0,0,0,0,59.29264831542971,62.3519401550293,66.5883331298828,76.61199951171879,0,0,82.83197021484379,73.7888565063477,0,88.4181365966797,0,0,0,0,0,0
root/Sub-SaharanAfricaSenegal,root,0,74.306999206543,0,0,0,0,0,0,88.197021484375,84.9521713256836,87.3668594360352,89.14578247070308,89.0213394165039,85.6630783081055,87.1289215087891,86.5233001708984,0,91.6298065185547,88.5981674194336,91.9547500610352,0,0,0,0,0,81.2445907592773,89.09850311279301,88.76306915283199,0,0,75.05760192871091,70.0723037719727,82.6658020019531,78.968132019043,74.5817565917969,64.9745635986328,0,70.0508880615234,68.865837097168,72.6276321411133,71.1347427368164,71.0781021118164,69.1019973754883,76.1075820922852,70.345329284668,74.5963973999023,0
root/Sub-SaharanAfricaSeychelles,root,0,0,0,87.42455291748051,87.14877319335942,0,0,0,0,87.19766235351558,95.6384811401367,97.2658920288086,95.5761184692383,97.07775115966801,96.8899383544922,96.8174819946289,92.8726425170898,94.45126342773442,0,0,0,91.2655792236328,0,93.2791976928711,0,0,98.5821990966797,0,0,95.5921173095703,90.3182830810547,98.5037994384766,97.0955123901367,86.3382034301758,0,0,0,0,96.5572662353516,0,94.6645278930664,0,0,0,0,96.8248672485352,0
root/Sub-SaharanAfricaSierraLeone,root,0,0,0,0,0,0,0,0,0,0,0,0,0,0,0,0,0,0,0,0,0,0,0,0,0,0,0,0,0,0,0,0,0,0,0,0,0,0,0,0,0,0,58.708778381347706,0,0,60.371410369873,0
root/Sub-SaharanAfricaSouthAfrica,root,0,0,0,0,0,0,0,0,0,0,0,0,0,0,0,0,0,0,0,0,72.0709533691406,0,0,0,0,0,0,0,77.063850402832,65.2185592651367,0,82.9779815673828,81.682243347168,81.582160949707,0,0,0,0,0,0,0,0,0,0,0,0,0
root/Sub-SaharanAfricaSudan,root,0,0,0,0,0,0,0,0,0,0,0,0,0,0,0,0,0,0,0,0,0,0,0,0,0,0,0,0,0,0,0,0,0,0,0,0,0,0,0,80.3628234863281,0,87.336669921875,88.8522796630859,0,0,0,0
root/Sub-SaharanAfricaSwaziland,root,65.70526123046879,76.5507888793945,75.9761962890625,75.51959228515629,71.51600646972659,69.53517913818361,73.0993118286133,69.7712020874023,71.0934829711914,72.6802215576172,76.56553649902341,69.4488983154297,73.1031112670898,74.4639129638672,74.9118423461914,70.47984313964841,77.2862014770508,75.8986892700195,71.8100814819336,77.1564483642578,74.2771835327148,73.9359130859375,74.2173309326172,75.9581832885742,84.55442810058591,72.6958465576172,72.79461669921879,77.6469421386719,81.2472763061523,72.2688293457031,69.0740432739258,77.3200988769531,73.990837097168,0,81.3878631591797,91.2599105834961,74.9475326538086,0,0,95.0840377807617,0,0,88.0237274169922,92.55406951904301,92.1758499145508,0,0
root/Sub-SaharanAfricaTanzania,root,0,0,0,0,93.1429061889648,88.2778778076172,0,0,0,0,89.01275634765629,80.3113174438477,91.6263427734375,86.53118896484379,0,84.9930801391602,77.6949234008789,75.0298690795898,78.8200225830078,0,76.7087783813477,81.1864700317383,81.1360092163086,76.2237014770508,0,0,78.4645080566406,74.3708572387695,78.668083190918,79.787712097168,79.5268630981445,96.36624145507808,0,86.0631484985352,83.6704025268555,83.568977355957,84.92384338378909,0,78.7757110595703,87.0441436767578,0,0,80.7328796386719,0,0,0,0
root/Sub-SaharanAfricaTogo,root,0,78.331916809082,0,0,0,0,0,0,81.8512878417969,79.2695770263672,69.7867813110352,59.860809326171896,59.240108489990206,43.5689086914063,53.402980804443395,59.8933982849121,80.7512283325195,70.3791427612305,67.0285797119141,72.891487121582,74.54576110839841,55.3079299926758,0,0,0,79.2831115722656,0,0,0,54.849918365478494,79.407600402832,0,73.194206237793,79.4598770141602,79.2754135131836,89.0927963256836,0,79.6811218261719,0,78.3328094482422,63.1720085144043,76.210693359375,71.4038772583008,61.119571685790994,64.0727920532227,0,0
root/Sub-SaharanAfricaUganda,root,0,0,0,0,0,0,0,0,0,0,0,82.3373031616211,0,0,0,55.74755859375,0,0,0,0,0,0,0,0,0,0,0,0,0,0,56.4177398681641,62.551761627197294,59.95967102050779,40.362968444824205,48.8732299804688,0,57.6509590148926,0,57.434661865234396,0,47.1335792541504,62.0013618469238,60.138088226318395,0,0,0,0
root/Sub-SaharanAfricaZambia,root,0,80.4312286376953,80.0924606323242,0,77.4226303100586,0,84.5857391357422,84.3573532104492,85.6536026000977,0,88.38610076904301,0,0,0,0,88.45873260498051,0,0,0,0,0,0,0,0,0,0,0,0,83.4603576660156,83.0590286254883,0,0,0,0,0,89.9603805541992,93.7923965454102,90.9720916748047,71.4955368041992,81.2136306762695,0,0,75.6502380371094,0,0,0,0
root/Sub-SaharanAfricaZimbabwe,root,0,0,0,0,0,0,0,0,0,0,0,0,0,79.00184631347659,0,0,0,0,0,0,0,0,0,0,0,0,0,0,76.7917098999023,0,0,58.3653717041016,68.2258834838867,0,0,0,0,0,0,0,0,0,82.1508712768555,0,0,0,0
