root/EastAsia&PacificBruneiDarussalam,root,0,0,0,0,0,0,0,0,0,0,0,0,0,9.39264011383057,9.906439781188961,9.69221019744873,9.90223979949951,10.146220207214402,9.82365989685059,9.66316032409668,9.69106960296631,0,0,0,0,0,0,0,0,8.70333957672119,8.35041999816895,8.049830436706541,0
root/EastAsia&PacificCambodia,root,0,0,0,0,0,0,0,0,0,0,0,0,0,18.9851703643799,21.486440658569304,23.6733703613281,23.868240356445302,22.355810165405302,22.778589248657198,0,0,26.2551002502441,25.330490112304698,0,0,0,0,0,0,0,0,0,0
root/EastAsia&PacificChina,root,0,0,0,0,0,0,0,0,0,0,0,14.2077903747559,14.521369934082001,0,0,16.0646705627441,19.902019500732397,19.9020099639893,16.6720600128174,0,0,18.4115295410156,16.318799972534197,16.1980495452881,16.0589904785156,16.197320938110398,16.052659988403303,15.337789535522498,17.5002593994141,16.5255298614502,15.632849693298303,15.0845403671265,0
root/EastAsia&PacificFiji,root,0,0,0,0,0,0,0,0,0,0,0,0,0,0,0,0,0,0,24.3434906005859,22.3860702514648,0,0,0,17.1273803710938,0,0,0,13.3481798171997,0,0,0,0,0
root/EastAsia&PacificIndonesia,root,0,0,0,0,0,0,0,0,0,0,12.0262804031372,0,0,12.670880317688,12.989109992981,13.1125898361206,13.012200355529801,13.1355199813843,13.1381301879883,13.2088203430176,11.895170211792,11.394960403442399,12.166640281677198,11.236060142517099,12.005350112915002,11.275750160217301,15.515819549560499,17.4197406768799,16.8502902984619,16.5765705108643,0,14.4171304702759,0
root/EastAsia&PacificJapan,root,0,0,0,0,0,0,0,0,0,13.851829528808599,13.378049850463901,0,0,12.8196802139282,12.5899496078491,12.3997097015381,12.382189750671401,12.153980255127001,11.9339599609375,11.6595401763916,11.422679901122999,11.150289535522498,10.923620223999,10.7873096466064,10.6661796569824,10.617030143737802,10.623999595642099,10.507399559021,0,10.364830017089801,10.3922300338745,0,0
root/EastAsia&PacificKiribati,root,0,0,0,0,0,0,0,0,0,0,0,0,0,0,0,0,0,17.7288703918457,14.0839996337891,14.090319633483901,16.0177898406982,16.4061298370361,17.5454502105713,19.007999420165998,0,0,0,0,0,0,0,0,0
root/EastAsia&PacificKoreaDemPeople’sRep,root,0,0,0,0,0,0,0,0,0,0,0,0,0,0,0,0,0,0,0,0,0,0,0,0,0,0,0,0,0,0,16.1352405548096,0,0
root/EastAsia&PacificKoreaRep,root,0,0,0,0,0,0,0,0,0,22.275899887085,22.422830581665,22.865310668945302,23.5273609161377,22.879249572753896,22.381910324096697,20.6349697113037,18.995210647583,16.2782306671143,15.8578300476074,15.685500144958501,15.830240249633801,15.6719198226929,16.041090011596697,16.2776794433594,16.524480819702102,16.2444190979004,14.7224903106689,14.8621501922607,14.635930061340302,14.1618299484253,13.855110168457001,0,0
root/EastAsia&PacificLaoPDR,root,0,0,0,0,0,0,0,0,0,0,0,0,0,16.9971809387207,21.8210601806641,20.7377605438232,22.0771293640137,24.2947998046875,27.4775199890137,26.394229888916,28.2619094848633,27.1954498291016,0,24.5405807495117,24.523250579834,21.3501796722412,21.1371898651123,19.856830596923803,18.6168899536133,19.034460067749,19.2697906494141,19.42919921875,0
root/EastAsia&PacificMacaoSARChina,root,0,0,0,0,0,0,0,0,0,0,0,0,0,0,21.0812397003174,21.746789932251,22.5228805541992,21.928470611572298,22.8761692047119,21.9187908172607,21.1030807495117,20.437320709228498,20.0247402191162,18.726110458374,16.707880020141598,15.8022804260254,13.9729099273682,13.557490348815902,12.336890220642099,11.803689956665002,11.235790252685499,10.410409927368198,0
root/EastAsia&PacificMarshallIslands,root,0,0,0,0,0,0,0,0,0,0,0,0,0,0,17.532159805297898,0,0,16.4626903533936,15.4019603729248,0,0,0,0,0,12.4754104614258,0,0,0,0,0,0,0,0
root/EastAsia&PacificMongolia,root,0,0,0,0,0,0,0,0,0,0,14.171259880065902,11.860679626464801,15.7581300735474,22.549009323120103,17.0471897125244,18.9963302612305,22.253160476684602,19.783710479736303,19.497959136962898,19.868909835815398,20.9873199462891,19.4939002990723,0,0,0,0,0,0,0,0,0,0,0
root/EastAsia&PacificMyanmar,root,0,0,0,0,0,0,0,0,0,0,0,0,0,0,37.9237518310547,39.692928314209,36.0127410888672,34.9762001037598,36.8610496520996,32.9985198974609,33.1115684509277,32.4714012145996,28.3620300292969,29.9032001495361,29.6962699890137,28.300390243530302,0,0,0,22.7377109527588,0,0,20.5293292999268
root/EastAsia&PacificNauru,root,0,0,0,0,0,0,0,0,0,0,0,0,0,0,0,0,0,0,0,0,0,0,0,0,0,0,0,0,0,16.818180084228498,0,22.6470603942871,0
root/EastAsia&PacificNewZealand,root,0,0,0,0,0,0,0,0,0,14.039210319519,0,14.2131099700928,13.0758399963379,15.0458898544312,13.354949951171902,13.467809677124,13.3861799240112,0,11.872300148010302,11.1763496398926,14.1415796279907,14.2928104400635,14.500639915466301,14.206830024719201,13.771880149841301,14.1860904693604,13.9379100799561,13.9224700927734,0,13.313289642334,13.0069103240967,0,0
root/EastAsia&PacificPalau,root,0,0,0,0,0,0,0,0,0,0,0,0,0,0,11.989689826965302,14.348480224609402,0,0,0,0,0,0,0,0,0,0,0,0,0,0,0,0,0
root/EastAsia&PacificPapuaNewGuinea,root,0,0,0,0,0,0,0,0,0,0,0,0,0,0,0,0,0,0,0,0,0,0,0,0,0,0,0,23.776430130004897,0,0,0,0,0
root/EastAsia&PacificPhilippines,root,0,0,0,0,0,0,0,0,0,0,0,0,0,20.707809448242198,21.195020675659197,0,22.3695602416992,23.2294006347656,0,0,28.332149505615202,26.453199386596697,25.007160186767603,0,25.221920013427702,0,0,0,0,0,0,0,0
root/EastAsia&PacificSamoa,root,0,0,0,0,0,0,0,0,0,0,35.1220207214355,0,0,0,17.4311504364014,19.670089721679698,18.847110748290998,18.9038696289063,19.1327304840088,17.9416809082031,18.6483097076416,22.2011699676514,18.6531391143799,0,18.573289871215803,20.3617000579834,0,17.3121700286865,0,17.4156494140625,17.1536903381348,17.6360702514648,0
root/EastAsia&PacificSingapore,root,0,0,0,0,0,0,0,0,0,0,10.498499870300302,10.9895896911621,0,0,0,0,0,0,0,0,0,0,17.185569763183597,16.6487197875977,14.9050903320313,0,0,0,0,0,0,0,0
root/EastAsia&PacificSolomonIslands,root,0,0,0,0,0,0,0,0,0,0,0,0,0,0,0,0,0,0,0,0,0,0,0,0,0,22.148029327392603,0,0,0,0,0,0,0
root/EastAsia&PacificThailand,root,0,0,0,0,0,0,0,0,0,0,0,0,0,0,0,0,24.8905296325684,24.892459869384798,0,0,0,21.3688907623291,20.36794090271,22.5625495910645,0,0,17.828659057617198,0,0,0,31.234230041503896,0,0
root/EastAsia&PacificTimorLeste,root,0,0,0,0,0,0,0,0,0,0,0,0,0,0,0,0,24.9526805877686,26.180030822753896,36.0431785583496,0,0,0,0,24.663650512695302,0,19.7442092895508,23.040210723877,28.1631698608398,30.421630859375,28.6349201202393,24.6392002105713,25.1676406860352,0
root/EastAsia&PacificTonga,root,0,0,0,0,0,0,0,0,0,0,0,0,0,4.7505998611450195,13.3203601837158,0,0,0,0,0,0,0,0,0,0,0,0,0,0,0,0,0,0
root/EastAsia&PacificVanuatu,root,0,0,0,0,0,0,0,0,0,0,0,0,0,0,0,14.8209896087646,0,0,0,0,0,0,0,0,0,0,0,0,0,0,31.2046794891357,0,0
root/EastAsia&PacificVietnam,root,0,0,0,0,0,0,0,0,0,0,0,0,0,27.606300354003896,0,0,0,0,0,0,0,0,0,0,0,0,0,0,0,0,0,0,0
root/Europe&CentralAsiaAlbania,root,0,0,0,0,0,0,0,0,0,0,0,0,0,16.5885791778564,17.3242301940918,18.264179229736303,18.2259407043457,19.7350997924805,20.7836093902588,20.7258796691895,21.1287899017334,20.5792198181152,20.568489074707,21.1823902130127,16.505470275878903,17.0493297576904,18.356029510498,17.9608192443848,17.9355392456055,17.6547794342041,16.1506195068359,14.5806303024292,0
root/Europe&CentralAsiaAndorra,root,0,0,0,0,0,0,0,0,0,0,0,0,0,0,0,0,0,0,0,0,13.9852895736694,0,0,0,0,0,0,0,0,0,0,0,0
root/Europe&CentralAsiaAustria,root,0,0,0,0,0,0,0,0,0,0,10.755979537963901,11.187540054321301,11.351710319519,12.272310256958,12.3035402297974,0,0,12.5936803817749,12.5298099517822,12.7889499664307,13.297670364379899,13.504659652710002,13.293080329895,12.552180290222198,12.2234697341919,11.919159889221199,11.4588804244995,11.263520240783699,11.637559890747099,11.797750473022498,11.9434900283813,11.780679702758801,0
root/Europe&CentralAsiaBelarus,root,0,0,0,0,0,0,0,0,0,0,0,0,0,0,0,0,0,0,0,0,0,0,0,0,0,0,0,0,7.804009914398191,8.25051021575928,8.61892986297607,8.55482006072998,0
root/Europe&CentralAsiaBelgium,root,0,0,0,0,0,0,0,0,0,0,0,0,0,0,0,0,0,0,0,0,0,0,0,0,0,0,0,0,9.57711982727051,9.58261966705322,9.50129985809326,0,0
root/Europe&CentralAsiaBosniaandHerzegovina,root,0,0,0,0,0,0,0,0,0,0,0,0,0,0,0,0,0,0,0,0,14.7302398681641,14.5458898544312,14.2982501983643,13.454959869384801,12.6559600830078,12.6035003662109,12.4849796295166,12.7835302352905,12.7778902053833,11.992790222167999,11.263580322265598,10.360679626464801,0
root/Europe&CentralAsiaBulgaria,root,0,0,0,0,0,0,0,0,0,0,0,11.577859878539998,11.036729812622099,11.173910140991199,11.6464500427246,11.616230010986301,11.3744602203369,11.4442501068115,11.607720375061,11.8063697814941,11.643059730529801,11.495129585266099,11.3341398239136,11.2840995788574,11.793820381164599,11.8526697158813,12.303810119628901,12.09850025177,12.6190595626831,13.0686197280884,0,12.402939796447802,0
root/Europe&CentralAsiaCroatia,root,0,0,0,0,0,0,0,0,0,0,0,12.8463497161865,12.2459096908569,11.7968997955322,11.236599922180199,10.632619857788098,10.0967702865601,9.88943958282471,9.94005012512207,9.73147964477539,8.76058959960938,8.07548999786377,7.81187009811401,7.5349001884460405,7.14282989501953,7.04984998703003,7.00051021575928,7.00190019607544,0,7.9416599273681605,6.43401002883911,0,0
root/Europe&CentralAsiaCyprus,root,0,0,0,0,0,0,0,0,0,0,0,0,0,0,0,0,10.8754796981812,11.503700256347699,11.7588596343994,10.747699737548801,10.974530220031701,10.782549858093299,10.473520278930698,10.017069816589402,9.82748985290527,9.7225399017334,9.654669761657711,9.58565044403076,9.627809524536131,9.77062034606934,10.207070350647,0,0
root/Europe&CentralAsiaCzechRepublic,root,0,0,0,0,0,0,0,0,10.1701602935791,9.86275005340576,10.781880378723098,9.30167007446289,0,0,0,0,8.98544025421143,9.13057994842529,9.15198040008545,8.83518028259277,9.02799034118652,9.917619705200199,10.9513101577759,10.8797702789307,10.878160476684599,10.7639799118042,11.513560295105,11.2685699462891,11.792909622192399,0,0,0,0
root/Europe&CentralAsiaDenmark,root,0,0,0,0,0,0,0,0,9.03645992279053,8.74176025390625,9.00300025939941,0,0,8.75986003875732,8.81991004943848,9.07520008087158,10.0615501403809,0,0,0,0,0,0,0,0,0,0,0,0,12.377619743347198,0,0,0
root/Europe&CentralAsiaEstonia,root,0,0,0,0,0,0,0,0,0,0,0,9.88842010498047,0,0,9.81879997253418,9.37814044952393,9.74983024597168,0,0,0,0,0,9.87798976898193,9.45816040039063,9.77538013458252,9.0702600479126,9.168829917907711,8.69207000732422,8.26006984710693,0,0,0,0
root/Europe&CentralAsiaFinland,root,0,0,0,0,0,0,0,0,0,0,0,0,0,0,14.106369972228999,15.029700279235803,15.546990394592301,14.9157800674438,14.7871799468994,10.7539796829224,10.963870048522901,0,9.82606029510498,9.639349937438961,9.84033966064453,10.131010055542001,9.768670082092289,9.65900039672852,15.9944400787354,16.2441501617432,0,17.2130908966064,0
root/Europe&CentralAsiaFrance,root,0,0,0,0,0,0,0,0,0,0,0,0,0,0,11.0146398544312,10.0052795410156,10.1218700408936,9.90552043914795,9.98707962036133,9.67055034637451,9.759650230407711,10.9330501556396,10.825050354003901,10.935899734497099,11.035429954528801,11.231969833374,11.1834297180176,10.9993801116943,11.2237195968628,0,0,0,0
root/Europe&CentralAsiaGeorgia,root,0,0,0,0,0,0,0,0,0,0,0,0,0,0,0,5.18590021133423,0,0,0,0,0,0,0,7.9407000541687,7.564519882202151,0,0,0,7.64122009277344,7.30735015869141,7.30958986282349,7.4832901954650906,0
root/Europe&CentralAsiaGermany,root,0,0,0,0,0,0,0,0,16.7045001983643,16.8110198974609,16.089210510253903,16.0763206481934,16.6085300445557,15.502949714660598,15.9461498260498,16.040470123290998,16.0412197113037,15.9948396682739,15.8976097106934,16.2105503082275,16.0528697967529,16.0927600860596,15.6971101760864,15.5270900726318,15.720330238342301,14.953040122985803,15.0198497772217,14.8058996200562,14.336520195007301,14.3510303497314,14.699589729309098,0,0
root/Europe&CentralAsiaGibraltar,root,0,0,0,0,0,0,0,0,0,0,0,0,0,0,28.75,19.210529327392603,16.2954502105713,0,0,0,0,0,0,5.35525989532471,5.67606019973755,0,0,0,0,0,0,15.392860412597699,0
root/Europe&CentralAsiaGreece,root,0,0,0,0,0,0,0,0,10.9140100479126,10.4489097595215,12.562950134277301,9.57481002807617,11.659059524536099,11.0095901489258,10.311140060424801,9.59554958343506,9.25405979156494,8.83917999267578,8.585559844970701,8.46035957336426,8.86159038543701,8.40865039825439,7.68322992324829,0,0,0,0,0,8.06836986541748,8.77610969543457,9.23165988922119,0,0
root/Europe&CentralAsiaHungary,root,0,0,0,0,0,0,0,0,0,10.4121999740601,0,0,11.5276498794556,9.65962982177734,9.45670986175537,9.09197044372559,10.811389923095698,11.9328699111938,12.568470001220698,10.0387496948242,10.021080017089801,10.0475702285767,9.9343204498291,10.205340385437,10.4029102325439,10.208149909973098,10.128419876098599,10.134010314941401,11.201499938964801,11.5347204208374,10.6644496917725,10.300270080566401,0
root/Europe&CentralAsiaIceland,root,0,0,0,0,0,0,0,0,0,0,0,0,0,14.3253498077393,14.1469202041626,13.6354503631592,13.679679870605499,13.5376596450806,13.5804195404053,12.122670173645,11.9566802978516,11.707670211792,11.500280380249,11.3743295669556,11.649809837341301,12.1252698898315,12.256099700927699,12.452389717102099,0,0,0,0,0
root/Europe&CentralAsiaItaly,root,0,0,0,0,0,0,0,0,0,8.30482006072998,9.338640213012699,9.81202030181885,0,10.6324901580811,10.7348604202271,10.502479553222699,10.2913999557495,10.4667997360229,10.7918796539307,11.3558702468872,11.0956201553345,11.105839729309098,10.8574895858765,0,0,0,0,0,11.7571601867676,0,11.6995601654053,0,0
root/Europe&CentralAsiaLatvia,root,10.5686798095703,10.0530996322632,0,0,9.26117038726807,8.97838020324707,8.604100227355959,8.310620307922362,7.3675398826599094,8.80465030670166,7.98656988143921,7.908090114593509,7.450109958648679,9.70893955230713,10.241239547729501,10.739350318908699,10.9920597076416,10.941020011901902,10.8407602310181,10.8071699142456,11.1632404327393,10.690770149231,10.2552003860474,10.957480430603,9.39801025390625,9.57542037963867,8.869199752807619,8.49351024627686,9.25113010406494,9.2741003036499,8.870420455932619,0,0
root/Europe&CentralAsiaLiechtenstein,root,0,0,0,0,0,0,0,0,0,0,0,0,0,0,0,0,0,0,0,0,28.2592601776123,30.192310333252,29.877550125122102,27.884620666503896,25.370370864868196,0,28.7036991119385,0,0,21.522680282592802,21.2618999481201,26.600000381469698,0
root/Europe&CentralAsiaLithuania,root,0,0,0,0,0,0,0,0,0,0,0,0,0,0,0,0,0,0,0,0,0,0,0,0,0,0,8.49711036682129,8.29104042053223,8.81443023681641,9.08502960205078,8.94944000244141,8.39085006713867,0
root/Europe&CentralAsiaLuxembourg,root,0,0,0,0,0,0,0,0,0,0,0,0,0,0,0,0,0,0,0,0,0,0,0,0,0,6.87771987915039,7.73287010192871,6.57125997543335,6.5194997787475595,8.19178009033203,8.72097015380859,0,0
root/Europe&CentralAsiaMacedoniaFYR,root,0,0,0,0,0,0,0,0,0,0,0,16.7359504699707,16.3056907653809,322.15240478515597,16.257080078125,16.1907005310059,16.7287292480469,16.3714599609375,16.326360702514602,16.2660598754883,16.0561103820801,0,15.1032400131226,14.511599540710401,14.0456800460815,13.711700439453098,13.131930351257301,12.6832895278931,12.0316696166992,11.6708297729492,11.172010421752901,0,0
root/Europe&CentralAsiaMoldova,root,0,0,0,0,0,0,0,0,0,0,0,0,11.5115299224854,0,12.0491600036621,11.224160194397,12.9706201553345,12.8956804275513,13.8511295318604,14.2111101150513,14.5842895507813,14.240229606628402,13.939049720764197,12.360879898071301,12.267040252685499,11.820969581603999,11.4591703414917,11.191430091857901,10.7479600906372,9.15377998352051,9.62102031707764,9.62113952636719,0
root/Europe&CentralAsiaMonaco,root,0,0,0,0,0,0,0,0,0,0,0,0,0,0,7.58381986618042,0,7.927710056304929,0,0,0,0,0,0,0,0,0,0,0,0,0,0,0,0
root/Europe&CentralAsiaMontenegro,root,0,0,0,0,0,0,0,0,0,0,0,0,0,0,0,0,0,0,0,0,0,0,0,0,0,0,13.776160240173303,13.1279296875,0,0,12.296480178833,14.835700035095199,0
root/Europe&CentralAsiaNetherlands,root,0,0,0,0,0,0,0,0,0,20.5146102905273,0,0,0,0,0,0,0,0,0,0,0,0,0,0,0,0,13.8929901123047,14.337409973144501,14.7609596252441,15.255800247192399,15.134539604187,15.021630287170401,0
root/Europe&CentralAsiaNorway,root,0,0,0,0,0,0,0,0,0,0,0,0,7.30524015426636,0,0,0,0,0,0,0,0,0,0,0,0,0,0,0,0,0,8.74277973175049,0,0
root/Europe&CentralAsiaPoland,root,0,0,0,0,0,0,0,0,0,0,0,0,0,21.0105590820313,0,14.7411499023438,14.761329650878901,0,14.857339859008801,0,10.896880149841301,10.731760025024402,10.421170234680199,10.0824604034424,9.62744045257568,9.356100082397461,8.58714008331299,8.34084987640381,9.91524982452393,9.898579597473141,9.7810697555542,0,0
root/Europe&CentralAsiaPortugal,root,0,0,0,0,0,0,0,0,0,0,0,0,0,0,0,8.73943042755127,9.02406978607178,8.28238010406494,8.05055046081543,6.198229789733889,0,6.072679996490481,6.92747020721436,6.5230998992919895,6.38889980316162,6.834650039672849,6.9769802093505895,7.30193996429443,9.18651962280273,10.1102304458618,10.1607704162598,0,0
root/Europe&CentralAsiaRomania,root,0,0,0,0,0,0,0,0,0,0,0,15.258119583129899,14.8030996322632,14.171999931335401,12.9721097946167,12.8947401046753,13.458740234375,13.6976003646851,15.072389602661099,16.0419292449951,15.527250289917,15.434800148010302,15.235529899597198,14.970399856567399,14.7958698272705,15.108980178833,15.420530319213901,15.158060073852502,14.8793296813965,14.0933399200439,13.8498001098633,13.306389808654801,0
root/Europe&CentralAsiaSerbia,root,0,0,0,0,0,0,0,0,0,0,0,0,0,0,13.913689613342301,13.5170097351074,13.1789302825928,12.665320396423303,12.1565399169922,11.5364303588867,11.1184597015381,10.8765697479248,10.6116199493408,10.2863903045654,10.105609893798801,9.86600017547607,9.59986972808838,9.49575996398926,9.310159683227539,8.99388027191162,8.55965995788574,8.31719970703125,0
root/Europe&CentralAsiaSlovakRepublic,root,0,0,0,0,0,0,0,0,0,0,0,0,11.192359924316401,12.3578195571899,12.1296100616455,11.301989555358901,11.3735904693604,11.7508001327515,12.4345197677612,12.616310119628901,12.792639732360803,12.6169700622559,12.527759552002001,12.4533796310425,12.5011301040649,12.1548004150391,11.864970207214402,11.538829803466802,11.5123996734619,11.334099769592301,11.379619598388699,0,0
root/Europe&CentralAsiaSlovenia,root,0,0,0,0,0,0,0,0,0,0,0,13.8991003036499,15.019080162048303,12.513050079345698,12.561770439147901,12.503580093383801,13.389530181884801,13.4035902023315,14.3565101623535,11.6551198959351,12.056340217590302,11.617469787597699,11.4940996170044,11.2811803817749,10.9883699417114,10.9938097000122,10.8930397033691,10.777819633483901,12.990360260009801,13.090479850769,13.0428104400635,0,0
root/Europe&CentralAsiaSpain,root,0,0,0,0,0,0,0,0,0,0,15.0464696884155,14.574709892272901,0,0,0,0,0,8.94334983825684,8.6936502456665,8.82359027862549,9.38638019561768,9.18959045410156,9.29592990875244,11.401720046997099,10.788359642028801,11.047869682312,11.3487396240234,11.5845499038696,11.4840698242188,11.487380027771001,11.6928701400757,0,0
root/Europe&CentralAsiaSweden,root,0,0,0,0,0,0,0,0,9.34049034118652,9.27705001831055,9.09961032867432,0,10.368920326232901,17.95751953125,17.1030693054199,16.5162506103516,16.1225891113281,15.2131004333496,14.3378295898438,9.02021026611328,9.21652030944824,9.2424201965332,9.51770973205566,9.70386981964111,9.71288013458252,9.8245096206665,9.53555011749268,9.54331016540527,13.334779739379899,13.8611001968384,14.2467803955078,0,0
root/Europe&CentralAsiaSwitzerland,root,0,0,0,0,0,0,0,0,0,0,0,0,0,0,0,0,0,0,0,0,0,0,0,0,0,0,0,10.652319908142099,11.2398900985718,0,0,0,0
root/Europe&CentralAsiaTajikistan,root,0,0,0,0,0,0,0,0,0,0,0,0,0,0,0,0,0,0,8.43554019927979,0,0,0,0,0,0,0,0,0,0,0,0,0,0
root/Europe&CentralAsiaTurkey,root,0,0,0,0,0,0,0,0,0,14.078310012817399,14.8880796432495,0,25.971019744873,0,0,15.556059837341301,0,20.952480316162102,21.6810302734375,18.9490604400635,16.2232303619385,15.8077001571655,16.1608200073242,15.2384901046753,16.9237499237061,17.5919303894043,17.828060150146502,16.1823196411133,19.5987491607666,19.452190399169897,19.0733604431152,0,0
root/Europe&CentralAsiaUnitedKingdom,root,0,0,0,0,0,0,0,0,10.6703796386719,10.512229919433599,9.28802013397217,8.70493984222412,8.80451965332031,0,13.915630340576199,14.357529640197802,14.207360267639197,15.0490503311157,14.952380180358901,15.0362300872803,14.526160240173303,13.887749671936,13.200559616088901,13.600170135497999,0,0,0,0,15.632579803466802,16.1658306121826,0,0,0
root/Europe&CentralAsiaUzbekistan,root,0,0,0,0,0,0,0,0,0,0,0,0,0,0,0,0,0,0,0,0,0,0,0,0,0,0,0,18.9560108184814,18.6630897521973,16.2269897460938,15.5173797607422,14.947620391845698,14.693949699401902
root/LatinAmerica&CaribbeanAntiguaandBarbuda,root,0,0,0,0,0,0,0,0,0,0,0,0,0,0,0,16.4297504425049,0,0,0,0,0,0,0,0,8.73153972625732,7.80614995956421,0,13.174110412597699,0,0,0,0,0
root/LatinAmerica&CaribbeanArgentina,root,0,0,0,0,0,0,0,0,0,0,0,0,0,12.2241697311401,0,11.9128503799438,15.1612100601196,14.8967800140381,12.912739753723098,11.1053800582886,10.5730600357056,9.945940017700199,9.70888042449951,8.57719993591309,0,0,0,0,0,0,0,0,0
root/LatinAmerica&CaribbeanBahamasThe,root,0,0,0,0,0,0,0,0,0,0,0,0,0,0,15.5909595489502,0,0,14.5206804275513,0,12.2283296585083,10.9183502197266,12.4397296905518,12.011469841003402,12.6629695892334,10.02064037323,12.249270439147901,0,0,0,0,0,10.608130455017099,0
root/LatinAmerica&CaribbeanBarbados,root,0,0,0,0,0,0,0,0,0,0,0,0,0,0,0,0,0,0,0,0,0,0,0,0,0,0,0,0,0,0,14.3395900726318,15.577699661254899,0
root/LatinAmerica&CaribbeanBelize,root,0,0,0,0,0,0,0,0,0,0,0,0,0,0,23.0096607208252,23.3207492828369,23.1066703796387,0,22.9630908966064,19.0128192901611,16.2926807403564,15.0181798934937,14.0851097106934,14.0704498291016,13.850489616394,14.1624298095703,13.971910476684599,13.916239738464402,14.780779838562,15.262439727783198,14.956170082092301,16.2535705566406,0
root/LatinAmerica&CaribbeanBolivia,root,0,0,0,0,0,0,0,0,0,0,0,0,0,0,19.6585006713867,0,0,0,0,0,0,0,0,0,0,0,0,0,0,0,0,0,0
root/LatinAmerica&CaribbeanBrazil,root,0,0,0,0,0,0,0,0,0,0,0,0,0,0,0,0,0,18.425090789794897,16.503490447998,15.8309803009033,15.161700248718299,0,17.1216201782227,15.5828304290771,15.48291015625,15.000490188598599,14.7903099060059,14.687370300292999,15.739950180053699,15.354949951171902,15.148329734802198,0,0
root/LatinAmerica&CaribbeanBritishVirginIslands,root,0,0,0,0,0,0,0,0,0,0,0,0,0,0,10.2340402603149,0,10.3877601623535,7.98387002944946,7.11765003204346,6.55713987350464,7.79267978668213,8.097559928894041,6.45833015441895,0,7.44186019897461,7.04301023483276,6.74467992782593,0,0,0,0,0,0
root/LatinAmerica&CaribbeanCaymanIslands,root,0,0,0,0,0,0,0,0,0,0,0,0,0,0,7.4925398826599094,8.125,8.89256000518799,8.77118968963623,0,8.56923007965088,8.71852016448975,7.3257098197937,0,0,0,0,8.52808952331543,4.601230144500731,0,0,0,0,0
root/LatinAmerica&CaribbeanChile,root,0,0,0,0,0,0,0,0,0,0,0,0,0,0,27.358909606933604,27.5051593780518,0,31.138540267944304,0,24.331199645996104,24.1794109344482,23.8816604614258,23.347909927368196,22.948740005493196,22.425230026245103,21.175090789794897,20.647390365600604,19.5664691925049,21.0062694549561,20.150249481201197,19.560510635376,0,0
root/LatinAmerica&CaribbeanColombia,root,0,0,0,0,0,0,0,0,0,0,0,0,0,0,0,0,0,20.4574298858643,0,24.325199127197298,0,0,19.3368606567383,0,20.7919902801514,21.566480636596697,23.3754100799561,22.516000747680696,22.942369461059602,21.9026699066162,23.8792400360107,25.5592994689941,0
root/LatinAmerica&CaribbeanCostaRica,root,0,0,0,0,0,0,0,0,0,0,0,0,0,19.8979091644287,19.132230758667,18.8414306640625,18.1518497467041,18.2408294677734,0,0,0,17.0450592041016,17.2954902648926,15.239109992981,15.4219799041748,15.111430168151902,14.403790473938,0,13.812339782714801,14.2859697341919,13.858480453491199,12.607789993286099,0
root/LatinAmerica&CaribbeanCuba,root,0,0,0,0,0,0,0,0,0,0,0,8.74687957763672,9.146430015563961,0,9.952249526977539,10.6640300750732,11.0642900466919,11.1473903656006,10.223030090332001,10.32483959198,11.633810043334998,11.1388101577759,9.73278045654297,9.90711975097656,9.731730461120609,8.81581020355225,7.932030200958249,7.51181983947754,7.60095977783203,8.87553977966309,8.68249034881592,0,0
root/LatinAmerica&CaribbeanDominica,root,0,0,0,0,0,0,0,0,0,0,0,0,0,0,15.1416702270508,21.4673900604248,19.9351902008057,17.7578105926514,17.357660293579098,17.4580192565918,16.382980346679698,10.711540222167999,10.3878498077393,10.427269935607901,10.1791696548462,11.086359977722198,9.39764022827148,10.0564498901367,8.88372039794922,7.933589935302731,0,7.31541013717651,0
root/LatinAmerica&CaribbeanDominicanRepublic,root,0,0,0,0,0,0,0,0,0,0,0,0,0,0,27.6496696472168,28.2590007781982,0,32.5507583618164,0,27.7887992858887,27.054100036621104,0,31.7187900543213,26.1980895996094,28.0010204315186,27.1993808746338,28.6707706451416,30.3924293518066,27.840589523315398,19.851369857788104,22.7625198364258,0,0
root/LatinAmerica&CaribbeanEcuador,root,0,0,0,0,0,0,0,0,0,0,0,0,0,0,0,13.9615802764893,13.9614896774292,13.961700439453098,13.6881999969482,13.7231798171997,13.8845300674438,14.3342599868774,14.621100425720199,0,0,17.298589706420902,17.474859237670902,19.216140747070302,20.5807094573975,21.438800811767603,21.4644794464111,20.879680633544897,20.3056106567383
root/LatinAmerica&CaribbeanElSalvador,root,0,0,0,0,0,0,0,0,0,0,0,0,0,0,0,0,0,0,25.206970214843803,27.3937492370605,26.2799797058105,0,25.262140274047898,27.5129508972168,23.471359252929698,0,23.0282707214355,0,0,0,28.634349822998,28.9070606231689,0
root/LatinAmerica&CaribbeanGrenada,root,0,0,0,0,0,0,0,0,0,0,0,0,0,0,0,0,0,0,21.5291690826416,0,0,0,0,0,0,0,0,0,0,12.554100036621099,11.8641996383667,11.864520072937,0
root/LatinAmerica&CaribbeanGuatemala,root,0,0,0,0,0,0,0,0,0,0,0,16.150409698486303,0,14.6999998092651,11.162989616394,12.1004295349121,11.5989599227905,11.3433504104614,0,13.179710388183599,13.6569499969482,14.4090995788574,14.4765300750732,14.476209640502901,13.8932504653931,11.7378797531128,11.577500343322802,11.8261804580688,10.2511100769043,10.4159202575684,0,9.849710464477539,0
root/LatinAmerica&CaribbeanGuyana,root,0,0,0,0,0,0,0,0,0,0,0,0,0,0,0,0,0,0,16.4728107452393,0,17.8274192810059,0,0,23.4351692199707,25.257249832153303,21.1914691925049,20.1250896453857,21.74049949646,0,0,0,0,0
root/LatinAmerica&CaribbeanHonduras,root,0,0,0,0,0,0,0,0,0,0,0,0,0,0,0,0,0,0,0,0,0,0,0,11.3226099014282,0,0,0,0,0,0,13.232760429382301,10.9047498703003,0
root/LatinAmerica&CaribbeanJamaica,root,0,0,0,0,0,0,0,0,0,0,0,0,0,0,0,0,0,19.3082103729248,0,0,0,0,0,0,0,0,0,0,0,0,0,0,0
root/LatinAmerica&CaribbeanMexico,root,0,0,0,0,0,0,0,0,0,14.254529953002901,14.039440155029302,13.777130126953098,14.304679870605499,14.5237703323364,14.177100181579599,14.1881999969482,14.0729503631592,14.218359947204599,14.091750144958501,14.920880317688,14.9757699966431,14.961290359497099,15.108409881591802,15.152580261230499,15.024189949035598,15.7657299041748,15.7454299926758,15.8423299789429,16.1015090942383,12.269570350647,11.869850158691401,0,0
root/LatinAmerica&CaribbeanNicaragua,root,0,0,0,0,0,0,0,0,0,0,0,0,0,0,31.0018501281738,31.999380111694304,33.3048706054688,29.37672996521,0,31.000980377197298,31.6808891296387,31.947509765625,28.667190551757802,25.8491191864014,0,34.714488983154304,0,0,0,0,0,0,0
root/LatinAmerica&CaribbeanPanama,root,0,0,0,0,0,0,0,0,0,0,0,0,0,0,14.786780357360803,14.6945104598999,14.969829559326199,14.736840248107901,0,14.774620056152301,14.6656503677368,14.756509780883801,14.370719909667999,13.948269844055199,12.8037204742432,13.194000244140598,12.724490165710401,0,13.983759880065902,11.5366296768188,12.145859718322802,0,0
root/LatinAmerica&CaribbeanParaguay,root,0,0,0,0,0,0,0,0,0,0,0,0,0,0,0,0,9.84251976013184,9.93290042877197,8.7568302154541,0,0,0,0,0,0,0,0,17.6138591766357,0,0,0,0,0
root/LatinAmerica&CaribbeanPeru,root,0,0,0,0,0,0,0,0,0,0,0,0,0,0,21.6438293457031,0,0,0,0,0,0,0,0,0,0,0,0,0,0,0,0,0,0
root/LatinAmerica&CaribbeanPuertoRico,root,0,0,0,0,0,0,0,0,0,0,0,0,0,0,0,0,0,0,0,0,0,0,0,0,0,7.702670097351071,0,9.41217041015625,14.586799621582001,14.7095499038696,16.4366798400879,0,0
root/LatinAmerica&CaribbeanStKittsandNevis,root,0,0,0,0,0,0,0,0,0,0,0,0,0,0,0,0,0,10.013070106506301,9.80132007598877,9.98666954040527,9.89404010772705,0,10.1800003051758,10.529410362243699,10.537409782409698,9.011759757995609,6.88532018661499,6.144229888916019,0,0,0,0,0
root/LatinAmerica&CaribbeanStLucia,root,0,0,0,0,0,0,0,0,0,0,0,0,0,0,16.291509628295902,15.3442602157593,0,0,0,0,0,0,0,0,16.0873203277588,15.927680015564,15.5,14.4360198974609,13.6294498443604,12.8971300125122,12.006930351257301,0,0
root/LatinAmerica&CaribbeanStVincentandtheGrenadines,root,0,0,0,0,0,0,0,0,0,0,0,0,0,0,0,0,24.1083297729492,22.786890029907198,21.983999252319304,18.1290302276611,0,0,0,16.1757297515869,11.5994100570679,15.085599899292,0,0,0,0,0,0,0
root/LatinAmerica&CaribbeanSuriname,root,0,0,0,0,0,0,0,0,0,0,0,0,0,0,0,0,12.8533296585083,14.102370262146001,0,0,10.0419797897339,11.447119712829599,11.7027502059937,0,10.7210998535156,12.3556604385376,10.961540222167999,8.909990310668949,9.44699954986572,8.65406036376953,10.2665300369263,0,0
root/LatinAmerica&CaribbeanTurksandCaicosIslands,root,0,0,0,0,0,0,0,0,0,0,0,0,0,0,9.217390060424801,0,0,0,0,0,0,0,0,0,0,0,0,0,0,0,0,0,0
root/LatinAmerica&CaribbeanUruguay,root,0,0,0,0,0,0,0,0,0,0,0,0,0,28.103990554809602,22.563030242919897,21.1185894012451,20.6098709106445,0,27.7131195068359,0,19.2501907348633,20.2689208984375,18.641450881958,15.048620223999,14.914039611816401,13.7837400436401,0,0,0,0,0,0,0
root/MiddleEast&NorthAfricaAlgeria,root,0,0,0,0,0,0,0,0,0,15.981969833374,16.3141593933105,16.3436698913574,16.1582202911377,0,0,0,0,0,0,0,0,0,0,0,0,0,0,0,0,0,0,0,0
root/MiddleEast&NorthAfricaBahrain,root,0,0,0,0,0,0,0,0,0,0,0,0,0,0,0,0,0,0,0,0,0,0,0,0,0,0,9.074159622192381,8.23439025878906,9.06704998016357,8.99816036224365,9.09453964233398,9.08430004119873,0
root/MiddleEast&NorthAfricaDjibouti,root,0,0,0,0,0,0,0,0,0,0,0,10.6536598205566,0,0,15.7981700897217,0,0,0,0,0,0,0,0,0,23.518590927124,0,21.9971408843994,20.0452709197998,19.533779144287102,19.740060806274396,17.1463794708252,18.1171703338623,16.5545406341553
root/MiddleEast&NorthAfricaEgyptArabRep,root,0,0,0,0,0,0,0,0,0,0,15.968600273132301,13.394940376281701,0,0,12.578869819641099,12.799280166626,13.233139991760302,13.224459648132301,14.539299964904801,14.382659912109402,0,0,0,0,8.2990198135376,8.821940422058109,0,0,0,0,0,12.6328296661377,0
root/MiddleEast&NorthAfricaIranIslamicRep,root,0,0,0,0,0,0,0,0,0,0,0,0,30.4822998046875,0,0,0,0,0,0,0,0,0,0,0,0,0,0,0,18.348199844360398,18.4673900604248,17.7985305786133,0,0
root/MiddleEast&NorthAfricaIraq,root,0,0,0,0,0,0,0,0,0,0,0,0,0,0,16.1904201507568,16.0728492736816,0,0,17.4790897369385,18.687120437622102,0,0,0,0,0,0,0,0,0,0,0,0,0
root/MiddleEast&NorthAfricaIsrael,root,0,0,0,0,0,0,0,0,0,0,0,0,0,9.104330062866211,9.42768955230713,9.73202991485596,9.11660003662109,9.10739040374756,9.03225994110107,8.86007022857666,9.16958999633789,9.18552017211914,9.21212005615234,8.942399978637699,8.687930107116701,0,0,0,0,0,0,0,0
root/MiddleEast&NorthAfricaJordan,root,0,0,0,0,0,0,0,0,0,0,0,16.600580215454098,0,0,16.7443504333496,16.2882194519043,0,16.3260593414307,14.2777900695801,17.480789184570302,0,0,10.3800001144409,11.864620208740199,0,0,0,0,9.37228965759277,9.36213970184326,0,0,0
root/MiddleEast&NorthAfricaKuwait,root,0,0,0,0,0,0,0,0,0,0,0,8.80333995819092,0,8.88247966766357,9.15219020843506,9.344550132751461,9.10177993774414,0,0,9.82015991210938,9.07575035095215,0,7.948699951171879,7.694890022277829,6.76886987686157,0,0,0,0,0,0,0,0
root/MiddleEast&NorthAfricaLebanon,root,0,0,0,0,0,0,0,0,0,0,0,0,0,0,8.33565044403076,0,5.87451982498169,5.5790901184082005,5.95641994476318,0,7.20507001876831,7.64644002914429,7.780879974365231,7.714049816131589,7.75695991516113,7.28682994842529,7.74776983261108,0,8.86643028259277,7.958199977874759,0,8.03991031646729,0
root/MiddleEast&NorthAfricaLibya,root,0,0,0,0,0,0,0,0,0,0,0,0,0,0,0,0,0,0,0,0,4.968389987945559,4.77599000930786,0,0,0,0,0,0,0,0,0,0,0
root/MiddleEast&NorthAfricaMalta,root,0,0,0,0,0,0,0,0,0,0,0,0,0,0,0,0,0,0,0,0,0,18.935369491577102,0,0,0,0,0,9.05986976623535,8.75899028778076,8.237170219421388,8.7555103302002,7.64758014678955,0
root/MiddleEast&NorthAfricaMorocco,root,0,0,0,0,0,0,0,0,0,0,0,0,0,0,14.025279998779302,14.276470184326199,0,0,15.5179595947266,16.9383792877197,0,0,0,17.9335899353027,17.886400222778303,0,0,0,0,0,0,0,0
root/MiddleEast&NorthAfricaOman,root,0,10.0916500091553,10.677530288696301,10.735529899597198,11.490960121154801,12.638660430908198,10.9814901351929,14.2263603210449,13.954549789428699,15.2948799133301,15.0996599197388,15.112979888916,16.215650558471697,15.9557399749756,16.217290878295902,16.9717502593994,17.0099792480469,18.794399261474602,19.890239715576197,0,0,0,0,0,20.178409576415998,0,0,0,0,0,0,0,0
root/MiddleEast&NorthAfricaQatar,root,0,0,0,0,0,0,0,0,0,0,0,8.50277996063232,0,9.69223022460938,8.04380035400391,0,8.14640998840332,7.867010116577151,9.24547004699707,9.26543045043945,12.7031898498535,8.64478015899658,0,8.75561046600342,8.10227966308594,9.08629989624023,0,9.45971965789795,9.20151042938232,9.561699867248539,9.97832012176514,9.50426959991455,0
root/MiddleEast&NorthAfricaSaudiArabia,root,0,0,0,0,0,0,0,0,0,0,0,0,0,0,0,0,0,0,0,0,12.112030029296902,0,0,0,11.669960021972699,0,0,0,11.227689743042,11.416500091552699,0,0,0
root/MiddleEast&NorthAfricaSyrianArabRepublic,root,0,0,0,0,0,0,0,0,0,0,0,0,0,0,0,0,0,0,10.7383699417114,11.015899658203098,0,11.232310295105,11.8606700897217,0,0,7.236149787902829,8.297909736633299,0,8.46774005889893,0,0,0,0
root/MiddleEast&NorthAfricaTunisia,root,0,0,0,0,0,0,0,0,0,0,0,0,0,0,14.984569549560499,14.2504796981812,14.3206796646118,16.1045703887939,0,16.4752902984619,0,0,0,0,12.157939910888699,11.8281002044678,0,0,0,0,0,0,0
root/MiddleEast&NorthAfricaUnitedArabEmirates,root,0,0,0,0,0,0,0,0,0,0,0,0,0,0,0,0,0,0,0,0,0,0,0,0,0,0,0,0,0,0,0,6.329909801483151,0
root/MiddleEast&NorthAfricaWestBankandGaza,root,0,0,0,0,0,0,0,0,0,0,0,7.31872987747192,7.10276985168457,0,19.2421092987061,25.130239486694304,24.0365104675293,25.7929000854492,22.0834903717041,24.7798004150391,26.643409729003896,22.4864501953125,20.6998405456543,20.9341106414795,20.1352691650391,20.395170211792,18.423509597778303,17.814960479736303,17.2611103057861,16.6330604553223,15.784669876098599,14.9538402557373,0
root/MiddleEast&NorthAfricaYemenRep,root,0,0,0,0,0,0,0,0,0,0,0,0,0,0,20.582500457763697,0,0,0,0,0,0,0,0,0,0,0,0,0,24.1727294921875,0,0,25.756160736084,0
root/NorthAmericaBermuda,root,0,0,0,0,0,0,0,0,0,0,0,0,0,0,0,0,6.62940979003906,7.34211015701294,6.74782991409302,6.83379983901978,6.96378993988037,6.25,0,0,0,5.4917302131652805,6.44224977493286,6.63253021240234,5.71316003799438,5.38916015625,6.626910209655759,0,0
root/NorthAmericaCanada,root,0,0,0,0,0,0,0,0,17.6747207641602,18.0493106842041,18.2962608337402,18.573410034179698,0,0,0,0,0,0,0,0,0,0,0,12.677300453186,12.5537796020508,12.314760208129899,12.194689750671401,0,9.99930000305176,9.43017959594727,8.801859855651859,8.33376026153564,0
root/NorthAmericaUnitedStates,root,0,0,0,0,0,0,0,0,15.0382299423218,15.078510284423801,14.0239200592041,14.0392904281616,0,14.0400295257568,13.8114900588989,13.478170394897498,14.0761299133301,14.915180206298801,15.000450134277301,15.492810249328599,15.494029998779302,15.1707601547241,15.1093502044678,15.035719871521001,14.2514495849609,14.1840600967407,14.455860137939501,14.653019905090302,14.6793203353882,14.774040222167999,14.6849699020386,0,0
root/SouthAsiaAfghanistan,root,0,0,0,0,0,0,0,0,0,0,0,0,0,0,0,0,0,0,0,0,0,0,30.749080657959,0,0,0,0,0,0,0,30.2783699035645,0,0
root/SouthAsiaBangladesh,root,0,0,0,0,0,0,0,0,0,0,0,0,0,30.0011196136475,31.5024108886719,31.6534309387207,29.992040634155302,27.395299911499,25.811950683593803,21.1957397460938,19.181659698486303,21.363599777221697,21.4234409332275,24.261499404907198,26.122350692749,25.7766094207764,28.090579986572298,30.151180267334,33.2414703369141,0,0,31.900020599365202,0
root/SouthAsiaBhutan,root,0,0,0,0,0,0,0,0,0,0,0,0,0,0,20.656719207763697,0,0,0,0,0,19.516429901123,10.4233903884888,0,12.0343599319458,12.0375499725342,14.598679542541499,16.5755100250244,14.2334299087524,9.5052604675293,10.557539939880401,9.914509773254391,8.01058959960938,0
root/SouthAsiaIndia,root,0,0,0,0,0,0,0,0,0,0,0,0,0,0,0,31.058900833129897,30.8589897155762,28.433670043945302,0,28.063779830932603,0,0,0,0,21.157150268554698,20.6346206665039,20.6677303314209,0,32.0559310913086,33.2924194335938,33.0195808410645,30.249629974365202,0
root/SouthAsiaMaldives,root,0,0,0,0,0,0,0,0,0,0,0,0,0,10.1395301818848,8.78845977783203,9.125,4.424530029296879,15.5108699798584,8.37784957885742,0,0,0,0,0,0,0,0,0,0,0,0,0,0
root/SouthAsiaNepal,root,0,0,0,0,0,0,0,0,21.550809860229503,19.8500003814697,19.8932495117188,20.083599090576197,0,0,23.7256393432617,21.7106494903564,27.205570220947298,20.0479202270508,28.1090793609619,0,0,0,0,29.8190402984619,0,24.7638893127441,23.0390892028809,22.7218799591064,22.9066696166992,23.0068702697754,22.7973194122314,23.539680480957,24.1648292541504
root/SouthAsiaPakistan,root,0,0,0,0,0,0,0,0,0,0,0,0,0,0,0,0,0,0,23.9714202880859,26.0100498199463,22.457220077514602,0,0,0,0,0,29.322750091552702,28.4210205078125,28.4587898254395,29.688570022582997,28.7886009216309,28.9887294769287,0
root/SouthAsiaSriLanka,root,0,0,0,0,0,0,0,0,0,0,0,0,0,0,0,0,0,0,0,0,0,0,0,0,0,0,17.876539230346697,18.1648902893066,0,0,0,17.887029647827102,0
root/Sub-SaharanAfricaAngola,root,0,0,0,0,0,0,0,0,0,0,0,0,0,11.928569793701199,0,0,0,0,0,0,0,0,0,0,0,0,20.5058097839355,0,0,0,0,0,0
root/Sub-SaharanAfricaBenin,root,0,0,0,0,0,0,0,0,0,0,0,0,0,0,15.168999671936,15.172320365905799,10.4184303283691,0,14.8162403106689,16.478120803833,0,0,0,0,0,0,0,0,7.6288800239563,7.69832992553711,0,0,0
root/Sub-SaharanAfricaBurkinaFaso,root,0,0,0,0,0,0,0,0,0,0,0,0,0,0,23.396530151367198,0,0,0,0,0,0,0,0,0,16.052200317382802,0,0,0,0,0,0,17.9334506988525,0
root/Sub-SaharanAfricaBurundi,root,0,0,0,0,0,0,0,0,0,0,0,0,0,0,0,0,0,0,0,0,0,0,0,0,38.4147796630859,0,0,0,0,26.2068405151367,25.773010253906303,18.1784992218018,0
root/Sub-SaharanAfricaCaboVerde,root,0,0,0,0,0,0,0,0,0,0,0,0,0,0,0,0,0,14.1799001693726,15.6752099990845,14.9443998336792,21.650630950927702,0,17.5272006988525,16.9276103973389,17.1602993011475,16.0973796844482,16.0892601013184,15.867429733276401,15.951000213622999,15.2837200164795,0,0,0
root/Sub-SaharanAfricaCameroon,root,0,0,0,0,0,0,0,0,0,0,0,0,0,0,0,0,0,0,0,0,0,0,0,0,0,0,0,0,19.263650894165,0,13.4740400314331,13.1065196990967,0
root/Sub-SaharanAfricaChad,root,0,0,0,0,0,0,0,0,0,0,0,0,0,0,22.647150039672898,25.4759197235107,0,0,0,0,0,0,0,0,0,20.3559799194336,19.9476203918457,17.8228397369385,0,0,0,0,0
root/Sub-SaharanAfricaComoros,root,0,0,0,0,0,0,0,0,0,0,0,0,0,0,0,0,0,10.3854503631592,8.96864032745361,10.550379753112802,0,0,0,0,0,0,0,0,6.4210100173950195,6.43370008468628,0,0,0
root/Sub-SaharanAfricaCongoRep,root,0,0,0,0,0,0,0,0,0,0,0,21.4100494384766,0,0,0,0,0,0,0,18.308649063110398,0,0,0,0,0,0,0,16.8374004364014,0,0,0,0,0
root/Sub-SaharanAfricaCotedIvoire,root,0,0,0,0,0,0,0,0,0,0,0,0,0,0,20.6099796295166,0,0,0,0,0,0,0,0,0,0,0,0,0,0,0,0,0,0
root/Sub-SaharanAfricaEquatorialGuinea,root,0,0,0,0,0,0,0,0,0,0,0,0,0,0,14.902259826660199,14.872179985046401,0,0,0,0,0,0,0,0,0,0,0,0,0,0,0,0,0
root/Sub-SaharanAfricaEritrea,root,0,0,0,0,0,0,0,0,0,0,0,33.6644515991211,39.4943084716797,0,45.207481384277294,51.2127799987793,49.182300567627,45.816959381103494,53.3064308166504,39.162361145019496,43.8710594177246,46.9675903320313,30.0147590637207,0,39.6963386535645,35.2652816772461,36.5799903869629,31.076040267944304,36.7711296081543,40.453239440918004,35.8010101318359,0,0
root/Sub-SaharanAfricaEthiopia,root,0,0,0,0,0,0,0,0,0,30.827299118042003,31.508079528808604,31.519380569457997,0,0,0,0,0,0,0,0,0,0,0,29.476709365844698,35.6127891540527,32.571521759033196,27.255800247192397,28.6972599029541,0,0,43.6655883789063,0,0
root/Sub-SaharanAfricaGhana,root,0,0,0,0,0,0,0,0,0,0,0,0,0,0,18.7933502197266,18.472980499267603,20.037429809570302,20.0547695159912,18.665960311889602,21.6213493347168,21.276279449462898,15.489620208740199,19.7936401367188,19.6581192016602,20.8321704864502,0,25.196840286254897,21.7278003692627,22.2455902099609,18.7033996582031,19.5042896270752,22.130729675293,21.698720932006804
root/Sub-SaharanAfricaGuinea,root,0,0,0,0,0,0,0,0,0,0,0,0,0,0,0,0,0,0,27.7815895080566,0,0,0,0,27.033800125122102,0,0,26.664930343627898,0,0,0,0,0,0
root/Sub-SaharanAfricaGuineaBissau,root,0,0,0,0,0,0,0,0,0,0,0,0,0,0,0,10.606820106506301,0,0,0,0,0,0,0,0,0,0,0,0,0,0,0,0,0
root/Sub-SaharanAfricaKenya,root,0,0,0,0,0,0,0,0,0,0,0,0,0,0,0,0,0,0,18.204769134521502,17.2724990844727,17.3810596466064,19.3721599578857,22.521520614624,25.7845096588135,26.713279724121104,0,0,0,0,0,0,0,0
root/Sub-SaharanAfricaLiberia,root,0,0,0,0,0,0,0,0,0,0,0,0,0,0,17.649610519409197,0,0,0,0,0,0,0,0,0,0,0,0,0,0,17.2591991424561,23.3893508911133,0,0
root/Sub-SaharanAfricaMadagascar,root,0,0,0,0,0,0,0,0,0,0,0,0,0,0,0,0,0,0,0,0,0,16.634080886840803,0,19.611770629882802,17.7702407836914,0,0,23.272520065307603,0,19.2613697052002,0,0,0
root/Sub-SaharanAfricaMalawi,root,0,0,0,0,0,0,0,0,0,0,0,0,35.163810729980504,0,0,0,0,0,0,0,0,0,0,0,0,0,0,0,0,0,0,0,0
root/Sub-SaharanAfricaMali,root,0,0,0,0,0,0,0,0,0,0,0,0,0,0,24.259910583496104,24.2587509155273,0,0,0,0,0,0,12.680809974670401,13.0542402267456,13.1016101837158,0,13.2269802093506,0,10.6303596496582,10.832469940185499,11.514630317688,13.1496801376343,0
root/Sub-SaharanAfricaMauritania,root,0,0,0,0,0,0,0,0,0,0,16.5926208496094,0,0,0,17.383399963378903,24.040470123291,24.324710845947298,22.7335205078125,25.724830627441396,0,0,24.3818798065186,0,0,0,0,0,0,0,17.2781391143799,17.1625709533691,15.4460802078247,0
root/Sub-SaharanAfricaMozambique,root,0,0,0,0,0,0,0,0,0,25.9439506530762,22.700590133667003,0,0,0,0,0,0,0,0,0,17.5747699737549,23.5700702667236,25.0194301605225,25.2243995666504,24.803020477294897,0,0,0,36.4979591369629,0,0,0,0
root/Sub-SaharanAfricaNamibia,root,0,0,0,0,0,0,0,0,0,0,0,0,0,0,20.8644199371338,0,0,0,0,0,0,0,0,0,0,0,0,0,0,0,0,0,0
root/Sub-SaharanAfricaNiger,root,0,0,0,0,0,0,0,0,0,0,0,0,14.0025796890259,15.6009702682495,12.4929103851318,0,10.2970504760742,10.932959556579599,9.479330062866211,10.935150146484402,8.61468029022217,20.2143707275391,0,0,0,17.7766208648682,23.8622398376465,0,14.916850090026902,20.614299774169897,16.559959411621097,17.538509368896502,0
root/Sub-SaharanAfricaNigeria,root,0,0,0,0,0,0,0,0,0,0,0,0,0,0,0,0,0,0,0,38.6139793395996,44.364749908447294,30.365930557251,26.353460311889602,18.9499492645264,0,17.6330604553223,0,0,0,0,0,0,0
root/Sub-SaharanAfricaRwanda,root,0,0,0,0,0,0,0,0,0,0,0,0,0,0,0,0,0,0,0,0,0,0,0,0,22.618909835815398,0,0,0,0,0,0,0,0
root/Sub-SaharanAfricaSaoTomeandPrincipe,root,0,0,0,0,0,0,0,0,0,0,0,0,0,0,0,0,0,0,0,0,0,0,0,0,0,0,21.458820343017603,0,0,0,0,26.1076393127441,0
root/Sub-SaharanAfricaSenegal,root,0,0,0,0,0,0,0,0,0,0,0,23.137229919433604,0,0,0,20.0028400421143,18.1915302276611,19.530469894409197,0,25.1471004486084,0,0,0,0,0,0,0,0,0,0,0,0,0
root/Sub-SaharanAfricaSeychelles,root,0,0,0,0,0,0,0,0,0,0,9.21934986114502,9.91034030914307,0,0,14.3474597930908,0,0,0,0,0,0,0,0,0,0,0,0,0,0,0,0,0,0
root/Sub-SaharanAfricaSierraLeone,root,0,0,0,0,0,0,0,0,0,0,0,0,0,0,0,0,33.7964897155762,0,0,0,0,0,0,0,0,0,24.600679397582997,24.1277008056641,22.5052108764648,0,21.2969608306885,24.464679718017603,0
root/Sub-SaharanAfricaSomalia,root,0,0,0,0,0,0,0,0,0,0,0,0,0,0,0,0,0,0,0,0,0,0,20.6841201782227,0,0,0,0,0,0,0,0,0,0
root/Sub-SaharanAfricaSouthSudan,root,0,0,0,0,0,0,0,0,0,0,0,0,0,0,0,0,0,0,0,0,0,0,0,0,0,0,0,0,0,0,15.385729789733901,0,0
root/Sub-SaharanAfricaSudan,root,0,0,0,0,0,0,0,0,0,0,0,0,0,0,0,0,0,0,0,0,0,0,0,0,0,0,0,14.951359748840302,16.6293601989746,0,15.7585802078247,0,0
root/Sub-SaharanAfricaSwaziland,root,0,0,0,0,0,0,0,0,0,0,0,11.703399658203098,0,0,0,0,0,0,12.553959846496598,0,0,0,0,0,0,0,0,0,0,0,0,0,0
root/Sub-SaharanAfricaTogo,root,0,0,0,0,0,0,0,0,0,0,22.978139877319304,0,0,0,20.025699615478498,0,0,0,0,0,0,0,0,0,0,0,16.2085399627686,0,0,0,0,0,0
