root/EastAsia&PacificAustralia,root,0.1,0.1,0.1,0.1,0.1,0.1,0.1,0.1,0.1,0.1,0.1,0.1,0.1,0.1,0.1,0.1,0.1,0.1,0.1,0.1,0.1,0.1,0.1,0.1,0.1,0.1,0.1
root/EastAsia&PacificCambodia,root,0.1,0.1,0.4,0.8,1.2,1.6,1.8,1.7,1.5,1.3,1.1,0.9,0.7,0.6,0.4,0.3,0.3,0.2,0.2,0.2,0.1,0.1,0.1,0.1,0.1,0.1,0.1
root/EastAsia&PacificFiji,root,0.1,0.1,0.1,0.1,0.1,0.1,0.1,0.1,0.1,0.1,0.1,0.1,0.1,0.1,0.1,0.1,0.1,0.1,0.1,0.1,0.1,0.1,0.1,0.1,0.1,0.1,0.1
root/EastAsia&PacificIndonesia,root,0.1,0.1,0.1,0.1,0.1,0.1,0.1,0.1,0.1,0.1,0.1,0.2,0.2,0.3,0.3,0.3,0.4,0.4,0.4,0.4,0.4,0.4,0.4,0.3,0.3,0.3,0.3
root/EastAsia&PacificLaoPDR,root,0.1,0.1,0.1,0.1,0.1,0.1,0.1,0.1,0.1,0.1,0.1,0.1,0.1,0.1,0.2,0.2,0.2,0.2,0.2,0.1,0.1,0.1,0.1,0.1,0.1,0.1,0.1
root/EastAsia&PacificMalaysia,root,0.1,0.3,0.4,0.4,0.4,0.4,0.3,0.3,0.3,0.3,0.3,0.3,0.3,0.3,0.3,0.2,0.2,0.2,0.2,0.2,0.2,0.2,0.2,0.1,0.1,0.1,0.1
root/EastAsia&PacificMongolia,root,0.1,0.1,0.1,0.1,0.1,0.1,0.1,0.1,0.1,0.1,0.1,0.1,0.1,0.1,0.1,0.1,0.1,0.1,0.1,0.1,0.1,0.1,0.1,0.1,0.1,0.1,0.1
root/EastAsia&PacificMyanmar,root,0.1,0.3,0.5,0.5,0.6,0.7,0.7,0.8,0.8,0.9,1.0,1.1,1.1,1.0,1.0,0.9,0.8,0.7,0.7,0.6,0.5,0.5,0.5,0.4,0.4,0.4,0.4
root/EastAsia&PacificPapuaNewGuinea,root,0.1,0.1,0.1,0.1,0.1,0.1,0.2,0.2,0.2,0.3,0.3,0.3,0.3,0.3,0.3,0.3,0.2,0.2,0.2,0.2,0.2,0.2,0.1,0.1,0.2,0.2,0.2
root/EastAsia&PacificPhilippines,root,0.1,0.1,0.1,0.1,0.1,0.1,0.1,0.1,0.1,0.1,0.1,0.1,0.1,0.1,0.1,0.1,0.1,0.1,0.1,0.1,0.1,0.1,0.1,0.1,0.2,0.2,0.2
root/EastAsia&PacificThailand,root,1.5,2.4,3.0,3.1,2.9,2.6,2.2,1.8,1.4,1.1,0.9,0.8,0.7,0.6,0.5,0.5,0.5,0.4,0.4,0.4,0.4,0.4,0.4,0.4,0.4,0.4,0.4
root/EastAsia&PacificVietnam,root,0.1,0.1,0.1,0.1,0.1,0.1,0.1,0.1,0.1,0.1,0.1,0.1,0.1,0.1,0.1,0.1,0.1,0.1,0.1,0.1,0.1,0.1,0.1,0.1,0.1,0.1,0.1
root/Europe&CentralAsiaAlbania,root,0.1,0.1,0.1,0.1,0.1,0.1,0.1,0.1,0.1,0.1,0.1,0.1,0.1,0.1,0.1,0.1,0.1,0.1,0.1,0.1,0.1,0.1,0.1,0.1,0.1,0.1,0.1
root/Europe&CentralAsiaArmenia,root,0.1,0.1,0.1,0.1,0.1,0.1,0.1,0.1,0.1,0.1,0.1,0.2,0.2,0.2,0.2,0.2,0.2,0.2,0.1,0.1,0.1,0.1,0.1,0.1,0.1,0.1,0.1
root/Europe&CentralAsiaAzerbaijan,root,0.1,0.1,0.1,0.1,0.1,0.1,0.1,0.1,0.1,0.1,0.1,0.1,0.1,0.1,0.1,0.1,0.1,0.1,0.1,0.1,0.1,0.1,0.1,0.1,0.1,0.1,0.1
root/Europe&CentralAsiaBelarus,root,0.1,0.1,0.1,0.1,0.1,0.1,0.1,0.1,0.1,0.1,0.1,0.1,0.1,0.1,0.1,0.1,0.1,0.1,0.1,0.1,0.1,0.1,0.1,0.1,0.1,0.1,0.1
root/Europe&CentralAsiaBulgaria,root,0.1,0.1,0.1,0.1,0.1,0.1,0.1,0.1,0.1,0.1,0.1,0.1,0.1,0.1,0.1,0.1,0.1,0.1,0.1,0.1,0.1,0.1,0.1,0.1,0.1,0.1,0.1
root/Europe&CentralAsiaCroatia,root,0.1,0.1,0.1,0.1,0.1,0.1,0.1,0.1,0.1,0.1,0.1,0.1,0.1,0.1,0.1,0.1,0.1,0.1,0.1,0.1,0.1,0.1,0.1,0.1,0.1,0.1,0.1
root/Europe&CentralAsiaCzechRepublic,root,0.1,0.1,0.1,0.1,0.1,0.1,0.1,0.1,0.1,0.1,0.1,0.1,0.1,0.1,0.1,0.1,0.1,0.1,0.1,0.1,0.1,0.1,0.1,0.1,0.1,0.1,0.1
root/Europe&CentralAsiaFrance,root,0.2,0.2,0.2,0.2,0.2,0.2,0.2,0.2,0.2,0.2,0.2,0.2,0.2,0.2,0.2,0.2,0.2,0.2,0.2,0.2,0.2,0.2,0.2,0.2,0.2,0.1,0.1
root/Europe&CentralAsiaGeorgia,root,0.1,0.1,0.1,0.1,0.1,0.1,0.1,0.1,0.1,0.1,0.1,0.1,0.1,0.1,0.1,0.1,0.1,0.1,0.1,0.1,0.1,0.1,0.1,0.1,0.1,0.1,0.1
root/Europe&CentralAsiaIreland,root,0.1,0.1,0.1,0.1,0.1,0.1,0.1,0.1,0.1,0.1,0.1,0.1,0.1,0.1,0.1,0.1,0.1,0.1,0.1,0.1,0.1,0.1,0.1,0.1,0.1,0.1,0.1
root/Europe&CentralAsiaItaly,root,0.1,0.1,0.1,0.1,0.1,0.1,0.1,0.1,0.1,0.1,0.1,0.1,0.1,0.1,0.1,0.1,0.1,0.1,0.1,0.1,0.1,0.1,0.1,0.1,0.1,0.1,0.1
root/Europe&CentralAsiaKazakhstan,root,0.1,0.1,0.1,0.1,0.1,0.1,0.1,0.1,0.1,0.1,0.1,0.1,0.1,0.1,0.1,0.1,0.1,0.1,0.1,0.1,0.1,0.1,0.1,0.1,0.1,0.1,0.1
root/Europe&CentralAsiaKyrgyzRepublic,root,0.1,0.1,0.1,0.1,0.1,0.1,0.1,0.1,0.1,0.1,0.1,0.1,0.1,0.1,0.1,0.1,0.1,0.1,0.1,0.1,0.1,0.1,0.1,0.1,0.1,0.1,0.1
root/Europe&CentralAsiaLatvia,root,0.1,0.2,0.3,0.4,0.5,0.5,0.5,0.5,0.5,0.4,0.4,0.4,0.4,0.4,0.4,0.4,0.4,0.4,0.4,0.4,0.4,0.4,0.4,0.4,0.4,0.4,0.4
root/Europe&CentralAsiaLithuania,root,0.1,0.1,0.1,0.1,0.1,0.1,0.1,0.1,0.1,0.1,0.1,0.1,0.1,0.1,0.1,0.1,0.1,0.1,0.1,0.1,0.1,0.1,0.1,0.1,0.1,0.1,0.1
root/Europe&CentralAsiaMacedoniaFYR,root,0.1,0.1,0.1,0.1,0.1,0.1,0.1,0.1,0.1,0.1,0.1,0.1,0.1,0.1,0.1,0.1,0.1,0.1,0.1,0.1,0.1,0.1,0.1,0.1,0.1,0.1,0.1
root/Europe&CentralAsiaMoldova,root,0.1,0.1,0.1,0.1,0.1,0.1,0.1,0.1,0.1,0.1,0.1,0.1,0.1,0.1,0.1,0.1,0.1,0.1,0.1,0.1,0.1,0.1,0.1,0.1,0.1,0.2,0.2
root/Europe&CentralAsiaMontenegro,root,0.1,0.1,0.1,0.1,0.1,0.1,0.1,0.1,0.1,0.1,0.1,0.1,0.1,0.1,0.1,0.1,0.1,0.1,0.1,0.1,0.1,0.1,0.1,0.1,0.1,0.1,0.1
root/Europe&CentralAsiaNetherlands,root,0.1,0.1,0.1,0.1,0.1,0.1,0.1,0.1,0.1,0.1,0.1,0.1,0.1,0.1,0.1,0.1,0.1,0.1,0.1,0.1,0.1,0.1,0.1,0.1,0.1,0.1,0.1
root/Europe&CentralAsiaRomania,root,0.1,0.1,0.1,0.1,0.1,0.1,0.1,0.1,0.1,0.1,0.1,0.1,0.1,0.1,0.1,0.1,0.1,0.1,0.1,0.1,0.1,0.1,0.1,0.1,0.1,0.1,0.1
root/Europe&CentralAsiaSerbia,root,0.1,0.1,0.1,0.1,0.1,0.1,0.1,0.1,0.1,0.1,0.1,0.1,0.1,0.1,0.1,0.1,0.1,0.1,0.1,0.1,0.1,0.1,0.1,0.1,0.1,0.1,0.1
root/Europe&CentralAsiaSlovakRepublic,root,0.1,0.1,0.1,0.1,0.1,0.1,0.1,0.1,0.1,0.1,0.1,0.1,0.1,0.1,0.1,0.1,0.1,0.1,0.1,0.1,0.1,0.1,0.1,0.1,0.1,0.1,0.1
root/Europe&CentralAsiaSlovenia,root,0.1,0.1,0.1,0.1,0.1,0.1,0.1,0.1,0.1,0.1,0.1,0.1,0.1,0.1,0.1,0.1,0.1,0.1,0.1,0.1,0.1,0.1,0.1,0.1,0.1,0.1,0.1
root/Europe&CentralAsiaSpain,root,0.4,0.4,0.3,0.3,0.3,0.2,0.2,0.2,0.2,0.2,0.2,0.2,0.2,0.2,0.2,0.2,0.2,0.2,0.2,0.2,0.2,0.2,0.2,0.2,0.2,0.2,0.2
root/Europe&CentralAsiaSweden,root,0.1,0.1,0.1,0.1,0.1,0.1,0.1,0.1,0.1,0.1,0.1,0.1,0.1,0.1,0.1,0.1,0.1,0.1,0.1,0.1,0.1,0.1,0.1,0.1,0.1,0.1,0.1
root/Europe&CentralAsiaTajikistan,root,0.1,0.1,0.1,0.1,0.1,0.1,0.1,0.1,0.1,0.1,0.1,0.1,0.1,0.1,0.1,0.1,0.1,0.1,0.1,0.1,0.1,0.1,0.1,0.1,0.1,0.1,0.1
root/Europe&CentralAsiaUkraine,root,0.1,0.1,0.1,0.2,0.3,0.4,0.5,0.6,0.7,0.7,0.6,0.6,0.5,0.5,0.4,0.4,0.3,0.3,0.2,0.2,0.2,0.2,0.2,0.2,0.2,0.2,0.2
root/LatinAmerica&CaribbeanArgentina,root,0.2,0.2,0.2,0.2,0.2,0.2,0.2,0.2,0.2,0.2,0.2,0.2,0.2,0.2,0.2,0.2,0.2,0.2,0.2,0.2,0.2,0.2,0.2,0.2,0.2,0.2,0.2
root/LatinAmerica&CaribbeanBahamasThe,root,1.1,1.4,1.6,1.8,1.9,2.0,2.0,1.9,1.8,1.7,1.6,1.6,1.5,1.4,1.4,1.3,1.2,1.2,1.2,1.3,1.3,1.4,1.5,1.6,1.7,1.8,1.9
root/LatinAmerica&CaribbeanBarbados,root,0.1,0.1,0.1,0.2,0.2,0.2,0.2,0.2,0.2,0.2,0.2,0.2,0.2,0.2,0.2,0.2,0.3,0.3,0.3,0.3,0.3,0.3,0.3,0.3,0.3,0.3,0.3
root/LatinAmerica&CaribbeanBelize,root,0.1,0.1,0.1,0.1,0.1,0.1,0.1,0.2,0.3,0.4,0.5,0.6,0.8,1.0,1.1,1.2,1.2,1.2,1.1,1.1,1.0,0.9,0.9,0.8,0.8,0.8,0.7
root/LatinAmerica&CaribbeanBolivia,root,0.1,0.1,0.1,0.1,0.1,0.1,0.1,0.2,0.2,0.3,0.3,0.3,0.3,0.3,0.3,0.3,0.3,0.3,0.2,0.2,0.2,0.2,0.2,0.2,0.1,0.1,0.1
root/LatinAmerica&CaribbeanBrazil,root,0.2,0.2,0.2,0.2,0.2,0.2,0.2,0.2,0.2,0.2,0.2,0.2,0.2,0.3,0.3,0.3,0.3,0.3,0.3,0.3,0.3,0.3,0.3,0.3,0.3,0.3,0.3
root/LatinAmerica&CaribbeanChile,root,0.1,0.1,0.1,0.1,0.1,0.1,0.1,0.1,0.2,0.2,0.2,0.2,0.2,0.2,0.2,0.2,0.2,0.2,0.2,0.2,0.3,0.3,0.3,0.3,0.3,0.3,0.3
root/LatinAmerica&CaribbeanColombia,root,0.1,0.2,0.2,0.3,0.3,0.4,0.4,0.4,0.4,0.4,0.4,0.3,0.3,0.3,0.3,0.3,0.3,0.3,0.3,0.3,0.3,0.2,0.2,0.2,0.2,0.2,0.2
root/LatinAmerica&CaribbeanCostaRica,root,0.1,0.1,0.1,0.1,0.1,0.1,0.1,0.1,0.1,0.2,0.2,0.2,0.2,0.2,0.2,0.2,0.2,0.2,0.2,0.2,0.2,0.2,0.3,0.3,0.3,0.3,0.3
root/LatinAmerica&CaribbeanCuba,root,0.1,0.1,0.1,0.1,0.1,0.1,0.1,0.1,0.1,0.1,0.1,0.1,0.1,0.1,0.1,0.1,0.1,0.1,0.1,0.1,0.1,0.2,0.2,0.2,0.3,0.3,0.3
root/LatinAmerica&CaribbeanDominicanRepublic,root,0.5,0.7,0.9,1.1,1.4,1.5,1.7,1.7,1.7,1.6,1.5,1.3,1.1,0.9,0.8,0.6,0.5,0.5,0.4,0.4,0.4,0.3,0.3,0.3,0.3,0.3,0.3
root/LatinAmerica&CaribbeanEcuador,root,0.1,0.2,0.2,0.2,0.2,0.3,0.3,0.3,0.3,0.2,0.2,0.2,0.2,0.2,0.2,0.2,0.2,0.2,0.2,0.2,0.2,0.2,0.2,0.2,0.2,0.2,0.2
root/LatinAmerica&CaribbeanElSalvador,root,0.3,0.4,0.4,0.4,0.4,0.5,0.5,0.5,0.5,0.5,0.5,0.5,0.5,0.5,0.5,0.5,0.4,0.4,0.4,0.4,0.4,0.3,0.3,0.3,0.3,0.3,0.3
root/LatinAmerica&CaribbeanGuatemala,root,0.1,0.1,0.1,0.1,0.1,0.1,0.1,0.2,0.2,0.2,0.3,0.3,0.4,0.4,0.4,0.4,0.4,0.3,0.3,0.3,0.2,0.2,0.2,0.2,0.2,0.2,0.2
root/LatinAmerica&CaribbeanGuyana,root,0.1,0.1,0.1,0.1,0.1,0.2,0.3,0.3,0.4,0.5,0.6,0.7,0.7,0.7,0.7,0.7,0.7,0.7,0.6,0.6,0.6,0.6,0.6,0.6,0.6,0.6,0.7
root/LatinAmerica&CaribbeanHaiti,root,1.5,1.5,1.3,1.1,1.0,0.8,0.7,0.6,0.6,0.5,0.5,0.5,0.5,0.5,0.5,0.5,0.6,0.6,0.6,0.6,0.6,0.6,0.6,0.6,0.5,0.5,0.5
root/LatinAmerica&CaribbeanHonduras,root,0.8,0.9,1.0,1.1,1.1,1.1,1.1,1.0,0.9,0.8,0.7,0.6,0.5,0.4,0.3,0.3,0.2,0.2,0.2,0.2,0.2,0.2,0.2,0.2,0.2,0.2,0.2
root/LatinAmerica&CaribbeanJamaica,root,0.9,1.1,1.3,1.4,1.5,1.5,1.5,1.4,1.3,1.3,1.2,1.2,1.1,1.1,1.1,1.0,1.0,1.0,1.0,1.0,0.9,0.9,0.9,0.9,0.9,0.9,0.9
root/LatinAmerica&CaribbeanMexico,root,0.2,0.2,0.2,0.2,0.2,0.2,0.2,0.2,0.2,0.2,0.2,0.2,0.2,0.2,0.2,0.2,0.2,0.2,0.2,0.2,0.2,0.2,0.2,0.1,0.1,0.1,0.1
root/LatinAmerica&CaribbeanNicaragua,root,0.2,0.2,0.2,0.3,0.3,0.3,0.3,0.3,0.3,0.3,0.3,0.3,0.3,0.2,0.2,0.2,0.2,0.2,0.1,0.1,0.1,0.1,0.1,0.1,0.1,0.1,0.1
root/LatinAmerica&CaribbeanPanama,root,0.4,0.5,0.6,0.7,0.7,0.6,0.6,0.5,0.5,0.4,0.4,0.4,0.4,0.4,0.4,0.4,0.4,0.4,0.4,0.4,0.4,0.4,0.4,0.4,0.4,0.5,0.5
root/LatinAmerica&CaribbeanParaguay,root,0.1,0.1,0.1,0.1,0.1,0.1,0.2,0.2,0.2,0.2,0.2,0.3,0.3,0.3,0.3,0.3,0.3,0.3,0.3,0.3,0.3,0.3,0.3,0.3,0.3,0.3,0.3
root/LatinAmerica&CaribbeanPeru,root,0.5,0.5,0.5,0.4,0.4,0.4,0.4,0.4,0.3,0.3,0.3,0.3,0.3,0.3,0.3,0.3,0.3,0.2,0.2,0.2,0.2,0.2,0.2,0.2,0.2,0.2,0.2
root/LatinAmerica&CaribbeanSuriname,root,0.2,0.3,0.4,0.5,0.6,0.6,0.7,0.8,0.8,0.8,0.8,0.8,0.7,0.7,0.7,0.6,0.6,0.5,0.5,0.5,0.5,0.5,0.6,0.6,0.6,0.6,0.7
root/LatinAmerica&CaribbeanTrinidadandTobago,root,0.2,0.2,0.3,0.4,0.5,0.6,0.7,0.7,0.8,0.8,0.9,0.9,0.9,0.9,0.9,0.8,0.8,0.8,0.7,0.7,0.6,0.6,0.6,0.5,0.5,0.5,0.4
root/LatinAmerica&CaribbeanUruguay,root,0.1,0.1,0.1,0.2,0.2,0.3,0.3,0.3,0.4,0.4,0.4,0.4,0.5,0.5,0.5,0.5,0.5,0.4,0.4,0.4,0.4,0.3,0.3,0.3,0.3,0.3,0.3
root/LatinAmerica&CaribbeanVenezuelaRB,root,0.1,0.1,0.1,0.2,0.2,0.2,0.3,0.3,0.3,0.3,0.3,0.3,0.3,0.3,0.3,0.3,0.3,0.3,0.3,0.3,0.3,0.3,0.3,0.3,0.3,0.3,0.3
root/MiddleEast&NorthAfricaAlgeria,root,0.1,0.1,0.1,0.1,0.1,0.1,0.1,0.1,0.1,0.1,0.1,0.1,0.1,0.1,0.1,0.1,0.1,0.1,0.1,0.1,0.1,0.1,0.1,0.1,0.1,0.1,0.1
root/MiddleEast&NorthAfricaBahrain,root,0.1,0.1,0.1,0.1,0.1,0.1,0.1,0.1,0.1,0.1,0.1,0.1,0.1,0.1,0.1,0.1,0.1,0.1,0.1,0.1,0.1,0.1,0.1,0.1,0.1,0.1,0.1
root/MiddleEast&NorthAfricaDjibouti,root,0.1,0.2,0.3,0.4,0.5,0.6,0.8,0.9,1.0,1.0,1.0,0.9,0.8,0.7,0.6,0.5,0.4,0.3,0.3,0.2,0.2,0.2,0.3,0.3,0.3,0.3,0.4
root/MiddleEast&NorthAfricaEgyptArabRep,root,0.1,0.1,0.1,0.1,0.1,0.1,0.1,0.1,0.1,0.1,0.1,0.1,0.1,0.1,0.1,0.1,0.1,0.1,0.1,0.1,0.1,0.1,0.1,0.1,0.1,0.1,0.1
root/MiddleEast&NorthAfricaIranIslamicRep,root,0.1,0.1,0.1,0.1,0.1,0.1,0.1,0.1,0.1,0.1,0.1,0.1,0.1,0.1,0.1,0.1,0.1,0.1,0.1,0.1,0.1,0.1,0.1,0.1,0.1,0.1,0.1
root/MiddleEast&NorthAfricaJordan,root,0.1,0.1,0.1,0.1,0.1,0.1,0.1,0.1,0.1,0.1,0.1,0.1,0.1,0.1,0.1,0.1,0.1,0.1,0.1,0.1,0.1,0.1,0.1,0.1,0.1,0.1,0.1
root/MiddleEast&NorthAfricaKuwait,root,0.1,0.1,0.1,0.1,0.1,0.1,0.1,0.1,0.1,0.1,0.1,0.1,0.1,0.1,0.1,0.1,0.1,0.1,0.1,0.1,0.1,0.1,0.1,0.1,0.1,0.1,0.1
root/MiddleEast&NorthAfricaLebanon,root,0.1,0.1,0.1,0.1,0.1,0.1,0.1,0.1,0.1,0.1,0.1,0.1,0.1,0.1,0.1,0.1,0.1,0.1,0.1,0.1,0.1,0.1,0.1,0.1,0.1,0.1,0.1
root/MiddleEast&NorthAfricaMalta,root,0.1,0.1,0.1,0.1,0.1,0.1,0.1,0.1,0.1,0.1,0.1,0.1,0.1,0.1,0.1,0.1,0.1,0.1,0.1,0.1,0.1,0.1,0.1,0.1,0.1,0.1,0.1
root/MiddleEast&NorthAfricaMorocco,root,0.1,0.1,0.1,0.1,0.1,0.1,0.1,0.1,0.1,0.1,0.1,0.1,0.1,0.1,0.1,0.1,0.1,0.1,0.1,0.1,0.1,0.1,0.1,0.1,0.1,0.1,0.1
root/MiddleEast&NorthAfricaQatar,root,0.1,0.1,0.1,0.1,0.1,0.1,0.1,0.1,0.1,0.1,0.1,0.1,0.1,0.1,0.1,0.1,0.1,0.1,0.1,0.1,0.1,0.1,0.1,0.1,0.1,0.1,0.1
root/MiddleEast&NorthAfricaSaudiArabia,root,0.1,0.1,0.1,0.1,0.1,0.1,0.1,0.1,0.1,0.1,0.1,0.1,0.1,0.1,0.1,0.1,0.1,0.1,0.1,0.1,0.1,0.1,0.1,0.1,0.1,0.1,0.1
root/MiddleEast&NorthAfricaTunisia,root,0.1,0.1,0.1,0.1,0.1,0.1,0.1,0.1,0.1,0.1,0.1,0.1,0.1,0.1,0.1,0.1,0.1,0.1,0.1,0.1,0.1,0.1,0.1,0.1,0.1,0.1,0.1
root/MiddleEast&NorthAfricaYemenRep,root,0.1,0.1,0.1,0.1,0.1,0.1,0.1,0.1,0.1,0.1,0.1,0.1,0.1,0.1,0.1,0.1,0.1,0.1,0.1,0.1,0.1,0.1,0.1,0.1,0.1,0.1,0.1
root/SouthAsiaAfghanistan,root,0.1,0.1,0.1,0.1,0.1,0.1,0.1,0.1,0.1,0.1,0.1,0.1,0.1,0.1,0.1,0.1,0.1,0.1,0.1,0.1,0.1,0.1,0.1,0.1,0.1,0.1,0.1
root/SouthAsiaBangladesh,root,0.1,0.1,0.1,0.1,0.1,0.1,0.1,0.1,0.1,0.1,0.1,0.1,0.1,0.1,0.1,0.1,0.1,0.1,0.1,0.1,0.1,0.1,0.1,0.1,0.1,0.1,0.1
root/SouthAsiaIndia,root,0.1,0.1,0.1,0.1,0.2,0.2,0.3,0.3,0.3,0.3,0.3,0.3,0.3,0.3,0.2,0.2,0.2,0.2,0.1,0.1,0.1,0.1,0.1,0.1,0.1,0.1,0.1
root/SouthAsiaNepal,root,0.1,0.1,0.1,0.1,0.1,0.1,0.1,0.1,0.1,0.1,0.1,0.1,0.1,0.1,0.1,0.1,0.1,0.1,0.1,0.1,0.1,0.1,0.1,0.1,0.1,0.1,0.1
root/SouthAsiaPakistan,root,0.1,0.1,0.1,0.1,0.1,0.1,0.1,0.1,0.1,0.1,0.1,0.1,0.1,0.1,0.1,0.1,0.1,0.1,0.1,0.1,0.1,0.1,0.1,0.1,0.1,0.1,0.1
root/SouthAsiaSriLanka,root,0.1,0.1,0.1,0.1,0.1,0.1,0.1,0.1,0.1,0.1,0.1,0.1,0.1,0.1,0.1,0.1,0.1,0.1,0.1,0.1,0.1,0.1,0.1,0.1,0.1,0.1,0.1
root/Sub-SaharanAfricaAngola,root,0.1,0.1,0.1,0.2,0.2,0.2,0.2,0.3,0.3,0.3,0.3,0.3,0.4,0.4,0.4,0.4,0.4,0.4,0.4,0.4,0.4,0.4,0.4,0.4,0.4,0.4,0.4
root/Sub-SaharanAfricaBenin,root,0.2,0.3,0.4,0.5,0.6,0.7,0.7,0.8,0.8,0.7,0.7,0.6,0.6,0.5,0.5,0.4,0.4,0.4,0.3,0.3,0.3,0.3,0.3,0.3,0.3,0.3,0.3
root/Sub-SaharanAfricaBotswana,root,3.4,4.5,5.6,6.7,7.7,8.6,9.1,9.4,9.3,9.1,8.6,8.0,7.3,6.6,6.0,5.4,5.0,4.6,4.5,4.4,4.5,4.6,4.8,5.1,5.2,5.4,5.4
root/Sub-SaharanAfricaBurkinaFaso,root,1.7,1.8,1.8,1.7,1.6,1.4,1.2,1.1,0.9,0.7,0.6,0.5,0.4,0.4,0.3,0.3,0.3,0.3,0.3,0.4,0.4,0.4,0.4,0.4,0.4,0.4,0.4
root/Sub-SaharanAfricaBurundi,root,0.2,0.3,0.4,0.5,0.7,0.8,0.9,1.0,1.0,0.9,0.8,0.7,0.6,0.4,0.3,0.2,0.2,0.1,0.1,0.1,0.2,0.2,0.2,0.2,0.2,0.3,0.3
root/Sub-SaharanAfricaCaboVerde,root,0.4,0.4,0.5,0.5,0.6,0.6,0.6,0.6,0.6,0.6,0.5,0.5,0.5,0.4,0.4,0.4,0.3,0.3,0.3,0.3,0.3,0.3,0.3,0.3,0.3,0.3,0.3
root/Sub-SaharanAfricaCameroon,root,0.4,0.5,0.7,0.8,1.0,1.1,1.3,1.4,1.5,1.6,1.6,1.6,1.6,1.5,1.5,1.4,1.3,1.2,1.1,1.0,1.0,0.9,0.9,0.9,0.9,0.9,0.9
root/Sub-SaharanAfricaCentralAfricanRepublic,root,1.7,2.3,2.8,3.2,3.5,3.6,3.5,3.2,2.9,2.4,2.0,1.6,1.3,1.1,0.9,0.9,0.8,0.9,0.9,1.0,1.0,1.1,1.1,1.2,1.2,1.2,1.2
root/Sub-SaharanAfricaChad,root,0.3,0.3,0.4,0.4,0.4,0.5,0.5,0.5,0.5,0.5,0.5,0.5,0.5,0.4,0.4,0.4,0.4,0.3,0.3,0.3,0.3,0.3,0.3,0.3,0.3,0.3,0.3
root/Sub-SaharanAfricaComoros,root,0.1,0.1,0.1,0.1,0.1,0.1,0.1,0.1,0.1,0.1,0.1,0.1,0.1,0.1,0.1,0.1,0.1,0.1,0.1,0.1,0.1,0.1,0.1,0.1,0.1,0.1,0.1
root/Sub-SaharanAfricaCongoDemRep,root,1.4,1.5,1.4,1.4,1.3,1.2,1.1,1.0,1.0,0.9,0.8,0.7,0.6,0.5,0.5,0.4,0.3,0.3,0.2,0.2,0.2,0.2,0.2,0.2,0.1,0.1,0.1
root/Sub-SaharanAfricaCongoRep,root,1.8,1.9,2.0,2.0,1.9,1.7,1.5,1.3,1.1,0.9,0.8,0.7,0.6,0.6,0.6,0.6,0.6,0.6,0.7,0.7,0.7,0.8,0.8,0.8,0.8,0.8,0.8
root/Sub-SaharanAfricaCotedIvoire,root,0.8,0.8,0.9,1.0,1.0,1.0,1.0,1.0,1.0,0.9,0.8,0.8,0.7,0.6,0.6,0.5,0.5,0.5,0.4,0.4,0.4,0.4,0.5,0.5,0.5,0.5,0.5
root/Sub-SaharanAfricaEquatorialGuinea,root,0.7,0.7,0.6,0.6,0.7,0.7,0.7,0.7,0.8,0.8,0.9,1.0,1.1,1.2,1.3,1.4,1.5,1.6,1.6,1.6,1.6,1.6,1.6,1.5,1.5,1.4,1.4
root/Sub-SaharanAfricaEritrea,root,0.1,0.2,0.3,0.3,0.4,0.5,0.5,0.5,0.5,0.4,0.4,0.3,0.3,0.2,0.2,0.1,0.1,0.1,0.1,0.1,0.1,0.1,0.1,0.1,0.1,0.2,0.2
root/Sub-SaharanAfricaEthiopia,root,0.6,0.7,0.8,0.9,1.0,1.0,1.0,1.0,0.9,0.8,0.7,0.6,0.5,0.4,0.3,0.2,0.2,0.2,0.2,0.2,0.2,0.3,0.3,0.3,0.3,0.3,0.4
root/Sub-SaharanAfricaGabon,root,0.3,0.4,0.6,0.7,0.9,1.0,1.2,1.3,1.4,1.4,1.4,1.4,1.3,1.2,1.0,0.9,0.8,0.7,0.6,0.6,0.6,0.5,0.5,0.6,0.6,0.6,0.6
root/Sub-SaharanAfricaGambiaThe,root,0.1,0.1,0.1,0.1,0.1,0.1,0.1,0.1,0.1,0.1,0.1,0.1,0.1,0.1,0.1,0.1,0.1,0.1,0.1,0.1,0.1,0.1,0.1,0.1,0.1,0.1,0.1
root/Sub-SaharanAfricaGhana,root,0.8,1.0,1.3,1.4,1.5,1.5,1.4,1.2,1.1,0.9,0.7,0.6,0.5,0.4,0.3,0.3,0.2,0.2,0.2,0.2,0.3,0.3,0.3,0.3,0.4,0.4,0.4
root/Sub-SaharanAfricaGuinea,root,0.4,0.5,0.5,0.6,0.6,0.7,0.7,0.6,0.6,0.6,0.5,0.5,0.5,0.5,0.5,0.5,0.5,0.5,0.5,0.5,0.5,0.5,0.5,0.5,0.4,0.4,0.4
root/Sub-SaharanAfricaGuineaBissau,root,0.1,0.1,0.2,0.2,0.3,0.4,0.5,0.6,0.8,0.9,1.1,1.2,1.3,1.4,1.5,1.4,1.4,1.3,1.1,1.0,0.9,0.7,0.6,0.6,0.5,0.5,0.5
root/Sub-SaharanAfricaKenya,root,3.7,4.2,4.7,5.0,5.2,5.1,5.0,4.7,4.2,3.8,3.3,2.9,2.5,2.2,2.0,1.9,1.8,1.8,1.8,1.9,1.9,2.0,2.0,2.0,2.0,2.0,1.9
root/Sub-SaharanAfricaLesotho,root,0.8,1.4,2.2,3.3,4.5,5.8,6.8,7.6,7.9,8.0,7.7,7.4,6.9,6.5,6.1,5.8,5.6,5.5,5.5,5.5,5.6,5.7,5.9,6.0,6.1,6.2,6.3
root/Sub-SaharanAfricaLiberia,root,1.9,2.1,2.3,2.3,2.4,2.3,2.2,2.0,1.9,1.7,1.4,1.3,1.1,0.9,0.8,0.7,0.6,0.6,0.5,0.5,0.5,0.5,0.6,0.6,0.6,0.6,0.6
root/Sub-SaharanAfricaMadagascar,root,0.1,0.1,0.1,0.1,0.1,0.1,0.1,0.1,0.1,0.1,0.1,0.1,0.1,0.1,0.1,0.1,0.1,0.1,0.1,0.1,0.1,0.1,0.1,0.1,0.1,0.2,0.2
root/Sub-SaharanAfricaMalawi,root,2.7,3.0,3.2,3.3,3.4,3.5,3.5,3.4,3.3,3.2,3.0,2.9,2.7,2.5,2.4,2.3,2.2,2.2,2.2,2.2,2.3,2.3,2.3,2.3,2.3,2.3,2.2
root/Sub-SaharanAfricaMali,root,0.9,0.9,1.0,0.9,0.9,0.9,0.9,0.9,0.8,0.8,0.8,0.7,0.7,0.7,0.6,0.6,0.5,0.5,0.4,0.4,0.4,0.4,0.3,0.3,0.3,0.3,0.3
root/Sub-SaharanAfricaMauritania,root,0.1,0.2,0.2,0.3,0.4,0.5,0.6,0.6,0.7,0.7,0.8,0.8,0.8,0.7,0.7,0.6,0.5,0.5,0.4,0.4,0.3,0.3,0.3,0.2,0.2,0.2,0.2
root/Sub-SaharanAfricaMozambique,root,1.0,1.2,1.5,1.8,2.1,2.5,2.9,3.3,3.6,3.9,4.1,4.3,4.4,4.5,4.4,4.2,4.1,4.0,3.8,3.7,3.5,3.4,3.4,3.3,3.1,3.0,2.8
root/Sub-SaharanAfricaNamibia,root,0.9,1.3,1.9,2.7,3.5,4.3,4.9,5.4,5.7,5.7,5.5,5.1,4.7,4.3,3.8,3.5,3.2,3.0,2.9,2.8,2.9,2.9,3.0,3.1,3.1,3.2,3.2
root/Sub-SaharanAfricaNiger,root,0.2,0.3,0.4,0.4,0.5,0.6,0.6,0.7,0.7,0.7,0.7,0.7,0.6,0.6,0.5,0.5,0.4,0.3,0.3,0.2,0.2,0.2,0.1,0.1,0.1,0.1,0.1
root/Sub-SaharanAfricaNigeria,root,1.1,1.2,1.3,1.4,1.6,1.8,2.0,2.1,2.3,2.3,2.3,2.3,2.2,2.1,1.9,1.8,1.6,1.5,1.4,1.3,1.2,1.1,1.1,1.1,1.1,1.1,1.0
root/Sub-SaharanAfricaRwanda,root,0.8,1.0,1.1,1.1,1.1,1.1,1.1,1.1,1.0,0.9,0.9,0.8,0.7,0.7,0.6,0.6,0.5,0.5,0.5,0.5,0.6,0.6,0.6,0.7,0.7,0.7,0.7
root/Sub-SaharanAfricaSenegal,root,0.1,0.1,0.1,0.2,0.2,0.2,0.3,0.3,0.3,0.3,0.4,0.4,0.4,0.4,0.3,0.3,0.3,0.3,0.2,0.2,0.2,0.1,0.1,0.1,0.1,0.1,0.1
root/Sub-SaharanAfricaSierraLeone,root,0.3,0.3,0.4,0.4,0.4,0.4,0.5,0.5,0.5,0.6,0.6,0.7,0.8,0.8,0.9,0.9,1.0,1.0,0.9,0.9,0.9,0.8,0.8,0.8,0.7,0.7,0.7
root/Sub-SaharanAfricaSomalia,root,0.1,0.1,0.1,0.1,0.2,0.2,0.2,0.2,0.2,0.2,0.2,0.2,0.2,0.2,0.2,0.2,0.1,0.1,0.1,0.1,0.1,0.1,0.1,0.1,0.1,0.1,0.1
root/Sub-SaharanAfricaSouthAfrica,root,0.5,0.8,1.3,1.9,2.8,3.7,4.5,5.1,5.6,5.8,5.9,5.8,5.6,5.3,5.1,4.9,4.6,4.4,4.3,4.1,4.0,3.9,3.8,3.8,3.9,3.9,4.0
root/Sub-SaharanAfricaSouthSudan,root,0.1,0.1,0.1,0.1,0.2,0.3,0.5,0.6,0.7,0.9,1.0,1.0,1.1,1.0,1.0,0.9,0.9,0.8,0.7,0.7,0.6,0.6,0.6,0.6,0.6,0.6,0.6
root/Sub-SaharanAfricaSudan,root,0.1,0.1,0.1,0.1,0.1,0.1,0.1,0.1,0.1,0.1,0.1,0.1,0.1,0.1,0.1,0.1,0.1,0.1,0.1,0.1,0.1,0.1,0.1,0.1,0.1,0.1,0.1
root/Sub-SaharanAfricaSwaziland,root,1.5,2.7,4.4,6.3,8.1,9.6,10.5,10.8,10.6,10.1,9.3,8.5,7.7,7.0,6.4,6.0,5.8,5.5,5.1,4.8,4.4,4.1,3.8,3.7,3.7,3.8,3.8
root/Sub-SaharanAfricaTanzania,root,3.6,3.9,4.2,4.3,4.4,4.4,4.3,4.1,3.8,3.6,3.3,3.0,2.7,2.5,2.2,2.0,1.7,1.5,1.3,1.1,1.0,1.0,0.9,0.9,0.9,0.9,0.9
root/Sub-SaharanAfricaTogo,root,0.4,0.5,0.6,0.7,0.8,0.9,0.9,1.0,1.0,1.0,0.9,0.9,0.8,0.7,0.7,0.6,0.5,0.4,0.4,0.4,0.4,0.3,0.4,0.4,0.4,0.4,0.4
root/Sub-SaharanAfricaUganda,root,5.3,4.6,3.9,3.3,2.8,2.5,2.2,2.1,2.0,2.0,2.1,2.2,2.3,2.4,2.5,2.6,2.7,2.7,2.7,2.7,2.6,2.6,2.5,2.3,2.2,2.0,1.9
root/Sub-SaharanAfricaZambia,root,5.1,6.0,6.9,7.6,8.0,8.2,8.1,7.8,7.3,6.7,6.1,5.6,5.1,4.7,4.3,4.1,4.0,4.0,4.0,4.1,4.1,4.2,4.2,4.3,4.3,4.2,4.1
root/Sub-SaharanAfricaZimbabwe,root,6.0,6.6,7.1,7.4,7.6,7.7,7.5,7.1,6.7,6.3,5.9,5.5,5.1,4.8,4.6,4.4,4.2,4.1,4.1,4.0,3.9,3.7,3.6,3.4,3.2,3.0,2.8
