root/EastAsia&Pacific,root,0,0,0,0,0,0,0,0,57.130001068115206,56.029998779296896,56.4900016784668,57.7599983215332,56.119998931884794,54.130001068115206,51.66999816894529,48.5,46.6100006103516,44.0,42.9099998474121,110.1199989318848,110.38999938964841,112.2099952697754,109.0100021362305,103.6799964904785,103.5699996948242,104.2799987792969,179.189998626709,176.0499992370605,170.9499969482422,196.33000183105472,193.92999649047852,186.65999984741222,230.91999816894528,229.94000053405748,235.53999710083008,234.4800033569336,265.8700008392334,228.48000526428223,266.3999996185304,184.3999977111817,260.7299976348878,284.07000160217285,300.439998626709,319.57999992370605,384.91000366210943,382.1599941253663,404.8999996185302,473.10000038146984,425.980001449585,611.869997024536,735.5299978256224,644.7199993133545,680.1599979400632,582.1500024795532,692.0200004577637,633.1299934387208,610.5499954223634,186.6900043487549
root/EastAsia&Pacific/Australia,root/EastAsia&Pacific,0,0,0,0,0,0,0,0,0,0,0,0,0,0,0,0,0,0,0,67.9599990844727,69.22000122070311,70.6999969482422,67.6800003051758,61.7599983215332,62.5,63.8199996948242,64.33999633789061,63.5699996948242,64.6699981689453,67.3600006103516,65.30999755859379,59.0900001525879,57.220001220703104,57.5200004577637,60.2299995422363,62.220001220703104,61.6800003051758,60.25,61.029998779296896,61.959999084472706,62.5999984741211,61.689998626709006,61.790000915527294,62.4000015258789,62.7400016784668,64.1699981689453,64.47000122070311,64.9899978637695,65.48000335693361,61.619998931884794,61.290000915527294,60.58000183105471,59.7299995422363,58.5900001525879,57.459999084472706,58.16999816894529,57.9099998474121,58.1500015258789
root/EastAsia&Pacific/BruneiDarussalam,root/EastAsia&Pacific,0,0,0,0,0,0,0,0,0,0,0,0,0,0,0,0,0,0,0,0,0,0,0,0,0,0,0,0,0,0,0,0,0,0,0,0,0,0,0,0,0,0,0,0,0,0,0,0,0,0,0,0,0,0,30.0499992370605,0,0,0
root/EastAsia&Pacific/Cambodia,root/EastAsia&Pacific,0,0,0,0,0,0,0,0,0,0,0,0,0,0,0,0,0,0,0,0,0,0,0,0,0,0,0,0,0,0,0,0,0,0,0,0,0,0,49.310001373290994,0,0,0,0,0,0,0,0,0,55.130001068115206,0,78.9499969482422,0,60.619998931884794,0,0,0,0,0
root/EastAsia&Pacific/Fiji,root/EastAsia&Pacific,0,0,0,0,0,0,0,0,0,0,0,0,0,0,0,0,0,0,0,0,0,0,0,0,0,0,0,0,0,0,0,0,0,0,0,0,0,0,0,0,0,0,0,0,0,46.2599983215332,0,0,0,0,0,44.08000183105471,0,0,40.560001373291,0,45.4500007629395,0
root/EastAsia&Pacific/FrenchPolynesia,root/EastAsia&Pacific,0,0,0,0,0,0,0,0,0,0,0,0,0,0,0,0,0,0,0,0,0,0,0,0,0,0,0,0,0,0,0,0,0,0,0,0,30.2999992370605,0,0,0,0,0,0,0,0,0,0,29.7000007629395,0,0,0,0,20.5100002288818,0,0,0,0,0
root/EastAsia&Pacific/Guam,root/EastAsia&Pacific,0,0,0,0,0,0,0,0,0,0,0,0,0,0,0,0,0,0,0,0,0,0,0,0,0,0,0,0,0,0,0,0,0,0,0,0,0,0,0,0,0,0,34.5999984741211,0,46.5,45.7000007629395,44.5999984741211,36.7000007629395,0,36.5,0,33.5,0,0,0,0,0,0
root/EastAsia&Pacific/HongKongSARChina,root/EastAsia&Pacific,0,0,0,0,0,0,0,0,0,0,0,0,0,0,0,0,0,0,0,0,0,0,0,0,0,0,0,0,0,0,0,0,0,0,0,0,0,0,0,0,0,0,0,0,0,0,0,0,0,32.3400001525879,30.399999618530302,31.8799991607666,32.3800010681152,33.5200004577637,33.8499984741211,34.5999984741211,35.1199989318848,0
root/EastAsia&Pacific/Indonesia,root/EastAsia&Pacific,0,0,0,0,0,0,0,0,0,0,0,0,0,0,0,0,0,0,0,0,0,0,0,0,0,0,0,0,0,0,0,0,0,0,0,0,0,0,0,0,48.8499984741211,49.380001068115206,47.0900001525879,46.8899993896484,46.9500007629395,43.4500007629395,44.5499992370605,47.9000015258789,48.619998931884794,47.189998626709006,46.7999992370605,46.119998931884794,48.91999816894529,47.8600006103516,46.7000007629395,45.9799995422363,46.6100006103516,47.9500007629395
root/EastAsia&Pacific/Japan,root/EastAsia&Pacific,0,0,0,0,0,0,0,0,57.130001068115206,56.029998779296896,56.4900016784668,57.7599983215332,56.119998931884794,54.130001068115206,51.66999816894529,48.5,46.6100006103516,44.0,42.9099998474121,42.1599998474121,41.1699981689453,41.5099983215332,41.3300018310547,41.9199981689453,41.069999694824205,40.459999084472706,40.4500007629395,39.9099998474121,40.0,40.310001373291,41.5499992370605,43.0999984741211,44.5099983215332,45.2999992370605,45.3499984741211,45.0200004577637,45.709999084472706,46.08000183105471,44.7700004577637,42.9099998474121,42.5099983215332,41.560001373291,40.8699989318848,40.0,39.3600006103516,40.029998779296896,40.6500015258789,41.3800010681152,41.0,38.6599998474121,37.959999084472706,37.560001373291,37.9099998474121,38.790000915527294,39.6199989318848,40.4199981689453,42.2000007629395,0
root/EastAsia&Pacific/Kiribati,root/EastAsia&Pacific,0,0,0,0,0,0,0,0,0,0,0,0,0,0,0,0,0,0,0,0,0,0,0,0,0,0,0,0,0,0,0,0,0,0,0,0,0,0,0,0,0,0,0,0,0,11.1000003814697,0,0,0,0,30.3899993896484,0,0,0,0,0,0,0
root/EastAsia&Pacific/KoreaRep,root/EastAsia&Pacific,0,0,0,0,0,0,0,0,0,0,0,0,0,0,0,0,0,0,0,0,0,0,0,0,0,0,0,0,0,25.6800003051758,25.6599998474121,28.2700004577637,28.7299995422363,27.100000381469698,28.8600006103516,28.7700004577637,28.100000381469698,26.510000228881804,22.059999465942397,23.0200004577637,24.5799999237061,24.280000686645497,25.649999618530302,24.809999465942397,25.2900009155273,23.4599990844727,21.4699993133545,20.4699993133545,18.5499992370605,17.9899997711182,17.8999996185303,18.090000152587898,19.9300003051758,20.3099994659424,21.850000381469698,22.9500007629395,23.4200000762939,23.260000228881804
root/EastAsia&Pacific/LaoPDR,root/EastAsia&Pacific,0,0,0,0,0,0,0,0,0,0,0,0,0,0,0,0,0,0,0,0,0,0,0,0,0,0,0,0,0,0,0,0,0,0,0,0,0,0,0,0,0,0,0,0,0,0,0,0,0,0,58.290000915527294,0,0,0,0,0,0,0
root/EastAsia&Pacific/MacaoSARChina,root/EastAsia&Pacific,0,0,0,0,0,0,0,0,0,0,0,0,0,0,0,0,0,0,0,0,0,0,0,0,0,0,0,0,0,0,0,0,0,0,0,0,0,0,0,0,0,0,0,0,0,0,0,0,0,45.540000915527294,46.290000915527294,46.9799995422363,46.33000183105471,45.7400016784668,45.380001068115206,43.7299995422363,44.439998626709006,0
root/EastAsia&Pacific/Malaysia,root/EastAsia&Pacific,0,0,0,0,0,0,0,0,0,0,0,0,0,0,0,0,0,0,0,0,0,0,0,0,0,0,0,0,0,0,0,0,0,0,0,0,0,0,0,0,0,0,0,0,0,0,0,0,0,0,0,45.16999816894529,45.9099998474121,46.970001220703104,46.5499992370605,45.25,45.029998779296896,0
root/EastAsia&Pacific/Mongolia,root/EastAsia&Pacific,0,0,0,0,0,0,0,0,0,0,0,0,0,0,0,0,0,0,0,0,0,0,0,0,0,0,0,0,0,0,0,0,0,0,0,0,0,0,0,0,0,0,31.600000381469698,38.7000007629395,0,0,0,36.0999984741211,33.9599990844727,31.7299995422363,30.8600006103516,33.9099998474121,39.7999992370605,33.470001220703104,31.440000534057603,29.7299995422363,26.809999465942397,0
root/EastAsia&Pacific/Myanmar,root/EastAsia&Pacific,0,0,0,0,0,0,0,0,0,0,0,0,0,0,0,0,0,0,0,0,0,0,0,0,0,0,0,0,0,0,0,0,0,0,0,0,0,0,0,0,0,0,0,0,0,0,0,0,0,0,0,0,0,0,0,66.8000030517578,0,0
root/EastAsia&Pacific/NewCaledonia,root/EastAsia&Pacific,0,0,0,0,0,0,0,0,0,0,0,0,0,0,0,0,0,0,0,0,0,0,0,0,0,0,0,0,0,0,0,0,0,0,0,0,0,0,0,0,0,0,0,0,0,0,0,0,0,0,0,0,0,0,29.7700004577637,0,0,0
root/EastAsia&Pacific/NewZealand,root/EastAsia&Pacific,0,0,0,0,0,0,0,0,0,0,0,0,0,0,0,0,0,0,0,0,0,0,0,0,0,0,74.4000015258789,72.5699996948242,66.27999877929689,62.9799995422363,61.4099998474121,56.2000007629395,54.869998931884794,55.540000915527294,58.75,62.4300003051758,61.5,60.060001373290994,56.959999084472706,56.5099983215332,56.2400016784668,58.0200004577637,58.8400001525879,58.529998779296896,59.8199996948242,59.369998931884794,60.9300003051758,60.33000183105471,58.0900001525879,53.5099983215332,51.0900001525879,50.66999816894529,50.2999992370605,50.8899993896484,53.959999084472706,54.959999084472706,56.459999084472706,57.33000183105471
root/EastAsia&Pacific/Palau,root/EastAsia&Pacific,0,0,0,0,0,0,0,0,0,0,0,0,0,0,0,0,0,0,0,0,0,0,0,0,0,0,0,0,0,0,0,0,0,0,0,0,0,0,0,0,25.9500007629395,0,0,0,0,0,0,0,0,0,0,0,0,0,0,0,0,0
root/EastAsia&Pacific/PapuaNewGuinea,root/EastAsia&Pacific,0,0,0,0,0,0,0,0,0,0,0,0,0,0,0,0,0,0,0,0,0,0,0,0,0,0,0,0,0,0,0,0,0,0,0,0,0,0,0,0,0,0,0,0,0,0,0,0,0,0,34.2900009155273,0,0,0,0,0,0,0
root/EastAsia&Pacific/Philippines,root/EastAsia&Pacific,0,0,0,0,0,0,0,0,0,0,0,0,0,0,0,0,0,0,0,0,0,0,0,0,0,0,0,0,0,0,0,0,0,0,0,0,0,0,0,0,0,49.1399993896484,0,48.25,49.9099998474121,48.619998931884794,47.5699996948242,47.3499984741211,46.6399993896484,46.5900001525879,46.0699996948242,48.33000183105471,47.8600006103516,47.220001220703104,47.6500015258789,45.6599998474121,45.8499984741211,0
root/EastAsia&Pacific/Samoa,root/EastAsia&Pacific,0,0,0,0,0,0,0,0,0,0,0,0,0,0,0,0,0,0,0,0,0,0,0,0,0,0,0,0,0,0,0,0,0,0,0,0,0,0,0,0,0,0,0,0,0,0,44.0499992370605,0,23.399999618530302,0,0,0,22.9099998474121,0,22.9099998474121,0,0,0
root/EastAsia&Pacific/Singapore,root/EastAsia&Pacific,0,0,0,0,0,0,0,0,0,0,0,0,0,0,0,0,0,0,0,0,0,0,0,0,0,0,0,0,0,0,0,0,45.5900001525879,44.4799995422363,42.3499984741211,36.040000915527294,38.5800018310547,35.5800018310547,32.2700004577637,0,0,0,0,0,0,0,36.6100006103516,34.8699989318848,35.1100006103516,33.6399993896484,37.5499992370605,35.1399993896484,36.5499992370605,35.439998626709,37.060001373291,38.1100006103516,38.430000305175795,0
root/EastAsia&Pacific/Thailand,root/EastAsia&Pacific,0,0,0,0,0,0,0,0,0,0,0,0,0,0,0,0,0,0,0,0,0,0,0,0,0,0,0,0,0,0,0,0,0,0,0,0,0,0,0,0,0,0,0,0,0,0,0,0,0,53.279998779296896,53.1100006103516,54.5999984741211,54.279998779296896,52.709999084472706,49.4799995422363,48.2599983215332,47.220001220703104,0
root/EastAsia&Pacific/TimorLeste,root/EastAsia&Pacific,0,0,0,0,0,0,0,0,0,0,0,0,0,0,0,0,0,0,0,0,0,0,0,0,0,0,0,0,0,0,0,0,0,0,0,0,0,0,0,0,0,0,0,0,0,0,0,0,0,0,15.6999998092651,0,0,12.609999656677198,0,0,0,0
root/EastAsia&Pacific/Vanuatu,root/EastAsia&Pacific,0,0,0,0,0,0,0,0,0,0,0,0,0,0,0,0,0,0,0,0,0,0,0,0,0,0,0,0,0,0,0,0,0,0,0,0,0,0,0,0,0,0,0,0,0,0,0,0,0,54.790000915527294,0,0,0,0,0,0,0,0
root/EastAsia&Pacific/Vietnam,root/EastAsia&Pacific,0,0,0,0,0,0,0,0,0,0,0,0,0,0,0,0,0,0,0,0,0,0,0,0,0,0,0,0,0,0,0,0,0,0,0,0,0,0,0,0,0,0,0,0,54.3400001525879,0,0,53.310001373290994,0,58.4900016784668,58.5900001525879,58.1100006103516,56.220001220703104,58.029998779296896,57.7299995422363,58.5099983215332,55.5999984741211,0
root/Europe&CentralAsia,root,0,0,0,0,0,0,0,0,0,0,0,0,0,0,0,0,0,0,0,0,0,0,0,474.16999816894537,443.56000137329085,482.6600036621093,535.6400012969971,585.590000152588,583.2600059509278,591.2099990844727,882.5199966430664,984.7200088500975,1052.0200080871582,1037.8400039672852,1115.639991760254,1103.4400005340576,1127.609996795654,1172.089998245239,1264.3699970245361,1263.2600078582764,1394.2000026702883,1376.6900024414065,1375.0500125885012,1355.1300144195557,1330.5599975585938,1333.849998474121,1394.5400066375732,1546.0000076293945,1457.3899955749512,1486.9400024414062,1353.8999881744385,1409.6499977111816,1360.9400024414062,1337.3299922943118,1418.0699968338015,1444.3800048828125,1478.0299930572512,249.23999595642098
root/Europe&CentralAsia/Albania,root/Europe&CentralAsia,0,0,0,0,0,0,0,0,0,0,0,0,0,0,0,0,0,0,0,0,0,0,0,0,0,0,0,0,0,0,0,0,0,0,0,0,0,0,0,0,0,0,0,0,0,0,0,90.5199966430664,27.5200004577637,29.469999313354503,28.0900001525879,38.8600006103516,29.719999313354503,24.2299995422363,21.3999996185303,23.8400001525879,0,0
root/Europe&CentralAsia/Armenia,root/Europe&CentralAsia,0,0,0,0,0,0,0,0,0,0,0,0,0,0,0,0,0,0,0,0,0,0,0,0,0,0,0,0,0,0,0,0,0,0,0,0,0,0,0,0,0,0,0,0,0,0,0,0,0,0,0,28.059999465942397,28.4500007629395,27.4799995422363,29.7099990844727,31.530000686645497,27.649999618530302,0
root/Europe&CentralAsia/Austria,root/Europe&CentralAsia,0,0,0,0,0,0,0,0,0,0,0,0,0,0,0,0,0,0,0,0,0,0,0,0,0,0,0,0,0,0,0,0,0,0,62.2599983215332,60.939998626709006,58.4000015258789,56.630001068115206,57.0900001525879,59.16999816894529,56.529998779296896,55.5999984741211,55.9000015258789,54.9000015258789,52.7700004577637,54.7599983215332,55.7700004577637,57.040000915527294,57.5900001525879,55.8199996948242,56.619998931884794,58.040000915527294,57.0999984741211,56.4300003051758,54.2599983215332,53.959999084472706,52.9300003051758,0
root/Europe&CentralAsia/Azerbaijan,root/Europe&CentralAsia,0,0,0,0,0,0,0,0,0,0,0,0,0,0,0,0,0,0,0,0,0,0,0,0,0,0,0,0,0,0,0,0,0,0,0,0,0,0,0,0,0,0,0,0,0,0,0,0,0,28.780000686645497,20.8799991607666,29.190000534057603,0,0,0,0,0,0
root/Europe&CentralAsia/Belarus,root/Europe&CentralAsia,0,0,0,0,0,0,0,0,0,0,0,0,0,0,0,0,0,0,0,0,0,0,0,0,0,0,0,0,0,0,0,0,0,0,0,0,0,0,0,0,0,0,0,0,0,0,0,0,0,46.7999992370605,0,0,0,0,0,0,0,0
root/Europe&CentralAsia/Belgium,root/Europe&CentralAsia,0,0,0,0,0,0,0,0,0,0,0,0,0,0,0,0,0,0,0,0,0,0,0,37.0900001525879,34.720001220703104,35.560001373291,37.0499992370605,36.529998779296896,33.5400009155273,33.8600006103516,33.279998779296896,33.439998626709,32.560001373291,29.8299999237061,29.6599998474121,28.9200000762939,29.4099998474121,28.5499992370605,29.219999313354503,27.469999313354503,33.740001678466804,31.8400001525879,31.3299999237061,30.4200000762939,30.190000534057603,29.7299995422363,30.350000381469698,29.940000534057603,29.7299995422363,27.399999618530302,27.2900009155273,27.739999771118196,27.8199996948242,25.3400001525879,24.5200004577637,24.989999771118196,24.0200004577637,0
root/Europe&CentralAsia/BosniaandHerzegovina,root/Europe&CentralAsia,0,0,0,0,0,0,0,0,0,0,0,0,0,0,0,0,0,0,0,0,0,0,0,0,0,0,0,0,0,0,0,0,0,0,0,0,0,0,0,0,0,0,0,0,0,0,0,0,0,0,0,0,0,0,13.5,13.0100002288818,15.75,0
root/Europe&CentralAsia/Bulgaria,root/Europe&CentralAsia,0,0,0,0,0,0,0,0,0,0,0,0,0,0,0,0,0,0,0,0,0,0,0,0,0,0,0,0,0,0,0,0,0,0,0,0,0,0,0,0,22.969999313354503,21.090000152587898,21.409999847412102,23.100000381469698,24.969999313354503,23.850000381469698,25.3899993896484,27.1299991607666,29.3199996948242,27.9799995422363,27.25,25.0499992370605,24.8799991607666,23.969999313354503,24.030000686645497,24.0200004577637,23.1100006103516,0
root/Europe&CentralAsia/Croatia,root/Europe&CentralAsia,0,0,0,0,0,0,0,0,0,0,0,0,0,0,0,0,0,0,0,0,0,0,0,0,0,0,0,0,0,0,0,0,0,0,0,0,0,0,0,0,0,0,29.5900001525879,28.489999771118196,31.850000381469698,30.030000686645497,29.0699996948242,32.4000015258789,34.2000007629395,32.310001373291,27.9099998474121,23.7900009155273,20.0300006866455,17.379999160766598,21.2099990844727,22.3799991607666,28.8400001525879,0
root/Europe&CentralAsia/Cyprus,root/Europe&CentralAsia,0,0,0,0,0,0,0,0,0,0,0,0,0,0,0,0,0,0,0,0,0,0,0,0,0,0,0,0,0,0,0,0,0,0,0,0,0,0,0,0,39.529998779296896,40.3899993896484,37.6599998474121,38.6100006103516,40.319999694824205,40.4900016784668,40.9500007629395,39.0800018310547,39.3600006103516,36.3800010681152,34.4099998474121,31.7700004577637,30.489999771118196,24.010000228881804,25.780000686645497,24.030000686645497,26.5499992370605,0
root/Europe&CentralAsia/CzechRepublic,root/Europe&CentralAsia,0,0,0,0,0,0,0,0,0,0,0,0,0,0,0,0,0,0,0,0,0,0,0,0,0,0,0,0,0,0,0,0,0,55.540000915527294,55.220001220703104,54.540000915527294,53.880001068115206,49.4799995422363,47.5900001525879,42.709999084472706,39.3400001525879,37.27000045776371,35.7000007629395,32.5400009155273,29.6800003051758,31.3400001525879,31.4500007629395,32.8400001525879,32.3600006103516,31.0699996948242,29.5900001525879,29.030000686645497,29.190000534057603,29.9300003051758,32.3400001525879,33.1300010681152,33.759998321533196,0
root/Europe&CentralAsia/Denmark,root/Europe&CentralAsia,0,0,0,0,0,0,0,0,0,0,0,0,0,0,0,0,0,0,0,0,0,0,0,55.939998626709006,67.2399978637695,70.86000061035159,73.0400009155273,70.23000335693361,72.1600036621094,70.8399963378906,67.7600021362305,67.2900009155273,64.1100006103516,60.7400016784668,64.76999664306639,71.0,69.7399978637695,72.5199966430664,66.7399978637695,69.48000335693361,70.27999877929689,64.27999877929689,64.34999847412111,60.8600006103516,63.130001068115206,63.939998626709006,64.98000335693361,66.51999664306639,67.4199981689453,62.220001220703104,56.7000007629395,56.5699996948242,54.630001068115206,52.3400001525879,52.6500015258789,54.560001373290994,56.5,0
root/Europe&CentralAsia/Estonia,root/Europe&CentralAsia,0,0,0,0,0,0,0,0,0,0,0,0,0,0,0,0,0,0,0,0,0,0,0,0,0,0,0,0,0,0,59.4300003051758,58.3400001525879,57.040000915527294,53.7000007629395,55.279998779296896,51.1100006103516,46.4799995422363,40.540000915527294,38.72999954223629,33.4500007629395,33.6100006103516,31.760000228881804,30.9599990844727,36.9900016784668,34.419998168945305,34.5200004577637,36.790000915527294,38.2400016784668,38.8899993896484,29.969999313354503,26.4799995422363,33.0900001525879,34.1599998474121,34.029998779296896,33.4000015258789,39.4000015258789,38.7999992370605,0
root/Europe&CentralAsia/Finland,root/Europe&CentralAsia,0,0,0,0,0,0,0,0,0,0,0,0,0,0,0,0,0,0,0,0,0,0,0,0,0,0,0,0,0,0,58.130001068115206,51.060001373290994,41.9000015258789,37.6500015258789,35.0900001525879,30.0,28.6399993896484,34.3600006103516,34.4099998474121,47.16999816894529,47.0200004577637,47.869998931884794,45.4000015258789,44.7299995422363,43.4500007629395,40.4000015258789,42.5900001525879,44.5,44.279998779296896,37.709999084472706,37.6699981689453,39.529998779296896,40.970001220703104,39.1199989318848,39.77000045776371,38.1399993896484,40.0800018310547,0
root/Europe&CentralAsia/France,root/Europe&CentralAsia,0,0,0,0,0,0,0,0,0,0,0,0,0,0,0,0,0,0,0,0,0,0,0,48.630001068115206,44.2299995422363,42.6300010681152,43.1599998474121,42.4500007629395,39.939998626709,40.22999954223629,39.7000007629395,34.9500007629395,34.1399993896484,30.5699996948242,27.969999313354503,28.4599990844727,28.030000686645497,26.5900001525879,27.5200004577637,29.7299995422363,31.260000228881804,32.9500007629395,33.8499984741211,33.970001220703104,32.189998626709,33.779998779296896,33.4799995422363,34.25,34.3899993896484,32.6199989318848,33.169998168945305,32.490001678466804,30.969999313354503,31.0799999237061,30.1800003051758,29.8600006103516,29.809999465942397,0
root/Europe&CentralAsia/Germany,root/Europe&CentralAsia,0,0,0,0,0,0,0,0,0,0,0,0,0,0,0,0,0,0,0,0,0,0,0,48.2400016784668,54.220001220703104,55.2999992370605,57.6100006103516,57.439998626709006,59.1800003051758,58.1100006103516,59.7299995422363,59.08000183105471,56.869998931884794,53.91999816894529,51.5099983215332,49.8199996948242,47.9799995422363,46.7999992370605,47.720001220703104,48.6100006103516,48.5699996948242,48.6100006103516,46.9000015258789,45.040000915527294,42.709999084472706,43.630001068115206,45.290000915527294,47.1800003051758,48.66999816894529,47.4900016784668,47.939998626709006,49.7400016784668,48.6100006103516,48.4099998474121,47.689998626709006,46.4799995422363,46.9099998474121,0
root/Europe&CentralAsia/Greece,root/Europe&CentralAsia,0,0,0,0,0,0,0,0,0,0,0,0,0,0,0,0,0,0,0,0,0,0,0,41.7599983215332,41.02000045776371,39.6599998474121,37.9900016784668,36.5999984741211,36.9900016784668,37.47999954223629,37.4199981689453,36.0499992370605,35.5800018310547,34.4300003051758,33.5,33.2900009155273,31.469999313354503,30.1299991607666,34.689998626709,32.310001373291,32.6100006103516,30.6599998474121,31.940000534057603,31.530000686645497,32.759998321533196,29.940000534057603,29.469999313354503,29.100000381469698,28.2700004577637,27.2999992370605,24.1599998474121,19.3799991607666,16.1000003814697,14.5900001525879,15.779999732971199,15.1499996185303,14.720000267028801,0
root/Europe&CentralAsia/Hungary,root/Europe&CentralAsia,0,0,0,0,0,0,0,0,0,0,0,0,0,0,0,0,0,0,0,0,0,0,0,0,0,0,0,0,0,0,0,0,37.0800018310547,32.75,32.2000007629395,35.3400001525879,30.809999465942397,32.4099998474121,37.290000915527294,38.569999694824205,36.9900016784668,34.4000015258789,31.649999618530302,29.8600006103516,26.3299999237061,24.3700008392334,24.5699996948242,24.399999618530302,23.2900009155273,20.020000457763697,19.8899993896484,19.7199993133545,19.7900009155273,23.0499992370605,26.4099998474121,28.100000381469698,31.4599990844727,0
root/Europe&CentralAsia/Iceland,root/Europe&CentralAsia,0,0,0,0,0,0,0,0,0,0,0,0,0,0,0,0,0,0,0,0,0,0,0,0,0,0,0,0,0,0,0,56.6399993896484,55.3199996948242,50.8899993896484,50.41999816894529,61.9000015258789,61.630001068115206,59.0200004577637,65.6800003051758,66.52999877929689,70.61000061035159,75.7600021362305,65.4599990844727,73.5800018310547,69.370002746582,67.83999633789061,70.2099990844727,74.0100021362305,70.08999633789061,56.8899993896484,58.2299995422363,58.6599998474121,62.7000007629395,64.6800003051758,67.59999847412111,69.870002746582,77.11000061035159,0
root/Europe&CentralAsia/Ireland,root/Europe&CentralAsia,0,0,0,0,0,0,0,0,0,0,0,0,0,0,0,0,0,0,0,0,0,0,0,50.16999816894529,46.810001373290994,45.880001068115206,42.9199981689453,41.5800018310547,41.2000007629395,41.6500015258789,42.6599998474121,40.0800018310547,37.52000045776371,36.1100006103516,36.9099998474121,38.52000045776371,37.790000915527294,40.8899993896484,46.0699996948242,49.560001373290994,52.4799995422363,51.1800003051758,48.130001068115206,48.3899993896484,48.2000007629395,51.470001220703104,53.9500007629395,53.6599998474121,46.9799995422363,34.6100006103516,29.5900001525879,27.7700004577637,26.2700004577637,28.5,28.4599990844727,29.25,32.4099998474121,0
root/Europe&CentralAsia/IsleofMan,root/Europe&CentralAsia,0,0,0,0,0,0,0,0,0,0,0,0,0,0,0,0,0,0,0,0,0,0,0,0,0,0,0,0,0,0,0,0,0,0,0,0,0,0,0,0,0,0,0,0,0,0,0,0,0,0,0,0,0,0,0,0,52.6399993896484,0
root/Europe&CentralAsia/Italy,root/Europe&CentralAsia,0,0,0,0,0,0,0,0,0,0,0,0,0,0,0,0,0,0,0,0,0,0,0,40.9199981689453,40.0499992370605,39.220001220703104,38.4000015258789,37.6199989318848,38.4500007629395,38.819999694824205,38.7999992370605,38.560001373291,35.1500015258789,33.9099998474121,31.3400001525879,30.8199996948242,29.9799995422363,30.030000686645497,30.510000228881804,30.2900009155273,30.2099990844727,30.149999618530302,30.2000007629395,29.8199996948242,32.720001220703104,30.4300003051758,30.3700008392334,29.3799991607666,29.010000228881804,25.9500007629395,24.0,22.760000228881804,21.7900009155273,18.7099990844727,18.2000007629395,18.6399993896484,19.2099990844727,0
root/Europe&CentralAsia/Kosovo,root/Europe&CentralAsia,0,0,0,0,0,0,0,0,0,0,0,0,0,0,0,0,0,0,0,0,0,0,0,0,0,0,0,0,0,0,0,0,0,0,0,0,0,0,0,0,0,0,0,0,0,0,0,0,0,0,0,0,14.3999996185303,0,13.3999996185303,12.8500003814697,15.1999998092651,0
root/Europe&CentralAsia/KyrgyzRepublic,root/Europe&CentralAsia,0,0,0,0,0,0,0,0,0,0,0,0,0,0,0,0,0,0,0,0,0,0,0,0,0,0,0,0,0,0,0,0,0,0,0,0,0,0,0,0,0,0,0,0,0,0,0,0,0,49.2000007629395,50.0099983215332,48.439998626709006,46.33000183105471,51.209999084472706,47.369998931884794,46.2999992370605,46.2000007629395,0
root/Europe&CentralAsia/Latvia,root/Europe&CentralAsia,0,0,0,0,0,0,0,0,0,0,0,0,0,0,0,0,0,0,0,0,0,0,0,0,0,0,0,0,0,0,0,0,0,0,0,0,0,0,36.310001373291,36.569999694824205,35.4099998474121,32.8899993896484,31.190000534057603,37.8899993896484,36.3499984741211,38.25,41.8400001525879,43.790000915527294,42.0999984741211,29.5,26.4599990844727,28.25,31.780000686645497,33.259998321533196,36.5099983215332,37.069999694824205,34.009998321533196,0
root/Europe&CentralAsia/Liechtenstein,root/Europe&CentralAsia,0,0,0,0,0,0,0,0,0,0,0,0,0,0,0,0,0,0,0,0,0,0,0,0,0,0,0,0,0,0,0,0,0,0,0,0,0,0,0,0,57.4900016784668,56.7999992370605,56.2999992370605,54.540000915527294,52.08000183105471,52.33000183105471,53.189998626709006,55.720001220703104,54.790000915527294,53.8400001525879,53.119998931884794,55.1599998474121,55.0200004577637,54.7700004577637,54.3499984741211,51.540000915527294,0,0
root/Europe&CentralAsia/Lithuania,root/Europe&CentralAsia,0,0,0,0,0,0,0,0,0,0,0,0,0,0,0,0,0,0,0,0,0,0,0,0,0,0,0,0,0,0,0,0,0,0,0,0,0,0,37.680000305175795,34.439998626709,29.440000534057603,24.100000381469698,28.9300003051758,27.75,24.8199996948242,24.9099998474121,26.2299995422363,29.4200000762939,30.1100006103516,21.2099990844727,19.1200008392334,20.8799991607666,22.75,27.5499992370605,31.010000228881804,30.8400001525879,32.529998779296896,0
root/Europe&CentralAsia/Luxembourg,root/Europe&CentralAsia,0,0,0,0,0,0,0,0,0,0,0,0,0,0,0,0,0,0,0,0,0,0,0,59.5,58.189998626709006,55.3199996948242,56.4000015258789,56.0,51.0499992370605,52.8899993896484,44.75,54.6800003051758,50.040000915527294,47.790000915527294,43.8199996948242,39.560001373291,38.47999954223629,37.209999084472706,35.060001373291,33.740001678466804,35.2599983215332,34.2099990844727,36.1300010681152,28.0,25.989999771118196,28.3600006103516,25.4200000762939,26.489999771118196,27.010000228881804,29.1100006103516,22.0699996948242,22.8199996948242,23.399999618530302,24.239999771118196,21.8799991607666,29.3700008392334,24.3899993896484,0
root/Europe&CentralAsia/MacedoniaFYR,root/Europe&CentralAsia,0,0,0,0,0,0,0,0,0,0,0,0,0,0,0,0,0,0,0,0,0,0,0,0,0,0,0,0,0,0,0,0,0,0,0,0,0,0,0,0,0,0,0,0,0,0,17.2399997711182,18.6499996185303,19.1700000762939,20.5599994659424,19.4599990844727,17.729999542236303,18.1200008392334,18.9400005340576,18.8600006103516,20.1700000762939,20.3899993896484,0
root/Europe&CentralAsia/Moldova,root/Europe&CentralAsia,0,0,0,0,0,0,0,0,0,0,0,0,0,0,0,0,0,0,0,0,0,0,0,0,0,0,0,0,0,0,0,0,0,0,0,0,0,0,0,0,0,0,0,0,0,0,0,0,0,19.9599990844727,19.3099994659424,20.7000007629395,19.3799991607666,20.4500007629395,19.6399993896484,22.5699996948242,19.0100002288818,0
root/Europe&CentralAsia/Montenegro,root/Europe&CentralAsia,0,0,0,0,0,0,0,0,0,0,0,0,0,0,0,0,0,0,0,0,0,0,0,0,0,0,0,0,0,0,0,0,0,0,0,0,0,0,0,0,0,0,0,0,0,0,0,23.899999618530302,25.600000381469698,0,0,15.8500003814697,14.0900001525879,14.770000457763699,21.0100002288818,19.9599990844727,22.5200004577637,0
root/Europe&CentralAsia/Netherlands,root/Europe&CentralAsia,0,0,0,0,0,0,0,0,0,0,0,0,0,0,0,0,0,0,0,0,0,0,0,37.7000007629395,0,37.7000007629395,0,51.790000915527294,49.689998626709006,50.630001068115206,53.810001373290994,54.369998931884794,56.0099983215332,54.3199996948242,53.220001220703104,55.040000915527294,54.380001068115206,58.3899993896484,61.689998626709006,62.9000015258789,69.94000244140629,71.5100021362305,71.8000030517578,69.09999847412111,66.52999877929689,65.4899978637695,67.19000244140629,68.94000244140629,69.76999664306639,67.5400009155273,62.5699996948242,59.959999084472706,59.7400016784668,59.16999816894529,58.720001220703104,59.8899993896484,59.5699996948242,0
root/Europe&CentralAsia/Norway,root/Europe&CentralAsia,0,0,0,0,0,0,0,0,0,0,0,0,0,0,0,0,0,0,0,0,0,0,0,0,0,0,0,0,0,0,55.959999084472706,51.5200004577637,50.3400001525879,49.6500015258789,50.1800003051758,43.4099998474121,52.0499992370605,55.9500007629395,58.540000915527294,57.83000183105471,60.790000915527294,59.220001220703104,56.0699996948242,56.2000007629395,52.9099998474121,53.119998931884794,51.880001068115206,52.790000915527294,56.540000915527294,50.9000015258789,50.3600006103516,49.41999816894529,50.66999816894529,49.9000015258789,48.220001220703104,49.060001373290994,46.9799995422363,47.279998779296896
root/Europe&CentralAsia/Poland,root/Europe&CentralAsia,0,0,0,0,0,0,0,0,0,0,0,0,0,0,0,0,0,0,0,0,0,0,0,0,0,0,0,0,0,0,0,0,36.4500007629395,33.25,31.2999992370605,31.149999618530302,32.009998321533196,32.0400009155273,31.100000381469698,27.1599998474121,26.4099998474121,26.559999465942397,24.4500007629395,24.1100006103516,23.809999465942397,25.3700008392334,26.9200000762939,29.239999771118196,30.9500007629395,30.3700008392334,30.4799995422363,29.5499992370605,29.25,28.6399993896484,29.9599990844727,30.4599990844727,32.8499984741211,0
root/Europe&CentralAsia/Portugal,root/Europe&CentralAsia,0,0,0,0,0,0,0,0,0,0,0,0,0,0,0,0,0,0,0,0,0,0,0,0,0,0,58.3199996948242,59.029998779296896,60.310001373290994,60.3600006103516,58.7299995422363,58.380001068115206,51.290000915527294,46.8499984741211,42.77000045776371,40.0499992370605,39.4500007629395,43.119998931884794,46.459999084472706,46.560001373290994,46.9300003051758,48.0999984741211,47.5699996948242,43.0499992370605,41.209999084472706,39.6199989318848,38.72999954223629,38.52000045776371,37.680000305175795,32.4599990844727,29.75,28.6599998474121,24.7900009155273,22.9099998474121,22.8700008392334,24.0900001525879,25.489999771118196,27.600000381469698
root/Europe&CentralAsia/Romania,root/Europe&CentralAsia,0,0,0,0,0,0,0,0,0,0,0,0,0,0,0,0,0,0,0,0,0,0,0,0,0,0,0,0,0,0,0,0,0,0,0,0,0,42.1300010681152,41.5999984741211,38.819999694824205,36.8499984741211,35.3400001525879,32.330001831054695,31.3600006103516,30.2700004577637,28.1700000762939,27.280000686645497,28.3299999237061,29.1399993896484,28.2700004577637,28.4599990844727,26.8299999237061,27.4799995422363,26.989999771118196,26.6100006103516,29.3799991607666,27.1700000762939,0
root/Europe&CentralAsia/RussianFederation,root/Europe&CentralAsia,0,0,0,0,0,0,0,0,0,0,0,0,0,0,0,0,0,0,0,0,0,0,0,0,0,0,0,0,0,0,0,0,50.75,48.939998626709006,46.810001373290994,44.959999084472706,41.3699989318848,35.5099983215332,31.8400001525879,38.3499984741211,38.2000007629395,37.2000007629395,37.6199989318848,35.5,36.1500015258789,36.3699989318848,35.540000915527294,36.5499992370605,40.060001373291,37.5,37.939998626709,38.7999992370605,37.5,38.209999084472706,37.27000045776371,35.439998626709,35.2400016784668,0
root/Europe&CentralAsia/SanMarino,root/Europe&CentralAsia,0,0,0,0,0,0,0,0,0,0,0,0,0,0,0,0,0,0,0,0,0,0,0,0,0,0,0,0,0,0,0,0,0,0,0,0,0,0,0,0,0,0,0,0,0,0,0,0,0,0,0,0,0,0,0,26.7700004577637,26.989999771118196,0
root/Europe&CentralAsia/Serbia,root/Europe&CentralAsia,0,0,0,0,0,0,0,0,0,0,0,0,0,0,0,0,0,0,0,0,0,0,0,0,0,0,0,0,0,0,0,0,0,0,0,0,0,0,0,0,0,0,0,0,0,0,25.0200004577637,22.559999465942397,0,20.020000457763697,18.5100002288818,18.5599994659424,19.0799999237061,18.8500003814697,19.0,21.1299991607666,24.9500007629395,0
root/Europe&CentralAsia/SlovakRepublic,root/Europe&CentralAsia,0,0,0,0,0,0,0,0,0,0,0,0,0,0,0,0,0,0,0,0,0,0,0,0,0,0,0,0,0,0,0,0,0,0,37.959999084472706,38.430000305175795,40.439998626709,40.029998779296896,37.9199981689453,33.080001831054695,28.6599998474121,28.5,28.440000534057603,28.9200000762939,27.8199996948242,28.1100006103516,29.1800003051758,30.9099998474121,30.8199996948242,26.8199996948242,23.7900009155273,24.8299999237061,24.1100006103516,24.440000534057603,26.8400001525879,28.3899993896484,31.8899993896484,0
root/Europe&CentralAsia/Slovenia,root/Europe&CentralAsia,0,0,0,0,0,0,0,0,0,0,0,0,0,0,0,0,0,0,0,0,0,0,0,0,0,0,0,0,0,0,0,0,0,0,0,0,37.1399993896484,42.6300010681152,38.4000015258789,34.6599998474121,34.7099990844727,34.0499992370605,34.7700004577637,33.330001831054695,38.279998779296896,38.060001373291,39.2400016784668,43.189998626709006,43.0,39.1300010681152,37.6100006103516,35.6699981689453,30.4099998474121,29.6700000762939,29.4799995422363,32.029998779296896,31.0900001525879,0
root/Europe&CentralAsia/Spain,root/Europe&CentralAsia,0,0,0,0,0,0,0,0,0,0,0,0,0,0,0,0,0,0,0,0,0,0,0,0,0,0,30.399999618530302,33.529998779296896,35.0999984741211,37.5900001525879,38.3400001525879,37.9000015258789,35.8400001525879,29.309999465942397,27.8299999237061,28.350000381469698,27.9200000762939,29.510000228881804,31.8400001525879,35.72999954223629,37.52000045776371,39.6300010681152,40.4000015258789,39.8600006103516,40.0900001525879,43.75,44.3600006103516,44.220001220703104,39.3300018310547,29.3700008392334,25.600000381469698,22.0699996948242,18.5100002288818,17.3299999237061,17.3899993896484,18.5699996948242,19.4300003051758,21.2099990844727
root/Europe&CentralAsia/Sweden,root/Europe&CentralAsia,0,0,0,0,0,0,0,0,0,0,0,0,0,0,0,0,0,0,0,0,0,0,0,0,0,0,0,0,0,0,66.1800003051758,60.2599983215332,50.290000915527294,40.779998779296896,40.0,34.939998626709,33.830001831054695,32.740001678466804,35.1100006103516,35.779998779296896,36.6199989318848,45.5499992370605,43.7000007629395,42.7000007629395,39.2000007629395,43.0099983215332,39.4199981689453,41.5900001525879,41.72999954223629,37.279998779296896,38.180000305175795,40.6500015258789,38.6599998474121,40.3600006103516,41.560001373291,42.220001220703104,43.0699996948242,43.9099998474121
root/Europe&CentralAsia/Switzerland,root/Europe&CentralAsia,0,0,0,0,0,0,0,0,0,0,0,0,0,0,0,0,0,0,0,0,0,0,0,0,0,0,0,0,0,0,0,70.7300033569336,68.379997253418,67.7600021362305,64.4599990844727,64.3199996948242,66.0400009155273,63.540000915527294,67.4599990844727,64.0500030517578,66.5400009155273,64.65000152587889,65.370002746582,64.5800018310547,62.6599998474121,60.9500007629395,64.58999633789061,65.40000152587889,63.560001373290994,60.8499984741211,63.4799995422363,63.959999084472706,62.939998626709006,62.9099998474121,62.439998626709006,60.5900001525879,61.8400001525879,63.869998931884794
root/Europe&CentralAsia/Tajikistan,root/Europe&CentralAsia,0,0,0,0,0,0,0,0,0,0,0,0,0,0,0,0,0,0,0,0,0,0,0,0,0,0,0,0,0,0,0,0,0,0,0,0,0,0,0,0,0,0,0,0,0,0,0,0,0,25.399999618530302,0,0,0,0,0,0,0,0
root/Europe&CentralAsia/Turkey,root/Europe&CentralAsia,0,0,0,0,0,0,0,0,0,0,0,0,0,0,0,0,0,0,0,0,0,0,0,0,0,0,0,0,0,0,59.8899993896484,58.630001068115206,56.5200004577637,53.4300003051758,55.470001220703104,52.9099998474121,54.16999816894529,53.720001220703104,51.7999992370605,51.2299995422363,49.709999084472706,46.6599998474121,42.430000305175795,39.72999954223629,40.7999992370605,41.6100006103516,41.8800010681152,41.6100006103516,41.310001373291,38.97999954223629,40.189998626709,43.33000183105471,42.5099983215332,43.119998931884794,44.959999084472706,45.08000183105471,44.8600006103516,45.369998931884794
root/Europe&CentralAsia/Ukraine,root/Europe&CentralAsia,0,0,0,0,0,0,0,0,0,0,0,0,0,0,0,0,0,0,0,0,0,0,0,0,0,0,0,0,0,0,0,0,0,0,0,0,0,0,0,0,0,0,0,0,0,0,0,0,0,0,0,0,0,0,33.6100006103516,0,29.5499992370605,0
root/Europe&CentralAsia/UnitedKingdom,root/Europe&CentralAsia,0,0,0,0,0,0,0,0,0,0,0,0,0,0,0,0,0,0,0,0,0,0,0,54.220001220703104,57.08000183105471,60.529998779296896,60.3499984741211,62.790000915527294,65.65000152587889,68.75,67.9499969482422,62.7599983215332,58.8400001525879,55.720001220703104,55.689998626709006,55.6599998474121,56.0900001525879,57.619998931884794,58.2999992370605,57.310001373290994,57.970001220703104,57.9099998474121,57.119998931884794,55.6800003051758,56.529998779296896,55.8499984741211,54.709999084472706,53.9900016784668,53.3499984741211,47.880001068115206,47.560001373290994,46.290000915527294,46.3499984741211,46.3600006103516,48.220001220703104,50.2700004577637,50.5499992370605,0
root/LatinAmerica&Caribbean,root,0,0,0,0,0,0,0,0,0,0,0,0,0,0,0,0,0,0,0,0,59.2000007629395,0,0,0,0,0,0,0,0,0,68.129997253418,192.5399971008301,133.4199981689453,135.04999542236328,132.1600036621094,128.3899993896485,172.1399993896485,172.71000289917,173.020004272461,164.5300025939942,160.81999969482422,208.560001373291,257.4400024414063,349.6599998474121,405.82999801635725,497.34000015258783,517.6800003051758,517.8999938964844,560.0499954223633,936.7599945068359,988.4000053405762,1047.4200096130369,1204.8600025177002,1072.6229019165041,1140.6999931335447,1065.6100044250488,913.5100059509275,353.45999717712397
root/LatinAmerica&Caribbean/Argentina,root/LatinAmerica&Caribbean,0,0,0,0,0,0,0,0,0,0,0,0,0,0,0,0,0,0,0,0,0,0,0,0,0,0,0,0,0,0,0,0,0,0,0,0,0,0,0,0,0,0,0,0,40.8800010681152,41.3800010681152,42.3499984741211,0,41.7999992370605,41.1199989318848,41.319999694824205,41.430000305175795,41.8600006103516,40.6599998474121,38.779998779296896,0,0,0
root/LatinAmerica&Caribbean/Barbados,root/LatinAmerica&Caribbean,0,0,0,0,0,0,0,0,0,0,0,0,0,0,0,0,0,0,0,0,0,0,0,0,0,0,0,0,0,0,0,0,0,0,0,0,0,0,0,0,0,0,0,0,0,0,0,0,0,0,0,0,0,38.459999084472706,33.1399993896484,32.970001220703104,33.330001831054695,0
root/LatinAmerica&Caribbean/Belize,root/LatinAmerica&Caribbean,0,0,0,0,0,0,0,0,0,0,0,0,0,0,0,0,0,0,0,0,0,0,0,0,0,0,0,0,0,0,0,0,0,0,0,0,0,0,0,0,0,0,0,0,0,0,0,0,0,0,49.810001373290994,0,52.970001220703104,48.7429008483887,49.7599983215332,52.66999816894529,53.2999992370605,0
root/LatinAmerica&Caribbean/Bolivia,root/LatinAmerica&Caribbean,0,0,0,0,0,0,0,0,0,0,0,0,0,0,0,0,0,0,0,0,0,0,0,0,0,0,0,0,0,0,0,0,0,0,0,0,0,0,0,0,0,0,0,0,0,50.1100006103516,56.529998779296896,54.75,55.2599983215332,54.0499992370605,0,57.790000915527294,52.58000183105471,50.1100006103516,58.2299995422363,50.5200004577637,0,0
root/LatinAmerica&Caribbean/Brazil,root/LatinAmerica&Caribbean,0,0,0,0,0,0,0,0,0,0,0,0,0,0,0,0,0,0,0,0,0,0,0,0,0,0,0,0,0,0,0,0,0,0,0,0,0,0,0,0,0,0,0,0,0,0,0,0,0,61.439998626709006,0,59.2700004577637,59.5499992370605,57.0200004577637,57.6399993896484,50.720001220703104,45.9900016784668,44.6599998474121
root/LatinAmerica&Caribbean/CaymanIslands,root/LatinAmerica&Caribbean,0,0,0,0,0,0,0,0,0,0,0,0,0,0,0,0,0,0,0,0,0,0,0,0,0,0,0,0,0,0,0,0,0,0,0,0,0,0,0,0,0,0,0,0,0,0,53.3199996948242,44.4099998474121,49.630001068115206,0,42.029998779296896,38.540000915527294,39.2000007629395,37.3499984741211,38.0,43.5099983215332,0,0
root/LatinAmerica&Caribbean/Chile,root/LatinAmerica&Caribbean,0,0,0,0,0,0,0,0,0,0,0,0,0,0,0,0,0,0,0,0,0,0,0,0,0,0,0,0,0,0,0,0,0,0,0,0,46.83000183105471,45.2000007629395,43.33000183105471,39.310001373291,37.5,36.3300018310547,35.7000007629395,35.0400009155273,34.759998321533196,34.5,35.6500015258789,35.970001220703104,37.430000305175795,34.1500015258789,36.560001373291,37.5499992370605,36.0499992370605,35.3400001525879,35.0,35.2000007629395,33.5900001525879,31.809999465942397
root/LatinAmerica&Caribbean/Colombia,root/LatinAmerica&Caribbean,0,0,0,0,0,0,0,0,0,0,0,0,0,0,0,0,0,0,0,0,0,0,0,0,0,0,0,0,0,0,0,0,0,0,0,0,0,0,0,0,0,52.1399993896484,51.3600006103516,52.619998931884794,50.540000915527294,51.189998626709006,0,47.8600006103516,47.119998931884794,50.0200004577637,50.689998626709006,52.9099998474121,54.5999984741211,53.959999084472706,53.8899993896484,54.9900016784668,52.5499992370605,0
root/LatinAmerica&Caribbean/CostaRica,root/LatinAmerica&Caribbean,0,0,0,0,0,0,0,0,0,0,0,0,0,0,0,0,0,0,0,0,0,0,0,0,0,0,0,0,0,0,68.129997253418,63.8400001525879,64.8300018310547,65.30999755859379,64.23000335693361,63.1800003051758,59.5999984741211,60.6500015258789,62.279998779296896,57.959999084472706,58.6399993896484,57.060001373290994,55.1399993896484,56.4300003051758,54.2299995422363,53.5099983215332,54.7400016784668,58.279998779296896,53.6100006103516,48.220001220703104,43.869998931884794,42.810001373291,45.66999816894529,44.279998779296896,44.7400016784668,42.6399993896484,41.9199981689453,42.3499984741211
root/LatinAmerica&Caribbean/DominicanRepublic,root/LatinAmerica&Caribbean,0,0,0,0,0,0,0,0,0,0,0,0,0,0,0,0,0,0,0,0,0,0,0,0,0,0,0,0,0,0,0,0,0,0,0,0,0,0,0,0,0,0,0,0,0,46.970001220703104,50.0900001525879,49.6599998474121,50.4500007629395,45.290000915527294,45.7299995422363,48.1800003051758,45.6800003051758,45.9799995422363,48.5099983215332,47.029998779296896,50.25,0
root/LatinAmerica&Caribbean/Ecuador,root/LatinAmerica&Caribbean,0,0,0,0,0,0,0,0,0,0,0,0,0,0,0,0,0,0,0,0,0,0,0,0,0,0,0,0,0,0,0,0,0,0,0,0,0,0,0,0,0,0,0,0,0,0,0,0,0,53.4099998474121,51.0900001525879,48.9799995422363,49.9900016784668,47.630001068115206,47.8899993896484,49.2700004577637,50.0999984741211,51.439998626709006
root/LatinAmerica&Caribbean/ElSalvador,root/LatinAmerica&Caribbean,0,0,0,0,0,0,0,0,0,0,0,0,0,0,0,0,0,0,0,0,0,0,0,0,0,0,0,0,0,0,0,0,0,0,0,0,0,0,0,0,0,0,0,0,0,0,0,0,0,57.5099983215332,57.2599983215332,57.939998626709006,57.9000015258789,56.959999084472706,55.029998779296896,55.4900016784668,55.1399993896484,0
root/LatinAmerica&Caribbean/Guatemala,root/LatinAmerica&Caribbean,0,0,0,0,0,0,0,0,0,0,0,0,0,0,0,0,0,0,0,0,0,0,0,0,0,0,0,0,0,0,0,0,0,0,0,0,0,0,0,0,0,0,0,78.6999969482422,73.2900009155273,0,0,0,0,0,65.870002746582,67.8899993896484,74.2099990844727,64.6800003051758,67.9199981689453,69.90000152587889,68.6999969482422,0
root/LatinAmerica&Caribbean/Guyana,root/LatinAmerica&Caribbean,0,0,0,0,0,0,0,0,0,0,0,0,0,0,0,0,0,0,0,0,0,0,0,0,0,0,0,0,0,0,0,0,0,0,0,0,0,0,0,0,0,0,0,0,0,0,0,0,0,0,0,0,0,0,0,0,0,49.5699996948242
root/LatinAmerica&Caribbean/Haiti,root/LatinAmerica&Caribbean,0,0,0,0,0,0,0,0,0,0,0,0,0,0,0,0,0,0,0,0,0,0,0,0,0,0,0,0,0,0,0,0,0,0,0,0,0,0,0,0,0,0,0,16.5,0,0,0,0,0,0,0,0,0,0,0,0,0,0
root/LatinAmerica&Caribbean/Honduras,root/LatinAmerica&Caribbean,0,0,0,0,0,0,0,0,0,0,0,0,0,0,0,0,0,0,0,0,0,0,0,0,0,0,0,0,0,0,0,0,0,0,0,0,0,0,0,0,0,0,0,0,0,68.41000366210939,68.09999847412111,65.80999755859379,67.1399993896484,68.73000335693361,67.41000366210939,65.5500030517578,64.5100021362305,67.3300018310547,66.5400009155273,67.05999755859379,64.870002746582,0
root/LatinAmerica&Caribbean/Jamaica,root/LatinAmerica&Caribbean,0,0,0,0,0,0,0,0,0,0,0,0,0,0,0,0,0,0,0,0,0,0,0,0,0,0,0,0,0,0,0,0,0,0,0,0,0,0,0,0,0,0,0,0,0,0,0,0,0,0,0,0,27.6299991607666,27.3400001525879,27.75,28.3199996948242,29.1800003051758,30.3899993896484
root/LatinAmerica&Caribbean/Mexico,root/LatinAmerica&Caribbean,0,0,0,0,0,0,0,0,0,0,0,0,0,0,0,0,0,0,0,0,0,0,0,0,0,0,0,0,0,0,0,67.4499969482422,68.58999633789061,69.7399978637695,67.9300003051758,65.2099990844727,65.7099990844727,66.8600006103516,67.41000366210939,67.2600021362305,64.6800003051758,63.029998779296896,60.5900001525879,58.970001220703104,59.779998779296896,58.5999984741211,58.9500007629395,58.5099983215332,57.7999992370605,55.0699996948242,55.5,55.08000183105471,55.4000015258789,54.58000183105471,53.720001220703104,53.4000015258789,53.130001068115206,53.1500015258789
root/LatinAmerica&Caribbean/Nicaragua,root/LatinAmerica&Caribbean,0,0,0,0,0,0,0,0,0,0,0,0,0,0,0,0,0,0,0,0,0,0,0,0,0,0,0,0,0,0,0,0,0,0,0,0,0,0,0,0,0,0,0,0,0,0,0,0,0,0,0,0,76.94000244140629,0,66.8300018310547,0,0,0
root/LatinAmerica&Caribbean/Panama,root/LatinAmerica&Caribbean,0,0,0,0,0,0,0,0,0,0,0,0,0,0,0,0,0,0,0,0,0,0,0,0,0,0,0,0,0,0,0,0,0,0,0,0,0,0,0,0,0,0,0,0,0,0,0,0,0,57.3199996948242,55.560001373290994,52.4300003051758,55.66999816894529,53.9000015258789,51.5900001525879,51.4000015258789,49.6100006103516,0
root/LatinAmerica&Caribbean/Paraguay,root/LatinAmerica&Caribbean,0,0,0,0,0,0,0,0,0,0,0,0,0,0,0,0,0,0,0,0,0,0,0,0,0,0,0,0,0,0,0,0,0,0,0,0,0,0,0,0,0,0,0,0,0,0,0,0,0,68.4499969482422,58.8400001525879,57.4900016784668,55.029998779296896,58.25,57.0699996948242,56.5900001525879,54.4000015258789,0
root/LatinAmerica&Caribbean/Peru,root/LatinAmerica&Caribbean,0,0,0,0,0,0,0,0,0,0,0,0,0,0,0,0,0,0,0,0,0,0,0,0,0,0,0,0,0,0,0,0,0,0,0,0,0,0,0,0,0,0,54.6500015258789,51.4000015258789,53.3499984741211,51.869998931884794,53.1500015258789,58.3499984741211,56.0099983215332,53.7999992370605,56.2700004577637,55.3400001525879,55.66999816894529,54.4500007629395,51.619998931884794,49.810001373290994,50.9000015258789,50.0900001525879
root/LatinAmerica&Caribbean/PuertoRico,root/LatinAmerica&Caribbean,0,0,0,0,0,0,0,0,0,0,0,0,0,0,0,0,0,0,0,0,0,0,0,0,0,0,0,0,0,0,0,0,0,0,0,0,0,0,0,0,0,0,0,0,0,0,0,0,0,0,20.0,20.0,22.0,0,0,0,0,0
root/LatinAmerica&Caribbean/StKittsandNevis,root/LatinAmerica&Caribbean,0,0,0,0,0,0,0,0,0,0,0,0,0,0,0,0,0,0,0,0,59.2000007629395,0,0,0,0,0,0,0,0,0,0,61.25,0,0,0,0,0,0,0,0,0,0,0,0,0,0,0,0,0,0,0,0,0,0,0,0,0,0
root/LatinAmerica&Caribbean/StLucia,root/LatinAmerica&Caribbean,0,0,0,0,0,0,0,0,0,0,0,0,0,0,0,0,0,0,0,0,0,0,0,0,0,0,0,0,0,0,0,0,0,0,0,0,0,0,0,0,0,0,0,0,39.0,40.7999992370605,44.7999992370605,44.2999992370605,0,0,0,0,0,0,0,43.2700004577637,39.1599998474121,0
root/LatinAmerica&Caribbean/StVincentandtheGrenadines,root/LatinAmerica&Caribbean,0,0,0,0,0,0,0,0,0,0,0,0,0,0,0,0,0,0,0,0,0,0,0,0,0,0,0,0,0,0,0,0,0,0,0,0,0,0,0,0,0,0,0,0,0,0,0,0,43.7999992370605,0,0,0,0,0,0,0,0,0
root/LatinAmerica&Caribbean/Suriname,root/LatinAmerica&Caribbean,0,0,0,0,0,0,0,0,0,0,0,0,0,0,0,0,0,0,0,0,0,0,0,0,0,0,0,0,0,0,0,0,0,0,0,0,0,0,0,0,0,0,0,0,0,0,0,0,0,38.680000305175795,41.77000045776371,37.6100006103516,34.6800003051758,34.5699996948242,37.5,36.680000305175795,0,0
root/LatinAmerica&Caribbean/TrinidadandTobago,root/LatinAmerica&Caribbean,0,0,0,0,0,0,0,0,0,0,0,0,0,0,0,0,0,0,0,0,0,0,0,0,0,0,0,0,0,0,0,0,0,0,0,0,0,0,0,0,0,0,0,0,0,0,0,0,0,53.209999084472706,49.9799995422363,50.630001068115206,48.810001373290994,49.3499984741211,48.8899993896484,48.3899993896484,42.9900016784668,0
root/LatinAmerica&Caribbean/Uruguay,root/LatinAmerica&Caribbean,0,0,0,0,0,0,0,0,0,0,0,0,0,0,0,0,0,0,0,0,0,0,0,0,0,0,0,0,0,0,0,0,0,0,0,0,0,0,0,0,0,0,0,0,0,0,0,0,0,47.279998779296896,51.5499992370605,52.9300003051758,51.9799995422363,51.6800003051758,50.6599998474121,45.779998779296896,44.4000015258789,0
root/LatinAmerica&Caribbean/VenezuelaRB,root/LatinAmerica&Caribbean,0,0,0,0,0,0,0,0,0,0,0,0,0,0,0,0,0,0,0,0,0,0,0,0,0,0,0,0,0,0,0,0,0,0,0,0,0,0,0,0,0,0,0,0,0,0,0,0,0,49.0099983215332,47.290000915527294,47.0699996948242,46.279998779296896,0,0,0,0,0
root/MiddleEast&NorthAfrica,root,0,0,0,0,0,0,0,0,0,0,0,0,0,0,0,0,0,0,0,0,0,0,0,0,0,0,0,0,0,0,48.6399993896484,98.0499992370606,87.650001525879,55.7000007629395,58.8199996948242,59.310001373290994,57.959999084472706,56.029998779296896,52.720001220703104,76.11000061035159,160.3199977874757,204.19999885559082,149.6399974822998,128.0499992370605,127.53000259399411,157.34000205993652,179.1699981689454,193.21999740600592,245.49999809265142,379.43000411987316,406.29000663757313,411.56999588012695,372.1000051498413,328.0200004577638,392.769998550415,338.02000045776396,312.3399982452392,45.279998779296896
root/MiddleEast&NorthAfrica/Algeria,root/MiddleEast&NorthAfrica,0,0,0,0,0,0,0,0,0,0,0,0,0,0,0,0,0,0,0,0,0,0,0,0,0,0,0,0,0,0,0,0,0,0,0,0,0,0,0,0,0,0,0,0,0,0,0,0,0,38.720001220703104,37.779998779296896,0,0,0,33.2999992370605,0,31.649999618530302,0
root/MiddleEast&NorthAfrica/Bahrain,root/MiddleEast&NorthAfrica,0,0,0,0,0,0,0,0,0,0,0,0,0,0,0,0,0,0,0,0,0,0,0,0,0,0,0,0,0,0,0,47.189998626709006,0,0,0,0,0,0,0,0,0,45.709999084472706,0,0,0,0,0,0,0,0,51.4799995422363,49.8499984741211,0,0,0,54.2400016784668,0,0
root/MiddleEast&NorthAfrica/EgyptArabRep,root/MiddleEast&NorthAfrica,0,0,0,0,0,0,0,0,0,0,0,0,0,0,0,0,0,0,0,0,0,0,0,0,0,0,0,0,0,0,0,0,0,0,0,0,0,0,0,0,0,0,0,0,0,0,0,0,41.189998626709,40.970001220703104,42.3800010681152,37.279998779296896,34.580001831054695,34.3400001525879,33.6100006103516,30.7000007629395,30.5400009155273,0
root/MiddleEast&NorthAfrica/IranIslamicRep,root/MiddleEast&NorthAfrica,0,0,0,0,0,0,0,0,0,0,0,0,0,0,0,0,0,0,0,0,0,0,0,0,0,0,0,0,0,0,0,0,0,0,0,0,0,0,0,0,0,0,0,0,0,0,0,0,0,35.7000007629395,33.720001220703104,0,0,0,31.739999771118196,31.0799999237061,30.8899993896484,0
root/MiddleEast&NorthAfrica/Israel,root/MiddleEast&NorthAfrica,0,0,0,0,0,0,0,0,0,0,0,0,0,0,0,0,0,0,0,0,0,0,0,0,0,0,0,0,0,0,48.6399993896484,50.8600006103516,50.4500007629395,55.7000007629395,58.8199996948242,59.310001373290994,57.959999084472706,56.029998779296896,52.720001220703104,51.6100006103516,51.189998626709006,49.1399993896484,44.5099983215332,42.9099998474121,45.1500015258789,47.880001068115206,48.189998626709006,49.3499984741211,50.2700004577637,45.9000015258789,46.33000183105471,46.3199996948242,44.5499992370605,45.66999816894529,45.720001220703104,45.459999084472706,44.9300003051758,45.279998779296896
root/MiddleEast&NorthAfrica/Jordan,root/MiddleEast&NorthAfrica,0,0,0,0,0,0,0,0,0,0,0,0,0,0,0,0,0,0,0,0,0,0,0,0,0,0,0,0,0,0,0,0,0,0,0,0,0,0,0,0,34.7000007629395,33.7999992370605,32.0,32.0999984741211,33.5,32.4000015258789,32.2000007629395,32.9000015258789,33.2999992370605,0,0,28.7999992370605,28.2000007629395,0,0,0,0,0
root/MiddleEast&NorthAfrica/Lebanon,root/MiddleEast&NorthAfrica,0,0,0,0,0,0,0,0,0,0,0,0,0,0,0,0,0,0,0,0,0,0,0,0,0,0,0,0,0,0,0,0,0,0,0,0,0,0,0,0,0,0,0,0,0,0,0,32.5999984741211,0,0,0,0,0,0,0,0,0,0
root/MiddleEast&NorthAfrica/Libya,root/MiddleEast&NorthAfrica,0,0,0,0,0,0,0,0,0,0,0,0,0,0,0,0,0,0,0,0,0,0,0,0,0,0,0,0,0,0,0,0,0,0,0,0,0,0,0,0,0,0,0,0,0,0,0,0,0,0,0,0,14.220000267028801,0,0,0,0,0
root/MiddleEast&NorthAfrica/Malta,root/MiddleEast&NorthAfrica,0,0,0,0,0,0,0,0,0,0,0,0,0,0,0,0,0,0,0,0,0,0,0,0,0,0,0,0,0,0,0,0,0,0,0,0,0,0,0,0,52.029998779296896,54.1500015258789,52.2299995422363,53.040000915527294,48.880001068115206,46.75,47.5099983215332,48.9099998474121,48.029998779296896,45.779998779296896,45.880001068115206,48.0200004577637,46.689998626709006,47.4500007629395,45.689998626709006,45.9300003051758,48.369998931884794,0
root/MiddleEast&NorthAfrica/Morocco,root/MiddleEast&NorthAfrica,0,0,0,0,0,0,0,0,0,0,0,0,0,0,0,0,0,0,0,0,0,0,0,0,0,0,0,0,0,0,0,0,0,0,0,0,0,0,0,0,0,0,0,0,0,0,0,0,0,0,0,41.97999954223629,40.220001220703104,37.8400001525879,36.6399993896484,0,0,0
root/MiddleEast&NorthAfrica/Oman,root/MiddleEast&NorthAfrica,0,0,0,0,0,0,0,0,0,0,0,0,0,0,0,0,0,0,0,0,0,0,0,0,0,0,0,0,0,0,0,0,0,0,0,0,0,0,0,0,0,0,0,0,0,0,0,0,0,0,39.790000915527294,0,0,0,0,0,0,0
root/MiddleEast&NorthAfrica/Qatar,root/MiddleEast&NorthAfrica,0,0,0,0,0,0,0,0,0,0,0,0,0,0,0,0,0,0,0,0,0,0,0,0,0,0,0,0,0,0,0,0,0,0,0,0,0,0,0,0,0,0,0,0,0,0,0,0,0,82.5800018310547,0,81.61000061035159,80.3000030517578,81.44000244140629,79.9300003051758,77.4599990844727,99.8199996948242,0
root/MiddleEast&NorthAfrica/SaudiArabia,root/MiddleEast&NorthAfrica,0,0,0,0,0,0,0,0,0,0,0,0,0,0,0,0,0,0,0,0,0,0,0,0,0,0,0,0,0,0,0,0,37.2000007629395,0,0,0,0,0,0,24.5,22.399999618530302,21.3999996185303,20.8999996185303,0,0,0,21.7000007629395,0,0,18.9599990844727,0,20.8099994659424,20.9899997711182,20.7099990844727,20.6800003051758,19.5300006866455,26.1399993896484,0
root/MiddleEast&NorthAfrica/SyrianArabRepublic,root/MiddleEast&NorthAfrica,0,0,0,0,0,0,0,0,0,0,0,0,0,0,0,0,0,0,0,0,0,0,0,0,0,0,0,0,0,0,0,0,0,0,0,0,0,0,0,0,0,0,0,0,0,0,0,0,43.7000007629395,43.5499992370605,42.4000015258789,0,0,0,0,0,0,0
root/MiddleEast&NorthAfrica/Tunisia,root/MiddleEast&NorthAfrica,0,0,0,0,0,0,0,0,0,0,0,0,0,0,0,0,0,0,0,0,0,0,0,0,0,0,0,0,0,0,0,0,0,0,0,0,0,0,0,0,0,0,0,0,0,30.309999465942397,29.5699996948242,29.4599990844727,29.010000228881804,27.2700004577637,30.1700000762939,25.309999465942397,30.260000228881804,29.6599998474121,0,0,0,0
root/MiddleEast&NorthAfrica/WestBankandGaza,root/MiddleEast&NorthAfrica,0,0,0,0,0,0,0,0,0,0,0,0,0,0,0,0,0,0,0,0,0,0,0,0,0,0,0,0,0,0,0,0,0,0,0,0,0,0,0,0,0,0,0,0,0,0,0,0,0,0,0,31.5900001525879,32.0900001525879,30.9099998474121,31.1599998474121,33.6199989318848,0,0
root/MiddleEast&NorthAfrica/YemenRep,root/MiddleEast&NorthAfrica,0,0,0,0,0,0,0,0,0,0,0,0,0,0,0,0,0,0,0,0,0,0,0,0,0,0,0,0,0,0,0,0,0,0,0,0,0,0,0,0,0,0,0,0,0,0,0,0,0,0,36.3600006103516,0,0,0,34.2999992370605,0,0,0
root/NorthAmerica,root,63.41999816894529,61.369998931884794,62.130001068115206,60.7700004577637,61.0999984741211,62.4099998474121,63.7299995422363,63.8899993896484,62.9799995422363,63.4500007629395,61.7299995422363,60.709999084472706,62.810001373290994,65.6800003051758,65.26999664306639,60.41999816894529,122.0299987792968,123.9599952697754,126.4799995422363,129.560001373291,126.90000152587889,125.66999816894531,114.84000015258792,114.41999816894528,119.56000137329099,121.5799980163574,123.78000259399408,125.6800003051758,128.1300048828125,129.4800033569336,126.0699996948242,117.4199981689453,114.1300010681152,113.5800018310547,115.09000015258789,115.7599983215332,113.31000137329102,112.8800010681152,113.7299995422363,116.31000137329099,118.6399993896484,115.8199996948243,114.4199981689453,113.03000259399421,113.0200004577636,111.8600006103516,113.95000076293951,113.58999633789058,111.2899971008301,100.1199989318848,98.0200004577637,100.1700019836426,99.7100028991699,101.0900001525879,102.43000030517581,103.41999816894528,104.099998474121,106.1899986267089
root/NorthAmerica/Canada,root/NorthAmerica,0,0,0,0,0,0,0,0,0,0,0,0,0,0,0,0,59.8899993896484,59.7599983215332,60.4099998474121,63.060001373290994,63.3600006103516,63.5099983215332,56.130001068115206,55.25,57.290000915527294,58.9099998474121,60.7400016784668,62.529998779296896,64.0100021362305,64.7900009155273,62.5999984741211,57.0999984741211,54.4099998474121,53.4300003051758,54.0999984741211,54.2999992370605,53.2299995422363,52.7400016784668,52.939998626709006,55.290000915527294,56.720001220703104,56.4500007629395,57.3199996948242,57.7000007629395,57.470001220703104,56.709999084472706,57.7400016784668,59.16999816894529,59.029998779296896,53.41999816894529,53.0900001525879,54.1800003051758,53.1500015258789,54.1399993896484,54.220001220703104,54.41999816894529,54.0499992370605,55.3899993896484
root/NorthAmerica/UnitedStates,root/NorthAmerica,63.41999816894529,61.369998931884794,62.130001068115206,60.7700004577637,61.0999984741211,62.4099998474121,63.7299995422363,63.8899993896484,62.9799995422363,63.4500007629395,61.7299995422363,60.709999084472706,62.810001373290994,65.6800003051758,65.26999664306639,60.41999816894529,62.1399993896484,64.1999969482422,66.0699996948242,66.5,63.540000915527294,62.1599998474121,58.709999084472706,59.16999816894529,62.2700004577637,62.66999816894529,63.040000915527294,63.1500015258789,64.120002746582,64.69000244140629,63.470001220703104,60.3199996948242,59.720001220703104,60.1500015258789,60.9900016784668,61.459999084472706,60.08000183105471,60.1399993896484,60.790000915527294,61.0200004577637,61.91999816894529,59.369998931884794,57.0999984741211,55.33000183105471,55.5499992370605,55.1500015258789,56.209999084472706,54.41999816894529,52.2599983215332,46.7000007629395,44.9300003051758,45.9900016784668,46.560001373290994,46.9500007629395,48.209999084472706,49.0,50.0499992370605,50.7999992370605
root/SouthAsia,root,0,0,0,0,0,0,0,0,0,0,0,0,0,0,0,0,0,0,0,0,0,0,0,0,0,0,0,0,0,0,0,0,0,0,60.810001373290994,0,0,0,0,0,57.6500015258789,0,0,0,0,57.6399993896484,131.4400024414062,64.25,136.8399963378906,100.810001373291,272.6100006103515,131.6500015258789,108.5499992370606,144.50000381469732,169.7600002288818,117.7700004577637,88.71999740600589,0
root/SouthAsia/Bangladesh,root/SouthAsia,0,0,0,0,0,0,0,0,0,0,0,0,0,0,0,0,0,0,0,0,0,0,0,0,0,0,0,0,0,0,0,0,0,0,0,0,0,0,0,0,0,0,0,0,0,0,65.3199996948242,0,0,0,55.470001220703104,0,0,48.33000183105471,0,0,53.119998931884794,0
root/SouthAsia/Bhutan,root/SouthAsia,0,0,0,0,0,0,0,0,0,0,0,0,0,0,0,0,0,0,0,0,0,0,0,0,0,0,0,0,0,0,0,0,0,0,0,0,0,0,0,0,0,0,0,0,0,0,0,0,0,39.4099998474121,37.5999984741211,32.8600006103516,26.2000007629395,0,23.100000381469698,25.7000007629395,0,0
root/SouthAsia/India,root/SouthAsia,0,0,0,0,0,0,0,0,0,0,0,0,0,0,0,0,0,0,0,0,0,0,0,0,0,0,0,0,0,0,0,0,0,0,60.810001373290994,0,0,0,0,0,57.6500015258789,0,0,0,0,57.6399993896484,0,0,0,0,47.25,0,43.959999084472706,0,0,0,0,0
root/SouthAsia/Maldives,root/SouthAsia,0,0,0,0,0,0,0,0,0,0,0,0,0,0,0,0,0,0,0,0,0,0,0,0,0,0,0,0,0,0,0,0,0,0,0,0,0,0,0,0,0,0,0,0,0,0,0,0,0,0,32.6500015258789,0,0,0,53.4500007629395,0,0,0
root/SouthAsia/Nepal,root/SouthAsia,0,0,0,0,0,0,0,0,0,0,0,0,0,0,0,0,0,0,0,0,0,0,0,0,0,0,0,0,0,0,0,0,0,0,0,0,0,0,0,0,0,0,0,0,0,0,0,0,74.5199966430664,0,0,0,0,0,0,0,0,0
root/SouthAsia/Pakistan,root/SouthAsia,0,0,0,0,0,0,0,0,0,0,0,0,0,0,0,0,0,0,0,0,0,0,0,0,0,0,0,0,0,0,0,0,0,0,0,0,0,0,0,0,0,0,0,0,0,0,66.120002746582,64.25,62.3199996948242,61.4000015258789,61.2599983215332,59.470001220703104,0,58.1500015258789,57.2999992370605,56.380001068115206,0,0
root/SouthAsia/SriLanka,root/SouthAsia,0,0,0,0,0,0,0,0,0,0,0,0,0,0,0,0,0,0,0,0,0,0,0,0,0,0,0,0,0,0,0,0,0,0,0,0,0,0,0,0,0,0,0,0,0,0,0,0,0,0,38.3800010681152,39.319999694824205,38.3899993896484,38.02000045776371,35.9099998474121,35.689998626709,35.5999984741211,0
root/Sub-SaharanAfrica,root,0,0,0,0,0,0,0,0,0,0,0,0,0,0,0,0,0,0,0,0,0,0,0,0,0,0,0,0,0,0,0,0,0,0,0,0,0,0,0,39.2400016784668,0,73.8199996948242,82.11000061035149,0,145.1500015258789,103.0100021362304,268.5799942016601,66.3000030517578,89.19999885559079,90.7000007629394,366.2825946807861,584.7499933242797,452.2899980545046,437.32999992370605,472.72000312805176,320.60999870300293,128.4700002670288,14.9300003051758
root/Sub-SaharanAfrica/Angola,root/Sub-SaharanAfrica,0,0,0,0,0,0,0,0,0,0,0,0,0,0,0,0,0,0,0,0,0,0,0,0,0,0,0,0,0,0,0,0,0,0,0,0,0,0,0,0,0,0,0,0,24.3400001525879,0,0,0,0,0,0,48.2299995422363,0,0,0,0,0,0
root/Sub-SaharanAfrica/Benin,root/Sub-SaharanAfrica,0,0,0,0,0,0,0,0,0,0,0,0,0,0,0,0,0,0,0,0,0,0,0,0,0,0,0,0,0,0,0,0,0,0,0,0,0,0,0,0,0,0,0,0,0,0,0,0,0,0,35.8499984741211,36.439998626709,0,0,0,0,0,0
root/Sub-SaharanAfrica/Botswana,root/Sub-SaharanAfrica,0,0,0,0,0,0,0,0,0,0,0,0,0,0,0,0,0,0,0,0,0,0,0,0,0,0,0,0,0,0,0,0,0,0,0,0,0,0,0,0,0,0,0,0,0,0,35.6300010681152,0,0,31.6700000762939,29.8199996948242,0,0,32.279998779296896,0,0,0,0
root/Sub-SaharanAfrica/BurkinaFaso,root/Sub-SaharanAfrica,0,0,0,0,0,0,0,0,0,0,0,0,0,0,0,0,0,0,0,0,0,0,0,0,0,0,0,0,0,0,0,0,0,0,0,0,0,0,0,0,0,0,0,0,0,0,71.8399963378906,0,0,0,0,0,0,0,56.2000007629395,0,0,0
root/Sub-SaharanAfrica/Burundi,root/Sub-SaharanAfrica,0,0,0,0,0,0,0,0,0,0,0,0,0,0,0,0,0,0,0,0,0,0,0,0,0,0,0,0,0,0,0,0,0,0,0,0,0,0,0,0,0,0,0,0,0,0,0,0,0,0,0,0,0,0,44.8899993896484,0,0,0
root/Sub-SaharanAfrica/Cameroon,root/Sub-SaharanAfrica,0,0,0,0,0,0,0,0,0,0,0,0,0,0,0,0,0,0,0,0,0,0,0,0,0,0,0,0,0,0,0,0,0,0,0,0,0,0,0,0,0,0,0,0,0,0,0,66.3000030517578,0,0,57.939998626709006,0,0,0,0,0,0,0
root/Sub-SaharanAfrica/Comoros,root/Sub-SaharanAfrica,0,0,0,0,0,0,0,0,0,0,0,0,0,0,0,0,0,0,0,0,0,0,0,0,0,0,0,0,0,0,0,0,0,0,0,0,0,0,0,0,0,0,0,0,14.0900001525879,0,0,0,0,0,0,0,0,0,0,0,0,0
root/Sub-SaharanAfrica/CongoDemRep,root/Sub-SaharanAfrica,0,0,0,0,0,0,0,0,0,0,0,0,0,0,0,0,0,0,0,0,0,0,0,0,0,0,0,0,0,0,0,0,0,0,0,0,0,0,0,0,0,0,0,0,0,0,0,0,0,0,0,0,28.5799999237061,0,0,0,0,0
root/Sub-SaharanAfrica/CongoRep,root/Sub-SaharanAfrica,0,0,0,0,0,0,0,0,0,0,0,0,0,0,0,0,0,0,0,0,0,0,0,0,0,0,0,0,0,0,0,0,0,0,0,0,0,0,0,0,0,0,0,0,0,24.3899993896484,0,0,0,0,0,0,0,0,0,0,0,0
root/Sub-SaharanAfrica/CotedIvoire,root/Sub-SaharanAfrica,0,0,0,0,0,0,0,0,0,0,0,0,0,0,0,0,0,0,0,0,0,0,0,0,0,0,0,0,0,0,0,0,0,0,0,0,0,0,0,0,0,0,0,0,0,0,0,0,0,0,0,0,45.779998779296896,47.869998931884794,0,0,39.9099998474121,0
root/Sub-SaharanAfrica/Ethiopia,root/Sub-SaharanAfrica,0,0,0,0,0,0,0,0,0,0,0,0,0,0,0,0,0,0,0,0,0,0,0,0,0,0,0,0,0,0,0,0,0,0,0,0,0,0,0,0,0,0,0,0,32.7900009155273,78.620002746582,0,0,0,42.0900001525879,40.5099983215332,41.720001220703104,44.25,77.0,0,0,0,0
root/Sub-SaharanAfrica/Gabon,root/Sub-SaharanAfrica,0,0,0,0,0,0,0,0,0,0,0,0,0,0,0,0,0,0,0,0,0,0,0,0,0,0,0,0,0,0,0,0,0,0,0,0,0,0,0,0,0,0,0,0,0,0,0,0,0,0,14.4300003051758,0,0,0,0,0,0,0
root/Sub-SaharanAfrica/GambiaThe,root/Sub-SaharanAfrica,0,0,0,0,0,0,0,0,0,0,0,0,0,0,0,0,0,0,0,0,0,0,0,0,0,0,0,0,0,0,0,0,0,0,0,0,0,0,0,0,0,0,0,0,0,0,0,0,0,0,0,0,42.069999694824205,0,0,0,0,0
root/Sub-SaharanAfrica/Ghana,root/Sub-SaharanAfrica,0,0,0,0,0,0,0,0,0,0,0,0,0,0,0,0,0,0,0,0,0,0,0,0,0,0,0,0,0,0,0,0,0,0,0,0,0,0,0,0,0,0,0,0,0,0,38.8699989318848,0,0,0,38.8499984741211,0,0,53.41999816894529,0,39.1599998474121,0,0
root/Sub-SaharanAfrica/Guinea,root/Sub-SaharanAfrica,0,0,0,0,0,0,0,0,0,0,0,0,0,0,0,0,0,0,0,0,0,0,0,0,0,0,0,0,0,0,0,0,0,0,0,0,0,0,0,0,0,0,39.0499992370605,0,0,0,0,0,0,0,0,0,0,0,0,0,0,0
root/Sub-SaharanAfrica/Kenya,root/Sub-SaharanAfrica,0,0,0,0,0,0,0,0,0,0,0,0,0,0,0,0,0,0,0,0,0,0,0,0,0,0,0,0,0,0,0,0,0,0,0,0,0,0,0,39.2400016784668,0,0,0,0,0,0,0,0,0,0,0,0,0,0,0,0,0,0
root/Sub-SaharanAfrica/Lesotho,root/Sub-SaharanAfrica,0,0,0,0,0,0,0,0,0,0,0,0,0,0,0,0,0,0,0,0,0,0,0,0,0,0,0,0,0,0,0,0,0,0,0,0,0,0,0,0,0,0,0,0,0,0,0,0,19.159999847412102,0,0,0,0,37.3400001525879,0,0,0,0
root/Sub-SaharanAfrica/Liberia,root/Sub-SaharanAfrica,0,0,0,0,0,0,0,0,0,0,0,0,0,0,0,0,0,0,0,0,0,0,0,0,0,0,0,0,0,0,0,0,0,0,0,0,0,0,0,0,0,0,0,0,0,0,0,0,0,0,31.6599998474121,0,0,0,0,0,0,0
root/Sub-SaharanAfrica/Madagascar,root/Sub-SaharanAfrica,0,0,0,0,0,0,0,0,0,0,0,0,0,0,0,0,0,0,0,0,0,0,0,0,0,0,0,0,0,0,0,0,0,0,0,0,0,0,0,0,0,0,0,0,0,0,0,0,0,0,0,0,89.2099990844727,0,0,73.5,0,0
root/Sub-SaharanAfrica/Malawi,root/Sub-SaharanAfrica,0,0,0,0,0,0,0,0,0,0,0,0,0,0,0,0,0,0,0,0,0,0,0,0,0,0,0,0,0,0,0,0,0,0,0,0,0,0,0,0,0,0,0,0,0,0,0,0,0,0,0,0,0,62.0200004577637,0,0,0,0
root/Sub-SaharanAfrica/Mali,root/Sub-SaharanAfrica,0,0,0,0,0,0,0,0,0,0,0,0,0,0,0,0,0,0,0,0,0,0,0,0,0,0,0,0,0,0,0,0,0,0,0,0,0,0,0,0,0,0,0,0,0,0,0,0,0,0,62.470001220703104,0,0,0,60.880001068115206,51.5900001525879,49.310001373290994,0
root/Sub-SaharanAfrica/Mauritania,root/Sub-SaharanAfrica,0,0,0,0,0,0,0,0,0,0,0,0,0,0,0,0,0,0,0,0,0,0,0,0,0,0,0,0,0,0,0,0,0,0,0,0,0,0,0,0,0,0,0,0,0,0,0,0,0,0,0,0,29.4500007629395,0,0,0,0,0
root/Sub-SaharanAfrica/Mauritius,root/Sub-SaharanAfrica,0,0,0,0,0,0,0,0,0,0,0,0,0,0,0,0,0,0,0,0,0,0,0,0,0,0,0,0,0,0,0,0,0,0,0,0,0,0,0,0,0,0,0,0,0,0,0,0,0,0,39.8325996398926,40.8899993896484,40.8499984741211,0,41.7999992370605,0,0,0
root/Sub-SaharanAfrica/Mozambique,root/Sub-SaharanAfrica,0,0,0,0,0,0,0,0,0,0,0,0,0,0,0,0,0,0,0,0,0,0,0,0,0,0,0,0,0,0,0,0,0,0,0,0,0,0,0,0,0,0,0,0,0,0,0,0,0,0,0,0,39.8699989318848,0,0,57.189998626709006,0,0
root/Sub-SaharanAfrica/Namibia,root/Sub-SaharanAfrica,0,0,0,0,0,0,0,0,0,0,0,0,0,0,0,0,0,0,0,0,0,0,0,0,0,0,0,0,0,0,0,0,0,0,0,0,0,0,0,0,0,0,0,0,0,0,0,0,0,0,0,25.2999992370605,24.0900001525879,22.600000381469698,22.440000534057603,0,24.2099990844727,0
root/Sub-SaharanAfrica/Niger,root/Sub-SaharanAfrica,0,0,0,0,0,0,0,0,0,0,0,0,0,0,0,0,0,0,0,0,0,0,0,0,0,0,0,0,0,0,0,0,0,0,0,0,0,0,0,0,0,0,0,0,0,0,0,0,0,0,0,82.88999938964841,0,0,0,0,0,0
root/Sub-SaharanAfrica/Nigeria,root/Sub-SaharanAfrica,0,0,0,0,0,0,0,0,0,0,0,0,0,0,0,0,0,0,0,0,0,0,0,0,0,0,0,0,0,0,0,0,0,0,0,0,0,0,0,0,0,0,0,0,0,0,0,0,0,0,0,0,0,23.489999771118196,0,0,0,0
root/Sub-SaharanAfrica/Rwanda,root/Sub-SaharanAfrica,0,0,0,0,0,0,0,0,0,0,0,0,0,0,0,0,0,0,0,0,0,0,0,0,0,0,0,0,0,0,0,0,0,0,0,0,0,0,0,0,0,0,0,0,0,0,0,0,0,0,0,0,0,0,64.80999755859379,0,0,0
root/Sub-SaharanAfrica/Senegal,root/Sub-SaharanAfrica,0,0,0,0,0,0,0,0,0,0,0,0,0,0,0,0,0,0,0,0,0,0,0,0,0,0,0,0,0,0,0,0,0,0,0,0,0,0,0,0,0,0,0,0,0,0,47.25,0,0,0,0,47.2599983215332,0,0,0,31.3799991607666,0,0
root/Sub-SaharanAfrica/Seychelles,root/Sub-SaharanAfrica,0,0,0,0,0,0,0,0,0,0,0,0,0,0,0,0,0,0,0,0,0,0,0,0,0,0,0,0,0,0,0,0,0,0,0,0,0,0,0,0,0,0,0,0,0,0,0,0,0,0,0,50.4000015258789,0,0,0,51.970001220703104,0,0
root/Sub-SaharanAfrica/SierraLeone,root/Sub-SaharanAfrica,0,0,0,0,0,0,0,0,0,0,0,0,0,0,0,0,0,0,0,0,0,0,0,0,0,0,0,0,0,0,0,0,0,0,0,0,0,0,0,0,0,0,0,0,0,0,0,0,0,0,0,0,0,0,19.8500003814697,0,0,0
root/Sub-SaharanAfrica/SouthAfrica,root/Sub-SaharanAfrica,0,0,0,0,0,0,0,0,0,0,0,0,0,0,0,0,0,0,0,0,0,0,0,0,0,0,0,0,0,0,0,0,0,0,0,0,0,0,0,0,0,0,0,0,0,0,0,0,19.6499996185303,16.9400005340576,14.9200000762939,14.779999732971199,14.5600004196167,14.5100002288818,14.3999996185303,15.8199996948242,15.039999961853,14.9300003051758
root/Sub-SaharanAfrica/SouthSudan,root/Sub-SaharanAfrica,0,0,0,0,0,0,0,0,0,0,0,0,0,0,0,0,0,0,0,0,0,0,0,0,0,0,0,0,0,0,0,0,0,0,0,0,0,0,0,0,0,0,0,0,0,0,0,0,50.3899993896484,0,0,0,0,0,0,0,0,0
root/Sub-SaharanAfrica/Tanzania,root/Sub-SaharanAfrica,0,0,0,0,0,0,0,0,0,0,0,0,0,0,0,0,0,0,0,0,0,0,0,0,0,0,0,0,0,0,0,0,0,0,0,0,0,0,0,0,0,73.8199996948242,0,0,0,0,74.9899978637695,0,0,0,0,62.0999984741211,0,66.8000030517578,72.0800018310547,0,0,0
root/Sub-SaharanAfrica/Togo,root/Sub-SaharanAfrica,0,0,0,0,0,0,0,0,0,0,0,0,0,0,0,0,0,0,0,0,0,0,0,0,0,0,0,0,0,0,0,0,0,0,0,0,0,0,0,0,0,0,0,0,0,0,0,0,0,0,0,62.529998779296896,0,0,0,0,0,0
root/Sub-SaharanAfrica/Uganda,root/Sub-SaharanAfrica,0,0,0,0,0,0,0,0,0,0,0,0,0,0,0,0,0,0,0,0,0,0,0,0,0,0,0,0,0,0,0,0,0,0,0,0,0,0,0,0,0,0,0,0,0,0,0,0,0,0,0,0,53.58000183105471,0,0,0,0,0
root/Sub-SaharanAfrica/Zimbabwe,root/Sub-SaharanAfrica,0,0,0,0,0,0,0,0,0,0,0,0,0,0,0,0,0,0,0,0,0,0,0,0,0,0,0,0,0,0,0,0,0,0,0,0,0,0,0,0,0,0,43.060001373290994,0,73.9300003051758,0,0,0,0,0,0,72.2099990844727,0,0,75.370002746582,0,0,0
