root/EastAsia&Pacific,root,23.858329534530625,103.37026977539064,62.8653609752655,73.406350851059,104.19457983970642,71.28257036209104,71.69993877410896,94.47537994384766,128.17214918136617,95.07452011108391,60.25020074844361,140.95439958572385,115.68611955642712,121.16164994239813,122.62377166748044,90.96109962463389,95.85990190505977,71.70201921463004,88.9878004789353,94.85213959217064,117.16041231155397,65.8349591493607,135.43707168102273,123.67758154869088,120.64127826690661,54.71307039260867,101.5193676948548,83.30445837974548,117.45115943253035,132.3915803078562,106.45937883853905,139.89331904053694,141.30012053251264,124.10938054323202,131.07986074686042,151.30168023705485,149.36696937680244,161.3088204041124,144.32251915335647,135.8058000653983,134.9090997502209,123.20321978628643,162.36935755610472,146.00413021445272,183.8481493890284,192.08035123348233,130.23404118418694,7.1562800407409695
root/EastAsia&Pacific/Australia,root/EastAsia&Pacific,0,7.02135992050171,0,7.1244101524353,7.30228996276855,7.069260120391849,6.83239984512329,6.34531021118164,5.949960231781009,5.9050998687744105,5.817669868469241,5.66025018692017,5.76609992980957,6.2898998260498,6.70035982131958,5.60591983795166,5.60923004150391,5.4986400604248,5.397640228271481,5.47790002822876,5.53068017959595,5.96697998046875,6.095149993896481,6.46561002731323,6.625609874725339,5.99678993225098,5.867159843444821,5.88018989562988,5.88282012939453,5.95950984954834,6.05466985702515,6.107150077819821,6.327499866485599,6.42332983016968,6.60768985748291,6.61007022857666,6.73426008224487,6.7758297920227095,6.54392004013062,6.603509902954099,7.199049949646,7.261469841003421,7.17932987213135,6.98932981491089,6.94212007522583,3.7931499481201203,3.7576498985290496,0
root/EastAsia&Pacific/BruneiDarussalam,root/EastAsia&Pacific,0,0,0,0,0,0,0,21.613639831543,21.4624996185303,24.888090133667003,23.4981803894043,26.7575798034668,26.2925300598145,25.446279525756804,26.296800613403303,0,27.2260208129883,0,0,0,0,15.567770004272498,14.9690799713135,13.7453203201294,13.837240219116199,0,0,0,0,0,0,0,0,0,0,4.311920166015629,3.87536001205444,4.37874984741211,2.90526008605957,2.34328007698059,2.76603007316589,2.47674989700317,2.33667993545532,1.87217998504639,3.09897994995117,3.8542499542236297,3.97568988800049,0
root/EastAsia&Pacific/Cambodia,root/EastAsia&Pacific,0,0,0,0,0,0,0,0,0,0,0,0,0,0,0,0,0,0,0,0,0,0,0,0,0,0,0,0,0,0,0,0,0,0,0,0,13.643369674682601,22.0109806060791,20.541259765625,0,22.0987491607666,17.848079681396502,17.132379531860398,0,17.624309539794897,17.624309539794897,14.271690368652301,0
root/EastAsia&Pacific/China,root/EastAsia&Pacific,0,0,0,0,0,0,0,0,0,0,0,0,0,0,0,0,0,22.806829452514602,22.2664604187012,20.8160190582275,19.6692008972168,18.3399295806885,17.6685104370117,16.1086406707764,15.0095300674438,14.526650428772,12.9922199249268,11.603119850158699,0,0,0,0,0,0,0,0,0,0,0,0,0,0,0,0,0,0,0,0
root/EastAsia&Pacific/Fiji,root/EastAsia&Pacific,0,0,0,0,0,0,0,0,0,0,0,0,0,0,0,0,0,0,0,0,0,0,4.19285011291504,0,4.49748992919922,4.758450031280519,4.97553014755249,4.942870140075679,5.99691009521484,5.440509796142581,5.11464023590088,4.72544002532959,4.72489976882935,5.26835012435913,5.98770999908447,0,5.67355012893677,5.900169849395749,5.81316995620728,5.32847023010254,0,5.3548898696899405,4.84734010696411,8.15616989135742,0,7.4020299911499,0,0
root/EastAsia&Pacific/HongKongSARChina,root/EastAsia&Pacific,0,24.9020099639893,24.1499404907227,24.102420806884798,23.3403301239014,22.8618507385254,22.554859161377,21.323860168457,19.8337898254395,17.186420440673803,9.356160163879391,8.27989959716797,7.66174983978271,7.215980052948001,7.027239799499509,6.608850002288821,0,0,0,0,0,0,0,0,0,3.2194800376892103,2.86326003074646,0,0,0,0,5.34672021865845,5.32273006439209,4.92138004302979,4.23758983612061,3.6713399887085,3.23616003990173,3.22460007667542,3.2264199256897004,3.1296799182891806,2.9817900657653795,2.7603399753570597,2.4999399185180695,2.27130007743835,1.8431600332260099,1.6166900396347,2.49433994293213,0
root/EastAsia&Pacific/Indonesia,root/EastAsia&Pacific,0,13.5333595275879,13.1653900146484,0,12.598899841308599,11.6697902679443,10.7582597732544,10.6968698501587,10.696100234985401,0,0,13.056750297546401,10.0704002380371,9.0600004196167,12.4643001556396,12.2837495803833,11.485790252685499,11.822279930114698,9.4002799987793,8.94546985626221,8.96218013763428,8.5525598526001,7.87058019638062,8.04586982727051,8.13379955291748,7.710820198059079,7.72812986373901,7.72812986373901,0,0,0,5.9487800598144505,5.72761011123657,7.0389699935913095,7.15638017654419,7.15638017654419,3.19807004928589,3.19807004928589,3.19807004928589,3.1974101066589395,2.8719899654388397,2.78251004219055,2.7809000015258802,3.01011991500854,2.9279000759124796,0,1.34124994277954,0
root/EastAsia&Pacific/Kiribati,root/EastAsia&Pacific,0,0,0,0,0,0,0,0,0,17.7077007293701,0,20.8622894287109,22.2969093322754,22.2230396270752,20.9792308807373,19.0922603607178,17.1254997253418,15.292249679565401,0,14.3425703048706,0,12.691069602966301,12.428210258483901,13.4407901763916,12.071430206298801,11.5590295791626,10.8281698226929,10.7820796966553,0,0,2.1213800907135,2.6699800491333,0,0,0,0,0,0,0,0,0,0,0,0,6.7070198059082005,4.480050086975099,5.195499897003169,0
root/EastAsia&Pacific/KoreaDemPeople’sRep,root/EastAsia&Pacific,0,0,0,0,0,0,0,0,0,0,0,0,0,0,0,0,0,0,0,0,0,0,0,0,0,0,0,0,0,0,0,0,0,0,0,0,0,0,0,2.60824990272522,0,0,0,0,0,0,0,0
root/EastAsia&Pacific/KoreaRep,root/EastAsia&Pacific,0,8.66184043884277,8.41670989990234,8.993120193481449,8.42185974121094,7.35731983184814,6.90882015228271,6.449639797210691,6.17596006393433,5.75333976745605,4.86527013778687,5.0766301155090305,4.43896007537842,3.81685996055603,3.95180988311768,3.26549005508423,2.63909006118774,2.14232993125916,1.83194005489349,1.25520002841949,1.3258199691772499,1.2181500196456898,1.4019900560379,1.59214997291565,2.05166006088257,2.0846400260925297,2.017009973526,1.86216998100281,0.8223800063133241,1.10315001010895,1.36179995536804,1.0088700056075999,1.10519003868103,1.26618003845215,1.94493997097015,1.31466996669769,1.2152999639511102,1.32571995258331,1.7330000400543202,2.1099100112915,1.4646699428558303,1.95624995231628,2.35842990875244,2.6471500396728502,2.46901988983154,0.758040010929108,0,0
root/EastAsia&Pacific/LaoPDR,root/EastAsia&Pacific,0,0,0,0,0,0,0,0,0,0,0,0,0,0,0,0,0,0,36.58481979370121,0,34.103851318359396,0,39.4728202819824,38.2679100036621,36.6446189880371,0,37.3185386657715,35.410099029541,33.2854194641113,31.2742900848389,29.0827293395996,27.985549926757802,27.9207401275635,27.004339218139602,27.3425407409668,27.8229904174805,27.8362197875977,26.6776294708252,26.0829906463623,25.6219692230225,23.212099075317397,22.6003608703613,21.747789382934602,19.669630050659197,18.1949996948242,16.6969604492188,14.2427396774292,0
root/EastAsia&Pacific/MacaoSARChina,root/EastAsia&Pacific,0,0,0,0,0,0,0,0,0,0,0,0,0,0,0,0,0,0,0,0,19.7601299285889,0,17.3479099273682,0,0,0,0,0,0,14.5864000320435,16.637039184570302,17.6904697418213,17.2714595794678,15.9338703155518,15.226220130920401,14.216199874877901,13.5208301544189,13.467140197753901,13.123629570007301,12.1820802688599,11.7941999435425,10.7210397720337,9.59109973907471,8.64109039306641,6.83230018615723,5.36038017272949,4.7246198654174805,0
root/EastAsia&Pacific/Malaysia,root/EastAsia&Pacific,0.627279996871948,0,0,0,0,0,0,0,0,0,0,0,0,0,0,0,0,0,0,0,0,0,0,0,0,0,0,0,0.161369994282722,0.023420000448823,0.26686000823974604,0.265740007162094,0,0,0,0.39912000298500105,0.375499993562698,0.11330000311136199,0.21698999404907202,0.35769999027252203,0.0950300022959709,0.170059993863106,0.333209991455078,0.40920001268386796,0.394730001688004,0.24553999304771398,0.24775999784469602,0
root/EastAsia&Pacific/MarshallIslands,root/EastAsia&Pacific,0,0,0,0,0,0,0,0,0,0,0,0,0,0,0,0,0,0,0,0,0,0,0,0,0,0,0,0,0,0,0,0,17.506000518798803,0,0,0,0,0,0,0,0,0,0,0,0,9.77416038513184,9.88539981842041,0
root/EastAsia&Pacific/MicronesiaFedSts,root/EastAsia&Pacific,0,0,0,0,0,0,0,0,0,0,0,0,0,0,0,0,0,0,0,0,0,0,0,0,0,0,0,0,0,0,0,0,0,0,0,0,0,0,0,0,0,0,0,0,8.81387042999268,0,0,0
root/EastAsia&Pacific/Mongolia,root/EastAsia&Pacific,0,0,0,0,0,0,0,0,0,0,4.79384994506836,0,0,4.06396007537842,0,0,0,0,0,0,0,0,0,0,0,3.15492010116577,5.949349880218509,5.09579992294312,5.1663498878479,4.756720066070559,4.35407018661499,5.0863299369812,5.51400995254517,12.833720207214402,7.567560195922849,6.27415990829468,4.7708101272583,4.76758003234863,3.6142399311065696,12.193389892578098,18.005880355835,16.931999206543,15.6194496154785,11.662389755249,5.11222982406616,2.97965002059937,2.9646799564361603,0
root/EastAsia&Pacific/Myanmar,root/EastAsia&Pacific,0,27.7255001068115,0,17.9426498413086,28.3750896453857,0,0,0,22.3008193969727,0,0,0,0,0,0,0,0,0,0,0,0,0,0,0,0,0,0,0,0,0,8.49382019042969,6.47363996505737,8.625209808349611,8.4181604385376,9.87588024139404,9.48991966247559,9.38113021850586,9.10875988006592,9.22008037567139,9.2360897064209,9.280070304870609,0,0,0,2.8007199764251696,0,0,7.1562800407409695
root/EastAsia&Pacific/Nauru,root/EastAsia&Pacific,0,0,0,0,0,0,0,0,0,0,0,0,0,0,0,0,0,0,0,0,0,0,0,0,0,0,0,0,0,0,0,0,0,0,0,0,0,8.25911045074463,0,0,0,0,14.417180061340302,0,2.0278799533844,0,1.3827400207519498,0
root/EastAsia&Pacific/NewZealand,root/EastAsia&Pacific,5.9084300994873,6.02023983001709,6.0619101524353,6.0040798187255895,5.587200164794919,6.285399913787839,5.0500998497009295,5.00865983963013,4.6056799888610795,4.35342979431152,4.26898002624512,4.23331022262573,4.66365003585815,4.61452007293701,4.45058012008667,4.27283000946045,4.06120014190674,3.9077699184417702,3.68116998672485,3.5316300392150897,4.07417011260986,3.4985001087188703,3.34997010231018,0,0,0,0,0,0.999409973621368,0.808329999446869,0.675840020179749,0.62610000371933,0.647530019283295,0.5591400265693659,0.38435000181198103,0.473580002784729,0.350329995155334,0.2990700006484989,0.271429985761642,0.18839000165462502,0.20487999916076702,0.21678000688552898,0.24597999453544603,0.25560000538826,0.20737999677658103,0.280200004577637,0.358819991350174,0
root/EastAsia&Pacific/Palau,root/EastAsia&Pacific,0,0,0,0,0,0,0,0,0,0,0,0,0,0,0,0,0,0,0,0,0,0,0,0,0,0,0,0,0,0,0,0,0,0,0,0,0,0,0,0,0,0,0,0,13.3007898330688,0,0,0
root/EastAsia&Pacific/PapuaNewGuinea,root/EastAsia&Pacific,0,0,0,0,0,0,0,0,0,0,0,0,0,0,0,0,0,0,0,0,0,0,0,0,0,0,0,0,0,0,0,0,0,0,0,0,0,0,0,0,0,0,24.9220695495605,0,0,0,0,0
root/EastAsia&Pacific/Philippines,root/EastAsia&Pacific,0,0,0,0,0,0,10.9448404312134,0,0,11.3834896087646,0,15.419219970703098,14.3135499954224,14.705360412597699,14.100700378417999,9.88617992401123,9.73766994476318,10.2319202423096,9.82548999786377,9.825480461120609,9.819600105285641,0,10.6400003433228,10.932680130004899,10.979999542236301,0,10.979999542236301,0,15.0335597991943,17.0912399291992,0,17.496759414672898,16.8917598724365,16.4923095703125,16.2548503875732,16.3308200836182,16.4149703979492,16.3435497283936,16.566839218139602,16.3887805938721,0,0,0,14.1448001861572,0,14.649060249328599,0,0
root/EastAsia&Pacific/Samoa,root/EastAsia&Pacific,0,0,0,0,0,0,0,0,0,0,0,0,0,0,0,0,0,0,0,0,0,0,0,0,6.008019924163821,0,0,0,5.25894021987915,5.824820041656491,6.5689001083374,7.430739879608151,0,0,0,0,0,7.29639005661011,0,7.504300117492679,9.601240158081051,9.34360027313232,9.72245025634766,0,8.7905101776123,8.37551975250244,8.34226989746094,0
root/EastAsia&Pacific/Singapore,root/EastAsia&Pacific,10.667149543762198,8.3056697845459,8.43951034545898,7.28444004058838,7.68436002731323,8.07944965362549,8.65065956115723,9.12520980834961,8.76331996917725,7.89694976806641,7.650090217590329,7.95149993896484,10.2726802825928,9.19944953918457,10.5071296691895,0,0,0,0,7.025869846343991,0,0,0,0,2.22543001174927,1.7022900581359899,0,0,0,0,0,0,0,0,0,0,0,1.6532700061798102,1.7797600030899001,2.02986001968384,0,0,0,0,0,0,0.538529992103577,0
root/EastAsia&Pacific/SolomonIslands,root/EastAsia&Pacific,0,0,0,0,0,0,0,0,0,0,0,0,0,0,0,0,0,0,0,0,0,0,0,0,0,0,0,0,0,0,0,0,0,0,0,23.884550094604503,23.615919113159197,23.6579704284668,0,0,0,0,0,36.8365592956543,36.9813995361328,36.7128410339355,36.6752815246582,0
root/EastAsia&Pacific/Thailand,root/EastAsia&Pacific,0,0,0,1.9552299976348897,2.1082699298858603,0,0,0,0,0,0,0,0,0,0,0,0,0,0,0,0,0,0,0,0,0,0,0,0,0,0,0,0,0,0,0,2.8509700298309304,2.85092997550964,2.8508999347686803,1.09986996650696,0,0,0,0,10.230110168457001,10.3579397201538,0,0
root/EastAsia&Pacific/TimorLeste,root/EastAsia&Pacific,0,0,0,0,0,0,0,0,0,0,0,0,0,0,0,0,0,0,0,0,0,0,0,0,0,0,0,0,0,0,0,0,0,0,0,0,0,0,22.511329650878896,20.162260055542,20.4570407867432,20.0276203155518,20.1609497070313,20.442050933837898,20.1487102508545,19.3263206481934,18.1895904541016,0
root/EastAsia&Pacific/Tonga,root/EastAsia&Pacific,6.65546989440918,7.20029020309448,2.6319000720977797,0,8.776280403137209,7.95949983596802,0,0,9.95438003540039,0,0,0,9.909589767456051,14.5263004302979,16.1456203460693,18.0210399627686,17.9754009246826,0,0,0,13.9147796630859,0,0,15.078610420227099,0,0,0,0,16.9562606811523,18.8226203918457,0,6.82791996002197,0,0,10.547539710998501,8.80694961547852,6.26881980895996,0,0,0,0,0,2.98454999923706,5.50692987442017,6.48803997039795,0,0,0
root/EastAsia&Pacific/Tuvalu,root/EastAsia&Pacific,0,0,0,0,0,0,0,0,0,0,0,0,0,0,0,0,0,0,0,0,0,0,0,0,0,0,0,0,0,0,0,0,0,0,0,0,0,0,0,0,0,0,0,0,0,0.134409993886948,0,0
root/EastAsia&Pacific/Vanuatu,root/EastAsia&Pacific,0,0,0,0,0,0,0,0,0,0,0,21.589969635009798,0,0,0,0,0,0,0,23.631999969482397,0,0,0,0,2.55644989013672,0,0,0,14.901359558105499,15.1486902236938,15.1510896682739,14.7058801651001,14.707770347595199,17.949630737304698,17.946609497070302,13.822999954223599,0,0,0,0,0,0,0,0,0,25.7908592224121,0,0
root/EastAsia&Pacific/Vietnam,root/EastAsia&Pacific,0,0,0,0,0,0,0,13.9121904373169,18.429639816284197,0,0,12.0670003890991,0,0,0,11.9247798919678,0,0,0,0,0,0,0,0,0,0,0,0,12.9863796234131,11.5518798828125,10.576539993286099,9.49724960327148,9.007710456848141,0,0,6.71601009368896,6.40539979934692,0,4.12322998046875,3.52060008049011,2.87637996673584,2.7514700889587402,3.4896299839019798,3.4896299839019798,1.9119700193405198,1.86799001693726,1.6454900503158603,0
root/Europe&CentralAsia,root,0,69.97231912612914,82.7219395637513,116.42987155914298,115.29519128799426,57.40289044380182,96.10251113772392,89.43590012192719,67.935980618,57.435769915580735,155.48700684309003,81.35197061300275,48.581300914287574,51.29813954234131,47.867839977145195,64.32805976271635,80.29442143440245,81.53482088446627,59.85568958520893,56.41979056596752,58.10125932097432,62.38273960351947,56.1758200079202,57.72878983616831,69.33665923774241,79.00374905020001,59.92043992504482,48.42548061348495,34.06837980449199,105.426129758358,115.54915979504585,128.60204939544198,132.949319563806,135.0515994802117,128.4038698375225,135.0757093951106,132.7505904361606,120.27070006728174,124.6753203868866,142.2583904117346,116.00813010148701,115.53292034938933,113.92729974538088,120.75456885620954,131.8532492006198,138.88156966958195,104.98929132334888,0.8383599966764455
root/Europe&CentralAsia/Albania,root/Europe&CentralAsia,0,0,0,0,0,0,0,0,0,0,0,0,0,0,0,0,0,0,0,0,0,0,0,0,0,0,0,0,0,8.45790004730225,8.45792961120605,8.839559555053711,0,8.30601024627686,7.38917016983032,0,0,0,9.11137008666992,8.13504028320313,7.97087001800537,8.21154022216797,8.023059844970701,7.87140989303589,6.56295013427734,6.94055986404419,6.539169788360599,0
root/Europe&CentralAsia/Andorra,root/Europe&CentralAsia,0,0,0,0,0,0,0,0,0,0,0,0,0,0,0,0,0,0,0,0,0,0,0,0,0,0,0,0,0,0,0,0,0,0,0,0,0,0,0,0,0,0,0,0,8.093480110168459,8.35735034942627,8.074390411376951,0
root/Europe&CentralAsia/Armenia,root/Europe&CentralAsia,0,0,0,0,0,0,0,0,0,0,0,0,0,0,0,0,0,0,0,0,0,0,0,0,0,0,0,0,0,0,0,0,2.95580005645752,2.73393988609314,0,2.8589899539947496,2.0682799816131596,1.54139995574951,0,0,0,0,0,0,3.1989200115203897,2.4296300411224396,2.41040992736816,0
root/Europe&CentralAsia/Austria,root/Europe&CentralAsia,0,11.9462203979492,12.2569904327393,12.2005701065063,12.1236000061035,12.0983896255493,12.295280456542999,0,0,0,0,0,0,0,0,0,0,0,0,10.674759864807099,0,0,0,0,0,0,0,0,0,0,0,0,0,0,0,0,0,0,0,0,0,0,0,0,0,0,0,0
root/Europe&CentralAsia/Azerbaijan,root/Europe&CentralAsia,0,0,0,0,0,0,0,0,0,0,0,0,0,0,0,0,0,0,0,0,0,0,0,0,0,0,0,0,4.46978998184204,3.49710011482239,9.22548961639404,12.468720436096199,12.5614795684814,12.376110076904302,12.2718496322632,11.066069602966301,10.4883604049683,10.7058696746826,9.30064010620117,8.719570159912111,8.17047023773193,7.514709949493411,7.08535003662109,6.8814601898193395,6.963580131530759,6.82085990905762,7.3940601348877,0
root/Europe&CentralAsia/Belarus,root/Europe&CentralAsia,0,0,0,0,0,0,0,0,0,0,0,0,0,0,0,0,0,0,0,0,0,0,0,0,0,10.1995897293091,0,0,0,0,0,14.351140022277802,14.356969833374,5.97910976409912,5.81962013244629,5.51377010345459,5.15233993530273,4.60645008087158,4.22048997879028,4.786109924316411,5.0170998573303205,5.07234001159668,5.146399974823,5.063910007476809,5.2797999382019,5.22825002670288,4.94145011901855,0
root/Europe&CentralAsia/Belgium,root/Europe&CentralAsia,0,0,0,0,0,0,0,7.93209981918335,0,5.90537977218628,5.21639013290405,5.799670219421389,5.1138801574707005,5.3054299354553205,4.98891019821167,4.85285997390747,4.2353200912475595,3.98160004615784,3.9229199886322004,0,0,3.47053003311157,3.5695400238037096,4.43476009368896,4.47066020965576,4.39651012420654,4.16628980636597,0,0,3.98094010353088,3.93387007713318,4.01287984848022,4.10687017440796,4.27381992340088,4.43882989883423,4.49470996856689,4.43049001693726,4.2827000617981,4.29779005050659,4.35263013839722,4.38108015060425,4.29923009872437,4.2881498336792,5.72776985168457,5.061870098114009,4.78886985778809,0,0
root/Europe&CentralAsia/BosniaandHerzegovina,root/Europe&CentralAsia,0,0,0,0,0,0,0,0,0,0,0,0,0,0,0,0,0,0,0,0,0,0,0,0,0,0,0,0,0,0,0,0,0,0,0,0,0,0,0,20.0141696929932,2.8247699737548797,2.3208599090576203,2.18821001052856,2.3657500743866,2.6412398815155,3.58116006851196,3.4532101154327406,0
root/Europe&CentralAsia/Bulgaria,root/Europe&CentralAsia,0,0,0,0,0,0,0,0,0,0,0,0,0,0,0,0,0,0,0,0,0,0,0,0,0,0,4.49822998046875,4.7347102165222195,4.915500164031981,5.13594007492065,5.496389865875241,6.12242984771729,6.485119819641111,6.58227014541626,6.457880020141599,6.451350212097171,6.053579807281491,4.72000980377197,3.8199300765991198,3.23516011238098,2.42721009254456,2.2808001041412402,2.23399996757507,2.28127002716064,2.14919996261597,2.01418995857239,1.86319994926453,0
root/Europe&CentralAsia/Croatia,root/Europe&CentralAsia,0,0,0,0,0,0,0,0,0,0,0,0,0,0,0,0,0,0,0,0,0,0,0,0,0,0,0,0,1.53016996383667,1.46947002410889,1.2878999710083001,1.2155100107193,1.24289000034332,1.0249799489975,0,1.08024001121521,1.06189000606537,0.9470700025558471,1.14867997169495,1.24001002311707,1.46729004383087,1.0956599712371802,1.12100994586945,1.0013999938964802,0.9918000102043149,0.995970010757446,0.743300020694733,0
root/Europe&CentralAsia/Cyprus,root/Europe&CentralAsia,0,5.3036398887634295,5.2781400680542,4.61627006530762,3.54789996147156,2.9550399780273398,1.9416300058364901,1.93439996242523,1.4936699867248502,1.1637099981308,0.81852000951767,0.759739995002747,0.590089976787567,0.417769998311996,0,0,0,0,0,0,0,0,0,0,0,0,0,0,0,1.63428997993469,0.80528998374939,1.18326997756958,1.49567997455597,1.24388003349304,1.15500998497009,1.38945996761322,1.75179994106293,1.7340099811554,1.73418998718262,2.2834300994873,1.82462000846863,2.12062001228333,2.16318011283875,2.36918997764587,2.13442993164063,1.7908600568771398,0,0
root/Europe&CentralAsia/Denmark,root/Europe&CentralAsia,0,0,0,0,0,0,0,0,0,0,0,0,0,0,0,0,0,0,0,0,0,0,0,0.9819200038909909,0.97299998998642,1.33940994739532,1.6475100517272903,0,1.7117500305175801,1.6645400524139398,1.69808995723724,0,0,0,2.45184993743896,2.64498996734619,2.8704199790954603,2.8987998962402304,3.2305099964141806,3.235680103302,3.3323900699615496,2.9474899768829306,3.0067300796508802,2.83387994766235,2.8608500957489,2.73148989677429,2.65756011009216,0
root/Europe&CentralAsia/Estonia,root/Europe&CentralAsia,0,0,0,0,0,0,0,0,0,0,0,0,0,0,0,0,0,0,0,0,0,0,0,0,0,2.25281000137329,2.59548997879028,0,3.0229299068450897,3.2193601131439196,3.57924008369446,3.9176700115203897,4.167089939117431,4.2746901512146005,4.12930011749268,3.4884700775146498,2.6184499263763397,2.06244993209839,1.54095995426178,1.2995699644088703,1.14727997779846,0.9978899955749508,0.89563000202179,0.822269976139069,3.71429991722107,3.5505199432373,0,0
root/Europe&CentralAsia/Finland,root/Europe&CentralAsia,0,0,0,0,0,0,0,0,0,0.979309976100922,0,0,0,0,0,0,0,0,0,0,0,0,0,0.377539992332459,0.520349979400635,0.528519988059998,0.553889989852905,0.33759000897407504,0.325659990310669,0.314310014247894,0.38266998529434204,1.03148996829987,1.02779996395111,1.0760300159454301,1.1362799406051598,1.17788994312286,1.3116500377655,1.2206000089645401,1.1815799474716202,1.23271000385284,1.2107399702072101,1.2048100233078,1.2368799448013301,1.2223299741745,1.1499099731445301,1.30788004398346,1.23737001419067,0
root/Europe&CentralAsia/France,root/Europe&CentralAsia,0,15.081939697265598,13.0891399383545,11.2238502502441,10.3773202896118,0,9.78024959564209,9.43960952758789,0,9.69906044006348,9.628049850463869,9.61131000518799,9.90775012969971,10.229849815368699,0,10.159979820251499,10.14564037323,9.07697010040283,8.05599975585938,7.574170112609861,6.87169981002808,6.55891990661621,6.426300048828129,5.95546007156372,6.2853097915649405,5.65651988983154,5.35889005661011,4.65310001373291,0,4.5580301284789995,4.55114984512329,4.59345006942749,4.5246000289917,4.50746011734009,4.40204000473022,5.11920022964478,4.95981979370117,4.82282018661499,5.101659774780269,4.91243982315063,5.0033597946167,4.00669002532959,3.9652099609375,3.7145299911499,3.5011599063873304,3.33166003227234,0,0
root/Europe&CentralAsia/Georgia,root/Europe&CentralAsia,0,0,0,0,0,0,0,0,0,0,0,0,0,0,0,0,0,0,0,0,0,0,0,0,0,0.11059000343084299,0.099480003118515,1.3807200193405198,0,0,0,0,0,0,3.95904994010925,4.3279299736022905,5.7894001007080105,4.8378701210022,5.50142002105713,6.40875005722046,0,4.96324014663696,4.16474008560181,3.6847898960113503,3.0182700157165496,2.75731992721558,2.4354300498962402,0
root/Europe&CentralAsia/Germany,root/Europe&CentralAsia,0,0,0,0,0,0,0,0,0,0,0,0,0,0,0,0,0,0,0,0,0,0,0,0,0,0,0,0,0,2.16622996330261,2.25548005104065,2.18334007263184,2.0346701145172097,1.8436700105667099,1.8023899793624898,1.6568299531936599,1.59527003765106,1.45767998695374,1.4730099439621,1.2977199554443402,1.3304899930954,1.47557997703552,1.56104004383087,1.82035994529724,1.91479003429413,1.5477600097656297,0,0
root/Europe&CentralAsia/Gibraltar,root/Europe&CentralAsia,0,0,0,0,0,0,0,0,0,0,0,0,0,0,0,0,0,0,0,0,0,0,0,0,0,0,0,0,0,0,0,0,0,0,0,0,0,0,0,0,0,0,0,0,0,0,15.915590286254899,0
root/Europe&CentralAsia/Greece,root/Europe&CentralAsia,0,4.76292991638184,4.83931016921997,4.35652017593384,3.81200003623962,3.42297005653381,3.0472500324249303,2.8550400733947794,2.54014992713928,2.42952990531921,2.17531991004944,2.01956009864807,1.78196001052856,1.4510699510574299,1.27515995502472,1.0965000391006499,0.8525099754333499,0.348060011863709,0.343529999256134,0.33507999777793895,0.352589994668961,0.41506999731063793,0.456730008125305,0.463759988546371,0.59127002954483,0.5033900141716,0.468849986791611,1.41754996776581,1.7394200563430802,1.74755001068115,1.81338000297546,1.93241000175476,2.14142990112305,2.09569001197815,1.8973599672317498,1.8456200361251798,1.8335000276565598,1.5248399972915603,0,0,1.73036003112793,1.3602399826049798,1.44491994380951,1.44965004920959,1.3709700107574498,1.5496400594711297,0,0
root/Europe&CentralAsia/Hungary,root/Europe&CentralAsia,0,0,0,0,0,0,0,0,0,0,0,0,0,0,0,0,0,0,0,0,0,0,0,0,4.09895992279053,4.01709985733032,1.6049699783325202,4.24211978912354,4.45315980911255,4.5495500564575195,4.582330226898191,4.19464015960693,3.7939600944519003,3.4955899715423597,3.29146003723145,3.49032998085022,3.72025990486145,3.80063009262085,3.72001004219055,3.5598599910736097,3.2762899398803698,3.0743999481201203,3.13251996040344,3.2005400657653795,3.1001000404357897,2.83049988746643,2.80452990531921,0
root/Europe&CentralAsia/Iceland,root/Europe&CentralAsia,0,0,0,0,0,0,0,0.46288999915123,0,0,0,0,0,0,0,0,0,0,0,0,0,0,0,0,0,0,0.0273800007998943,0.0272599998861551,0.131290003657341,0.11201000213623,0.0671299993991852,0.0849400013685226,0.09852000325918199,0.0667300000786781,0.0580900013446808,0.0714600011706352,0.0591700002551079,0.0631600022315979,0.0500900000333786,0.0535800009965897,0.0270600002259016,0.0339800007641315,0.030629999935627,0.0236699990928173,0.0267600007355213,0.0361599996685982,0,0
root/Europe&CentralAsia/Ireland,root/Europe&CentralAsia,0,13.084059715271001,12.324810028076199,11.838000297546401,11.1409502029419,10.9124603271484,11.1640300750732,11.0409603118896,10.7511701583862,10.4940900802612,10.185370445251499,9.89719009399414,10.1748504638672,10.4607200622559,0,0,11.153019905090302,11.450670242309599,11.4066495895386,11.601469993591301,11.6476001739502,11.770930290222198,12.052370071411099,12.7147397994995,12.648530006408699,12.8087100982666,12.2856502532959,12.026590347289998,1.63847994804382,1.5991200208663898,1.53346002101898,1.5037699937820401,1.4165400266647301,1.3826500177383403,1.37407004833221,1.29762995243073,1.24179995059967,1.15123999118805,0.638499975204468,0.64069002866745,0.5635899901390079,0.616460025310516,0.5908700227737429,0.5826399922370911,0.5575299859046939,0.577400028705597,0,0
root/Europe&CentralAsia/Italy,root/Europe&CentralAsia,0,0,0,6.782710075378421,0,0,7.28331995010376,0,0,2.80061006546021,0,0,0,0,0,1.6186900138855,0,0,0,0,0,0,0,0,0,1.00002002716064,0,0.835290014743805,0,0.949079990386963,1.27249002456665,0.778020024299622,0.821720004081726,0.9203699827194209,0.8368099927902221,1.00347995758057,0.998300015926361,1.02381002902985,1.00309002399445,0.9874500036239621,0.9940699934959408,1.02639997005463,1.05806005001068,2.25679993629456,2.21450996398926,2.15311002731323,0,0
root/Europe&CentralAsia/Kazakhstan,root/Europe&CentralAsia,0,0,0,0,0,0,0,0,0,0,0,0,0,0,0,0,0,0,0,0,0,0,0,0,0,0,0,0,0,0,2.91876006126404,2.9188199043273904,2.66882991790771,2.6009700298309304,2.83411002159119,2.3387300968170197,2.1825799942016597,1.99734997749329,1.7684799432754499,1.4956200122833299,1.24383997917175,1.00994002819061,0.83831000328064,0.7362899780273441,0.692960023880005,0.796639978885651,1.18097996711731,0.31404000520706205
root/Europe&CentralAsia/KyrgyzRepublic,root/Europe&CentralAsia,0,0,0,0,0,0,0,0,0,0,0,0,0,0,0,0,0,0,0,0,0,0,0,0,0,0,0,0,0,1.50453996658325,2.09107995033264,1.54690003395081,1.74144995212555,3.12772989273071,0,2.9418098926544203,2.80423998832703,2.63129997253418,2.5240499973297097,2.70888996124268,2.26995992660522,2.15339994430542,1.9559999704361,1.69210004806519,1.6307699680328402,1.4529800415039098,1.39745998382568,0
root/Europe&CentralAsia/Latvia,root/Europe&CentralAsia,0,0,0,0,0,0,0,0,0,0,0,0,0,0,0,0,0,0,0,0,0,0,0,0,0,0,0,0,0,1.73752999305725,0,0,0,0,0,0,0,0,5.731289863586429,5.20414018630981,4.65560007095337,3.9386599063873304,3.62226009368896,3.4367299079895,3.17563009262085,2.7671899795532204,0,0
root/Europe&CentralAsia/Liechtenstein,root/Europe&CentralAsia,0,0,0,0,0,0,0,0,0,0,0,0,0,0,0,0,0,0,0,0,0,0,0,0,0,0,0,0,0,0,0,0,0,1.98377001285553,2.7802300453186,2.31936001777649,2.2696900367736803,2.89661002159119,2.6413300037384,2.53165006637573,2.7092399597168,1.7378400564193701,2.07070994377136,0,1.81440997123718,1.4162900447845501,1.70169997215271,0
root/Europe&CentralAsia/Lithuania,root/Europe&CentralAsia,0,0,0,0,0,0,0,0,0,0,0,0,0,0,0,0,0,0,0,0,0,0,0,0,0,0,0,0,2.24718999862671,4.50557994842529,4.16992998123169,4.16063976287842,4.2529501914978,4.22954988479614,4.06542015075684,3.5185499191284197,2.9350800514221205,2.7542500495910605,2.40644001960754,2.02785992622375,1.74753999710083,1.6058000326156598,1.4543600082397499,1.24188005924225,1.0794099569320699,1.03390002250671,0.9537799954414371,0
root/Europe&CentralAsia/Luxembourg,root/Europe&CentralAsia,0,0,15.984589576721199,15.230750083923303,15.7204999923706,4.1480398178100595,4.44784021377563,4.73960018157959,4.60565996170044,0,0,11.409779548645,5.95688009262085,6.246709823608401,6.87474012374878,0,8.32159042358398,11.521470069885302,9.69412040710449,0,0,0,0,0,0,0,0,0,0,3.2706699371337904,3.71556997299194,3.86580991744995,3.8921298980712904,4.03743982315063,4.0372200012207005,4.0381498336792,4.349299907684331,4.19984006881714,4.11451005935669,0,4.1577901840210005,3.76648998260498,3.45227003097534,3.3730499744415297,3.33285999298096,3.24331998825073,0,0
root/Europe&CentralAsia/MacedoniaFYR,root/Europe&CentralAsia,0,0,0,0,0,0,0,0,0,0,0,0,0,0,0,0,0,0,0,0,0,0,0,0,0,0,0,0,1.84789001941681,1.85061001777649,1.40120005607605,1.36421000957489,1.3252500295639,1.01942002773285,1.20499002933502,1.2174400091171298,1.09572005271912,1.07025003433228,0.8741599917411801,0.94419002532959,0.731320023536682,0,1.17544996738434,1.02869999408722,1.13899004459381,0.838029980659485,0,0
root/Europe&CentralAsia/Moldova,root/Europe&CentralAsia,0,0,0,0,0,0,0,0,0,0,0,0,0,0,0,0,0,0,0,0,0,0,0,0,0,0,0,0,0,0,3.59723997116089,3.7280099391937296,3.6709098815918,3.6184101104736297,3.80521988868713,4.7600197792053205,6.55638980865479,4.45405006408691,3.74862003326416,3.34734010696411,3.0283899307251,2.49863004684448,2.43237996101379,2.31844997406006,1.96791994571686,1.8392299413681001,1.66781997680664,0
root/Europe&CentralAsia/Monaco,root/Europe&CentralAsia,0,0,0,0,0,0,0,0,0,0,0,0,0,0,0,0,0,0,0,0,0,0,0,0,0,0,0,0,0,0,0,0,0,0,0,0,0,0,0,3.86500000953674,0,0,0,0,0,0,1.6991499662399299,0
root/Europe&CentralAsia/Montenegro,root/Europe&CentralAsia,0,0,0,0,0,0,0,0,0,0,0,0,0,0,0,0,0,0,0,0,0,0,0,0,0,0,0,0,0,0,0,0,0,1.2186199426651,0,0.513059973716736,1.1022200584411599,1.87101995944977,0.7705900073051449,0,0,0.8612300157547,1.09222996234894,0,0,1.49528002738953,2.1415901184082,0
root/Europe&CentralAsia/Netherlands,root/Europe&CentralAsia,0,8.47756958007813,8.06604957580566,7.63911008834839,7.58393001556396,7.4236102104187,7.46491003036499,7.50537014007568,7.414559841156009,7.270050048828129,7.3443398475647,7.621300220489499,8.2209300994873,8.40939998626709,8.31507015228271,8.03649044036865,7.20454978942871,6.96173000335693,7.01953983306885,6.97795009613037,6.90494012832642,6.96445989608765,3.29545998573303,3.4321599006652797,7.49572992324829,7.28459978103638,7.21518993377686,7.2317600250244105,0,7.424059867858889,7.424320220947269,6.95453977584839,7.13808012008667,8.08638954162598,8.120180130004881,8.08152008056641,7.97838020324707,7.800970077514651,7.61996984481812,7.38735008239746,7.309030055999759,6.967289924621579,6.93901014328003,0,0,6.108349800109861,5.77153015136719,0
root/Europe&CentralAsia/Norway,root/Europe&CentralAsia,0,5.6987600326538095,5.029029846191411,0,0,0,0.769490003585815,0.7498900294303891,0.7197399735450741,0.6063600182533261,90.0851669311523,0.796029984951019,0.813870012760162,0,0.23064999282360102,0.287059992551804,0.251060009002686,0.25984999537467995,0.285279989242554,0.258980005979538,0.22633999586105302,0.210060000419617,0.18767000734806102,0.16718000173568698,0.171670004725456,0.148379996418953,0.16211999952793102,0.169080004096031,0,0,0,0,0,0,0,0,0,0,0,0,0,0,0,0,0,0,0,0
root/Europe&CentralAsia/Poland,root/Europe&CentralAsia,0,0,0,0,0,0,0,0,0,0,0,0,0,0,0,0,0,0,0,0,0,0,0,0,0,0,0,0,0,2.0656099319458003,1.90093994140625,1.7253199815750102,1.5742299556732198,1.45899999141693,1.4461599588394198,1.41735994815826,1.3985300064086899,1.43717002868652,1.48222994804382,1.3625500202179,1.36371004581451,1.36924004554749,1.3061599731445301,1.26223003864288,1.21208000183105,1.0980399847030602,0.9106400012969971,0
root/Europe&CentralAsia/Portugal,root/Europe&CentralAsia,0,0,0,23.2653408050537,24.343450546264602,0,22.8387508392334,22.391469955444304,20.8675708770752,0,20.7177696228027,20.091640472412102,0,0,16.9639892578125,18.854299545288104,18.7550201416016,18.7031002044678,0,0,16.5451393127441,17.343599319458,14.941960334777802,13.6411399841309,18.311809539794897,13.9319295883179,11.831500053405799,0,0,13.158109664917,14.733489990234402,12.9442501068115,10.303279876709,10.1436195373535,10.9215097427368,10.852100372314501,10.6255502700806,9.139039993286131,8.68669033050537,7.99382019042969,7.38676023483276,7.016540050506589,6.83473014831543,8.62800979614258,8.92545986175537,8.82649993896484,8.47667026519775,0
root/Europe&CentralAsia/Romania,root/Europe&CentralAsia,0,0,0,0,0,0,0,0,0,0,0,0,0,0,0,0,0,0,0,0,0,0,0,0,0,0,0,0,4.4163498878479,4.9433798789978,5.307819843292241,6.07325983047485,5.56850004196167,5.21423006057739,4.81506013870239,4.653429985046389,4.98765993118286,4.5937800407409695,4.05431985855103,3.6892299652099596,3.7102301120758097,3.71663999557495,3.7079598903656,0,0,3.2454400062561,3.08822989463806,0
root/Europe&CentralAsia/RussianFederation,root/Europe&CentralAsia,0,0,0,0,0,0,0,0,0,0,0,0,0,0,0,0,0,0,0,0,0,0,0,0,0,0,0,0,0,0,0,0,0,0,0,0,0,0,0,0,0,0,0,0,0.00669000018388033,0.00626999977976084,0.00681000016629696,0
root/Europe&CentralAsia/SanMarino,root/Europe&CentralAsia,0,0,0,0,0,0,0,0,0,2.26699995994568,0,1.4579199552536002,0,0,0.68681001663208,0,0,0,0,0,0,0,0,0,0,0,0,0,0,0,0.640510022640228,0,0,0,0,0,0,0,0.254290014505386,0.31887999176979104,0.317059993743896,0.383879989385605,0.508260011672974,0,0,0,0,0
root/Europe&CentralAsia/Serbia,root/Europe&CentralAsia,0,0,0,0,0,0,0,0,0,0,0,0,0,0,0,0,0,0,0,0,0,0,0,0,0,0,0,0,0,0,0,0,0,0,0,0,0,0.800159990787506,0.7657399773597721,0.869000017642975,0.8051999807357791,1.8178700208663898,1.71248996257782,1.51910996437073,0.809469997882843,0.876370012760162,0.799199998378754,0
root/Europe&CentralAsia/Slovenia,root/Europe&CentralAsia,0,0,0,0,0,0,0,0,0,0,0,0,0,0,0,0,0,0,0,0,0,0,0,0,0,1.81927001476288,1.4042700529098502,1.7579300403595,1.61880004405975,1.77854001522064,1.60506999492645,0,1.7984000444412198,1.2229399681091297,1.02172994613647,2.5741798877716096,4.64974021911621,0.348639994859695,0.53591001033783,0.9859600067138671,1.07406997680664,1.31280994415283,1.27634000778198,1.6141999959945699,1.5065200328826898,1.60263001918793,0,0
root/Europe&CentralAsia/Spain,root/Europe&CentralAsia,0,0,0,13.181539535522498,0,9.546990394592289,7.34818983078003,7.83449983596802,6.67504978179932,6.434899806976321,6.51487016677856,6.52880001068115,0,6.1926999092102095,5.967150211334231,5.51291990280151,5.2923002243042,5.1130700111389205,5.70152997970581,5.01138019561768,5.02549982070923,4.92360019683838,4.815639972686769,5.34522008895874,4.9444298744201705,4.2470998764038095,4.14033985137939,3.18055009841919,0,2.50602006912231,2.5627601146698,2.5901300907135,2.7532300949096697,2.9254701137542702,3.0065898895263703,3.1916699409484903,3.13473010063171,3.0681300163269003,3.03947997093201,3.03724002838135,3.1002299785614,2.88697004318237,2.90177989006042,5.7335000038147,5.45233011245728,5.28822994232178,5.16050004959106,0
root/Europe&CentralAsia/Sweden,root/Europe&CentralAsia,0,0,0,0,0,0,0.49922999739646895,0,0,0,0,0,0.541819989681244,0,0,0,0,0,0,0,0,0,0,0,0,0,0,0,0,6.34196996688843,6.03283023834229,6.172430038452151,6.67037010192871,7.207880020141599,0,0,0,0,0,0,0,0,0,16.360519409179698,16.58424949646,17.3961601257324,0,0
root/Europe&CentralAsia/Switzerland,root/Europe&CentralAsia,0,0,0,0,0,0,0,5.24870014190674,5.5176100730896,0,0,2.55265998840332,2.63304996490479,2.58449006080627,2.5653600692749,2.5205299854278596,2.3664600849151602,2.22428011894226,2.1377499103546103,2.05668997764587,2.06135988235474,2.06826996803284,2.05756998062134,1.9235099554061899,1.95421004295349,1.78797996044159,1.86038994789124,0,0,2.2031300067901602,2.16392993927002,2.10508990287781,2.17664003372192,2.21387004852295,2.26013994216919,2.2488598823547403,2.19299006462097,2.09219002723694,2.0091700553894,1.95000004768372,1.93499004840851,1.81684994697571,1.62783002853394,1.4992500543594398,1.4478600025177,1.51549005508423,1.48292994499207,0
root/Europe&CentralAsia/Tajikistan,root/Europe&CentralAsia,0,0,0,0,0,0,0,0,0,0,0,0,0,0,0,0,0,0,0,0,0,0,0,0,0,0,0,0,0,0,0,0,0,0,0.6043999791145319,0.899609982967377,0.5276899933815,0.476249992847443,0.173639997839928,0.345770001411438,0.34981000423431396,0.279509991407394,0.25644999742507896,0,0.18025000393390697,0.126029998064041,0.0956199988722801,0.0753500014543533
root/Europe&CentralAsia/Turkey,root/Europe&CentralAsia,0,0,0,0,20.0051002502441,0,0,0,0,0,0,0,0,0,0,11.3887300491333,11.7169504165649,11.894020080566401,11.288370132446301,9.59006023406982,8.466090202331541,8.657299995422362,8.37257957458496,8.29139995574951,6.87072992324829,6.97132015228271,0,6.43123006820679,0,7.08095979690552,4.34142017364502,4.03940010070801,4.478620052337651,3.78310990333557,3.1680099964141806,3.1053900718689,2.80303001403809,2.37363004684448,2.6066300868987997,4.644879817962651,5.10872983932495,5.76217985153198,5.9829998016357395,5.62664985656738,4.7803897857666,3.3801600933075,0,0
root/Europe&CentralAsia/Ukraine,root/Europe&CentralAsia,0,0,0,0,0,0,0,0,0,0,0,0,0,0,0,0,0,0,0,0,0,0,0,0,0,0,0,0,0,0,0,0,9.70530986785889,8.77618026733398,8.78349018096924,15.7263498306274,11.5585498809814,10.289299964904801,9.47607040405273,8.95228958129883,8.28308963775635,7.94891023635864,7.40951013565063,7.4824099540710405,7.30746984481812,7.031079769134519,7.077380180358889,0
root/Europe&CentralAsia/UnitedKingdom,root/Europe&CentralAsia,0,5.617199897766111,5.85387992858887,6.095210075378421,6.64043998718262,6.89539003372192,7.22234010696411,7.30137014389038,7.3508000373840305,7.385769844055179,2.8012099266052206,2.80637001991272,2.8462200164794904,0,0,0,0,0,0,2.33925008773804,0,0,0,0,0,0,0,0,0,0,0,0,0,0,2.6583499908447297,1.6996999979019198,1.5937399864196797,1.4362299442291298,1.0926300287246702,1.1219600439071697,1.09450995922089,1.03369998931885,1.0581200122833299,1.1004600524902302,1.06666994094849,1.1258499622345,0,0
root/Europe&CentralAsia/Uzbekistan,root/Europe&CentralAsia,0,0,0,0,0,0,0,0,0,0,0,0,0,0,0,0,0,0,0,0,0,0,0,0,0,0,0,0,0,0,0,0,0,0,0,0,0,1.1391299962997399,1.22516000270844,1.08019995689392,0.927990019321442,1.02559995651245,0.9750999808311459,0.927410006523132,1.23443996906281,1.05096995830536,0.907630026340485,0.4489699900150301
root/LatinAmerica&Caribbean,root,188.3533277511598,156.271481513977,221.19132995605463,181.2269325256347,124.24462985992427,157.96144199371335,153.28328800201422,179.64638090133658,182.4218502044678,190.30132126808158,249.850507259369,219.8863897323608,271.12344264984137,205.74155211448664,259.0280995368959,282.1013979911805,245.10300397872936,211.28625965118428,154.76044130325315,144.43889951705933,118.42690896987915,149.5209527015687,120.34051966667161,160.2369403839112,144.7962992191315,143.4893887042999,143.97994089126593,150.69256973266607,110.71561050415039,297.386691212654,322.4521219730376,268.4728535413741,292.11797034740454,257.52146089077,277.5337120294572,347.96219241619133,289.57497119903564,356.9052140712737,339.0837590694428,318.4018822908399,330.5533277988433,264.0673021078111,280.81597757339483,256.04612958431255,280.70867896080006,237.49991929531086,178.32901978492745,4.34898996353149
root/LatinAmerica&Caribbean/AntiguaandBarbuda,root/LatinAmerica&Caribbean,0,0,0,0,0,0,0,0,0,0,0,0,0,0,0,0,0,0,0,0,0,0,0,0,0,0,0,0,0,0,0,0,0,0,0,0,0,9.655110359191891,9.807990074157711,9.59560012817383,12.671050071716301,10.575770378112802,12.0156898498535,0,9.30004024505615,4.38622999191284,0,0
root/LatinAmerica&Caribbean/Argentina,root/LatinAmerica&Caribbean,9.27762985229492,0,0,0,8.43789958953857,8.618359565734862,0,0,0,0,0,0,0,0,0,0,0,10.3200197219849,0,0,0,10.336890220642099,0,0,0,0,0,5.57431983947754,7.33869981765747,10.1165895462036,10.1909303665161,10.3705902099609,10.8199996948242,11.1532201766968,11.5282201766968,11.4918899536133,11.8840503692627,12.1914701461792,12.258319854736301,12.1722402572632,11.7178401947021,10.9188804626465,10.1457996368408,9.0800199508667,8.44526958465576,8.02633953094482,0,0
root/LatinAmerica&Caribbean/Aruba,root/LatinAmerica&Caribbean,0,0,0,0,0,0,0,0,0,0,0,0,0,0,0,0,0,0,0,0,0,0,0,0,0,0,0,0,0,12.5659599304199,11.259849548339801,12.579480171203599,14.075200080871598,13.9537200927734,14.5409898757935,12.117070198059098,12.848890304565401,11.9853096008301,12.035559654235803,9.33226013183594,11.6960802078247,0,0,11.4556798934937,11.450690269470199,0,0,0
root/LatinAmerica&Caribbean/BahamasThe,root/LatinAmerica&Caribbean,0,0,0,0,0,0,0,0,0,0,0,0,0,0,0,0,0,0,0,0,0,0,6.280340194702151,6.82843017578125,0,0,0,0,0,6.32031011581421,0,0,0,0,9.31799030303955,9.92442989349365,9.84103965759277,11.4298801422119,11.229060173034698,10.4115896224976,9.34749984741211,0,0,0,0,0,7.391940116882321,0
root/LatinAmerica&Caribbean/Barbados,root/LatinAmerica&Caribbean,0,15.5719604492188,12.1992197036743,12.448249816894501,0,0,0,0,0,2.2643001079559304,0,2.81568002700806,0,2.02723002433777,0,0,0,0,0,1.58870005607605,0,0,0,0,0,0,0,0,0,4.291709899902339,4.8947901725769,4.26832008361816,4.66358995437622,4.91461992263794,4.35795021057129,5.7665500640869105,5.90802001953125,4.8087100982666,4.13147020339966,6.168869972229,4.48387002944946,4.83805990219116,0,0,2.22002005577087,2.04696989059448,1.77512001991272,0
root/LatinAmerica&Caribbean/Belize,root/LatinAmerica&Caribbean,0,0,0,0,0,0,0,0,0,0,0,0,0,0,0,0,0,0,0,0,0,0,0,0,0,0,0,0,0,14.248530387878402,14.519510269165002,14.5162000656128,0,13.4041204452515,13.0398397445679,12.9082298278809,12.6609296798706,12.5245704650879,11.5128698348999,11.294150352478,10.717949867248501,9.97115993499756,10.4691696166992,9.83395004272461,8.88259983062744,8.95298957824707,8.79751014709473,0
root/LatinAmerica&Caribbean/Bolivia,root/LatinAmerica&Caribbean,0,0,0,0,0,0,0,0,0,0,0,0,0,0,0,0,0,0,0,0,0,0,0,0,0,0,0,0,12.5633001327515,13.087670326232901,14.393810272216802,14.076549530029302,13.8760595321655,12.8114404678345,12.2824802398682,11.7531404495239,11.7756700515747,12.375650405883801,14.1213598251343,8.45236015319824,8.645190238952638,8.330380439758299,11.4631900787354,10.7535495758057,9.88016986846924,8.86079025268555,7.997389793396,0
root/LatinAmerica&Caribbean/Brazil,root/LatinAmerica&Caribbean,38.0483283996582,0,0,0,0,0,0,0,0,0,0,0,0,0,0,0,0,0,0,0,0,0,0,0,0,0,0,0,0,36.3941307067871,34.812530517578104,32.3382415771484,29.5780200958252,26.9267692565918,24.655950546264602,23.6703796386719,0,23.1032905578613,19.8565406799316,19.9251403808594,20.4894790649414,20.745029449462898,20.3250999450684,16.5467491149902,15.6998701095581,14.8963298797607,0,0
root/LatinAmerica&Caribbean/BritishVirginIslands,root/LatinAmerica&Caribbean,0,0,0,0,0,0,0,0,0,0,0,0,0,9.30811023712158,13.047710418701199,18.124700546264602,0,0,0,0,10.4723701477051,10.598290443420401,10.601719856262198,0,15.5475597381592,0,0,0,0,12.6224203109741,5.17427015304565,8.39640045166016,8.893630027771,10.431650161743198,0,6.0041399002075195,6.089630126953129,6.603149890899661,0,6.64962005615234,5.96688985824585,6.4690899848938,6.984829902648929,7.41319990158081,6.71345996856689,6.67063999176025,0,0
root/LatinAmerica&Caribbean/CaymanIslands,root/LatinAmerica&Caribbean,0,0,0,0,0,0,0,0,0,0,0,0,0,0,0,0,0,0,0,0,0,0,0,0,0,0,0,0,0,1.94985997676849,2.4454100131988503,1.18342995643616,5.6719799041748,0,1.96370005607605,3.42593002319336,2.31147003173828,5.18078994750977,5.513919830322269,0,0,2.63488006591797,1.71089005470276,1.84809994697571,0,0,0,0
root/LatinAmerica&Caribbean/Chile,root/LatinAmerica&Caribbean,0,0,0,0,0,0,0,0,0,0,0,0,0,0,0,0,0,0,0,0,0,0,0,0,0,0,0,0,0,0,0,0,0,0,0,0,0,6.05318021774292,5.9121999740600595,5.91481018066406,7.70131015777588,8.02641010284424,8.14935970306396,7.66578006744385,7.42012977600098,7.16326999664307,6.86703014373779,0
root/LatinAmerica&Caribbean/Colombia,root/LatinAmerica&Caribbean,0,0,0,0,0,0,0,0,0,0,0,0,35.5097312927246,0,35.7697410583496,35.7874984741211,35.7875213623047,35.7875213623047,35.7874908447266,35.7875099182129,0,33.4000015258789,27.079980850219698,27.060850143432603,27.4204406738281,23.2114791870117,22.9028301239014,0,21.583929061889602,19.375780105590803,18.9313697814941,18.3047409057617,18.269710540771502,0,18.9008102416992,18.9008407592773,20.0729999542236,21.045560836792,22.103469848632802,22.5074195861816,20.6199798583984,19.037700653076197,18.6892204284668,18.812349319458,16.9658699035645,16.3290100097656,16.4286594390869,0
root/LatinAmerica&Caribbean/CostaRica,root/LatinAmerica&Caribbean,18.8220195770264,0,16.527379989624,16.5273704528809,0,13.8249597549438,13.466059684753402,0,14.533200263977099,15.320690155029302,14.803230285644501,14.526590347289998,13.911140441894501,0,0,13.673500061035199,13.8170900344849,13.6016597747803,0,14.0492095947266,14.3125696182251,14.9425201416016,14.140139579772901,14.0251302719116,14.755410194397,13.7958402633667,12.213580131530799,0,0,0,0,0,0,0,0,0,0,0,0,0,0,12.001319885253901,12.498180389404302,12.6253204345703,13.178250312805199,12.2554397583008,12.106630325317399,0
root/LatinAmerica&Caribbean/Cuba,root/LatinAmerica&Caribbean,0,0,19.4511108398438,19.4553108215332,19.243740081787102,0,0,0,0,13.3355798721313,10.7222204208374,9.102179527282711,8.16207027435303,8.5979700088501,9.6099796295166,9.96804046630859,9.2354097366333,8.24289989471436,7.7423300743103,6.687029838562009,5.85810995101929,4.61173009872437,3.5320200920105,3.19949007034302,2.36847996711731,2.3296000957489,4.29444980621338,4.450029850006099,4.76864004135132,4.36637020111084,4.4518899917602495,4.440120220184331,4.35967016220093,4.1884298324585005,4.027949810028081,4.37351989746094,4.40880012512207,3.13112998008728,3.019700050354,2.8196499347686803,2.7569799423217796,2.73924994468689,2.8743999004364,1.30437004566193,2.96568989753723,3.21630001068115,0,0
root/LatinAmerica&Caribbean/Dominica,root/LatinAmerica&Caribbean,0,0,0,0,0,16.4073600769043,15.8103199005127,16.3289699554443,0,18.2950401306152,16.857889175415,16.773540496826197,17.6112995147705,0,0,0,0,0,0,0,0,0,0,0,0,0,0,0,0,6.68382978439331,4.3145899772644,4.0857400894164995,3.5324099063873304,3.66157007217407,2.86668992042542,2.90223002433777,2.54713010787964,3.4131700992584197,2.74823999404907,3.29242992401123,0,4.07962989807129,5.40275001525879,0,5.09422016143799,4.79097986221313,6.663939952850339,0
root/LatinAmerica&Caribbean/DominicanRepublic,root/LatinAmerica&Caribbean,0,0,22.5196208953857,0,0,0,0,0,0,0,0,0,0,0,0,0,0,0,0,0,0,0,0,0,0,0,0,0,0,22.6693096160889,24.0186195373535,0,21.7599201202393,21.2418804168701,21.3315505981445,20.653619766235398,17.9853401184082,19.289270401001,20.573410034179698,11.2824602127075,14.2198896408081,14.4398698806763,14.3632097244263,15.312660217285199,15.581219673156701,14.537139892578098,13.875570297241199,0
root/LatinAmerica&Caribbean/Ecuador,root/LatinAmerica&Caribbean,0,16.9304904937744,0,18.1364307403564,19.840650558471697,20.217950820922898,21.0731792449951,20.069200515747102,19.4455509185791,20.4181594848633,20.7796096801758,0,0,0,0,0,0,0,0,0,0,0,0,0,14.0359601974487,13.2623901367188,12.457130432128901,12.5069103240967,12.0990800857544,12.0990800857544,11.731100082397498,11.0462102890015,10.4442300796509,10.261770248413098,0,10.0740699768066,9.63123989105225,9.35813045501709,0,9.67323017120361,9.61639022827148,9.03600978851318,9.71885013580322,10.033180236816401,6.6468000411987305,6.604680061340329,4.930749893188481,4.34898996353149
root/LatinAmerica&Caribbean/ElSalvador,root/LatinAmerica&Caribbean,19.698419570922898,0,0,0,0,0,0,0,0,0,0,0,0,0,0,0,0,0,0,0,0,0,0,0,0,0,0,0,25.836540222168,0,17.1904907226563,17.1905307769775,16.1586399078369,16.530389785766598,0,16.178150177002,15.9940099716187,19.4206504821777,16.3306293487549,16.308050155639602,16.6841201782227,16.5132808685303,16.0148792266846,16.468999862670902,16.0346298217773,15.506199836731,14.4690103530884,0
root/LatinAmerica&Caribbean/Grenada,root/LatinAmerica&Caribbean,0,0,34.0325584411621,0,0,0,0,19.2506999969482,17.6827392578125,15.6482200622559,15.560899734497099,33.8681106567383,16.506000518798803,14.4600095748901,31.086009979248,0,0,0,0,0,0,0,0,0,0,0,0,0,0,4.86585998535156,0,0,10.1219902038574,4.86806011199951,5.14570999145508,4.4153299331664995,0,3.3277499675750697,6.97758007049561,8.07133960723877,7.31171989440918,0,0,2.2860701084137003,2.38112998008728,4.04611015319824,4.819640159606929,0
root/LatinAmerica&Caribbean/Guatemala,root/LatinAmerica&Caribbean,14.6532201766968,14.752349853515598,15.4161596298218,0,15.1022396087646,14.760510444641099,0,0,15.1342601776123,16.3224506378174,16.07373046875,16.265399932861303,15.2441396713257,15.013710021972699,0,0,0,0,0,0,0,0,0,0,0,0,0,14.9852800369263,0,14.9936199188232,14.187629699707001,14.2809200286865,14.721489906311,0,15.5739097595215,14.9711303710938,14.357720375061,13.8585300445557,13.9921398162842,13.971209526062,14.521929740905799,13.058580398559599,12.6872501373291,13.1680297851563,12.4739999771118,11.8251399993896,12.021269798278801,0
root/LatinAmerica&Caribbean/Guyana,root/LatinAmerica&Caribbean,0,11.717909812927198,11.329979896545401,0,11.081399917602502,0,11.392049789428699,10.6963300704956,0,10.1243896484375,0,0,8.32826995849609,0,0,0,0,0,0,0,0,5.0229802131652805,3.99936008453369,4.064849853515629,0,4.644609928131099,0,0,0,0,0,0,0,1.7865500450134297,0,0,0,0,2.30234003067017,1.49563002586365,1.25753998756409,1.18587005138397,1.19273996353149,0,0,0,0,0
root/LatinAmerica&Caribbean/Haiti,root/LatinAmerica&Caribbean,0,0,0,0,0,0,0,0,0,0,44.7951889038086,43.099758148193395,39.607391357421896,38.869171142578104,33.1008682250977,39.723388671875,37.2064208984375,38.758228302002,0,0,0,0,0,0,0,0,0,47.007999420165994,0,0,0,0,0,0,0,0,0,0,0,0,0,0,0,0,0,0,0,0
root/LatinAmerica&Caribbean/Honduras,root/LatinAmerica&Caribbean,0,0,0,0,0,0,0,0,13.4646997451782,14.6409997940063,15.2144298553467,0,14.8992395401001,14.7141599655151,14.9524602890015,0,13.947970390319801,0,0,0,0,11.1011600494385,0,11.099889755249,0,0,0,0,0,0,9.29948043823242,0,0,18.4590797424316,17.4007701873779,18.2762508392334,16.8303108215332,18.0767803192139,15.523050308227502,15.329360008239698,15.368289947509801,13.1349296569824,13.421609878539998,14.4892101287842,12.1661596298218,13.7791900634766,12.7458600997925,0
root/LatinAmerica&Caribbean/Jamaica,root/LatinAmerica&Caribbean,0,0,0,0,0,0,8.07042980194092,7.50071001052856,0,7.71950006484985,6.847449779510501,6.60551023483276,0,6.77787017822266,7.03171014785767,6.86443996429443,5.98895978927612,6.0212697982788095,7.518929958343509,5.2237401008606,4.92326021194458,5.29956007003784,0,5.25420999526978,0,0,0,0,0,4.19312000274658,4.19308996200562,4.1787400245666495,4.95054006576538,4.68917989730835,4.221429824829101,4.221370220184331,0,5.13932991027832,5.48188018798828,5.599140167236331,5.19259023666382,0,0,5.742080211639401,5.724999904632571,5.6920599937439,5.59644985198975,0
root/LatinAmerica&Caribbean/Mexico,root/LatinAmerica&Caribbean,0,22.0104904174805,0,0,0,0,0,21.6077499389648,0,0,0,0,0,0,0,16.655319213867198,15.221719741821301,14.2771501541138,13.495059967041,14.655179977417,11.622659683227502,11.3898096084595,10.896089553833,10.9142303466797,10.8342895507813,10.845660209655799,10.646980285644501,10.0356397628784,9.170450210571289,8.38570022583008,7.7289900779724094,7.351600170135501,6.95504999160767,6.97827005386353,6.81771993637085,6.78820991516113,6.49220991134644,6.243460178375241,5.69959020614624,5.209449768066411,4.658699989318849,4.30241012573242,4.06003999710083,4.06996011734009,3.7854199409484903,3.27964997291565,2.7714200019836404,0
root/LatinAmerica&Caribbean/Nicaragua,root/LatinAmerica&Caribbean,19.8745098114014,19.2986907958984,19.2116203308105,19.838060379028303,20.0613708496094,19.0956707000732,19.74880027771,19.9682903289795,20.1149806976318,0,21.3716793060303,0,21.226730346679698,21.9265193939209,19.8133296966553,18.036300659179698,16.8172607421875,15.847530364990199,15.9264698028564,15.337670326232901,15.123669624328599,15.669130325317399,14.452859878539998,15.885669708252001,16.710140228271502,16.7137298583984,15.781970024108901,0,0,13.9602699279785,11.8974895477295,11.416130065917999,11.7574195861816,0,12.177100181579599,12.081830024719201,21.786039352417003,21.654119491577102,20.7350902557373,0,20.5725593566895,0,0,0,0,0,0,0
root/LatinAmerica&Caribbean/Panama,root/LatinAmerica&Caribbean,25.2707691192627,24.2366104125977,24.3686408996582,23.8173904418945,0,22.524040222168,22.1868591308594,0,18.1199893951416,17.0397605895996,15.8982200622559,15.355910301208501,15.557109832763699,15.6358804702759,15.988750457763699,15.2318897247314,15.5397300720215,14.8776397705078,14.888090133667,14.090849876403801,13.4570302963257,0,0,0,0,0,0,0,0,10.393099784851099,9.79026031494141,9.66248989105225,9.37570953369141,0,9.375410079956051,8.82456016540527,8.39900016784668,8.91195011138916,9.46356964111328,10.8445501327515,8.76278972625732,9.317079544067381,8.72262001037598,8.65902042388916,8.442540168762209,8.93795967102051,0,0
root/LatinAmerica&Caribbean/Paraguay,root/LatinAmerica&Caribbean,16.0389804840088,0,14.7710695266724,14.417200088501,0,13.2632703781128,13.141850471496598,12.818650245666499,12.6401195526123,12.407580375671401,12.024060249328599,11.7877798080444,12.1586103439331,12.144920349121099,11.8628797531128,11.0942096710205,10.204130172729501,9.3074197769165,8.590700149536131,7.934820175170901,7.43019008636475,7.193649768829349,7.3703899383544895,7.71257019042969,18.0359191894531,19.425100326538104,18.3691902160645,0,0,18.47340965271,18.0125503540039,17.5516395568848,18.2080707550049,15.9070701599121,15.3759002685547,14.66100025177,14.107720375061,14.075679779052699,13.9812297821045,13.8387002944946,13.684410095214801,12.8739900588989,15.795789718627901,0,0,0,0,0
root/LatinAmerica&Caribbean/Peru,root/LatinAmerica&Caribbean,26.6694507598877,0,0,25.4470405578613,0,0,0,0,0,0,23.031469345092802,18.9700107574463,20.6189193725586,0,0,18.9776000976563,0,0,20.1120700836182,0,0,0,0,18.3872299194336,0,24.8915691375732,24.885000228881804,24.625980377197298,17.3549709320068,17.048650741577102,16.162860870361303,15.157449722289998,14.606309890747099,13.0498399734497,13.0498600006104,12.3777599334717,12.216899871826199,12.5813798904419,11.8772802352905,11.6814403533936,10.6293096542358,9.88329029083252,9.61217975616455,8.86713027954102,8.00745964050293,6.986599922180179,6.377600193023679,0
root/LatinAmerica&Caribbean/PuertoRico,root/LatinAmerica&Caribbean,0,0,0,0,0,0,0,0,0,0,0,0,0,0,0,0,0,0,0,0,0,0,0,0,0,0,0,0,0,0,0,0,0,0,0,0,0,0,0,0,5.09330987930298,3.0672299861908,2.87678003311157,3.4823000431060804,4.58569002151489,3.18582010269165,0,0
root/LatinAmerica&Caribbean/SintMaartenDutchpart,root/LatinAmerica&Caribbean,0,0,0,0,0,0,0,0,0,0,0,0,0,0,0,0,0,0,0,0,0,0,0,0,0,0,0,0,0,0,0,0,0,0,0,0,0,0,0,0,0,0,13.417019844055199,0,15.2569999694824,0,0,0
root/LatinAmerica&Caribbean/StKittsandNevis,root/LatinAmerica&Caribbean,0,0,0,0,0,0,0,0,0,0,0,0,0,0,7.0508098602294895,7.62900018692017,5.67222023010254,0,4.03427982330322,3.22494006156921,0,0,3.4134900569915803,0,0,0,0,0,0,0,2.08031988143921,2.9328598976135294,1.7236000299453702,1.68724000453949,1.8142000436782801,1.8267699480056798,0,2.7219700813293497,2.87302994728088,1.6735099554061899,2.23820996284485,2.3694300651550297,2.44321990013123,2.7017400264740004,2.31339001655579,1.55507004261017,1.7058000564575202,0
root/LatinAmerica&Caribbean/StLucia,root/LatinAmerica&Caribbean,0,0,0,0,0,0,0,0,0,0,0,20.8613395690918,24.209110260009798,19.7578201293945,20.4877395629883,21.5911808013916,21.434009552002,0,0,0,31.3050594329834,0,0,16.8443698883057,0,0,0,0,0,3.06476998329163,10.758669853210401,11.4242000579834,2.4444999694824197,4.28519010543823,4.16859006881714,4.92087984085083,9.727190017700199,4.53968000411987,3.68707990646362,3.37346005439758,3.36191010475159,3.5355100631713903,3.40633988380432,3.35248994827271,3.3263900279998797,2.43727993965149,2.7971999645233194,0
root/LatinAmerica&Caribbean/StVincentandtheGrenadines,root/LatinAmerica&Caribbean,0,0,0,0,0,0,0,0,0,0,0,0,0,0,16.0995807647705,0,23.2319507598877,0,0,0,0,0,0,0,10.9183597564697,0,0,0,0,0,11.1557102203369,2.53517007827759,7.21456003189087,7.5903201103210405,6.6662898063659695,11.5858402252197,0,5.625309944152829,5.02832984924316,4.53417015075684,4.15655994415283,3.20286989212036,4.67018985748291,3.7034299373626696,2.85245990753174,2.93369007110596,2.6177999973297097,0
root/LatinAmerica&Caribbean/Suriname,root/LatinAmerica&Caribbean,0,0,0,0,0,0,0,24.2335395812988,24.4234600067139,0,0,0,0,0,0,26.818649291992198,0,23.1108207702637,22.8437004089355,21.7574996948242,0,0,0,0,0,0,0,0,0,0,0,0,0,0,0,21.250780105590803,18.866930007934602,19.318670272827102,18.105279922485398,17.9010601043701,17.7117805480957,18.3718204498291,18.182720184326197,17.1975994110107,17.772230148315398,18.5870609283447,17.8429393768311,0
root/LatinAmerica&Caribbean/TrinidadandTobago,root/LatinAmerica&Caribbean,0,18.7315292358398,18.9980201721191,18.998649597168,18.313129425048803,17.3846797943115,16.870569229126,15.873889923095698,15.8580904006958,15.874970436096199,15.8704299926758,9.85457992553711,7.5736799240112305,7.26511001586914,4.979040145874019,4.55891990661621,4.727049827575679,4.05224990844727,3.8213200569152797,4.101749897003169,3.92198991775513,4.54451990127563,4.7811598777771,5.606249809265139,0,0,7.54945993423462,8.93387985229492,0,6.76464986801147,8.673130035400389,6.18926000595093,6.11764001846313,6.96631002426147,6.82164001464844,7.99133014678955,0,3.9887299537658705,8.70034027099609,7.8921999931335405,7.97335004806519,0,0,0,0,0,0,0
root/LatinAmerica&Caribbean/TurksandCaicosIslands,root/LatinAmerica&Caribbean,0,0,0,0,0,0,0,0,0,0,0,0,0,0,0,0,0,0,0,0,0,0,0,0,0,0,0,4.38651990890503,0,5.488470077514651,8.47373962402344,1.28675997257233,10.435190200805698,10.6629800796509,9.25837993621826,10.1801795959473,0,0,0,8.267040252685549,0,0,0,0,5.3645601272583,3.95809006690979,0,0
root/LatinAmerica&Caribbean/Uruguay,root/LatinAmerica&Caribbean,0,0,0,0,0,0,0,0,0,0,0,0,0,19.243070602417,18.1474895477295,17.3667602539063,16.271560668945302,17.0818500518799,0,0,0,15.410710334777802,13.7929697036743,13.3537702560425,14.1697397232056,14.3694095611572,14.8793497085571,18.1860103607178,0,0,0,0,0,0,0,11.727439880371099,12.137510299682601,14.1005802154541,12.831199645996099,12.358790397644,10.820309638977099,0,0,8.53557014465332,12.1431198120117,8.3871898651123,0,0
root/LatinAmerica&Caribbean/VenezuelaRB,root/LatinAmerica&Caribbean,0,13.0214500427246,12.3659496307373,12.1412296295166,12.1641998291016,11.8646402359009,11.523170471191401,11.2983503341675,11.0047597885132,10.8896799087524,0,0,0,0,0,0,0,0,0,0,0,0,0,0,0,0,0,0,0,12.963520050048801,11.7090396881104,11.7090797424316,11.382840156555199,11.1117897033691,10.852680206298801,11.7173404693604,10.6942195892334,11.172269821167,10.6700096130371,10.5609502792358,9.90353965759277,9.40756988525391,9.501959800720211,10.637590408325199,7.63320016860962,7.6656999588012695,7.72948980331421,0
root/MiddleEast&NorthAfrica,root,0,224.39610910415655,182.35302829742426,231.77850532531738,215.73984813690183,200.54418945312486,208.5998001098634,180.68955039978036,215.53552818298337,203.28542041778564,178.9972462654115,187.75547933578503,157.38473033905032,169.19446945190433,150.605489730835,179.7401204109193,158.3773827552796,160.7744584083558,156.96446990966803,140.7988896369933,111.89832830429086,100.87156057357784,120.59275913238528,100.63569974899298,103.1134395599366,78.63401031494148,93.11401939392096,133.1697316169739,65.95244026184076,169.6702616214752,143.04576051235182,132.43499803543097,120.77615106105817,129.55286002159121,132.73266041278822,115.29400992393491,100.41626000404358,103.93820023536676,87.07749032974243,100.68685150146479,89.17664003372195,92.12320065498346,88.71427941322334,96.37232017517103,87.90049046278003,73.78774958848949,90.40058994293213,7.49603986740112
root/MiddleEast&NorthAfrica/Algeria,root/MiddleEast&NorthAfrica,0,0,0,17.6916999816895,16.585269927978498,15.558979988098098,15.940119743347198,15.8635597229004,15.6043195724487,15.2423696517944,13.9198904037476,12.827320098877001,12.1237697601318,11.4072999954224,10.0244998931885,9.05023956298828,6.505380153656009,6.0578498840332005,6.12644004821777,5.85956001281738,6.11323022842407,5.937359809875491,6.24687004089355,6.7155499458313,7.1349601745605495,7.1692099571228,8.54234027862549,9.783209800720211,0,11.1586399078369,12.464090347289998,12.243849754333501,11.8407402038574,11.9515895843506,12.067629814147901,12.234510421752901,12.621919631958,11.6469202041626,10.2751903533936,10.835980415344201,10.783140182495101,9.26718044281006,8.325559616088869,8.02077960968018,7.16841983795166,6.7323298454284695,6.75460004806519,0
root/MiddleEast&NorthAfrica/Bahrain,root/MiddleEast&NorthAfrica,0,28.1599502563477,27.779039382934602,28.2778205871582,27.527559280395497,25.9865798950195,26.885440826416,25.473800659179698,26.0436897277832,25.969680786132802,24.3055591583252,22.6001491546631,23.108440399169897,20.1883792877197,17.620159149169897,15.6822099685669,12.4873504638672,12.4025402069092,10.624540328979501,10.1995897293091,0,8.08745002746582,7.9752302169799805,6.57203006744385,6.09816980361938,5.72799015045166,4.98579978942871,5.08808994293213,5.239140033721919,4.95269012451172,5.5918698310852095,5.27408981323242,5.05447006225586,4.88600015640259,4.49774980545044,4.3890099525451705,5.939519882202151,0,0,0,0,2.85260009765625,2.6946101188659703,3.2878000736236603,3.08074998855591,2.51677989959717,2.9265699386596697,0
root/MiddleEast&NorthAfrica/Djibouti,root/MiddleEast&NorthAfrica,0,0,0,0,0,0,0,0,0,0,0,0,0,0,0,21.3153991699219,21.0137996673584,20.4746494293213,20.1289691925049,18.6940593719482,18.213399887085,16.807540893554698,16.321310043335,15.1949996948242,16.7035293579102,16.0090198516846,15.7468996047974,17.305400848388697,0,17.2252197265625,16.153020858764602,17.9774494171143,18.2735004425049,0,16.974929809570302,12.3136796951294,13.7463998794556,13.1240396499634,17.3171405792236,17.3171806335449,0,11.7425203323364,0,0,13.0630102157593,13.3079099655151,15.922599792480499,7.49603986740112
root/MiddleEast&NorthAfrica/EgyptArabRep,root/MiddleEast&NorthAfrica,0,5.23621988296509,5.9386501312255895,6.7459201812744105,0,0,0,0,0,0,0,0,0,0,0,0,0,0,0,0,0,0,0,0,5.50075006484985,0,0,7.00777006149292,0,6.85438013076782,6.47078990936279,6.06454992294312,6.112780094146731,5.5183000564575195,4.82772016525269,6.53499984741211,9.05471038818359,5.691349983215329,0,7.34083986282349,5.5141901969909695,4.346439838409419,4.2222900390625,0,3.4608399868011497,0,2.91456007957459,0
root/MiddleEast&NorthAfrica/IranIslamicRep,root/MiddleEast&NorthAfrica,0,16.984939575195302,0,0,0,0,0,0,0,0,0,0,0,0,17.612960815429698,17.6100006103516,17.6100006103516,17.6099891662598,17.5799808502197,17.5799903869629,12.9520597457886,0,12.291540145874,0,0,0,0,8.78670978546143,0,14.8447799682617,14.8447799682617,0,6.06775999069214,6.104290008544919,3.85328006744385,0,3.85324001312256,5.18587017059326,0,4.07251977920532,4.0731201171875,3.9995501041412402,3.46708989143372,11.9300699234009,7.31060981750488,7.691400051116941,0,0
root/MiddleEast&NorthAfrica/Iraq,root/MiddleEast&NorthAfrica,0,19.4751892089844,18.3945198059082,16.9083404541016,15.5909204483032,17.450189590454098,15.806870460510302,17.611160278320302,16.2872009277344,14.025620460510302,13.659219741821301,13.049070358276401,0,13.342909812927198,0,14.2947101593018,13.5195302963257,12.902409553527802,12.2361898422241,12.3503704071045,0,0,0,11.3829097747803,0,0,8.765589714050291,0,0,8.377200126647951,8.3771800994873,0,0,10.9034004211426,10.9033803939819,0,0,12.832050323486301,0,0,0,0,0,0,0,0,0,0
root/MiddleEast&NorthAfrica/Israel,root/MiddleEast&NorthAfrica,0,0,0,0,0,0,0,0,0,0,0,0,0,0,0,0,0,0,0,0,0,0,0,0,0,0,0,0,0,2.72704005241394,2.8824698925018297,3.0606501102447496,2.6618900299072297,2.72172999382019,2.82036995887756,2.4408600330352797,2.55604004859924,2.65001010894775,2.2913498878479,2.49232006072998,2.45757007598877,2.59372997283936,2.8090000152587904,2.63054990768433,2.7528200149536097,2.9400000572204603,2.6270298957824703,0
root/MiddleEast&NorthAfrica/Jordan,root/MiddleEast&NorthAfrica,0,0,13.1133699417114,11.1118602752686,10.4554595947266,9.42654991149902,9.19427013397217,8.90355968475342,8.174619674682619,7.446179866790769,7.49958992004395,7.53403997421265,6.74433994293213,6.783329963684079,6.91693019866943,6.9137601852417,0,0,0,0,0,0,0,0,0,0,0,0,0,1.9708399772643999,1.67075002193451,0,1.6863499879837,1.76530003547668,2.14779996871948,2.25927996635437,2.35021996498108,2.38838005065918,2.34249997138977,0,1.34198999404907,1.24892997741699,1.2626700401306201,0.7408400177955631,0,0,2.21126008033752,0
root/MiddleEast&NorthAfrica/Kuwait,root/MiddleEast&NorthAfrica,0,30.9284496307373,28.1630001068115,26.0501308441162,25.319280624389602,25.556560516357397,25.8388500213623,25.4939308166504,11.568579673767099,15.2585601806641,16.277999877929698,13.6968603134155,13.448169708252001,12.8773698806763,11.233830451965302,10.3847198486328,9.215780258178711,9.57149028778076,9.79862976074219,0,0,0,12.0096597671509,0,7.3032398223877,0,6.90985012054443,5.08493995666504,4.98356008529663,5.499279975891111,5.499279975891111,5.8365597724914595,5.710370063781741,6.19385004043579,6.466760158538821,4.9968900680542,0,3.50275993347168,2.50374007225037,0,1.7320699691772499,1.7037099599838301,1.4847099781036397,1.37189996242523,1.8235399723052998,2.96648001670837,2.7598299980163596,0
root/MiddleEast&NorthAfrica/Lebanon,root/MiddleEast&NorthAfrica,0,0,0,0,22.7999992370605,0,0,0,0,0,0,0,0,0,0,0,0,0,0,0,0,0,0,0,0,0,0,31.2961502075195,15.6816301345825,15.0565700531006,12.584589958190902,11.4027795791626,11.597270011901902,10.850680351257301,10.516619682312,10.0118103027344,9.34525012969971,9.20374011993408,9.074469566345211,9.101030349731449,8.478969573974611,8.04403018951416,7.43567991256714,7.10966014862061,9.767680168151859,8.62316989898682,7.50452995300293,0
root/MiddleEast&NorthAfrica/Libya,root/MiddleEast&NorthAfrica,0,22.4090194702148,22.4011497497559,22.0834808349609,20.472219467163104,20.888729095459002,18.275560379028303,17.0718994140625,15.4759302139282,0,12.050629615783699,12.1140298843384,0,10.8952302932739,0,0,0,0,0,0,0,0,0,0,0,0,0,0,0,0,0,0,0,0,0,0,0,0,0,0,0,0,0,0,0,0,0,0
root/MiddleEast&NorthAfrica/Malta,root/MiddleEast&NorthAfrica,0,20.7241191864014,19.649099349975604,17.728900909423803,16.055139541626,12.509070396423303,10.950590133667,12.950779914856,12.594459533691401,13.076539993286099,12.9931001663208,13.1385498046875,10.910900115966802,10.1029901504517,9.071120262146,8.135890007019041,9.65507984161377,10.1949195861816,10.406410217285199,10.003809928894,10.1739797592163,10.1086797714233,7.28119993209839,7.03336000442505,8.29045009613037,6.94987010955811,6.43268013000488,6.82422018051147,0,0,0,0,0,0,0,0,0,0,0,0,0,0.8099700212478641,0.717100024223328,0.697529971599579,0.913919985294342,0.852829992771149,0.913529992103577,0
root/MiddleEast&NorthAfrica/Morocco,root/MiddleEast&NorthAfrica,0,21.527610778808604,21.307439804077102,21.664260864257802,0,22.284410476684602,22.972620010376,22.1663303375244,22.2404003143311,22.800949096679698,22.4634990692139,22.880199432373,24.408489227294897,23.7908401489258,23.7086391448975,20.494670867919897,18.1058502197266,16.478120803833,14.570569992065401,12.509429931640598,10.745960235595698,7.36008977890015,8.12551975250244,7.6869401931762695,7.62393999099731,7.69412994384766,7.72932004928589,8.04073047637939,18.369270324707,17.830490112304698,17.2417697906494,16.9106197357178,16.970270156860398,17.9831695556641,18.450580596923803,17.877019882202102,16.6110801696777,15.4087800979614,14.377329826355,14.197890281677198,13.415410041809098,13.222559928894,13.9222097396851,12.751910209655799,12.366880416870101,0,14.2661800384521,0
root/MiddleEast&NorthAfrica/Oman,root/MiddleEast&NorthAfrica,0,0,0,28.4584808349609,27.211669921875,23.3406600952148,26.5056495666504,0,21.9177093505859,19.7732200622559,0,15.9225196838379,15.519889831542999,16.5744495391846,13.290869712829599,15.855669975280799,11.677300453186,12.7362403869629,15.3182697296143,15.981499671936,15.659899711608901,16.069869995117198,15.494469642639197,13.1109199523926,10.894020080566401,9.98182010650635,9.5886697769165,9.81039047241211,9.89103984832764,9.367250442504881,9.12030982971191,8.37611961364746,7.78125,7.4166398048400906,0,0,0,0,0,2.8711700439453103,0,4.12713003158569,4.87025022506714,5.50255012512207,2.49259996414185,2.94513988494873,2.29776000976563,0
root/MiddleEast&NorthAfrica/Qatar,root/MiddleEast&NorthAfrica,0,25.1447601318359,25.6067600250244,25.753309249877898,25.804220199585,0,27.351259231567397,26.727619171142603,20.3222694396973,18.108840942382802,16.6725196838379,15.546250343322802,14.8782901763916,13.851460456848098,13.307350158691401,12.502960205078098,11.406140327453599,10.7100801467896,10.040340423584,9.62014007568359,8.90911960601807,8.57759952545166,7.74623012542725,6.94674015045166,6.27690982818604,0,0,0,2.03965997695923,4.312250137329101,2.6217100620269798,3.72849011421204,3.46431994438171,4.4785099029541,3.01143002510071,2.96609997749329,3.38940000534058,3.16629004478455,0,2.5931799411773704,4.8397798538208,1.98978996276855,1.8999400138855,2.63386988639832,2.4528799057006805,2.7854399681091295,2.2594399452209504,0
root/MiddleEast&NorthAfrica/SaudiArabia,root/MiddleEast&NorthAfrica,0,0,0,0,0,0,0,0,0,23.856679916381804,0,0,0,0,0,0,0,0,0,0,0,0,0,0,0,0,0,0,0,0,0,0,0,0,0,0,0,0,0,12.7007102966309,8.92265033721924,8.9273796081543,9.07851028442383,10.619620323181199,11.3143301010132,10.4518699645996,7.129260063171389,0
root/MiddleEast&NorthAfrica/SyrianArabRepublic,root/MiddleEast&NorthAfrica,0,9.64962005615234,0,9.304300308227539,7.918109893798831,8.58168029785156,8.87856960296631,8.42691040039063,8.07946014404297,7.6804499626159695,7.127319812774661,7.18782997131348,7.629730224609379,7.39576005935669,7.270939826965329,6.934889793396,6.588980197906491,6.295159816741941,5.83202981948853,5.6798200607299805,5.43943977355957,4.77409982681274,4.51848983764648,4.577139854431151,4.38030004501343,4.530849933624269,4.25475978851318,4.32313013076782,4.64177989959717,4.3879599571228,4.250170230865479,5.0226001739502,4.61597013473511,7.576580047607419,6.61192989349365,7.77152013778687,5.19971990585327,5.84290981292725,5.9864501953125,6.9001898765564,7.12848997116089,6.8066501617431605,6.89806985855103,6.89768981933594,0,0,0,0
root/MiddleEast&NorthAfrica/Tunisia,root/MiddleEast&NorthAfrica,0,24.1562309265137,0,0,0,18.9607791900635,0,0,21.3659896850586,20.046329498290998,19.301439285278303,17.989200592040998,16.9133205413818,16.9970798492432,16.0755500793457,16.4538898468018,16.560640335083,17.8372192382813,17.627109527587898,15.783470153808599,16.9377193450928,16.4019908905029,15.943599700927699,14.9094400405884,15.645500183105499,15.1996402740479,14.9415502548218,14.6114597320557,0,15.7923898696899,15.2693996429443,13.746959686279302,11.3204498291016,11.0499801635742,10.724820137023901,10.5012197494507,10.050559997558599,7.85453987121582,6.79814004898071,6.06597995758057,5.989459991455081,5.32418012619019,4.82023000717163,4.78965997695923,4.7092399597167995,4.4474601745605495,4.35068988800049,0
root/MiddleEast&NorthAfrica/UnitedArabEmirates,root/MiddleEast&NorthAfrica,0,0,0,0,0,0,0,0,15.8608999252319,0,12.7264795303345,13.2694597244263,11.699390411377001,4.987370014190669,4.47264003753662,4.1111102104187,4.03154993057251,7.503789901733401,6.67499017715454,6.53714990615845,6.75352001190186,6.74688005447388,6.6386399269104,6.505670070648191,7.261670112609861,5.37147998809814,5.21655988693237,5.2075300216674805,5.10635995864868,4.96957015991211,4.77221012115479,4.7936100959777805,4.31260013580322,4.24285984039307,4.035319805145259,3.51892995834351,3.37641000747681,3.2481999397277797,0,2.7707500457763703,2.82099008560181,3.03890991210938,3.0817201137542702,3.08828997612,3.27642011642456,5.51330995559692,4.25359010696411,0
root/MiddleEast&NorthAfrica/WestBankandGaza,root/MiddleEast&NorthAfrica,0,0,0,0,0,0,0,0,0,0,0,0,0,0,0,0,0,0,0,0,0,0,0,0,0,0,0,0,0,3.76764011383057,3.231369972229,4.099979877471919,3.30615997314453,2.62897992134094,1.5413399934768701,4.21710014343262,2.32178997993469,2.19235992431641,2.1292099952697803,1.4271099567413301,1.4669899940490703,2.0779399871826203,1.87103998661041,1.84615004062653,1.94655001163483,2.0136299133300803,1.43123996257782,0
root/MiddleEast&NorthAfrica/YemenRep,root/MiddleEast&NorthAfrica,0,0,0,0,0,0,0,0,0,0,0,0,0,0,0,0,0,0,0,0,0,0,0,0,0,0,0,0,0,20.5760707855225,0,13.896690368652301,0,13.2810001373291,13.2810001373291,13.261079788208,0,0,13.981969833374,0,10.211819648742699,0,9.85359954833984,12.4534502029419,0,0,9.87792015075684,0
root/NorthAmerica,root,0,0,0,0,0,16.3197994232178,0,0,1.4846899509429898,0,0,0,4.4374899864196795,4.27975988388062,8.75364971160889,6.971179723739629,9.277630090713501,8.72393012046814,3.74214005470276,3.74207997322083,9.538840055465691,7.87791013717651,2.5433199405670197,8.41496992111207,8.109800100326531,8.05290031433105,8.53449010848999,0,0.6534100174903871,5.97863006591797,4.74980020523071,4.95033979415894,4.5593900680542,4.89164018630981,5.73023986816406,6.020209945738318,5.54477977752686,5.54432010650635,5.977670192718509,6.1537299156189,5.986090183258059,6.911689937114719,6.026719778776166,5.773920059204099,5.46119022369385,5.44661998748779,0,0
root/NorthAmerica/Bermuda,root/NorthAmerica,0,0,0,0,0,0,0,0,1.4846899509429898,0,0,0,0,0,4.53887987136841,2.90847992897034,0,0,0,0,0,0,0,0,0,0,0,0,0,0,0,0,0,0,0,0.0420200005173683,0,0,0,0,0,0.9201700091362,0.49810001254081704,0,0,0,0,0
root/NorthAmerica/Canada,root/NorthAmerica,0,0,0,0,0,0,0,0,0,0,0,0,4.4374899864196795,4.27975988388062,4.214769840240479,4.06269979476929,3.9496400356292702,3.74214005470276,3.74214005470276,3.74207997322083,3.7396600246429403,2.49647998809814,2.5433199405670197,2.57871007919312,2.57774996757507,2.4695401191711404,2.4695401191711404,0,0.6534100174903871,0,0,0,0,0,0,0,0,0,0,0,0,0,0,0,0,0,0,0
root/NorthAmerica/UnitedStates,root/NorthAmerica,0,0,0,0,0,16.3197994232178,0,0,0,0,0,0,0,0,0,0,5.32799005508423,4.98179006576538,0,0,5.79918003082275,5.38143014907837,0,5.83625984191895,5.53205013275146,5.5833601951599094,6.06494998931885,0,0,5.97863006591797,4.74980020523071,4.95033979415894,4.5593900680542,4.89164018630981,5.73023986816406,5.97818994522095,5.54477977752686,5.54432010650635,5.977670192718509,6.1537299156189,5.986090183258059,5.991519927978519,5.528619766235349,5.773920059204099,5.46119022369385,5.44661998748779,0,0
root/SouthAsia,root,0,11.815279960632301,0,0,18.4323406219482,0,0,0,24.4552192687988,25.0220794677734,0,0,0,5.34893989562988,0,0,0,0,20.7000503540039,0,6.74026012420654,0,0,7.13143014907837,0,0,0,21.3179397583008,24.447809219360398,86.4583778381348,94.72065830230704,58.25982952117919,32.56683921813962,31.93330001831052,40.8636894226075,42.9495198726654,39.81520032882687,18.95013022422792,44.29742884635927,38.61252856254582,42.898200392723055,71.13368964195246,61.035020470619195,30.901839971542323,33.787310123443596,50.50495934486385,56.46595001220709,28.5236492156982
root/SouthAsia/Afghanistan,root/SouthAsia,0,0,0,0,18.4323406219482,0,0,0,0,0,0,0,0,0,0,0,0,0,0,0,0,0,0,7.13143014907837,0,0,0,0,0,0,0,0,0,0,0,0,0,0,0,0,0,0,0,0,0,0,0,0
root/SouthAsia/Bangladesh,root/SouthAsia,0,0,0,0,0,0,0,0,0,0,0,0,0,5.34893989562988,0,0,0,0,0,0,0,0,0,0,0,0,0,0,0,0,0,0,0,0,0,3.5246999263763397,3.5246999263763397,0,5.20389986038208,9.0403995513916,9.0403995513916,6.267529964447019,0,3.51799988746643,0,3.51985001564026,11.139869689941401,0
root/SouthAsia/Bhutan,root/SouthAsia,0,0,0,0,0,0,0,0,24.4552192687988,25.0220794677734,0,0,0,0,0,0,0,0,0,0,0,0,0,0,0,0,0,0,24.447809219360398,25.1429290771484,24.3642196655273,23.3300094604492,0,0,0,22.4888896942139,21.5495204925537,0,19.9519290924072,18.6233291625977,18.309490203857397,18.9057693481445,18.3124599456787,14.829899787902802,0,14.543109893798801,14.0273599624634,0
root/SouthAsia/India,root/SouthAsia,0,11.815279960632301,0,0,0,0,0,0,0,0,0,0,0,0,0,0,0,0,0,0,6.74026012420654,0,0,0,0,0,0,0,0,0,6.74026012420654,6.74002981185913,6.66286993026733,6.04804992675781,0,0,0,5.89110994338989,5.83887004852295,5.89109992980957,5.741000175476071,5.90922021865845,5.909210205078129,5.90922021865845,0,0,0,0
root/SouthAsia/Maldives,root/SouthAsia,0,0,0,0,0,0,0,0,0,0,0,0,0,0,0,0,0,0,0,0,0,0,0,0,0,0,0,21.3179397583008,0,24.881839752197298,24.0077800750732,22.382980346679698,21.064739227294897,0,18.055290222168,14.5525503158569,12.344349861145,10.8832302093506,11.382269859314,3.44935989379883,8.24752044677734,7.75851011276245,6.6668400764465305,5.46316003799438,4.46549987792969,3.59779000282288,2.67467999458313,0
root/SouthAsia/Nepal,root/SouthAsia,0,0,0,0,0,0,0,0,0,0,0,0,0,0,0,0,0,0,20.7000503540039,0,0,0,0,0,0,0,0,0,0,36.4336090087891,39.6083984375,0,0,22.8083801269531,22.8083992004395,0,0,0,0,0,0,30.808629989624,28.6511402130127,0,28.166580200195302,27.2723693847656,27.7162303924561,28.5236492156982
root/SouthAsia/SriLanka,root/SouthAsia,0,0,0,0,0,0,0,0,0,0,0,0,0,0,0,0,0,0,0,0,0,0,0,0,0,0,0,0,0,0,0,5.8068099021911594,4.83923006057739,3.07686996459961,0,2.3833799362182595,2.39663004875183,2.17579007148743,1.9204599857330302,1.6083400249481201,1.55979001522064,1.48403000831604,1.4953700304031399,1.18156003952026,1.1552300453186002,1.5718400478363002,0.907809972763062,0
root/Sub-SaharanAfrica,root,116.1455516815185,224.48005962371838,304.0837526321412,237.79374027252192,209.17868232727054,184.3267364501954,219.80139923095703,296.2380714416504,333.694178700447,376.79289257526403,318.13197016716003,353.75132155418385,443.28537774086004,466.53931641578663,365.2749288082122,309.4508097171783,373.3828637599945,370.7038526535031,438.9768009185792,340.19910430908203,372.7833795547484,322.5798234939573,315.76356887817377,238.9681196212768,467.7801542282105,406.5855674743653,368.8380584716797,228.7312192916871,400.8127770423889,711.5881381034851,637.7849082946777,497.6176137924194,559.8316597938536,512.2355775833129,471.37204027175915,559.3001012802125,567.826728820801,462.024302482605,558.6778674125669,623.8805246353152,507.2686896324157,515.308753013611,401.61516904830927,382.23926687240606,392.80473709106434,412.4492933750154,217.0126996040345,29.3480606079101
root/Sub-SaharanAfrica/Angola,root/Sub-SaharanAfrica,0,0,0,0,0,0,0,0,0,0,0,0,60.397678375244105,58.884700775146506,0,0,0,0,0,0,0,0,0,0,0,0,0,0,36.6063690185547,0,0,0,0,0,0,0,0,0,28.1354103088379,28.105760574340803,28.13743019104,23.230489730835,0,0,0,0,0,0
root/Sub-SaharanAfrica/Benin,root/Sub-SaharanAfrica,0,0,0,0,0,0,0,0,0,0,0,0,0,0,19.938489913940398,18.512620925903303,19.0920906066895,0,18.230110168457,17.065149307251,20.8995609283447,0,17.4817199707031,17.3927593231201,16.549240112304698,16.693609237670902,16.167310714721697,15.738320350647,0,0,0,0,0,12.561160087585401,12.5610799789429,14.439439773559599,11.4644002914429,0,11.1556301116943,9.88908958435059,9.51117038726807,9.44334983825684,8.87160968780518,9.05615997314453,7.6963200569152805,0,0,0
root/Sub-SaharanAfrica/Botswana,root/Sub-SaharanAfrica,21.7585105895996,20.4482307434082,17.5307998657227,24.323900222778303,21.2629299163818,18.1214694976807,15.5627899169922,14.7213897705078,15.375470161438,16.5660305023193,16.2918701171875,8.18496990203857,0,10.418100357055698,12.026869773864698,12.381489753723098,12.815919876098599,13.529700279235803,13.9359903335571,14.5626802444458,14.265159606933599,14.7437200546265,13.909950256347699,13.687029838562,13.7462596893311,24.443639755249,24.63743019104,0,23.3369998931885,22.677730560302702,22.007629394531303,21.5461502075195,21.5086097717285,21.2908897399902,20.104839324951197,20.471399307251,20.1161003112793,20.0395603179932,20.0636901855469,19.7989597320557,0,0,14.3897199630737,14.710129737853999,13.3469295501709,0,0,0
root/Sub-SaharanAfrica/BurkinaFaso,root/Sub-SaharanAfrica,0,12.1479597091675,12.0440502166748,0,0,0,0,12.814359664917,13.5781602859497,13.6772899627686,14.008620262146001,13.5777196884155,12.743309974670401,13.432660102844201,13.742179870605499,12.283109664917,11.915340423584,13.3622303009033,12.109290122985803,12.329469680786099,0,14.0791101455688,13.846639633178699,13.0290203094482,12.669819831848098,12.317379951477099,0,0,16.8693008422852,14.7934904098511,11.4864597320557,10.011079788207999,9.78376007080078,10.8710203170776,8.94979953765869,8.10647010803223,7.97326993942261,7.72018003463745,7.98793983459473,9.75098991394043,22.3401699066162,20.4716796875,20.5971298217773,20.9591903686523,21.1201992034912,20.235609054565398,15.268939971923801,0
root/Sub-SaharanAfrica/Burundi,root/Sub-SaharanAfrica,0,0,0,15.1060104370117,0,0,0,0,22.1515197753906,0,24.103330612182603,23.8644104003906,23.888610839843803,20.9673004150391,18.846050262451197,17.1712398529053,18.8691902160645,19.2580394744873,20.9132404327393,0,0,0,0,22.953340530395497,0,0,0,0,0,0,24.402479171752898,14.8991804122925,20.2389698028564,21.9199905395508,24.9210090637207,24.6329498291016,23.014530181884798,22.912660598754897,18.6415691375732,27.8815097808838,28.209520339965803,0,0,0,0,0,0,0
root/Sub-SaharanAfrica/CaboVerde,root/Sub-SaharanAfrica,0,0,0,0,0,0,0,0,0,0,0,18.992130279540998,19.9140796661377,18.367389678955103,17.2570896148682,15.413109779357901,15.235969543457001,15.998069763183599,12.6660003662109,0,12.157440185546902,0,0,0,9.41629028320313,0,0,0,16.486700057983402,0,16.8230800628662,17.093999862670902,17.863470077514602,17.0235500335693,17.0417404174805,16.545160293579098,16.9069404602051,15.7992897033691,15.6948299407959,14.793060302734402,13.838669776916499,13.377699851989698,12.134960174560499,11.360250473022498,10.581439971923801,9.21469974517822,8.63414001464844,0
root/Sub-SaharanAfrica/Cameroon,root/Sub-SaharanAfrica,0,25.1190891265869,25.6582107543945,23.825780868530302,33.3853988647461,24.568979263305696,23.969539642334,23.5905704498291,22.8239593505859,22.780719757080103,22.7585506439209,0,0,0,0,0,0,0,24.046499252319304,0,22.4395904541016,22.4395694732666,0,0,0,0,0,0,0,0,0,0,0,0,0,0,0,0,0,14.113300323486301,0,11.519359588622999,11.519379615783699,0,9.98439025878906,9.858949661254881,14.146929740905799,0
root/Sub-SaharanAfrica/CentralAfricanRepublic,root/Sub-SaharanAfrica,0,21.9052791595459,17.7262401580811,19.1240291595459,0,0,0,29.1429595947266,29.0748291015625,0,0,20.2393398284912,19.6216201782227,18.3566493988037,0,0,19.0892505645752,21.7967090606689,26.1222991943359,25.889459609985398,17.8980503082275,18.1087493896484,0,0,0,0,0,0,0,0,0,0,0,0,0,24.2668800354004,23.470899581909197,20.9788208007813,20.352249145507802,21.4527797698975,22.1534690856934,21.367740631103498,21.0116901397705,0,0,0,0,0
root/Sub-SaharanAfrica/Chad,root/Sub-SaharanAfrica,0,0,0,0,0,23.1043891906738,0,25.1591300964355,0,0,0,0,0,0,0,0,0,0,26.39208984375,0,0,0,0,0,0,0,20.9970397949219,18.7458190917969,17.858539581298803,17.0456695556641,17.8542499542236,18.8658294677734,18.1453609466553,18.145460128784197,0,0,0,0,0,0,0,27.004369735717802,0,8.75716972351074,0,0,0,0
root/Sub-SaharanAfrica/Comoros,root/Sub-SaharanAfrica,0,0,0,0,0,0,0,0,0,0,0,0,0,22.790349960327102,0,0,25.1225700378418,24.956729888916,0,0,0,0,0,0,27.855649948120103,0,0,0,0,33.2725410461426,33.2730293273926,0,0,0,0,0,0,21.2996807098389,0,0,0,0,0,0,16.9885597229004,0,0,0
root/Sub-SaharanAfrica/CongoDemRep,root/Sub-SaharanAfrica,0,27.380670547485398,29.0400390625,0,0,24.807409286499,0,0,0,20.8299198150635,0,0,0,20.629959106445302,20.629940032959002,0,0,0,21.9928302764893,0,0,21.980760574340803,22.061199188232397,24.2614097595215,19.5982494354248,15.8484497070313,0,0,0,28.800790786743196,0,0,0,0,0,0,0,0,0,0,0,0,0,0,0,0,0,0
root/Sub-SaharanAfrica/CongoRep,root/Sub-SaharanAfrica,0,0,27.241510391235398,0,24.3018608093262,0,23.851070404052702,0,21.5201797485352,21.257879257202102,32.173938751220696,32.1069107055664,32.1420211791992,32.1235198974609,32.0912208557129,0,0,0,0,0,0,0,0,0,0,0,0,0,0,0,0,0,0,0,0,46.392791748046896,47.0626106262207,0,0,0,13.3966703414917,0,15.1778202056885,0,0,0,0,0
root/Sub-SaharanAfrica/CotedIvoire,root/Sub-SaharanAfrica,0,0,0,0,0,0,0,24.270200729370103,0,0,0,0,0,0,0,0,0,0,0,0,0,29.7063007354736,27.6997604370117,0,0,0,17.639789581298803,16.3287696838379,0,16.6283092498779,8.048219680786131,5.01963996887207,4.995930194854741,9.026060104370119,0,0,0,0,0,18.7743892669678,0,0,0,17.1818695068359,13.3116102218628,0,10.5445404052734,0
root/Sub-SaharanAfrica/EquatorialGuinea,root/Sub-SaharanAfrica,0,0,0,0,0,0,0,0,0,0,0,0,0,0,0,0,0,0,0,0,0,0,0,0,44.3202095031738,0,0,0,0,0,36.7785491943359,32.9395904541016,32.939151763916,30.478099822998,0,0,0,0,30.2543792724609,30.366310119628896,30.1818695068359,28.3145809173584,26.3036708831787,0,0,22.5759105682373,0,0
root/Sub-SaharanAfrica/Eritrea,root/Sub-SaharanAfrica,0,0,0,0,0,0,0,0,0,0,0,0,0,0,0,0,0,0,0,0,0,0,35.8169288635254,0,44.393741607665994,45.1635589599609,44.404178619384794,42.629508972168004,0,34.950740814209,31.9746208190918,27.821729660034197,26.174619674682603,25.6068096160889,24.5052604675293,22.562730789184602,21.2025394439697,19.1219100952148,19.078189849853498,18.173849105835,15.719479560852099,13.4760999679565,11.6674900054932,30.106609344482397,20.583570480346697,21.3313293457031,0,0
root/Sub-SaharanAfrica/Ethiopia,root/Sub-SaharanAfrica,0,0,0,0,0,0,0,0,0,0,0,0,0,0,0,0,0,24.6795501708984,25.042020797729503,25.041969299316396,0,0,0,0,23.3105201721191,23.3344993591309,24.1164398193359,0,31.682680130004897,26.951150894165,22.9933395385742,24.8934497833252,25.1301097869873,25.5318794250488,24.3009300231934,21.1888408660889,21.2377605438232,20.3209400177002,19.2676696777344,18.4564304351807,19.456800460815398,17.4712600708008,15.935910224914599,0,13.375240325927699,12.1228704452515,0,0
root/Sub-SaharanAfrica/Gabon,root/Sub-SaharanAfrica,0,0,0,0,0,25.969669342041,0,0,0,0,0,0,0,0,0,0,0,24.1295509338379,0,0,0,0,0,0,0,0,0,35.7230110168457,0,0,0,0,0,0,0,0,0,0,0,0,0,0,0,0,0,0,0,0
root/Sub-SaharanAfrica/GambiaThe,root/Sub-SaharanAfrica,0,12.893819808960002,12.4205503463745,13.3824195861816,13.1586599349976,12.281479835510302,12.848839759826697,5.240469932556151,1.29173004627228,1.6635600328445401,1.43588995933533,2.06364989280701,1.76038002967834,2.3013899326324503,3.77338004112244,3.59074997901917,4.57231998443604,0,0,0,10.9287996292114,0,18.2602500915527,14.310830116272,0,0,11.6879396438599,0,14.5330495834351,14.4701900482178,17.4389801025391,16.9538307189941,16.8496208190918,15.6868200302124,16.726829528808597,17.473840713501,11.540240287780799,13.5790700912476,16.1810703277588,0,13.3861398696899,13.3731603622437,13.811659812927198,17.6795291900635,16.633499145507802,16.355880737304698,16.3078308105469,16.5534801483154
root/Sub-SaharanAfrica/Ghana,root/Sub-SaharanAfrica,0,0,0,0,0,0,0,0,0,0,0,0,0,0,0,0,0,0,0,0,0,0,0,0,0,0,0,0,0,21.2758693695068,21.2813491821289,22.4050102233887,24.154109954834,20.7293491363525,0,23.880470275878896,28.756029129028303,27.1958503723145,26.038890838623,26.7044296264648,0,21.20751953125,24.4579696655273,19.084209442138697,15.927249908447301,16.9752998352051,16.565650939941403,0
root/Sub-SaharanAfrica/Guinea,root/Sub-SaharanAfrica,0,0,0,0,0,0,0,0,0,0,0,0,0,0,16.505569458007802,17.0595302581787,19.7653694152832,21.5166206359863,20.2375106811523,20.5489292144775,20.2900009155273,20.2896709442139,0,0,0,0,0,0,21.2677001953125,20.554370880127,19.7604808807373,17.9471492767334,17.3958702087402,16.844530105590803,16.5387802124023,16.8361396789551,15.9189195632935,15.7394504547119,17.1504192352295,15.1550197601318,13.896260261535598,11.3590497970581,11.950200080871598,12.3023900985718,10.0315103530884,0,0,0
root/Sub-SaharanAfrica/GuineaBissau,root/Sub-SaharanAfrica,0,0,0,0,0,0,0,0,0,0,0,27.240770339965803,10.5958299636841,0,9.954790115356449,9.76556015014648,0,21.0599403381348,20.946870803833,0,0,0,0,0,0,0,0,0,0,0,31.8206405639648,0,0,0,0,0,0,0,0,0,34.2945213317871,0,0,0,0,0,0,0
root/Sub-SaharanAfrica/Kenya,root/Sub-SaharanAfrica,0,0,0,0,0,0,0,0,0,0,0,0,0,0,0,0,0,0,0,0,0,0,0,0,0,0,0,0,0,30.5293292999268,30.697790145874,30.381530761718803,31.8328495025635,29.5368499755859,29.959459304809602,28.9311408996582,27.575620651245103,21.9513206481934,25.9657802581787,25.965759277343803,0,0,25.965759277343803,0,0,0,0,0
root/Sub-SaharanAfrica/Lesotho,root/Sub-SaharanAfrica,35.7844009399414,32.605251312255895,32.0593605041504,33.9989013671875,33.592311859130895,0,25.5333194732666,24.453250885009798,35.0446090698242,33.8377113342285,34.4133682250977,35.4041404724121,33.971828460693395,35.0578384399414,33.9504013061523,33.867828369140604,33.4276504516602,33.0645408630371,33.2040596008301,33.0742683410645,33.2518081665039,32.8309516906738,31.9293403625488,31.5593795776367,33.4004707336426,36.1407508850098,34.8017196655273,0,40.760688781738295,42.903018951416,30.5501003265381,30.8062305450439,31.079759597778303,32.304519653320305,33.6470718383789,33.4521293640137,32.9625396728516,31.089210510253896,29.888069152832,28.704959869384798,27.7909107208252,26.3602104187012,25.145799636840803,24.897890090942397,23.861619949340803,22.6102409362793,21.735469818115202,0
root/Sub-SaharanAfrica/Liberia,root/Sub-SaharanAfrica,0,0,0,0,0,0,0,0,0,0,0,0,0,0,0,0,0,0,0,0,0,0,0,0,0,0,0,0,0,50.8100090026855,0,0,0,0,0,0,61.447509765625,0,52.339469909668,59.385929107665994,0,59.908321380615206,0,0,60.095298767089794,59.3856811523438,0,0
root/Sub-SaharanAfrica/Madagascar,root/Sub-SaharanAfrica,0,0,21.517650604248,0,0,0,0,0,0,0,0,0,0,0,0,0,0,0,0,31.7312202453613,30.790470123291,0,0,0,0,30.476879119873,29.2555103302002,0,0,29.958869934082,33.217681884765604,32.6066703796387,32.365001678466804,32.0265502929688,0,0,0,0,0,0,0,0,0,0,0,0,0,0
root/Sub-SaharanAfrica/Malawi,root/Sub-SaharanAfrica,0,0,0,0,0,0,0,0,0,0,0,0,0,0,0,0,0,0,0,0,0,0,0,0,0,0,0,0,0,26.4624290466309,0,0,22.3247890472412,0,21.5868701934814,20.150569915771502,20.9547290802002,24.8024597167969,24.1089897155762,23.355789184570302,0,0,0,18.9774494171143,19.6590595245361,19.1884994506836,19.3955993652344,0
root/Sub-SaharanAfrica/Mali,root/Sub-SaharanAfrica,0,25.1120491027832,25.6267604827881,22.753549575805696,16.3826694488525,0,0,19.000289916992198,0,0,0,0,0,0,0,0,0,0,0,0,0,0,0,0,0,0,0,0,0,14.2745895385742,0,0,0,11.4552602767944,16.972120285034197,13.255169868469201,9.98416996002197,10.885660171508801,0,7.8566999435424805,6.926799774169919,6.92675018310547,7.2854499816894505,7.91815996170044,7.90752983093262,11.563469886779801,0,0
root/Sub-SaharanAfrica/Mauritania,root/Sub-SaharanAfrica,0,0,0,0,0,0,0,0,0,0,0,0,0,0,0,27.047439575195302,0,0,0,0,0,0,0,0,29.853090286254897,24.6536598205566,23.804859161377,0,25.2759704589844,26.5791893005371,26.579299926757802,22.205190658569304,22.021320343017603,19.9466991424561,19.3421592712402,20.6431293487549,18.2619094848633,19.9238891601563,19.9240894317627,25.148250579834,26.525690078735398,25.4278202056885,0,23.9383602142334,22.678129196167003,0,18.5594692230225,0
root/Sub-SaharanAfrica/Mauritius,root/Sub-SaharanAfrica,0,0,20.4814205169678,21.286569595336896,22.1589508056641,23.233909606933604,22.450719833374,18.186719894409197,18.9816207885742,16.5264797210693,14.3610496520996,0,12.8543701171875,9.03162956237793,8.32404041290283,8.20458984375,13.5262002944946,11.546520233154302,9.83693981170654,9.74413967132568,13.0626697540283,16.4087200164795,0,11.8174600601196,0,0,0,0,7.3407101631164595,7.9999098777771,8.76535034179688,8.577389717102049,6.97187995910645,6.82476997375488,7.498459815979,6.980299949646,6.63003015518188,5.92657995223999,6.32488012313843,6.0319499969482395,6.04519987106323,5.9310097694397,9.06595039367676,5.811339855194089,5.46909999847412,5.4204797744751,5.332990169525151,0
root/Sub-SaharanAfrica/Mozambique,root/Sub-SaharanAfrica,0,0,0,22.0603199005127,0,0,0,0,0,54.206180572509794,0,55.42073059082029,61.844200134277294,40.1081390380859,0,39.6390800476074,40.37559127807621,32.0671806335449,31.9812393188477,30.453689575195302,29.059890747070302,28.8948097229004,29.396249771118196,28.7285308837891,29.249069213867198,29.932640075683604,0,0,24.284639358520497,24.723829269409197,25.1603107452393,25.148290634155302,32.8737182617188,0,25.166629791259798,24.4096298217773,22.6616897583008,22.1495094299316,21.8326301574707,20.8407192230225,20.1714191436768,19.158800125122102,17.9277191162109,17.5864791870117,16.4370803833008,15.7550296783447,0,0
root/Sub-SaharanAfrica/Namibia,root/Sub-SaharanAfrica,0,0,0,0,0,0,0,0,0,0,0,0,0,0,0,0,0,0,0,24.8611793518066,24.8611106872559,0,27.5538597106934,0,26.4251308441162,25.645940780639602,24.659500122070302,23.2656192779541,22.331970214843803,20.520940780639602,18.311449050903303,17.3320999145508,16.0752792358398,15.8528003692627,16.7454109191895,16.7232398986816,17.5413398742676,17.8926906585693,18.2281894683838,18.1674499511719,18.0090293884277,0,17.264009475708,17.075689315795902,0,0,0,0
root/Sub-SaharanAfrica/Niger,root/Sub-SaharanAfrica,0,0,0,9.6568603515625,10.836950302124,0,0,9.83983039855957,9.72294998168945,0,0,11.3556604385376,0,0,0,0,3.62629008293152,0,0,8.97770977020264,10.226539611816401,11.420220375061,17.4993305206299,0,0,0,0,11.643950462341301,11.4843397140503,10.1707000732422,14.0333003997803,9.35608005523682,7.9780597686767605,6.26522016525269,5.32287979125977,8.33687019348145,9.54636001586914,11.3532495498657,8.94828033447266,7.2281599044799805,6.381470203399661,5.3560299873352095,6.01481008529663,6.86342000961304,8.28328037261963,8.36723041534424,8.098179817199709,0
root/Sub-SaharanAfrica/Nigeria,root/Sub-SaharanAfrica,0,0,0,0,0,0,0,0,0,0,0,0,0,0,0,0,0,0,0,0,0,0,0,0,0,0,0,0,0,30.5758209228516,30.575809478759798,0,0,0,30.575809478759798,30.575809478759798,30.575809478759798,16.2315807342529,16.2315807342529,16.231590270996097,16.231590270996097,0,0,0,0,0,0,0
root/Sub-SaharanAfrica/Rwanda,root/Sub-SaharanAfrica,0,0,0,6.8549299240112305,8.42133045196533,8.63675975799561,0,8.7921199798584,8.33804035186768,0,0,0,0,0,0,0,0,0,0,0,0,0,0,0,0,0,0,0,0,18.3439693450928,0,0,23.8470306396484,25.074499130249,0,0,0,0,0,0,0,0,0,0,0,0,26.7077293395996,0
root/Sub-SaharanAfrica/SaoTomeandPrincipe,root/Sub-SaharanAfrica,0,0,0,0,0,0,0,0,0,0,0,0,0,33.6914710998535,28.3923397064209,0,0,23.7801303863525,23.8021602630615,0,24.0994892120361,0,0,0,0,0,0,0,0,15.7011203765869,0,0,14.8853397369385,15.4973297119141,15.7467098236084,16.4697399139404,0,24.792179107666,24.8189296722412,23.8243198394775,21.8020896911621,0,0,0,14.9044704437256,16.4210605621338,0,12.7945804595947
root/Sub-SaharanAfrica/Senegal,root/Sub-SaharanAfrica,0,0,0,0,0,0,0,0,24.4736499786377,20.451280593872102,19.372240066528303,19.0302295684814,18.217319488525398,18.1413402557373,19.429729461669897,20.387470245361303,11.0342702865601,0,12.6347398757935,13.3655595779419,14.7500801086426,0,14.5403995513916,0,14.0469303131104,0,12.249150276184098,10.150839805603,11.3395099639893,11.840069770813,11.839989662170401,0,0,9.46109008789063,18.0361003875732,18.266149520874,15.938969612121598,16.2653293609619,15.8102703094482,15.248530387878402,14.183190345764197,12.5885400772095,10.5498895645142,8.09428024291992,10.606909751892099,7.56827020645142,11.305580139160199,0
root/Sub-SaharanAfrica/Seychelles,root/Sub-SaharanAfrica,0,0,0,0,0,0,0,0,0,15.504110336303699,0,0,0,0,0,0,0,0,0,0,0,0,0,12.326549530029302,10.8667097091675,10.794130325317399,10.2973899841309,0,9.005960464477539,8.27711009979248,8.12967967987061,8.10673046112061,7.243060111999509,6.943130016326901,6.332809925079349,6.72533988952637,0,0,0,0,0,0,0,4.134990215301509,4.13073015213013,3.77758002281189,3.67492008209229,0
root/Sub-SaharanAfrica/SierraLeone,root/Sub-SaharanAfrica,0,0,0,0,0,0,0,0,0,0,0,0,0,15.3801097869873,0,0,0,0,0,0,0,0,0,0,0,0,0,0,0,0,0,0,0,0,0,0,0,0,0,0,0,0,13.0869903564453,8.720029830932619,0,12.3935203552246,9.75763988494873,0
root/Sub-SaharanAfrica/Somalia,root/Sub-SaharanAfrica,0,0,0,0,0,0,37.8359794616699,47.4671401977539,51.2404594421387,52.3095588684082,48.8365707397461,0,0,0,0,0,0,0,0,0,0,0,0,0,0,0,0,0,0,0,0,0,0,0,0,0,0,0,0,0,0,0,0,0,0,0,0,0
root/Sub-SaharanAfrica/SouthAfrica,root/Sub-SaharanAfrica,32.1845703125,0,0,0,0,0,0,0,0,0,0,0,0,0,0,0,0,0,0,0,0,15.4036598205566,0,0,18.342250823974602,19.0720100402832,0,0,12.046179771423303,11.4573497772217,11.9965295791626,11.3981103897095,10.5975198745728,10.254289627075199,9.86462020874023,9.86460018157959,0,0,0,0,0,0,0,0,0,9.33679962158203,0,0
root/Sub-SaharanAfrica/SouthSudan,root/Sub-SaharanAfrica,0,0,0,0,0,0,0,0,0,0,0,0,0,0,0,0,0,0,0,0,0,0,0,0,0,0,0,0,0,0,0,0,0,0,0,0,0,0,0,0,0,48.6985206604004,0,0,0,48.6391716003418,0,0
root/Sub-SaharanAfrica/Sudan,root/Sub-SaharanAfrica,0,0,0,0,0,0,0,0,0,0,0,0,0,0,0,0,0,0,0,0,0,0,0,0,0,0,0,0,0,0,0,0,0,0,0,0,0,0,0,0,0,12.461689949035598,0,0,0,0,0,0
root/Sub-SaharanAfrica/Swaziland,root/Sub-SaharanAfrica,26.4180698394775,26.973619461059602,26.8813095092773,25.420469284057603,25.677619934082,23.602670669555696,22.6529006958008,21.5283699035645,21.009929656982397,20.5459899902344,19.885910034179698,19.6075496673584,20.6315898895264,21.988639831543,21.5642795562744,20.4801006317139,20.660169601440398,20.1742191314697,19.8214492797852,19.6606197357178,19.1043796539307,19.0234107971191,18.8435001373291,20.6258602142334,20.4180698394775,20.504009246826197,21.3017292022705,0,0,0,0,0,0,0,0,0,0,0,0,31.4533500671387,29.509569168090803,28.0905704498291,28.440160751342802,30.467870712280302,29.1910095214844,29.191730499267603,0,0
root/Sub-SaharanAfrica/Tanzania,root/Sub-SaharanAfrica,0,0,0,0,0,0,23.13623046875,0,0,0,26.4668998718262,29.0860900878906,31.3902702331543,31.3617897033691,31.4545192718506,25.774040222168,24.921119689941396,24.5599098205566,24.704650878906303,24.734230041503896,26.206600189209,27.643789291381804,26.9244403839111,28.2759494781494,28.9149608612061,28.537900924682603,27.5677108764648,27.1043701171875,25.7013893127441,25.8223991394043,22.1570091247559,22.1569900512695,18.173210144043,14.754269599914599,14.754269599914599,13.543069839477502,11.0642404556274,0,11.730770111084,0,7.88723993301392,0,4.896949768066411,5.42314004898071,0,0,0,0
root/Sub-SaharanAfrica/Togo,root/Sub-SaharanAfrica,0,19.894090652465803,24.9985504150391,0,0,0,0,0,26.3136005401611,28.4420108795166,30.2900009155273,0,30.2850399017334,29.4433193206787,29.126579284668,27.872850418090803,31.8039207458496,25.2242107391357,25.256839752197298,28.1588306427002,28.4917392730713,29.6063804626465,0,0,29.9339809417725,28.5002593994141,25.2503604888916,27.401010513305696,0,23.8580894470215,20.7588901519775,20.242130279540998,18.1354293823242,17.5835800170898,16.6543807983398,15.9646701812744,15.275239944458,15.435239791870101,14.355979919433599,0,0,0,0,0,0,14.1599798202515,10.977089881897,0
root/Sub-SaharanAfrica/Uganda,root/Sub-SaharanAfrica,0,0,0,0,0,0,0,0,0,25.1614208221436,0,24.6770401000977,29.1552791595459,0,0,0,20.244670867919897,0,0,0,0,0,0,0,0,0,0,0,0,0,0,0,0,0,0,0,0,0,0,23.1656093597412,22.3432693481445,16.2130393981934,0,13.9030303955078,0,0,0,0
root/Sub-SaharanAfrica/Zambia,root/Sub-SaharanAfrica,0,0,10.8572998046875,0,0,0,11.9600095748901,12.031270027160598,12.7534704208374,13.0327501296997,13.7337303161621,12.8999795913696,13.5886898040771,14.0630197525024,14.879389762878402,0,15.166069984436,0,15.0999698638916,0,0,0,0,0,14.469510078430199,14.526249885559098,0,0,14.179579734802198,14.202030181884801,14.419670104980499,14.5002002716064,15.026109695434599,0,17.516010284423803,18.2114295959473,18.7423305511475,18.617990493774396,18.168020248413104,17.8555793762207,18.9390506744385,16.571090698242198,15.3111400604248,13.5748996734619,0,0,0,0
root/Sub-SaharanAfrica/Zimbabwe,root/Sub-SaharanAfrica,0,0,0,0,0,0,0,0,0,0,0,0,10.283260345459,0,13.3880701065063,0,12.118889808654801,0,0,0,0,0,0,0,0,0,0,0,18.4204998016357,15.1565103530884,14.648940086364698,14.4033298492432,13.221719741821301,12.7391004562378,0,0,0,0,0,0,0,0,12.8313302993774,13.6547298431396,0,0,0,0
