root/EastAsia&PacificAustralia,root,0,0,0,1.3,0,0,0,1.3,0,0,0,1.0,0,0,0,0,0,1.0,0,0,0,0,0,1.0,0,1.0,0,0,0,0,0.7,0,0.7,0,0,0,0,0,0
root/EastAsia&PacificChina,root,0,0,0,0,0,0,0,0,0,0,0,0,90.1,0,0,83.5,0,0,73.1,0,0,68.5,0,0,57.9,0,0,43.5,0,0,34.4,0,28.5,23.5,20.2,12.1,9.5,0,0
root/EastAsia&PacificFiji,root,0,0,0,0,0,0,0,0,0,0,0,0,0,0,0,0,0,0,0,0,0,0,0,0,21.8,0,0,0,0,0,17.0,0,0,0,0,14.3,0,0,0
root/EastAsia&PacificIndonesia,root,0,0,0,0,0,0,91.7,0,0,92.7,0,0,87.0,0,0,86.6,0,0,79.8,0,90.2,80.1,79.9,77.6,65.2,62.7,63.0,61.3,65.7,58.5,56.6,54.7,48.1,45.0,43.5,40.7,37.8,33.1,30.9
root/EastAsia&PacificJapan,root,0,0,0,0,0,0,0,0,0,0,0,0,0,0,0,0,0,0,0,0,0,0,0,0,0,0,0,0,0,0,0.7,0,0,0,0,0,0,0,0
root/EastAsia&PacificKiribati,root,0,0,0,0,0,0,0,0,0,0,0,0,0,0,0,0,0,0,0,0,0,0,0,0,0,0,0,0,34.6,0,0,0,0,0,0,0,0,0,0
root/EastAsia&PacificKoreaRep,root,0,0,0,0,0,0,0,0,0,0,0,0,0,0,0,0,0,0,0,0,0,0,0,0,0,0,0,0,0.7,0,0.7,0,0.7,0,0.7,0,0,0,0
root/EastAsia&PacificLaoPDR,root,0,0,0,0,0,0,0,0,0,0,0,0,0,0,68.7,0,0,0,0,82.5,0,0,0,0,72.1,0,0,0,0,65.4,0,0,0,0,58.7,0,0,0,0
root/EastAsia&PacificMalaysia,root,0,0,0,0,0,0,12.9,0,0,12.7,0,11.7,0,0,11.8,0,0,11.5,0,7.3,0,0,0,0,0,0,2.6,0,0,3.4,0,3.1,0,0,0,0,0,0,0
root/EastAsia&PacificMicronesiaFedSts,root,0,0,0,0,0,0,0,0,0,0,0,0,0,0,0,0,0,0,0,0,0,0,0,0,0,0,0,24.3,0,0,0,0,0,0,0,39.5,0,0,0
root/EastAsia&PacificMongolia,root,0,0,0,0,0,0,0,0,0,0,0,0,0,0,0,0,0,38.9,0,0,62.9,0,0,0,35.5,0,0,0,0,12.5,0,0,9.8,7.0,4.5,0,3.2,0,6.5
root/EastAsia&PacificMyanmar,root,0,0,0,0,0,0,0,0,0,0,0,0,0,0,0,0,0,0,0,0,0,0,0,0,0,0,0,0,0,0,0,0,0,0,0,0,0,29.8,0
root/EastAsia&PacificPapuaNewGuinea,root,0,0,0,0,0,0,0,0,0,0,0,0,0,0,0,0,0,0,70.8,0,0,0,0,0,0,0,0,0,0,0,0,65.6,0,0,0,0,0,0,0
root/EastAsia&PacificPhilippines,root,0,0,0,0,0,0,0,57.6,0,0,55.4,0,0,53.7,0,0,51.8,0,0,43.3,0,0,43.1,0,0,40.0,0,0,41.7,0,0,37.2,0,0,38.7,0,0,33.7,0
root/EastAsia&PacificSamoa,root,0,0,0,0,0,0,0,0,0,0,0,0,0,0,0,0,0,0,0,0,0,0,0,0,0,0,0,0,0,0,9.7,0,0,0,0,0,0,0,0
root/EastAsia&PacificSolomonIslands,root,0,0,0,0,0,0,0,0,0,0,0,0,0,0,0,0,0,0,0,0,0,0,0,0,0,0,0,70.6,0,0,0,0,0,0,0,58.8,0,0,0
root/EastAsia&PacificThailand,root,0,0,0,43.1,0,0,0,0,0,0,40.0,0,36.2,0,29.1,0,19.5,0,15.2,0,14.6,18.4,18.6,0,12.1,0,9.0,0,6.2,4.4,3.4,3.0,2.5,1.4,1.5,1.1,0,0,0
root/EastAsia&PacificTimorLeste,root,0,0,0,0,0,0,0,0,0,0,0,0,0,0,0,0,0,0,0,0,0,0,0,73.5,0,0,0,0,0,83.1,0,0,0,0,0,0,73.2,0,0
root/EastAsia&PacificTonga,root,0,0,0,0,0,0,0,0,0,0,0,0,0,0,0,0,0,0,0,0,0,0,0,8.4,0,0,0,0,0,0,0,8.9,0,0,0,0,0,0,0
root/EastAsia&PacificTuvalu,root,0,0,0,0,0,0,0,0,0,0,0,0,0,0,0,0,0,0,0,0,0,0,0,0,0,0,0,0,0,0,0,0,17.6,0,0,0,0,0,0
root/EastAsia&PacificVanuatu,root,0,0,0,0,0,0,0,0,0,0,0,0,0,0,0,0,0,0,0,0,0,0,0,0,0,0,0,0,0,0,0,0,39.5,0,0,0,0,0,0
root/EastAsia&PacificVietnam,root,0,0,0,0,0,0,0,0,0,0,0,0,0,0,80.0,0,0,0,0,0,71.2,0,0,0,70.8,0,60.0,0,51.3,0,46.7,0,17.3,0,13.4,0,11.2,0,0
root/Europe&CentralAsiaAlbania,root,0,0,0,0,0,0,0,0,0,0,0,0,0,0,0,0,0,0,13.9,0,0,0,0,0,17.0,0,0,10.9,0,0,6.5,0,0,0,7.7,0,0,0,0
root/Europe&CentralAsiaArmenia,root,0,0,0,0,0,0,0,0,0,0,0,0,0,0,0,0,0,0,0,0,0,52.5,0,55.6,52.3,48.0,36.3,26.9,22.5,18.7,13.6,19.2,20.5,18.8,17.1,16.2,16.4,13.5,14.1
root/Europe&CentralAsiaAustria,root,0,0,0,0,0,0,0,0,0,0,0,0,0,0,0,0,0,0,0,0,0,0,0,0,0,0.5,0.2,0.2,0.2,0.5,0.5,0.7,0.5,0.5,0.7,0.5,0.2,0.7,0
root/Europe&CentralAsiaAzerbaijan,root,0,0,0,0,0,0,0,0,0,0,0,0,0,0,0,0,0,26.3,0,0,0,0,0,17.7,0.3,0.5,0,0,0,0,0,0,0,0,0,0,0,0,0
root/Europe&CentralAsiaBelarus,root,0,0,0,0,0,0,0,0,0,0,0,0,0,0,0,0,0,0,0,0,39.1,34.5,27.2,15.3,11.0,9.1,4.5,2.5,1.1,1.1,0.5,0.5,0.2,0.1,0.1,0,0,0,0
root/Europe&CentralAsiaBelgium,root,0,0,0,0,0,0,0,0,0,0,0,0,0,0,0,0,0,0,0,0,0,0,0,0,0,0.5,0.2,0.2,0.2,0.2,0.2,0.2,0.2,0.2,0.2,0.2,0.2,0.2,0
root/Europe&CentralAsiaBosniaandHerzegovina,root,0,0,0,0,0,0,0,0,0,0,0,0,0,0,0,0,0,0,0,0,0,0,0,1.0,0,0,0.7,0,0,0.4,0,0,0,0.8,0,0,0,0.8,0
root/Europe&CentralAsiaBulgaria,root,0,0,0,0,0,0,0,0,0,0,0,0,0,0,0,0,0,0,0,0,0,0,0,0,0,0,0,0,10.7,4.5,3.2,2.7,4.2,5.0,5.0,4.7,3.7,0,0
root/Europe&CentralAsiaCroatia,root,0,0,0,0,0,0,0,0,0,0,0.1,0,0,0,0,0,0,0,0,0,0,0,0,0,0,0,0,0,0,0,0,1.7,2.2,2.0,2.5,2.2,1.9,1.5,0
root/Europe&CentralAsiaCyprus,root,0,0,0,0,0,0,0,0,0,0,0,0,0,0,0,0,0,0,0,0,0,0,0,0,0,0,0,0,0,0,0,0.2,0,0,0,0.2,0.2,0,0
root/Europe&CentralAsiaCzechRepublic,root,0,0,0,0,0,0,0,0,0,0,0,0,0,0,0,0,0,0,0.3,0,0,0,0,0,0,0,0,0,0.2,0.2,0.2,0,0.2,0.2,0.2,0,0,0,0
root/Europe&CentralAsiaDenmark,root,0,0,0,0,0,0,0,0,0,0,0,0,0,0,0,0,0,0,0,0,0,0,0,0,0,0.5,0.2,0.2,0.2,0.2,0.2,0.7,0,0,0,0.4,0.2,0.2,0
root/Europe&CentralAsiaEstonia,root,0,0,0,0,0,0,0,0,0,0,0,0,0,0,0,6.4,0,0,0,0,0,0,0,0,0,5.2,3.0,2.0,1.5,0.7,1.0,1.2,1.7,1.7,1.5,1.5,1.2,1.0,0
root/Europe&CentralAsiaFrance,root,0,0,0,0,0,0,0,0,0,0,0,0,0,0,0,0,0,0,0,0,0,0,0,0,0,0.2,0,0,0,0,0,0.2,0.2,0,0,0,0,0.2,0
root/Europe&CentralAsiaGeorgia,root,0,0,0,0,0,0,0,0,0,0,0,0,0,0,0,0,0,0,18.2,38.1,36.9,43.8,46.7,49.4,32.0,32.6,30.1,32.7,32.5,35.2,32.8,29.6,32.6,29.4,26.5,22.1,18.7,16.7,17.1
root/Europe&CentralAsiaGermany,root,0,0,0,0,0,0,0,0,0,0,0,0,0,0,0,0,0.3,0,0,0,0,0,0,0,0,0,0,0,0,0,0,0,0,0,0,0,0,0,0
root/Europe&CentralAsiaGreece,root,0,0,0,0,0,0,0,0,0,0,0,0,0,0,0,0,0,0,0,0,0,0,0,0,0,0.7,1.0,0.5,1.0,0.7,0.5,0.7,1.2,2.0,3.0,2.7,3.0,2.7,0
root/Europe&CentralAsiaHungary,root,0,0,0,0,0,0,0,0,0,0.1,0,0.5,0,0,0,0.4,0,0,0,0,0,0,0,0,0,0,0.2,1.2,0.2,0.2,0.2,0.2,0.2,0.2,0.7,0.7,1.0,1.0,0
root/Europe&CentralAsiaIceland,root,0,0,0,0,0,0,0,0,0,0,0,0,0,0,0,0,0,0,0,0,0,0,0,0,0,0,0.2,0,0.2,0.2,0,0.2,0.2,0.2,0,0,0,0,0
root/Europe&CentralAsiaIreland,root,0,0,0,0,0,0,0,0,0,0,0,0,0,0,0,0,0,0,0,0,0,0,0,0,0,0.2,0,0,0.5,0.2,0.2,0.7,0.7,0.7,0.5,0.7,0.5,0,0
root/Europe&CentralAsiaItaly,root,0,0,0,0,0,0,0,0,0,0,0,0,0,0,0,0,0,0,0,0,0,0,0,0,0,1.0,1.0,1.0,1.0,1.0,1.0,1.2,1.7,1.5,1.7,2.0,1.7,0,0
root/Europe&CentralAsiaKazakhstan,root,0,0,0,0,0,0,0,0,0,0,0,0,0,0,0,0,0,0,24.9,0,0,0,0,32.5,28.1,23.0,16.7,24.3,6.0,3.0,2.2,2.6,1.9,0.7,0.4,0.3,0.2,0.3,0
root/Europe&CentralAsiaKosovo,root,0,0,0,0,0,0,0,0,0,0,0,0,0,0,0,0,0,0,0,0,0,0,0,0,0,15.3,0,17.3,16.5,0,0,13.3,13.5,9.6,5.4,3.1,4.3,2.9,0
root/Europe&CentralAsiaKyrgyzRepublic,root,0,0,0,0,0,0,0,0,0,0,0,0,0,0,0,0,0,0,0,0,53.1,0,77.6,72.8,71.9,69.3,46.7,51.8,39.1,36.0,25.0,21.1,23.3,21.4,21.5,26.3,19.7,23.2,19.1
root/Europe&CentralAsiaLatvia,root,0,0,0,0,0,0,0,0,0,0,0,0,0,0,0,2.9,0,5.7,7.1,0,0,0,0,0,0,0,5.5,5.0,2.7,1.5,2.5,3.7,3.7,3.0,2.7,2.5,1.7,1.5,0
root/Europe&CentralAsiaLithuania,root,0,0,0,0,0,0,0,0,0,0,0,0,0,0,0,30.8,0,0,0,0,0,0,0,0,0,0,7.5,4.5,2.7,2.0,2.2,4.2,3.2,1.7,2.0,2.0,2.7,1.5,0
root/Europe&CentralAsiaLuxembourg,root,0,0,0,0,0,0,0,0,0,0,0,0,0,0,0,0,0,0,0,0,0,0,0,0,0,0.2,0,0,0,0,0,0,0,0,0.2,0.1,0.2,0,0
root/Europe&CentralAsiaMacedoniaFYR,root,0,0,0,0,0,0,0,0,0,0,0,0,0,0,0,0,0,0,0,0,0,0,0,0,0,0,0,0,0,0,0,0,17.4,16.0,14.0,12.0,10.0,0,0
root/Europe&CentralAsiaMoldova,root,0,0,0,0,0,0,0,0,0,0,0,0,0,0,0,0,0,0,0,43.7,57.9,70.0,68.8,60.0,44.4,32.2,32.8,40.4,12.9,7.8,9.2,8.2,6.1,4.3,3.4,2.2,1.1,1.4,1.3
root/Europe&CentralAsiaMontenegro,root,0,0,0,0,0,0,0,0,0,0,0,0,0,0,0,0,0,0,0,0,0,0,0,0,0,0,0,1.6,1.2,0.6,0.5,0.6,0.8,1.0,2.1,2.5,0.8,0,0
root/Europe&CentralAsiaNetherlands,root,0,0,0,0,0,0,0,0,0,0,0,0,0,0,0,0,0,0,0,0,0,0,0,0,0,0,0.5,0.2,0,0,0.2,0.2,0,0.2,0,0.2,0.2,0.2,0
root/Europe&CentralAsiaNorway,root,0,0,0,0,0,0,0,0,0,0,0,0,0,0,0,0,0,0,0,0,0,0,0,0,0,0.2,0.2,0.2,0.2,0.2,0.2,0.2,0.2,0.2,0.2,0.2,0.2,0.2,0
root/Europe&CentralAsiaPoland,root,0,0,0,0,0,0,0,0,0,0,0,0,0,0,0,3.2,0,0,20.1,0,0.9,1.0,1.3,1.4,1.6,1.1,1.3,1.6,0.8,0.6,0.4,0.4,0.4,0.4,0.3,0.3,0.4,0.2,0
root/Europe&CentralAsiaPortugal,root,0,0,0,0,0,0,0,0,0,0,0,0,0,0,0,0,0,0,0,0,0,0,0,0,0,1.5,1.0,1.0,0.5,0.7,1.0,0.5,0.5,0.9,1.5,1.7,1.5,1.2,0
root/Europe&CentralAsiaRomania,root,0,0,0,0,0,0,0,0,0,0,0,0,0,0,0,0,0,0,0,0,12.6,28.6,31.1,24.8,24.0,20.3,16.0,13.1,12.8,9.8,5.6,4.3,5.3,5.0,4.6,4.5,0,0,3.3
root/Europe&CentralAsiaRussianFederation,root,0,0,0,0,0,0,0,0,0,0,0,0,0,0,0,10.8,0,0,11.3,5.6,7.9,13.3,10.0,6.6,4.7,4.8,4.1,3.2,2.2,1.3,0.5,0.5,0.5,0.3,0.3,0.3,0.2,0.3,0
root/Europe&CentralAsiaSerbia,root,0,0,0,0,0,0,0,0,0,0,0,0,0,0,0,0,0,0,0,0,0,0,0,0,1.4,2.0,3.3,4.1,2.0,1.5,1.0,1.5,2.1,0,0,1.7,0,1.1,0
root/Europe&CentralAsiaSlovakRepublic,root,0,0,0,0,0,0,0,0,0,0,0,0,0,0,0,0,0,0,2.1,0,0,0,0,0,0,0,0.7,0.5,0.7,0.9,0.7,1.0,1.0,0.7,0.7,0.7,1.2,1.0,0
root/Europe&CentralAsiaSlovenia,root,0,0,0,0,0,0,0,0,0,0,0,0,0,0,0,0.1,0,0,0,0,0,0,0,0,0,0,0.2,0.2,0,0,0,0,0,0,0,0,0,0,0
root/Europe&CentralAsiaSpain,root,0,0,0,0,0,0,0,0,0,0,0,0,0,0,0,0,0,0,0,0,0,0,0,0,0,1.2,1.2,1.0,1.2,0.7,1.0,1.0,1.0,1.7,1.5,1.7,1.5,1.5,0
root/Europe&CentralAsiaSweden,root,0,0,0,0,0,0,0,0,0,0,0,0,0,0,0,0,0,0,0,0,0,0,0,0,0,0.5,0.5,1.2,0.5,0.5,0.5,0.5,0.5,0.5,0.5,0.5,0.7,0.7,0
root/Europe&CentralAsiaSwitzerland,root,0,0,0,0,0,0,0,0,0,0,0,0,0,0,0,0,0,0,0,0,0,0,0,0,0,0,0,0,0.2,0,0.2,0,0.2,0,0,0,0,0,0
root/Europe&CentralAsiaTajikistan,root,0,0,0,0,0,0,0,0,0,0,0,0,0,0,0,0,0,0,0,0,0,87.1,0,0,0,66.8,47.9,0,0,34.7,0,25.7,0,0,0,0,0,20.3,0
root/Europe&CentralAsiaTurkey,root,0,0,0,0,0,0,0,0,0,10.9,0,0,0,0,0,0,13.0,0,0,0,0,0,0,0,10.7,14.1,9.9,10.0,8.3,6.7,6.0,5.0,4.5,4.1,3.4,2.9,2.4,2.7,1.8
root/Europe&CentralAsiaTurkmenistan,root,0,0,0,0,0,0,0,0,0,0,0,0,0,0,0,0,0,0,0,0,77.8,0,0,0,0,0,0,0,0,0,0,0,0,0,0,0,0,0,0
root/Europe&CentralAsiaUkraine,root,0,0,0,0,0,0,0,0,0,0,0,0,0,0,0,0,0,20.3,22.7,0,0,0,0,0,11.9,7.0,5.7,2.6,1.6,1.3,0.4,0.7,0.3,0.2,0.2,0.1,0.1,0.5,0.5
root/Europe&CentralAsiaUnitedKingdom,root,0,0,0,0,0,0,0,0,0,0,0,0,0,0,0,0,0,0,0,0,0,0,0,0,0,0,0.5,0.7,0.2,0.5,0.5,0.2,0.2,0.5,0.2,0.2,0.2,0.2,0
root/Europe&CentralAsiaUzbekistan,root,0,0,0,0,0,0,0,0,0,0,0,0,0,0,0,0,0,0,0,0,65.5,0,86.7,0,85.9,86.4,0,0,0,0,0,0,0,0,0,0,0,0,0
root/LatinAmerica&CaribbeanArgentina,root,0,0,0.4,0,0,0,0,0,0,0,0,0,0,4.4,4.9,5.8,5.5,8.6,9.5,8.8,10.1,10.7,12.6,17.3,26.2,15.5,12.1,10.0,8.0,6.9,6.2,6.0,3.7,2.6,2.7,2.4,2.8,0,2.4
root/LatinAmerica&CaribbeanBelize,root,0,0,0,0,0,0,0,0,0,0,0,0,0,0,0,24.7,26.3,0,30.1,35.5,33.5,28.4,0,0,0,0,0,0,0,0,0,0,0,0,0,0,0,0,0
root/LatinAmerica&CaribbeanBolivia,root,0,0,0,0,0,0,0,0,0,0,0,0,23.9,0,0,0,0,0,0,32.1,0,38.2,41.4,36.2,38.6,0,29.2,32.1,28.6,26.4,20.3,18.4,0,14.1,14.7,12.2,12.3,11.7,12.6
root/LatinAmerica&CaribbeanBrazil,root,0,0,0,39.2,39.1,47.3,46.6,41.5,23.3,33.1,35.9,33.3,38.5,0,37.2,36.4,0,26.9,27.3,27.8,25.4,27.3,0,23.5,22.4,23.5,21.6,19.7,17.1,15.7,13.5,12.5,0,10.3,8.7,8.2,6.9,8.0,0
root/LatinAmerica&CaribbeanChile,root,0,0,0,0,0,0,0,0,0,28.4,0,0,22.2,0,16.3,0,15.2,0,12.2,0,11.1,0,12.1,0,0,11.2,0,0,7.3,0,0,6.7,0,4.7,0,2.6,0,3.1,0
root/LatinAmerica&CaribbeanColombia,root,0,0,0,0,0,0,0,0,0,0,0,0,0,0,22.6,0,0,0,32.1,0,0,36.0,30.7,36.6,30.3,27.2,26.5,23.4,0,0,22.6,20.7,18.4,16.3,15.6,14.3,13.2,11.9,11.8
root/LatinAmerica&CaribbeanCostaRica,root,0,0,0,42.4,0,0,0,0,26.7,0,0,21.8,19.3,23.3,19.7,16.1,13.6,14.1,16.7,13.8,10.8,13.1,13.7,10.6,9.8,9.6,9.1,7.7,7.6,5.2,5.2,5.5,4.0,4.3,4.2,4.0,3.8,4.0,3.8
root/LatinAmerica&CaribbeanDominicanRepublic,root,0,0,0,0,0,0,0,0,13.5,0,0,30.8,0,0,17.7,0,0,0,13.4,12.6,0,0,13.0,12.5,14.6,17.9,23.2,16.8,14.2,13.7,14.1,12.7,12.4,10.4,11.5,10.5,8.3,7.0,6.2
root/LatinAmerica&CaribbeanEcuador,root,0,0,0,0,0,0,0,0,0,32.4,0,0,0,0,0,0,34.7,0,0,0,35.7,40.2,49.9,0,0,30.1,31.9,25.7,19.8,19.2,18.1,17.2,14.7,12.2,11.4,10.1,8.6,9.4,9.4
root/LatinAmerica&CaribbeanElSalvador,root,0,0,0,0,0,0,0,0,0,0,0,30.9,0,36.5,0,0,0,27.3,28.9,0,32.6,28.7,24.0,25.7,25.9,26.8,22.5,22.8,18.8,14.9,19.6,18.5,17.9,16.2,14.4,12.4,12.2,9.9,10.3
root/LatinAmerica&CaribbeanGuatemala,root,0,0,0,0,0,0,0,0,68.7,0,0,54.0,0,0,0,0,0,0,0,0,28.1,0,22.2,0,0,0,0,0,24.2,0,0,0,0,0,0,0,24.2,0,0
root/LatinAmerica&CaribbeanGuyana,root,0,0,0,0,0,0,0,0,0,0,0,0,0,0,59.7,0,0,0,0,0,29.5,0,0,0,0,0,0,0,0,0,0,0,0,0,0,0,0,0,0
root/LatinAmerica&CaribbeanHaiti,root,0,0,0,0,0,0,0,0,0,0,0,0,0,0,0,0,0,0,0,0,0,0,0,0,0,0,0,0,0,0,0,0,0,0,48.3,0,0,0,0
root/LatinAmerica&CaribbeanHonduras,root,0,0,0,0,0,0,0,0,0,0,0,62.0,64.3,56.3,52.3,45.9,46.2,48.5,50.7,40.2,42.0,43.2,0,35.0,40.0,45.0,44.2,41.4,36.6,31.9,30.3,27.3,29.4,31.7,36.1,32.9,31.8,32.2,30.0
root/LatinAmerica&CaribbeanJamaica,root,0,0,0,0,0,0,0,0,0,0,20.3,0,20.7,0,0,30.9,0,0,14.1,0,0,10.1,0,0,11.4,0,9.0,0,0,0,0,0,0,0,0,0,0,0,0
root/LatinAmerica&CaribbeanMexico,root,0,0,0,0,0,0,22.5,0,0,0,0,0,0,0,20.7,0,20.5,0,28.5,0,26.2,0,22.4,0,19.8,0,16.2,18.3,12.8,0,13.8,0,14.0,0,13.1,0,14.2,0,11.2
root/LatinAmerica&CaribbeanNicaragua,root,0,0,0,0,0,0,0,0,0,0,0,0,0,0,0,56.6,0,0,0,0,45.9,0,0,37.7,0,0,0,27.1,0,0,0,22.4,0,0,0,0,12.8,0,0
root/LatinAmerica&CaribbeanPanama,root,0,21.0,0,0,0,0,0,0,0,0,0,34.4,0,31.4,0,0,0,24.7,0,23.3,23.9,21.2,20.2,24.9,21.6,20.7,19.7,18.8,19.0,16.6,13.9,9.5,10.8,8.7,10.0,8.1,8.4,6.7,7.0
root/LatinAmerica&CaribbeanParaguay,root,0,0,0,0,0,0,0,0,0,0,0,0,4.7,0,0,0,0,23.1,0,20.1,0,20.1,0,18.3,27.0,19.6,17.0,14.7,19.4,16.5,14.0,14.4,13.3,12.7,9.9,6.7,7.5,6.9,7.0
root/LatinAmerica&CaribbeanPeru,root,0,0,0,0,0,0,0,0,0,0,0,0,0,0,0,0,0,0,0,32.8,31.6,32.8,30.6,32.9,29.6,27.7,28.4,30.9,26.9,23.1,19.5,17.3,14.8,13.3,12.3,11.4,10.7,10.4,10.0
root/LatinAmerica&CaribbeanStLucia,root,0,0,0,0,0,0,0,0,0,0,0,0,0,0,0,0,0,63.5,0,0,0,0,0,0,0,0,0,0,0,0,0,0,0,0,0,0,0,0,0
root/LatinAmerica&CaribbeanSuriname,root,0,0,0,0,0,0,0,0,0,0,0,0,0,0,0,0,0,0,0,0,0,42.8,0,0,0,0,0,0,0,0,0,0,0,0,0,0,0,0,0
root/LatinAmerica&CaribbeanTrinidadandTobago,root,0,0,0,0,0,0,0,0,0,0,8.3,0,0,0,13.1,0,0,0,0,0,0,0,0,0,0,0,0,0,0,0,0,0,0,0,0,0,0,0,0
root/LatinAmerica&CaribbeanUruguay,root,0,0,0,3.3,0,0,0,0,0,0,0,2.7,0,0,0,0,0,0,0,0,0,0,0,0,0,0,0,0,3.7,2.9,1.8,1.8,1.3,1.0,1.1,0.8,0.7,0.6,0.5
root/LatinAmerica&CaribbeanVenezuelaRB,root,0,0,0,10.2,0,0,0,0,0,11.0,0,14.7,0,0,9.1,0,0,19.3,0,0,21.1,21.4,0,19.8,28.9,34.5,30.3,24.8,15.4,0,0,0,0,0,0,0,0,0,0
root/MiddleEast&NorthAfricaAlgeria,root,0,0,0,0,0,0,0,0,0,0,25.0,0,0,0,0,0,0,24.1,0,0,0,0,0,0,0,0,0,0,0,0,0,0,0,3.9,0,0,0,0,0
root/MiddleEast&NorthAfricaDjibouti,root,0,0,0,0,0,0,0,0,0,0,0,0,0,0,0,0,0,0,0,0,0,0,0,0,47.8,0,0,0,0,0,0,0,0,0,38.7,44.6,0,0,0
root/MiddleEast&NorthAfricaEgyptArabRep,root,0,0,0,0,0,0,0,0,0,0,0,0,37.9,0,0,0,0,38.6,0,0,0,24.1,0,0,0,0,32.6,0,0,0,30.7,0,26.6,0,22.7,0,0,16.1,0
root/MiddleEast&NorthAfricaIranIslamicRep,root,0,0,0,0,0,0,0,0,21.5,0,0,0,19.6,0,0,0,15.1,0,0,0,13.3,0,0,0,0,0,0,3.2,3.2,0,0,3.8,0,0,0,1.2,2.5,0,0
root/MiddleEast&NorthAfricaIraq,root,0,0,0,0,0,0,0,0,0,0,0,0,0,0,0,0,0,0,0,0,0,0,0,0,0,0,0,0,19.6,0,0,0,0,0,17.9,0,0,0,0
root/MiddleEast&NorthAfricaIsrael,root,0,0.7,0,0,0,0,0,0,0.7,0,0,0,0,0,0.4,0,0,0,0,0.7,0,0,0,0.4,0,0,0,1.0,0,1.1,0,0,1.1,0,1.3,0,0,0,0
root/MiddleEast&NorthAfricaJordan,root,0,0,0,0,0,0,0,0,2.4,0,0,0,0,0,16.3,0,0,0,0,12.9,0,0,0,0,8.3,0,0,0,3.8,0,3.0,0,2.1,0,0,0,0,0,0
root/MiddleEast&NorthAfricaLebanon,root,0,0,0,0,0,0,0,0,0,0,0,0,0,0,0,0,0,0,0,0,0,0,0,0,0,0,0,0,0,0,0,0,0,0.1,0,0,0,0,0
root/MiddleEast&NorthAfricaMalta,root,0,0,0,0,0,0,0,0,0,0,0,0,0,0,0,0,0,0,0,0,0,0,0,0,0,0,0,0,0.5,0.5,0.2,0.5,0.2,0.2,0.2,0,0,0,0
root/MiddleEast&NorthAfricaMorocco,root,0,0,0,0,0,0,32.9,0,0,0,0,0,19.3,0,0,0,0,0,0,0,28.2,0,27.8,0,0,0,0,0,17.0,0,0,0,0,0,0,0,0,0,0
root/MiddleEast&NorthAfricaSyrianArabRepublic,root,0,0,0,0,0,0,0,0,0,0,0,0,0,0,0,0,0,0,0,0,0,0,0,0,0,0,15.3,0,0,0,0,0,0,0,0,0,0,0,0
root/MiddleEast&NorthAfricaTunisia,root,0,0,0,0,0,0,0,36.2,0,0,0,0,28.9,0,0,0,0,30.1,0,0,0,0,21.5,0,0,0,0,14.2,0,0,0,0,9.1,0,0,0,0,0,0
root/MiddleEast&NorthAfricaWestBankandGaza,root,0,0,0,0,0,0,0,0,0,0,0,0,0,0,0,0,0,0,0,0,0,0,0,0,0,0,5.5,5.7,4.3,7.8,0,3.1,3.7,3.4,0,0,0,0,0
root/MiddleEast&NorthAfricaYemenRep,root,0,0,0,0,0,0,0,0,0,0,0,0,0,0,0,0,0,0,0,0,27.9,0,0,0,0,0,0,38.8,0,0,0,0,0,0,0,0,52.2,0,0
root/NorthAmericaCanada,root,0,0,0,0.7,0,0,0,0,0,0.3,0,0,0,0.3,0,0,0.3,0,0,0.7,0.7,0,0.3,0,0,0,0.3,0,0,0.3,0,0,0.4,0,0,0.7,0,0,0
root/NorthAmericaUnitedStates,root,0,0.7,0,0,0,0,0,0,0.7,0,0,0,0,0.7,0,0,1.0,0,0,1.0,0,0,1.0,0,0,0,1.3,0,0,1.3,0,0,1.3,0,0,1.4,0,0,1.3
root/SouthAsiaBangladesh,root,0,0,0,0,0,78.2,0,72.5,0,0,80.8,0,0,83.9,0,0,0,75.3,0,0,0,0,72.7,0,0,0,0,66.3,0,0,0,0,60.4,0,0,0,0,0,52.9
root/SouthAsiaBhutan,root,0,0,0,0,0,0,0,0,0,0,0,0,0,0,0,0,0,0,0,0,0,0,0,0,0,62.3,0,0,0,30.5,0,0,0,0,14.5,0,0,0,0
root/SouthAsiaIndia,root,87.3,0,0,0,0,84.9,0,0,0,80.4,0,0,0,0,0,81.1,0,0,0,0,0,0,0,0,0,0,75.2,0,0,0,0,70.0,0,60.4,0,0,0,0,0
root/SouthAsiaMaldives,root,0,0,0,0,0,0,0,0,0,0,0,0,0,0,0,0,0,0,0,0,0,0,0,0,39.2,0,0,0,0,0,0,24.4,0,0,0,0,0,0,0
root/SouthAsiaNepal,root,0,0,0,0,0,0,0,0,0,0,0,0,0,0,0,0,0,86.6,0,0,0,0,0,0,0,75.5,0,0,0,0,0,0,50.8,0,0,0,0,0,0
root/SouthAsiaPakistan,root,0,0,0,0,0,0,0,0,0,87.9,0,0,87.2,0,0,0,0,0,63.4,0,66.0,0,0,72.4,0,0,60.4,59.4,0,55.4,0,0,47.8,46.4,0,39.7,0,0,0
root/SouthAsiaSriLanka,root,0,0,0,0,0,0,0,45.4,0,0,0,0,43.1,0,0,0,0,41.5,0,0,0,0,0,0,36.0,0,0,0,23.6,0,0,18.3,0,0,16.1,0,0,0,9.5
root/Sub-SaharanAfricaAngola,root,0,0,0,0,0,0,0,0,0,0,0,0,0,0,0,0,0,0,0,0,0,0,0,0,0,0,0,0,0,0,55.7,0,0,0,0,0,0,0,0
root/Sub-SaharanAfricaBenin,root,0,0,0,0,0,0,0,0,0,0,0,0,0,0,0,0,0,0,0,0,0,0,0,0,0,78.3,0,0,0,0,0,0,0,76.7,0,0,0,76.2,0
root/Sub-SaharanAfricaBotswana,root,0,0,0,0,0,0,0,63.8,0,0,0,0,0,0,0,56.0,0,0,0,0,0,0,0,0,50.2,0,0,0,0,0,0,37.1,0,0,0,0,0,0,0
root/Sub-SaharanAfricaBurkinaFaso,root,0,0,0,0,0,0,0,0,0,0,0,0,0,0,0,0,92.8,0,0,0,91.3,0,0,0,0,80.3,0,0,0,0,0,81.5,0,0,0,0,76.4,0,0
root/Sub-SaharanAfricaBurundi,root,0,0,0,0,0,0,0,0,0,0,0,0,0,0,94.8,0,0,0,0,0,95.3,0,0,0,0,0,0,0,92.9,0,0,0,0,0,0,89.2,0,0,0
root/Sub-SaharanAfricaCaboVerde,root,0,0,0,0,0,0,0,0,0,0,0,0,0,0,0,0,0,0,0,0,0,0,0,37.3,0,0,0,0,0,26.5,0,0,0,0,0,0,0,0,0
root/Sub-SaharanAfricaCameroon,root,0,0,0,0,0,0,0,0,0,0,0,0,0,0,0,0,0,0,73.3,0,0,0,0,52.7,0,0,0,0,0,55.7,0,0,0,0,0,0,44.8,0,0
root/Sub-SaharanAfricaCentralAfricanRepublic,root,0,0,0,0,0,0,0,0,0,0,0,0,0,0,92.3,0,0,0,0,0,0,0,0,0,0,85.1,0,0,0,0,83.1,0,0,0,0,0,0,0,0
root/Sub-SaharanAfricaChad,root,0,0,0,0,0,0,0,0,0,0,0,0,0,0,0,0,0,0,0,0,0,0,0,0,0,85.6,0,0,0,0,0,0,0,66.5,0,0,0,0,0
root/Sub-SaharanAfricaComoros,root,0,0,0,0,0,0,0,0,0,0,0,0,0,0,0,0,0,0,0,0,0,0,0,0,0,0,33.8,0,0,0,0,0,0,0,0,38.1,0,0,0
root/Sub-SaharanAfricaCongoDemRep,root,0,0,0,0,0,0,0,0,0,0,0,0,0,0,0,0,0,0,0,0,0,0,0,0,0,0,98.5,0,0,0,0,0,0,0,91.3,0,0,0,0
root/Sub-SaharanAfricaCongoRep,root,0,0,0,0,0,0,0,0,0,0,0,0,0,0,0,0,0,0,0,0,0,0,0,0,0,0,0,74.2,0,0,0,0,0,61.3,0,0,0,0,0
root/Sub-SaharanAfricaCotedIvoire,root,0,0,0,0,0,0,0,19.2,18.6,26.2,34.5,0,0,0,49.6,0,0,49.6,0,0,55.9,0,0,0,56.5,0,0,0,0,0,57.1,0,0,0,0,0,0,57.4,0
root/Sub-SaharanAfricaEthiopia,root,0,0,0,0,0,0,0,0,0,0,0,0,0,0,0,0,0,87.8,0,0,0,88.3,0,0,0,0,78.0,0,0,0,0,0,73.1,0,0,0,0,61.4,0
root/Sub-SaharanAfricaGabon,root,0,0,0,0,0,0,0,0,0,0,0,0,0,0,0,0,0,0,0,0,0,0,0,0,0,0,0,25.8,0,0,0,0,0,0,0,0,0,0,0
root/Sub-SaharanAfricaGambiaThe,root,0,0,0,0,0,0,0,0,0,0,0,0,0,0,0,0,0,0,0,0,86.8,0,0,0,0,69.6,0,0,0,0,0,0,53.0,0,0,0,0,37.8,0
root/Sub-SaharanAfricaGhana,root,0,0,0,0,0,0,0,0,0,75.6,74.8,0,0,78.6,0,0,0,0,0,0,63.3,0,0,0,0,0,0,50.1,0,0,0,0,0,0,32.5,0,0,0,0
root/Sub-SaharanAfricaGuinea,root,0,0,0,0,0,0,0,0,0,0,0,0,0,98.7,0,0,72.7,0,0,0,0,0,0,0,83.9,0,0,0,0,82.3,0,0,0,0,70.3,0,0,0,0
root/Sub-SaharanAfricaGuineaBissau,root,0,0,0,0,0,0,0,0,0,0,0,0,0,62.3,0,86.1,0,0,0,0,0,0,0,0,82.6,0,0,0,0,0,0,0,84.5,0,0,0,0,0,0
root/Sub-SaharanAfricaKenya,root,0,0,0,0,0,0,0,0,0,0,0,0,0,0,53.7,0,54.8,0,0,58.6,0,0,0,0,0,0,0,68.2,0,0,0,0,0,0,0,0,0,0,0
root/Sub-SaharanAfricaLesotho,root,0,0,0,0,0,0,0,0,87.9,0,0,0,0,0,0,0,81.4,0,0,0,0,0,0,0,79.9,0,0,0,0,0,0,0,78.1,0,0,0,0,0,0
root/Sub-SaharanAfricaLiberia,root,0,0,0,0,0,0,0,0,0,0,0,0,0,0,0,0,0,0,0,0,0,0,0,0,0,0,0,0,0,90.4,0,0,0,0,0,0,73.8,0,0
root/Sub-SaharanAfricaMadagascar,root,0,0,70.3,0,0,0,0,0,0,0,0,0,0,0,0,88.3,0,0,0,86.8,0,86.2,0,84.9,0,0,0,89.2,0,0,0,0,91.3,0,91.0,0,0,0,0
root/Sub-SaharanAfricaMalawi,root,0,0,0,0,0,0,0,0,0,0,0,0,0,0,0,0,0,0,0,84.5,0,0,0,0,0,0,90.4,0,0,0,0,0,88.8,0,0,0,0,0,0
root/Sub-SaharanAfricaMali,root,0,0,0,0,0,0,0,0,0,0,0,0,0,0,0,0,93.4,0,0,0,0,0,0,80.5,0,0,0,0,77.6,0,0,79.4,0,0,0,0,0,0,0
root/Sub-SaharanAfricaMauritania,root,0,0,0,0,0,0,0,0,0,65.7,0,0,0,0,0,69.7,0,49.7,0,0,0,0,45.5,0,0,0,42.5,0,0,0,34.4,0,0,0,0,0,24.1,0,0
root/Sub-SaharanAfricaMauritius,root,0,0,0,0,0,0,0,0,0,0,0,0,0,0,0,0,0,0,0,0,0,0,0,0,0,0,0,0,3.5,0,0,0,0,0,3.2,0,0,0,0
root/Sub-SaharanAfricaMozambique,root,0,0,0,0,0,0,0,0,0,0,0,0,0,0,0,0,0,0,91.7,0,0,0,0,0,92.5,0,0,0,0,0,88.7,0,0,0,0,0,81.9,0,0
root/Sub-SaharanAfricaNamibia,root,0,0,0,0,0,0,0,0,0,0,0,0,0,0,0,0,0,0,0,0,0,0,0,0,0,56.1,0,0,0,0,0,47.0,0,0,0,0,0,0,0
root/Sub-SaharanAfricaNiger,root,0,0,0,0,0,0,0,0,0,0,0,0,0,0,93.9,0,93.8,0,0,0,0,0,0,0,0,0,0,90.7,0,90.5,0,0,0,83.3,0,0,76.9,0,0
root/Sub-SaharanAfricaNigeria,root,0,0,0,0,0,0,0,78.5,0,0,0,0,0,0,77.1,0,0,0,82.0,0,0,0,0,0,0,79.9,0,0,0,0,0,77.6,0,0,0,0,0,0,0
root/Sub-SaharanAfricaRwanda,root,0,0,0,0,0,0,88.9,0,0,0,0,0,0,0,0,0,0,0,0,0,0,0,89.8,0,0,0,0,84.4,0,0,0,0,81.6,0,0,81.1,0,0,0
root/Sub-SaharanAfricaSaoTomeandPrincipe,root,0,0,0,0,0,0,0,0,0,0,0,0,0,0,0,0,0,0,0,0,0,0,64.2,0,0,0,0,0,0,0,0,0,70.1,0,0,0,0,0,0
root/Sub-SaharanAfricaSenegal,root,0,0,0,0,0,0,0,0,0,0,0,0,0,84.6,0,0,83.4,0,0,0,0,0,0,76.8,0,0,0,67.8,0,0,0,0,0,67.5,0,0,0,0,0
root/Sub-SaharanAfricaSeychelles,root,0,0,0,0,0,0,0,0,0,0,0,0,0,0,0,0,0,0,0,0,0,0,0,0,0,0,0,0,0,0,0,0,0,0,0,2.5,0,0,0
root/Sub-SaharanAfricaSierraLeone,root,0,0,0,0,0,0,0,0,0,0,0,81.3,0,0,0,0,0,0,0,0,0,0,0,0,0,84.0,0,0,0,0,0,0,0,81.3,0,0,0,0,0
root/Sub-SaharanAfricaSouthAfrica,root,0,0,0,0,0,0,0,0,0,0,0,0,0,0,0,47.8,0,0,53.9,0,0,0,51.1,0,0,0,0,47.9,0,0,37.0,0,35.8,0,0,0,37.6,0,0
root/Sub-SaharanAfricaSouthSudan,root,0,0,0,0,0,0,0,0,0,0,0,0,0,0,0,0,0,0,0,0,0,0,0,0,0,0,0,0,0,0,0,64.8,0,0,0,0,0,0,0
root/Sub-SaharanAfricaSudan,root,0,0,0,0,0,0,0,0,0,0,0,0,0,0,0,0,0,0,0,0,0,0,0,0,0,0,0,0,0,0,0,40.5,0,0,0,0,0,0,0
root/Sub-SaharanAfricaSwaziland,root,0,0,0,0,0,0,0,0,0,0,0,0,0,0,0,0,91.9,0,0,0,0,0,71.4,0,0,0,0,0,0,0,0,64.4,0,0,0,0,0,0,0
root/Sub-SaharanAfricaTanzania,root,0,0,0,0,0,0,0,0,0,0,0,0,0,91.4,0,0,0,0,0,0,0,0,96.2,0,0,0,0,0,0,83.6,0,0,0,79.0,0,0,0,0,0
root/Sub-SaharanAfricaTogo,root,0,0,0,0,0,0,0,0,0,0,0,0,0,0,0,0,0,0,0,0,0,0,0,0,0,0,0,0,77.7,0,0,0,0,75.4,0,0,0,73.2,0
root/Sub-SaharanAfricaUganda,root,0,0,0,0,0,0,0,0,0,0,0,85.1,0,0,90.3,0,0,0,85.3,0,0,86.6,0,0,84.5,0,0,79.2,0,0,0,72.4,0,0,67.4,0,0,0,0
root/Sub-SaharanAfricaZambia,root,0,0,0,0,0,0,0,0,0,0,0,0,0,69.2,0,73.9,0,0,64.7,0,65.6,0,0,0,76.3,0,75.1,0,77.7,0,0,0,79.7,0,0,0,0,74.3,0
root/Sub-SaharanAfricaZimbabwe,root,0,0,0,0,0,0,0,0,0,0,0,0,0,0,0,0,0,0,0,0,0,0,0,0,0,0,0,0,0,0,0,0,0,47.2,0,0,0,0,0
