root/EastAsia&PacificAustralia,root,0.01,0.01,0.01,0.01,0.01,0.01,0.01,0.01,0.01,0.01,0.01,0.01,0.01,0.01,0.01,0.01,0.01,0.01,0.01,0.01,0.01,0.01,0.01,0.01,0.01,0.01,0.01
root/EastAsia&PacificCambodia,root,0.02,0.06,0.17,0.31,0.41,0.43,0.38,0.3,0.21,0.17,0.13,0.1,0.08,0.07,0.06,0.05,0.04,0.03,0.02,0.02,0.02,0.01,0.01,0.01,0.01,0.01,0.01
root/EastAsia&PacificFiji,root,0,0,0,0,0,0,0,0,0,0,0,0,0,0,0,0,0,0,0,0,0,0,0,0,0,0,0.02
root/EastAsia&PacificIndonesia,root,0.01,0.01,0.01,0.01,0.01,0.01,0.01,0.01,0.01,0.02,0.02,0.03,0.04,0.04,0.05,0.05,0.05,0.05,0.05,0.05,0.04,0.04,0.04,0.04,0.04,0.03,0.03
root/EastAsia&PacificLaoPDR,root,0.01,0.01,0.01,0.01,0.01,0.01,0.01,0.01,0.01,0.02,0.03,0.03,0.04,0.04,0.04,0.04,0.04,0.04,0.03,0.03,0.03,0.03,0.03,0.02,0.02,0.02,0.02
root/EastAsia&PacificMalaysia,root,0.08,0.2,0.18,0.12,0.11,0.11,0.11,0.1,0.1,0.1,0.09,0.09,0.09,0.09,0.08,0.08,0.07,0.07,0.06,0.06,0.05,0.05,0.04,0.04,0.04,0.03,0.03
root/EastAsia&PacificMongolia,root,0.01,0.01,0.01,0.01,0.01,0.01,0.01,0.01,0.01,0.01,0.01,0.01,0.01,0.01,0.01,0.01,0.01,0.01,0.01,0.01,0.01,0.01,0.01,0.01,0.01,0.01,0.01
root/EastAsia&PacificMyanmar,root,0.04,0.08,0.09,0.08,0.08,0.09,0.09,0.11,0.12,0.14,0.15,0.14,0.12,0.11,0.1,0.09,0.08,0.08,0.07,0.06,0.05,0.05,0.05,0.05,0.04,0.04,0.04
root/EastAsia&PacificPapuaNewGuinea,root,0.02,0.02,0.04,0.05,0.07,0.09,0.11,0.12,0.13,0.14,0.15,0.15,0.14,0.12,0.11,0.09,0.08,0.08,0.07,0.06,0.06,0.06,0.06,0.06,0.06,0.06,0.06
root/EastAsia&PacificPhilippines,root,0.01,0.01,0.01,0.01,0.01,0.01,0.01,0.01,0.01,0.01,0.01,0.01,0.01,0.01,0.01,0.01,0.01,0.01,0.01,0.01,0.01,0.01,0.01,0.01,0.02,0.02,0.02
root/EastAsia&PacificThailand,root,0.42,0.45,0.43,0.34,0.27,0.21,0.17,0.14,0.12,0.11,0.09,0.08,0.08,0.07,0.06,0.06,0.05,0.04,0.04,0.04,0.03,0.03,0.03,0.03,0.02,0.02,0.02
root/EastAsia&PacificVietnam,root,0.01,0.01,0.01,0.01,0.02,0.02,0.04,0.04,0.05,0.05,0.05,0.06,0.06,0.05,0.05,0.04,0.04,0.04,0.03,0.03,0.03,0.03,0.03,0.02,0.02,0.02,0.02
root/Europe&CentralAsiaAlbania,root,0.01,0.01,0.01,0.01,0.01,0.01,0.01,0.01,0.01,0.01,0.01,0.01,0.01,0.01,0.01,0.01,0.01,0.01,0.01,0.01,0.01,0.01,0.01,0.01,0.01,0.01,0.01
root/Europe&CentralAsiaArmenia,root,0.01,0.01,0.01,0.01,0.01,0.01,0.01,0.01,0.02,0.03,0.03,0.04,0.03,0.02,0.02,0.02,0.01,0.01,0.01,0.01,0.01,0.01,0.01,0.01,0.01,0.01,0.02
root/Europe&CentralAsiaAzerbaijan,root,0.01,0.01,0.01,0.01,0.01,0.01,0.01,0.01,0.01,0.01,0.01,0.01,0.01,0.01,0.01,0.01,0.01,0.01,0.01,0.01,0.01,0.02,0.02,0.02,0.02,0.02,0.02
root/Europe&CentralAsiaBelarus,root,0.01,0.01,0.01,0.01,0.01,0.01,0.01,0.01,0.01,0.01,0.01,0.01,0.01,0.01,0.01,0.02,0.02,0.02,0.02,0.02,0.03,0.03,0.04,0.04,0.04,0.04,0.04
root/Europe&CentralAsiaBulgaria,root,0,0,0,0,0,0,0,0,0,0,0,0,0,0,0,0,0,0,0,0,0,0,0,0,0,0,0.01
root/Europe&CentralAsiaCroatia,root,0.01,0.01,0.01,0.01,0.01,0.01,0.01,0.01,0.01,0.01,0.01,0.01,0.01,0.01,0.01,0.01,0.01,0.01,0.01,0.01,0.01,0.01,0.01,0.01,0.01,0.01,0.01
root/Europe&CentralAsiaCzechRepublic,root,0.01,0.01,0.01,0.01,0.01,0.01,0.01,0.01,0.01,0.01,0.01,0.01,0.01,0.01,0.01,0.01,0.01,0.01,0.01,0.01,0.01,0.01,0.01,0.01,0.01,0.01,0.01
root/Europe&CentralAsiaFrance,root,0,0,0,0,0,0,0,0,0,0,0.02,0.02,0.02,0.02,0.02,0.02,0.02,0.02,0.02,0.02,0.02,0.02,0.02,0.02,0.02,0.02,0.02
root/Europe&CentralAsiaGeorgia,root,0.01,0.01,0.01,0.01,0.01,0.01,0.01,0.01,0.01,0.01,0.01,0.02,0.02,0.02,0.03,0.03,0.03,0.03,0.04,0.04,0.04,0.05,0.05,0.05,0.05,0.05,0.05
root/Europe&CentralAsiaIreland,root,0,0,0,0,0,0,0,0,0,0,0.01,0.01,0.01,0.01,0.01,0.01,0.01,0.01,0.01,0.01,0.01,0.01,0.01,0.01,0.01,0.01,0.01
root/Europe&CentralAsiaItaly,root,0.03,0.04,0.04,0.04,0.04,0.04,0.03,0.03,0.03,0.03,0.03,0.02,0.02,0.02,0.02,0.02,0.01,0.01,0.01,0.01,0.01,0.01,0.01,0.01,0.01,0.01,0.01
root/Europe&CentralAsiaKazakhstan,root,0.01,0.01,0.01,0.01,0.01,0.01,0.01,0.01,0.01,0.01,0.01,0.01,0.01,0.01,0.01,0.01,0.02,0.02,0.02,0.02,0.02,0.02,0.02,0.03,0.03,0.03,0.03
root/Europe&CentralAsiaKyrgyzRepublic,root,0.01,0.01,0.01,0.01,0.01,0.01,0.01,0.01,0.01,0.01,0.01,0.01,0.01,0.01,0.01,0.02,0.02,0.02,0.02,0.03,0.03,0.03,0.03,0.03,0.03,0.03,0.02
root/Europe&CentralAsiaLatvia,root,0.04,0.06,0.08,0.09,0.07,0.06,0.05,0.05,0.05,0.05,0.05,0.05,0.05,0.05,0.05,0.05,0.05,0.05,0.05,0.05,0.05,0.05,0.05,0.05,0.05,0.05,0.05
root/Europe&CentralAsiaLithuania,root,0.01,0.01,0.01,0.01,0.01,0.01,0.01,0.01,0.01,0.01,0.01,0.01,0.01,0.01,0.01,0.01,0.01,0.01,0.01,0.01,0.02,0.02,0.02,0.02,0.02,0.02,0.02
root/Europe&CentralAsiaLuxembourg,root,0.02,0.03,0.03,0.03,0.03,0.03,0.03,0.03,0.03,0.03,0.03,0.03,0.03,0.03,0.03,0.03,0.03,0.03,0.04,0.04,0.04,0.04,0.04,0.04,0.04,0.04,0.03
root/Europe&CentralAsiaMacedoniaFYR,root,0.01,0.01,0.01,0.01,0.01,0.01,0.01,0.01,0.01,0.01,0.01,0.01,0.01,0.01,0.01,0.01,0.01,0.01,0.01,0.01,0.01,0.01,0.01,0.01,0.01,0.01,0.01
root/Europe&CentralAsiaMoldova,root,0.01,0.01,0.01,0.01,0.01,0.01,0.01,0.04,0.03,0.02,0.02,0.02,0.03,0.03,0.03,0.04,0.05,0.05,0.05,0.05,0.05,0.05,0.05,0.06,0.06,0.06,0.07
root/Europe&CentralAsiaMontenegro,root,0.01,0.01,0.01,0.01,0.01,0.01,0.01,0.01,0.01,0.01,0.01,0.01,0.01,0.01,0.01,0.01,0.01,0.01,0.01,0.01,0.01,0.01,0.01,0.02,0.02,0.02,0.02
root/Europe&CentralAsiaNetherlands,root,0.01,0.01,0.01,0.01,0.01,0.01,0.01,0.01,0.01,0.01,0.01,0.01,0.01,0.01,0.01,0.01,0.01,0.01,0.01,0.01,0.01,0.01,0.01,0.01,0.01,0.01,0.01
root/Europe&CentralAsiaRomania,root,0.01,0.01,0.01,0.01,0.01,0.01,0.01,0.01,0.01,0.01,0.01,0.01,0.01,0.01,0.01,0.01,0.01,0.01,0.01,0.01,0.01,0.01,0.01,0.01,0.01,0.01,0.01
root/Europe&CentralAsiaSerbia,root,0.01,0.01,0.01,0.01,0.01,0.01,0.01,0.01,0.01,0.01,0.01,0.01,0.01,0.01,0.01,0.01,0.01,0.01,0.01,0.01,0.01,0.01,0.01,0.01,0.01,0.01,0.01
root/Europe&CentralAsiaSlovakRepublic,root,0.01,0.01,0.01,0.01,0.01,0.01,0.01,0.01,0.01,0.01,0.01,0.01,0.01,0.01,0.01,0.01,0.01,0.01,0.01,0.01,0.01,0.01,0.01,0.01,0.01,0.01,0.01
root/Europe&CentralAsiaSlovenia,root,0.01,0.01,0.01,0.01,0.01,0.01,0.01,0.01,0.01,0.01,0.01,0.01,0.01,0.01,0.01,0.01,0.01,0.01,0.01,0.01,0.01,0.01,0.01,0.01,0.01,0.01,0.01
root/Europe&CentralAsiaSpain,root,0.04,0.03,0.03,0.03,0.03,0.02,0.02,0.02,0.02,0.02,0.02,0.02,0.02,0.02,0.02,0.02,0.02,0.02,0.02,0.02,0.02,0.02,0.02,0.02,0.02,0.02,0.02
root/Europe&CentralAsiaSweden,root,0.01,0.01,0.01,0.01,0.01,0.01,0.01,0.01,0.01,0.01,0.01,0.01,0.01,0.01,0.01,0.01,0.01,0.01,0.01,0.01,0.01,0.01,0.01,0.01,0.01,0.01,0.01
root/Europe&CentralAsiaTajikistan,root,0.01,0.01,0.01,0.01,0.01,0.01,0.01,0.01,0.01,0.01,0.02,0.02,0.03,0.03,0.04,0.04,0.04,0.04,0.03,0.03,0.03,0.03,0.03,0.03,0.03,0.03,0.03
root/Europe&CentralAsiaUkraine,root,0.01,0.02,0.02,0.04,0.06,0.08,0.1,0.11,0.11,0.1,0.09,0.09,0.08,0.07,0.07,0.06,0.06,0.06,0.05,0.05,0.07,0.07,0.07,0.07,0.07,0.07,0.07
root/LatinAmerica&CaribbeanArgentina,root,0.04,0.04,0.04,0.04,0.03,0.03,0.03,0.03,0.03,0.03,0.03,0.03,0.03,0.03,0.03,0.03,0.03,0.03,0.03,0.03,0.03,0.03,0.02,0.02,0.02,0.02,0.02
root/LatinAmerica&CaribbeanBarbados,root,0,0,0,0,0,0,0,0,0,0,0.1,0.1,0.1,0.1,0.1,0.1,0.1,0.11,0.11,0.11,0.11,0.11,0.11,0.11,0.11,0.11,0.11
root/LatinAmerica&CaribbeanBelize,root,0,0,0,0,0,0,0,0,0,0,0.19,0.24,0.27,0.28,0.26,0.24,0.21,0.19,0.16,0.15,0.14,0.13,0.13,0.13,0.13,0.13,0.13
root/LatinAmerica&CaribbeanBolivia,root,0.01,0.01,0.01,0.01,0.02,0.03,0.05,0.06,0.05,0.05,0.05,0.04,0.04,0.04,0.04,0.04,0.04,0.03,0.03,0.02,0.02,0.02,0.02,0.02,0.02,0.02,0.02
root/LatinAmerica&CaribbeanBrazil,root,0.04,0.04,0.04,0.04,0.04,0.04,0.04,0.04,0.04,0.04,0.04,0.04,0.04,0.04,0.04,0.04,0.04,0.04,0.04,0.04,0.04,0.04,0.04,0.04,0.04,0.04,0.04
root/LatinAmerica&CaribbeanChile,root,0.02,0.02,0.02,0.02,0.02,0.02,0.02,0.02,0.02,0.02,0.03,0.03,0.03,0.03,0.03,0.03,0.03,0.03,0.04,0.04,0.04,0.04,0.04,0.05,0.05,0.05,0.05
root/LatinAmerica&CaribbeanColombia,root,0.04,0.05,0.06,0.06,0.06,0.06,0.06,0.05,0.05,0.05,0.03,0.03,0.03,0.03,0.03,0.03,0.03,0.03,0.03,0.03,0.03,0.03,0.02,0.02,0.02,0.02,0.02
root/LatinAmerica&CaribbeanCostaRica,root,0.02,0.02,0.02,0.02,0.02,0.02,0.02,0.02,0.02,0.02,0.02,0.02,0.02,0.03,0.03,0.03,0.03,0.03,0.03,0.03,0.03,0.03,0.03,0.03,0.03,0.03,0.03
root/LatinAmerica&CaribbeanCuba,root,0.01,0.01,0.01,0.01,0.01,0.01,0.01,0.01,0.01,0.01,0.01,0.01,0.01,0.01,0.01,0.01,0.02,0.02,0.02,0.02,0.03,0.03,0.03,0.04,0.04,0.05,0.06
root/LatinAmerica&CaribbeanDominicanRepublic,root,0.24,0.3,0.34,0.37,0.38,0.37,0.34,0.3,0.26,0.22,0.18,0.15,0.12,0.1,0.08,0.07,0.07,0.06,0.06,0.05,0.05,0.05,0.05,0.05,0.05,0.05,0.04
root/LatinAmerica&CaribbeanEcuador,root,0,0,0,0,0,0,0,0,0,0,0,0,0,0,0,0,0,0,0,0,0,0,0,0,0,0,0.02
root/LatinAmerica&CaribbeanElSalvador,root,0.06,0.06,0.07,0.07,0.08,0.08,0.08,0.08,0.08,0.08,0.07,0.07,0.07,0.06,0.06,0.06,0.05,0.05,0.05,0.05,0.04,0.04,0.04,0.03,0.03,0.03,0.03
root/LatinAmerica&CaribbeanGuatemala,root,0.01,0.01,0.01,0.01,0.02,0.02,0.03,0.04,0.05,0.06,0.06,0.06,0.06,0.06,0.06,0.05,0.05,0.04,0.04,0.04,0.03,0.03,0.03,0.03,0.03,0.03,0.03
root/LatinAmerica&CaribbeanGuyana,root,0.02,0.03,0.04,0.05,0.06,0.07,0.09,0.12,0.14,0.16,0.17,0.17,0.17,0.17,0.16,0.15,0.14,0.12,0.11,0.11,0.11,0.11,0.11,0.12,0.13,0.13,0.14
root/LatinAmerica&CaribbeanHaiti,root,0.62,0.54,0.45,0.37,0.31,0.28,0.22,0.25,0.22,0.22,0.21,0.21,0.21,0.21,0.21,0.2,0.2,0.2,0.2,0.19,0.17,0.17,0.16,0.15,0.14,0.13,0.13
root/LatinAmerica&CaribbeanHonduras,root,0.18,0.19,0.19,0.19,0.18,0.17,0.14,0.12,0.09,0.07,0.05,0.04,0.03,0.03,0.03,0.02,0.02,0.02,0.02,0.02,0.02,0.02,0.02,0.02,0.02,0.02,0.02
root/LatinAmerica&CaribbeanJamaica,root,0,0,0,0,0,0,0,0,0,0,0,0,0,0,0,0,0,0,0,0,0,0,0,0,0,0,0.11
root/LatinAmerica&CaribbeanMexico,root,0.02,0.02,0.02,0.02,0.02,0.02,0.02,0.02,0.02,0.02,0.02,0.02,0.02,0.02,0.02,0.02,0.02,0.02,0.02,0.02,0.02,0.02,0.02,0.02,0.02,0.02,0.02
root/LatinAmerica&CaribbeanNicaragua,root,0.04,0.05,0.05,0.05,0.05,0.05,0.05,0.05,0.05,0.04,0.04,0.04,0.03,0.03,0.02,0.02,0.02,0.02,0.02,0.02,0.02,0.02,0.01,0.01,0.01,0.01,0.01
root/LatinAmerica&CaribbeanPanama,root,0,0,0,0,0,0,0,0,0,0,0.06,0.06,0.06,0.06,0.06,0.06,0.06,0.06,0.06,0.06,0.06,0.06,0.06,0.06,0.06,0.06,0.06
root/LatinAmerica&CaribbeanParaguay,root,0.02,0.02,0.02,0.02,0.03,0.03,0.04,0.04,0.04,0.04,0.04,0.04,0.05,0.05,0.05,0.05,0.05,0.04,0.04,0.04,0.04,0.04,0.04,0.04,0.04,0.04,0.03
root/LatinAmerica&CaribbeanPeru,root,0,0,0,0,0,0,0,0,0,0,0,0,0,0,0,0,0,0,0,0,0,0,0,0,0,0,0.02
root/LatinAmerica&CaribbeanSuriname,root,0.07,0.1,0.12,0.15,0.15,0.16,0.18,0.18,0.18,0.17,0.15,0.13,0.11,0.1,0.09,0.08,0.08,0.08,0.09,0.09,0.1,0.1,0.11,0.11,0.11,0.11,0.11
root/LatinAmerica&CaribbeanTrinidadandTobago,root,0.05,0.06,0.08,0.1,0.11,0.13,0.14,0.14,0.14,0.14,0.13,0.12,0.11,0.11,0.1,0.09,0.09,0.08,0.08,0.07,0.07,0.06,0.06,0.06,0.05,0.05,0.05
root/LatinAmerica&CaribbeanUruguay,root,0,0,0,0,0,0,0,0,0,0,0,0,0,0,0,0,0,0,0,0,0,0,0,0,0,0,0.03
root/LatinAmerica&CaribbeanVenezuelaRB,root,0.02,0.02,0.03,0.04,0.04,0.05,0.05,0.05,0.05,0.05,0.05,0.05,0.05,0.05,0.05,0.05,0.05,0.05,0.04,0.04,0.04,0.04,0.04,0.04,0.04,0.04,0.04
root/MiddleEast&NorthAfricaAlgeria,root,0.01,0.01,0.01,0.01,0.01,0.01,0.01,0.01,0.01,0.01,0.01,0.01,0.01,0.01,0.01,0.01,0.01,0.01,0.01,0.01,0.01,0.01,0.01,0.01,0.01,0.01,0.01
root/MiddleEast&NorthAfricaBahrain,root,0.01,0.01,0.01,0.01,0.01,0.01,0.01,0.01,0.01,0.01,0.01,0.01,0.01,0.01,0.01,0.01,0.01,0.01,0.01,0.01,0.01,0.01,0.01,0.01,0.01,0.01,0.01
root/MiddleEast&NorthAfricaDjibouti,root,0.07,0.12,0.18,0.25,0.32,0.39,0.44,0.48,0.49,0.44,0.41,0.34,0.26,0.18,0.14,0.1,0.08,0.09,0.08,0.08,0.08,0.09,0.09,0.09,0.09,0.09,0.09
root/MiddleEast&NorthAfricaEgyptArabRep,root,0.01,0.01,0.01,0.01,0.01,0.01,0.01,0.01,0.01,0.01,0.01,0.01,0.01,0.01,0.01,0.01,0.01,0.01,0.01,0.01,0.01,0.01,0.01,0.01,0.01,0.01,0.01
root/MiddleEast&NorthAfricaIranIslamicRep,root,0.01,0.01,0.01,0.01,0.01,0.01,0.01,0.01,0.01,0.01,0.01,0.02,0.02,0.02,0.02,0.02,0.02,0.02,0.01,0.01,0.01,0.01,0.01,0.01,0.01,0.01,0.01
root/MiddleEast&NorthAfricaJordan,root,0.01,0.01,0.01,0.01,0.01,0.01,0.01,0.01,0.01,0.01,0.01,0.01,0.01,0.01,0.01,0.01,0.01,0.01,0.01,0.01,0.01,0.01,0.01,0.01,0.01,0.01,0.01
root/MiddleEast&NorthAfricaKuwait,root,0.01,0.01,0.01,0.01,0.01,0.01,0.01,0.01,0.01,0.01,0.01,0.01,0.01,0.01,0.01,0.01,0.01,0.01,0.01,0.01,0.01,0.01,0.01,0.01,0.01,0.01,0.01
root/MiddleEast&NorthAfricaLebanon,root,0.01,0.01,0.01,0.01,0.01,0.01,0.01,0.01,0.01,0.01,0.01,0.01,0.01,0.01,0.01,0.01,0.01,0.01,0.01,0.01,0.01,0.01,0.01,0.01,0.01,0.01,0.01
root/MiddleEast&NorthAfricaMalta,root,0,0,0,0,0,0,0,0,0,0,0,0,0,0,0,0,0,0,0,0,0,0,0,0,0,0,0.01
root/MiddleEast&NorthAfricaMorocco,root,0.01,0.01,0.01,0.01,0.01,0.01,0.01,0.01,0.01,0.01,0.01,0.01,0.01,0.01,0.01,0.01,0.01,0.01,0.01,0.01,0.01,0.01,0.01,0.01,0.01,0.01,0.01
root/MiddleEast&NorthAfricaQatar,root,0.01,0.01,0.01,0.01,0.01,0.01,0.01,0.01,0.01,0.01,0.01,0.01,0.01,0.01,0.01,0.01,0.01,0.01,0.01,0.01,0.01,0.01,0.01,0.01,0.01,0.01,0.01
root/MiddleEast&NorthAfricaSaudiArabia,root,0.01,0.01,0.01,0.01,0.01,0.01,0.01,0.01,0.01,0.01,0.01,0.01,0.01,0.01,0.01,0.01,0.01,0.01,0.01,0.01,0.01,0.01,0.01,0.01,0.01,0.01,0.01
root/MiddleEast&NorthAfricaTunisia,root,0.01,0.01,0.01,0.01,0.01,0.01,0.01,0.01,0.01,0.01,0.01,0.01,0.01,0.01,0.01,0.01,0.01,0.01,0.01,0.01,0.01,0.01,0.01,0.01,0.01,0.01,0.01
root/MiddleEast&NorthAfricaYemenRep,root,0.01,0.01,0.01,0.01,0.01,0.01,0.01,0.01,0.01,0.01,0.01,0.01,0.01,0.01,0.01,0.01,0.01,0.01,0.01,0.01,0.01,0.01,0.01,0.01,0.01,0.01,0.01
root/NorthAmericaUnitedStates,root,0,0,0,0,0,0,0,0,0,0,0,0,0,0,0,0,0,0,0.03,0.03,0.03,0.03,0.03,0.02,0.02,0,0
root/SouthAsiaAfghanistan,root,0.01,0.01,0.01,0.01,0.01,0.01,0.01,0.01,0.01,0.01,0.01,0.01,0.01,0.01,0.01,0.01,0.01,0.01,0.01,0.01,0.01,0.01,0.01,0.01,0.01,0.01,0.01
root/SouthAsiaBangladesh,root,0.01,0.01,0.01,0.01,0.01,0.01,0.01,0.01,0.01,0.01,0.01,0.01,0.01,0.01,0.01,0.01,0.01,0.01,0.01,0.01,0.01,0.01,0.01,0.01,0.01,0.01,0.01
root/SouthAsiaIndia,root,0.02,0.02,0.03,0.04,0.05,0.05,0.06,0.06,0.05,0.05,0.04,0.04,0.03,0.03,0.03,0.02,0.02,0.02,0.02,0.01,0.01,0.01,0.01,0.01,0.01,0.01,0.01
root/SouthAsiaNepal,root,0.01,0.01,0.01,0.01,0.02,0.03,0.04,0.04,0.04,0.04,0.04,0.04,0.04,0.04,0.04,0.03,0.03,0.02,0.02,0.02,0.01,0.01,0.01,0.01,0.01,0.01,0.01
root/SouthAsiaPakistan,root,0.01,0.01,0.01,0.01,0.01,0.01,0.01,0.01,0.01,0.01,0.01,0.01,0.01,0.01,0.01,0.01,0.01,0.01,0.01,0.02,0.01,0.01,0.02,0.02,0.02,0.02,0.02
root/SouthAsiaSriLanka,root,0.01,0.01,0.01,0.01,0.01,0.01,0.01,0.01,0.01,0.01,0.01,0.01,0.01,0.01,0.01,0.01,0.01,0.01,0.01,0.01,0.01,0.01,0.01,0.01,0.01,0.01,0.01
root/Sub-SaharanAfricaAngola,root,0.06,0.07,0.09,0.1,0.11,0.12,0.13,0.14,0.15,0.17,0.18,0.18,0.19,0.2,0.2,0.2,0.21,0.21,0.21,0.21,0.21,0.2,0.2,0.19,0.19,0.18,0.17
root/Sub-SaharanAfricaBenin,root,0.1,0.13,0.16,0.19,0.21,0.22,0.22,0.21,0.2,0.18,0.16,0.14,0.13,0.11,0.1,0.09,0.08,0.08,0.08,0.07,0.07,0.07,0.07,0.07,0.07,0.06,0.06
root/Sub-SaharanAfricaBotswana,root,2.63,3.29,3.96,4.46,4.77,4.89,4.78,4.53,4.13,3.66,3.2,2.77,2.41,2.1,1.85,1.61,1.47,1.37,1.35,1.31,1.28,1.26,1.26,1.23,1.13,1.04,0.93
root/Sub-SaharanAfricaBurkinaFaso,root,0.54,0.51,0.45,0.39,0.33,0.25,0.2,0.16,0.12,0.09,0.07,0.05,0.04,0.04,0.03,0.03,0.03,0.03,0.03,0.03,0.03,0.04,0.03,0.04,0.04,0.03,0.03
root/Sub-SaharanAfricaBurundi,root,0.19,0.26,0.35,0.46,0.56,0.62,0.64,0.61,0.51,0.41,0.3,0.21,0.15,0.08,0.06,0.04,0.03,0.04,0.04,0.05,0.06,0.06,0.05,0.04,0.04,0.04,0.03
root/Sub-SaharanAfricaCaboVerde,root,0,0,0,0,0,0,0,0,0,0,0,0,0,0,0,0,0,0,0,0,0,0,0,0,0,0,0.05
root/Sub-SaharanAfricaCameroon,root,0.28,0.35,0.43,0.51,0.58,0.65,0.68,0.71,0.72,0.72,0.69,0.66,0.62,0.57,0.52,0.47,0.42,0.38,0.35,0.32,0.3,0.28,0.26,0.25,0.25,0.24,0.23
root/Sub-SaharanAfricaCentralAfricanRepublic,root,1.29,1.56,1.76,1.85,1.8,1.67,1.46,1.2,0.94,0.67,0.52,0.41,0.34,0.31,0.33,0.32,0.33,0.32,0.34,0.34,0.35,0.35,0.35,0.35,0.34,0.33,0.32
root/Sub-SaharanAfricaChad,root,0.2,0.22,0.24,0.25,0.26,0.27,0.27,0.26,0.25,0.25,0.23,0.22,0.21,0.19,0.17,0.16,0.14,0.12,0.11,0.09,0.08,0.07,0.07,0.07,0.07,0.06,0.06
root/Sub-SaharanAfricaComoros,root,0.01,0.01,0.01,0.01,0.01,0.01,0.01,0.01,0.01,0.01,0.01,0.01,0.01,0.01,0.01,0.01,0.01,0.01,0.01,0.01,0.01,0.01,0.01,0.01,0.01,0.01,0.01
root/Sub-SaharanAfricaCongoDemRep,root,0.26,0.27,0.27,0.28,0.27,0.27,0.26,0.24,0.23,0.22,0.2,0.17,0.16,0.13,0.12,0.1,0.09,0.07,0.06,0.05,0.04,0.04,0.04,0.03,0.03,0.03,0.03
root/Sub-SaharanAfricaCongoRep,root,0.92,0.95,0.88,0.82,0.67,0.53,0.44,0.38,0.31,0.24,0.27,0.24,0.23,0.24,0.25,0.25,0.26,0.27,0.27,0.28,0.28,0.28,0.28,0.28,0.29,0.29,0.28
root/Sub-SaharanAfricaCotedIvoire,root,0.81,0.87,0.92,0.95,0.95,0.93,0.9,0.83,0.76,0.67,0.6,0.51,0.45,0.39,0.33,0.28,0.25,0.23,0.2,0.21,0.18,0.17,0.16,0.15,0.15,0.14,0.13
root/Sub-SaharanAfricaEquatorialGuinea,root,0.26,0.28,0.27,0.29,0.31,0.34,0.38,0.42,0.47,0.51,0.55,0.61,0.64,0.66,0.69,0.7,0.7,0.7,0.67,0.67,0.61,0.6,0.57,0.54,0.49,0.49,0.49
root/Sub-SaharanAfricaEritrea,root,0.13,0.19,0.25,0.32,0.36,0.35,0.34,0.31,0.24,0.19,0.15,0.11,0.09,0.06,0.04,0.03,0.02,0.02,0.01,0.01,0.01,0.02,0.02,0.02,0.02,0.02,0.02
root/Sub-SaharanAfricaEthiopia,root,0.46,0.53,0.59,0.62,0.62,0.59,0.54,0.46,0.38,0.29,0.23,0.16,0.12,0.09,0.06,0.05,0.04,0.04,0.03,0.04,0.04,0.04,0.05,0.05,0.06,0.06,0.05
root/Sub-SaharanAfricaGabon,root,0.35,0.46,0.57,0.69,0.79,0.88,0.93,0.94,0.93,0.87,0.8,0.69,0.59,0.5,0.42,0.36,0.28,0.24,0.23,0.2,0.2,0.2,0.2,0.19,0.17,0.16,0.14
root/Sub-SaharanAfricaGambiaThe,root,0.03,0.05,0.07,0.1,0.13,0.17,0.2,0.24,0.27,0.29,0.31,0.32,0.32,0.32,0.3,0.29,0.27,0.24,0.22,0.2,0.18,0.16,0.15,0.13,0.13,0.12,0.12
root/Sub-SaharanAfricaGhana,root,0.55,0.68,0.77,0.83,0.82,0.73,0.61,0.49,0.39,0.32,0.25,0.21,0.17,0.15,0.13,0.12,0.1,0.09,0.09,0.09,0.09,0.1,0.1,0.11,0.11,0.12,0.12
root/Sub-SaharanAfricaGuinea,root,0.24,0.26,0.28,0.28,0.27,0.26,0.24,0.21,0.18,0.18,0.17,0.17,0.17,0.17,0.17,0.17,0.16,0.15,0.15,0.14,0.13,0.12,0.12,0.11,0.11,0.11,0.1
root/Sub-SaharanAfricaGuineaBissau,root,0.06,0.09,0.12,0.16,0.21,0.27,0.35,0.43,0.51,0.59,0.66,0.71,0.72,0.73,0.69,0.63,0.55,0.47,0.39,0.3,0.24,0.19,0.16,0.14,0.14,0.13,0.12
root/Sub-SaharanAfricaKenya,root,1.64,1.78,1.86,1.83,1.74,1.57,1.37,1.15,0.94,0.77,0.64,0.53,0.47,0.42,0.4,0.4,0.39,0.4,0.38,0.37,0.34,0.34,0.32,0.31,0.3,0.27,0.25
root/Sub-SaharanAfricaLesotho,root,0.73,1.26,1.96,2.74,3.51,4.11,4.42,4.42,4.17,3.81,3.42,3.09,2.79,2.58,2.49,2.45,2.51,2.52,2.51,2.54,2.54,2.53,2.56,2.54,2.48,2.41,2.27
root/Sub-SaharanAfricaLiberia,root,0.78,0.67,0.68,0.67,0.62,0.55,0.49,0.5,0.42,0.31,0.24,0.23,0.18,0.14,0.11,0.1,0.09,0.09,0.09,0.09,0.1,0.1,0.11,0.12,0.12,0.12,0.11
root/Sub-SaharanAfricaMadagascar,root,0.01,0.01,0.01,0.02,0.02,0.03,0.03,0.03,0.03,0.03,0.03,0.02,0.02,0.02,0.02,0.01,0.01,0.01,0.02,0.02,0.02,0.02,0.02,0.03,0.03,0.03,0.03
root/Sub-SaharanAfricaMalawi,root,1.99,2.08,2.15,2.17,2.18,2.09,2.04,1.94,1.81,1.69,1.54,1.42,1.3,1.2,1.11,1.03,0.96,0.89,0.82,0.76,0.7,0.65,0.59,0.53,0.49,0.45,0.41
root/Sub-SaharanAfricaMali,root,0.19,0.19,0.19,0.2,0.2,0.2,0.21,0.2,0.2,0.19,0.18,0.17,0.16,0.14,0.13,0.12,0.1,0.09,0.08,0.07,0.06,0.06,0.06,0.06,0.06,0.05,0.05
root/Sub-SaharanAfricaMauritania,root,0,0,0,0,0,0,0,0,0,0,0,0,0,0,0,0,0,0,0,0,0,0,0,0,0,0,0.02
root/Sub-SaharanAfricaMozambique,root,0.52,0.67,0.82,1.0,1.16,1.34,1.5,1.64,1.78,1.87,1.96,2.02,2.03,2.02,1.82,1.8,1.78,1.67,1.56,1.46,1.38,1.29,1.22,1.08,0.9,0.79,0.66
root/Sub-SaharanAfricaNamibia,root,0.72,1.07,1.48,1.91,2.31,2.58,2.73,2.7,2.55,2.32,2.05,1.79,1.59,1.41,1.3,1.2,1.12,1.05,0.99,0.99,1.01,0.96,0.92,0.9,0.84,0.82,0.78
root/Sub-SaharanAfricaNiger,root,0.09,0.1,0.12,0.14,0.15,0.16,0.16,0.16,0.16,0.15,0.13,0.12,0.1,0.08,0.07,0.05,0.04,0.03,0.03,0.02,0.02,0.02,0.02,0.02,0.02,0.02,0.02
root/Sub-SaharanAfricaNigeria,root,0.29,0.32,0.36,0.42,0.47,0.52,0.56,0.57,0.56,0.53,0.5,0.45,0.41,0.37,0.33,0.31,0.29,0.27,0.26,0.25,0.24,0.24,0.23,0.22,0.21,0.21,0.2
root/Sub-SaharanAfricaRwanda,root,0.6,0.66,0.71,0.77,0.79,0.8,0.85,0.79,0.7,0.6,0.5,0.41,0.34,0.29,0.25,0.23,0.15,0.14,0.14,0.15,0.17,0.17,0.17,0.15,0.14,0.14,0.13
root/Sub-SaharanAfricaSenegal,root,0.04,0.05,0.06,0.06,0.07,0.08,0.09,0.1,0.1,0.11,0.11,0.1,0.09,0.08,0.07,0.06,0.05,0.04,0.03,0.02,0.02,0.01,0.01,0.01,0.01,0.01,0.01
root/Sub-SaharanAfricaSierraLeone,root,0,0,0,0,0,0,0,0,0,0,0,0,0,0,0,0,0,0,0,0,0,0,0,0,0,0,0.15
root/Sub-SaharanAfricaSomalia,root,0.04,0.05,0.06,0.07,0.08,0.09,0.09,0.1,0.09,0.09,0.08,0.08,0.07,0.06,0.06,0.05,0.05,0.04,0.04,0.04,0.04,0.04,0.03,0.03,0.03,0.03,0.03
root/Sub-SaharanAfricaSouthAfrica,root,0.32,0.52,0.81,1.2,1.63,2.02,2.3,2.45,2.47,2.41,2.31,2.2,2.1,2.03,1.97,1.9,1.82,1.74,1.66,1.56,1.44,1.33,1.25,1.18,1.13,1.08,0.99
root/Sub-SaharanAfricaSouthSudan,root,0.02,0.04,0.07,0.11,0.18,0.27,0.36,0.45,0.52,0.56,0.57,0.56,0.52,0.45,0.42,0.38,0.35,0.32,0.28,0.28,0.27,0.27,0.26,0.25,0.25,0.24,0.23
root/Sub-SaharanAfricaSudan,root,0.01,0.01,0.01,0.01,0.01,0.01,0.01,0.01,0.02,0.02,0.02,0.02,0.02,0.03,0.03,0.03,0.03,0.03,0.03,0.03,0.03,0.03,0.03,0.02,0.02,0.02,0.02
root/Sub-SaharanAfricaSwaziland,root,1.17,2.12,3.31,4.59,5.57,6.18,6.28,5.95,5.5,4.83,4.19,3.7,3.3,3.05,2.87,2.83,2.77,2.72,2.62,2.59,2.57,2.48,2.4,2.27,2.12,1.89,1.66
root/Sub-SaharanAfricaTanzania,root,1.3,1.37,1.4,1.4,1.35,1.26,1.16,1.05,0.93,0.82,0.72,0.64,0.58,0.52,0.47,0.43,0.4,0.38,0.36,0.34,0.32,0.31,0.3,0.28,0.25,0.23,0.21
root/Sub-SaharanAfricaTogo,root,0.37,0.45,0.51,0.57,0.63,0.67,0.7,0.67,0.65,0.6,0.55,0.48,0.42,0.36,0.31,0.24,0.2,0.16,0.14,0.13,0.11,0.1,0.1,0.1,0.1,0.1,0.1
root/Sub-SaharanAfricaUganda,root,1.69,1.33,1.12,0.9,0.8,0.78,0.7,0.72,0.7,0.72,0.72,0.74,0.72,0.73,0.72,0.73,0.71,0.66,0.67,0.66,0.59,0.55,0.5,0.44,0.38,0.33,0.3
root/Sub-SaharanAfricaZambia,root,2.34,2.59,2.74,2.75,2.61,2.46,2.21,1.97,1.73,1.52,1.38,1.28,1.19,1.14,1.09,1.06,1.06,1.07,1.03,1.01,0.99,0.97,0.93,0.9,0.87,0.81,0.73
root/Sub-SaharanAfricaZimbabwe,root,3.87,4.08,4.14,4.02,3.79,3.5,3.16,2.86,2.56,2.31,2.1,1.95,1.82,1.71,1.62,1.55,1.49,1.43,1.36,1.3,1.11,0.99,0.89,0.79,0.7,0.62,0.54
