root/EastAsia&Pacific,root,634.3099975585938,520.7799987792969,254.97000122070312,161.5100021362305,82.129997253418,81.7200012207031,825.2000160217285,125.36999893188471,82.120002746582,132.5199966430664,562.8899974822998,663.7600021362305,82.129997253418,82.13999938964841,150.3499984741211,366.5,851.1799926757812,294.5699996948242,715.1800079345703,541.3200035095216,917.3699989318848,551.3700103759764,823.7200088500979,759.2000045776368,608.9200057983398,617.7900009155275,939.4900054931642,718.6999969482422,950.8199844360352,884.8099899291992,1390.6799964904785,818.2600097656249,868.3799896240234,770.7999954223634,759.9899978637696,1021.3599929809569,1311.310001373291,931.8499908447266,1066.799991607666,1057.2200012207031,1436.7499923706057,1315.5800094604494,1273.9899978637695,1197.1000137329102,1201.779987335205,1280.9100036621094,1134.9299926757812,1184.4100036621094,979.2999916076659,1262.6100044250488,1599.010009765625,1395.6699905395508,1157.8200035095215,1106.0400009155271,1324.6700096130373,1061.5499954223633,1049.869987487793,378.56999969482433
root/EastAsia&Pacific/AmericanSamoa,root/EastAsia&Pacific,68.2399978637695,0,0,0,0,0,0,0,0,0,25.219999313354503,0,0,0,68.51999664306639,0,0,0,0,0,53.369998931884794,0,0,0,0,0,0,0,0,0,58.8400001525879,0,0,0,0,0,0,0,0,0,0,0,0,0,0,0,0,0,0,0,0,0,0,0,0,0,0,0
root/EastAsia&Pacific/Australia,root/EastAsia&Pacific,0,85.6699981689453,0,0,0,0,83.9000015258789,0,0,0,0,80.30999755859379,0,0,0,0,79.3399963378906,0,0,78.44000244140629,78.3399963378906,78.0500030517578,77.4300003051758,76.7099990844727,76.25,75.7600021362305,75.86000061035159,75.3399963378906,75.2399978637695,75.4499969482422,75.5899963378906,74.63999938964841,74.129997253418,73.5500030517578,73.61000061035159,73.80999755859379,73.5800018310547,73.0,72.6999969482422,72.2399978637695,72.0899963378906,71.86000061035159,71.7900009155273,71.5400009155273,71.5100021362305,72.0899963378906,72.2399978637695,72.5100021362305,72.620002746582,72.3000030517578,72.36000061035159,72.1699981689453,71.7300033569336,71.38999938964841,70.9599990844727,71.0999984741211,70.5999984741211,70.6600036621094
root/EastAsia&Pacific/BruneiDarussalam,root/EastAsia&Pacific,86.12999725341801,0,0,0,0,0,0,0,0,0,0,80.0999984741211,0,0,0,0,0,0,83.4300003051758,0,0,83.120002746582,0,0,0,0,80.0100021362305,0,0,0,0,82.2200012207031,0,0,0,0,0,0,0,0,0,79.3300018310547,0,0,0,0,0,0,0,0,0,75.6999969482422,0,0,72.4700012207031,0,0,0
root/EastAsia&Pacific/Cambodia,root/EastAsia&Pacific,0,0,86.5800018310547,0,0,0,0,0,0,0,0,0,0,0,0,0,0,0,0,0,0,0,0,0,0,0,0,0,0,0,0,0,93.33999633789058,81.69000244140629,0,0,82.0699996948242,0,81.2099990844727,81.63999938964841,82.8300018310547,90.5500030517578,0,0,85.9199981689453,0,0,0,80.8399963378906,0,90.0400009155273,0,74.7600021362305,88.69000244140629,87.94000244140629,0,0,0
root/EastAsia&Pacific/China,root/EastAsia&Pacific,0,0,0,0,0,0,0,0,0,0,0,0,0,0,0,0,0,0,0,0,0,0,86.4800033569336,0,0,0,0,0,0,0,85.0299987792969,0,0,0,0,0,0,0,0,0,82.94000244140629,0,0,0,0,0,0,0,0,0,78.1600036621094,0,0,0,0,0,0,0
root/EastAsia&Pacific/Fiji,root/EastAsia&Pacific,0,0,0,0,0,0,89.8899993896484,0,0,0,0,0,0,0,0,0,84.0999984741211,0,0,0,0,0,86.91000366210942,0,0,0,85.5500030517578,0,0,0,0,0,0,0,0,0,79.1600036621094,0,0,0,0,0,0,0,0,78.0299987792969,0,71.9499969482422,0,0,0,79.8399963378906,0,0,75.9199981689453,0,76.9899978637695,0
root/EastAsia&Pacific/FrenchPolynesia,root/EastAsia&Pacific,0,0,84.120002746582,0,0,0,0,43.7299995422363,0,0,48.779998779296896,0,0,0,0,0,0,0,0,0,0,0,0,65.0400009155273,0,0,0,0,74.2099990844727,0,0,0,0,0,0,0,70.4000015258789,0,0,0,0,0,67.870002746582,0,0,0,0,64.6800003051758,0,0,0,0,63.3499984741211,0,0,0,0,0
root/EastAsia&Pacific/Guam,root/EastAsia&Pacific,86.9000015258789,0,0,0,0,0,0,0,0,0,84.2900009155273,0,0,0,0,0,0,0,0,0,82.1699981689453,0,0,67.80999755859379,0,0,72.69000244140629,0,75.0899963378906,0,83.7699966430664,0,0,0,0,0,0,0,0,0,75.5999984741211,73.1999969482422,70.5999984741211,0,70.6999969482422,67.5,70.4000015258789,67.59999847412111,0,70.1999969482422,66.09999847412111,69.3000030517578,0,0,0,0,0,0
root/EastAsia&Pacific/HongKongSARChina,root/EastAsia&Pacific,0,90.37000274658199,0,0,0,0,86.0800018310547,0,0,0,0,84.6800003051758,0,0,0,82.370002746582,82.36000061035159,0,0,80.129997253418,80.86000061035159,82.5,81.69000244140629,81.3000030517578,82.0699996948242,80.36000061035159,80.4599990844727,80.2300033569336,80.0199966430664,79.4100036621094,78.9199981689453,78.8300018310547,78.0199966430664,78.129997253418,77.5800018310547,76.5899963378906,75.9899978637695,75.7099990844727,75.5199966430664,74.0,73.2099990844727,72.9499969482422,72.5100021362305,72.0,71.6800003051758,71.0800018310547,70.9499969482422,70.4599990844727,69.7099990844727,69.44000244140629,68.5100021362305,68.4499969482422,68.7099990844727,69.1999969482422,68.8199996948242,68.8300018310547,68.59999847412111,0
root/EastAsia&Pacific/Indonesia,root/EastAsia&Pacific,0,88.9199981689453,0,0,0,0,0,0,0,0,0,82.3499984741211,0,0,0,0,94.7099990844727,88.8300018310547,90.8300018310547,0,80.44000244140629,0,86.3600006103516,0,0,0,85.88999938964841,0,85.2799987792969,0,82.75,0,84.7799987792969,0,0,0,86.05999755859379,83.370002746582,81.2399978637695,84.5999984741211,84.1699981689453,84.4800033569336,83.9700012207031,83.4599990844727,83.9499969482422,82.5,82.4800033569336,82.6800003051758,82.5400009155273,81.9700012207031,82.3300018310547,82.9300003051758,83.44000244140629,82.88999938964841,82.69000244140629,82.4599990844727,81.5899963378906,81.80999755859379
root/EastAsia&Pacific/Japan,root/EastAsia&Pacific,84.8300018310547,84.9000015258789,84.2699966430664,83.11000061035159,82.129997253418,81.7200012207031,81.6800003051758,81.63999938964841,82.120002746582,81.879997253418,81.8000030517578,82.2200012207031,82.129997253418,82.13999938964841,81.8300018310547,81.38999938964841,81.2200012207031,80.629997253418,80.3499984741211,80.1500015258789,79.8199996948242,79.7900009155273,79.5,79.4499969482422,78.7900009155273,78.13999938964841,77.7799987792969,77.3399963378906,77.0999984741211,76.9899978637695,77.19000244140629,77.620002746582,77.9499969482422,78.0100021362305,77.80999755859379,77.63999938964841,77.7300033569336,77.7399978637695,77.2900009155273,76.9100036621094,76.4100036621094,75.7099990844727,74.7300033569336,74.11000061035159,73.4300003051758,73.2900009155273,73.1699981689453,73.120002746582,72.75,72.0100021362305,71.61000061035159,71.2799987792969,70.7600021362305,70.5400009155273,70.38999938964841,70.30999755859379,70.4300003051758,0
root/EastAsia&Pacific/Kiribati,root/EastAsia&Pacific,0,0,0,0,0,0,0,0,0,0,0,0,0,0,0,0,0,0,86.16000366210942,0,0,0,0,0,0,0,0,0,0,0,83.61000061035159,0,0,0,0,90.97000122070308,0,0,0,0,86.0,0,0,0,0,32.8400001525879,0,0,0,0,66.7600021362305,0,0,0,0,0,0,0
root/EastAsia&Pacific/KoreaRep,root/EastAsia&Pacific,73.0899963378906,0,0,0,0,0,72.5500030517578,0,0,0,74.80999755859379,0,0,0,0,76.2600021362305,0,46.3899993896484,46.470001220703104,46.5099983215332,46.8899993896484,71.629997253418,70.55999755859379,68.91000366210939,67.370002746582,67.379997253418,67.4599990844727,72.5299987792969,72.86000061035159,73.3399963378906,74.0100021362305,75.0299987792969,75.6600036621094,75.6999969482422,76.3399963378906,76.4000015258789,76.1999969482422,76.05999755859379,75.0500030517578,74.4300003051758,74.38999938964841,74.3300018310547,74.9700012207031,74.7200012207031,74.9700012207031,74.5699996948242,74.0999984741211,74.0100021362305,73.5199966430664,73.0699996948242,73.0199966430664,73.13999938964841,73.25,73.2200012207031,73.9899978637695,73.8000030517578,73.8499984741211,73.879997253418
root/EastAsia&Pacific/LaoPDR,root/EastAsia&Pacific,0,0,0,0,0,0,0,0,0,0,0,0,0,0,0,0,0,0,0,0,0,0,0,0,0,0,0,0,0,0,0,0,0,0,0,82.5899963378906,0,0,0,0,0,0,0,94.3000030517578,0,66.8000030517578,0,0,0,0,79.8199996948242,0,0,0,0,0,0,0
root/EastAsia&Pacific/MacaoSARChina,root/EastAsia&Pacific,63.16999816894529,0,0,0,0,0,0,0,0,0,0,0,0,0,0,0,0,0,0,0,0,0,0,0,0,0,0,0,0,0,60.5999984741211,60.2000007629395,72.05999755859379,71.1999969482422,70.63999938964841,72.8499984741211,81.11000061035159,78.4899978637695,77.379997253418,76.4000015258789,74.9199981689453,79.4300003051758,72.5299987792969,69.40000152587889,70.05999755859379,70.8399963378906,73.5500030517578,76.0,77.3199996948242,78.0100021362305,77.5699996948242,78.05999755859379,78.5500030517578,78.4300003051758,79.8199996948242,79.5699996948242,77.7799987792969,76.0
root/EastAsia&Pacific/Malaysia,root/EastAsia&Pacific,0,0,0,0,0,0,0,0,0,0,0,0,0,0,0,0,0,0,0,0,81.1600036621094,0,85.3499984741211,85.61000061035159,85.4000015258789,85.55999755859379,85.8399963378906,85.620002746582,85.620002746582,85.61000061035159,85.2799987792969,74.8399963378906,84.86000061035159,86.01000213623051,0,84.3300018310547,84.88999938964841,84.2600021362305,83.2799987792969,82.8300018310547,81.7099990844727,82.3399963378906,81.5400009155273,82.120002746582,80.879997253418,79.9800033569336,79.9199981689453,79.5100021362305,79.0,78.9300003051758,77.7399978637695,79.7099990844727,80.5199966430664,80.9499969482422,80.5800018310547,80.6500015258789,80.1699981689453,0
root/EastAsia&Pacific/MarshallIslands,root/EastAsia&Pacific,0,0,0,0,0,0,0,0,0,0,0,0,0,0,0,0,0,0,0,0,65.5100021362305,0,0,0,0,0,0,0,0,0,0,0,0,0,0,0,0,0,0,0,0,0,0,0,0,0,0,0,0,0,0,53.310001373290994,0,0,0,0,0,0
root/EastAsia&Pacific/Mongolia,root/EastAsia&Pacific,0,0,0,0,0,0,0,0,0,0,0,0,0,0,0,0,0,0,0,0,0,0,0,0,0,0,0,0,0,0,0,0,0,0,0,0,0,0,63.4500007629395,0,68.59999847412111,0,60.4000015258789,64.40000152587889,59.6599998474121,59.5200004577637,64.5,64.59999847412111,63.0499992370605,63.5,64.7900009155273,66.5699996948242,66.0699996948242,65.5400009155273,66.16000366210939,66.1399993896484,64.97000122070311,0
root/EastAsia&Pacific/Myanmar,root/EastAsia&Pacific,0,0,0,0,0,0,0,0,0,0,0,0,0,0,0,0,0,0,0,0,0,0,0,73.7699966430664,0,0,0,0,0,0,60.0,0,0,0,0,0,0,0,0,0,0,0,0,0,0,0,0,0,0,0,0,0,0,0,0,80.1999969482422,0,0
root/EastAsia&Pacific/Nauru,root/EastAsia&Pacific,0,0,0,0,0,0,93.26000213623051,0,0,0,0,0,0,0,0,0,0,0,0,0,0,0,0,0,0,0,0,0,0,0,0,0,0,0,0,0,0,0,0,0,0,0,86.7900009155273,0,0,0,0,0,0,0,0,78.9100036621094,0,0,0,0,0,0
root/EastAsia&Pacific/NewCaledonia,root/EastAsia&Pacific,0,0,0,78.4000015258789,0,0,0,0,0,50.6399993896484,0,0,0,0,0,0,0,0,0,0,0,0,0,0,0,0,0,0,0,0,0,0,0,0,0,0,61.310001373290994,0,0,0,0,0,0,0,0,0,0,0,0,73.2099990844727,0,0,0,0,69.05999755859379,0,0,0
root/EastAsia&Pacific/NewZealand,root/EastAsia&Pacific,0,83.2799987792969,0,0,0,0,55.4900016784668,0,0,0,0,81.2300033569336,0,0,0,0,79.5199966430664,0,78.7300033569336,0,54.970001220703104,77.5500030517578,0,0,0,0,79.4100036621094,78.4899978637695,76.129997253418,74.8499984741211,74.3300018310547,73.9100036621094,73.2300033569336,73.1999969482422,73.6800003051758,74.13999938964841,74.4800033569336,74.3199996948242,73.5699996948242,73.44000244140629,73.5500030517578,73.80999755859379,74.5299987792969,73.7600021362305,74.4899978637695,75.0299987792969,75.5299987792969,75.5400009155273,75.05999755859379,74.4199981689453,74.13999938964841,74.2200012207031,73.55999755859379,73.5100021362305,74.3000030517578,74.3199996948242,75.3300018310547,76.2200012207031
root/EastAsia&Pacific/NorthernMarianaIslands,root/EastAsia&Pacific,0,0,0,0,0,0,0,0,0,0,0,0,0,0,0,0,0,0,0,0,0,0,0,0,0,70.4199981689453,0,0,0,0,87.4300003051758,0,0,0,0,88.01000213623051,0,0,0,0,0,0,0,82.5400009155273,0,0,0,0,0,0,77.629997253418,0,0,0,0,0,0,0
root/EastAsia&Pacific/Palau,root/EastAsia&Pacific,0,0,0,0,0,0,0,0,0,0,0,0,0,0,0,0,0,0,0,0,0,0,0,0,0,0,0,0,0,0,0,0,0,0,0,77.1999969482422,0,0,0,0,62.1100006103516,0,0,0,0,75.4000015258789,100.0,0,0,0,0,0,0,0,0,0,0,0
root/EastAsia&Pacific/PapuaNewGuinea,root/EastAsia&Pacific,0,0,0,0,0,0,93.0500030517578,0,0,0,0,88.0400009155273,0,0,0,0,0,0,0,0,0,0,0,0,0,0,0,0,0,0,0,0,0,0,0,0,0,0,0,0,73.5299987792969,0,0,0,0,0,0,0,0,0,48.9799995422363,0,0,0,0,0,0,0
root/EastAsia&Pacific/Philippines,root/EastAsia&Pacific,82.4100036621094,0,0,0,0,0,0,0,0,0,77.9499969482422,0,0,0,0,47.16999816894529,48.0,0,81.38999938964841,0,45.1800003051758,0,0,78.9800033569336,0,80.2600021362305,0,83.3000030517578,83.1999969482422,82.30999755859379,81.7600021362305,82.4700012207031,82.5800018310547,81.8199996948242,81.629997253418,82.11000061035159,82.6999969482422,82.379997253418,82.88999938964841,81.7799987792969,80.3499984741211,75.9700012207031,80.80999755859379,75.4599990844727,76.5400009155273,75.9300003051758,75.4499969482422,75.13999938964841,75.3300018310547,75.2699966430664,74.9800033569336,75.75,75.2099990844727,74.7399978637695,75.4100036621094,77.30999755859379,75.0500030517578,0
root/EastAsia&Pacific/Samoa,root/EastAsia&Pacific,0,87.6399993896484,0,0,0,0,84.4800033569336,0,0,0,0,84.8300018310547,0,0,0,0,77.120002746582,0,0,0,0,78.7300033569336,0,0,0,0,0,0,0,0,0,77.2600021362305,0,0,0,0,0,0,0,0,0,67.48000335693361,0,0,0,0,65.1800003051758,0,0,0,0,58.3400001525879,39.8800010681152,0,39.8699989318848,0,0,0
root/EastAsia&Pacific/Singapore,root/EastAsia&Pacific,0,0,0,0,0,0,0,0,0,0,82.2900009155273,0,0,0,0,79.30999755859379,78.4899978637695,78.7200012207031,79.8199996948242,80.6800003051758,80.8499984741211,0,81.5299987792969,81.620002746582,81.19000244140629,79.9100036621094,79.3499984741211,78.63999938964841,78.4800033569336,78.5899963378906,78.2900009155273,61.2400016784668,71.7699966430664,71.4899978637695,70.6600036621094,64.72000122070311,68.4499969482422,66.08999633789061,64.19000244140629,77.80999755859379,57.6800003051758,77.69000244140629,77.1999969482422,76.0899963378906,75.69000244140629,74.4000015258789,76.19000244140629,76.4700012207031,76.0699996948242,76.2600021362305,76.5,75.63999938964841,75.9800033569336,75.8000030517578,75.9199981689453,76.7099990844727,76.1800003051758,0
root/EastAsia&Pacific/SolomonIslands,root/EastAsia&Pacific,0,0,0,0,0,0,0,0,0,0,0,0,0,0,0,0,0,0,0,0,0,0,0,0,0,0,0,0,0,0,0,0,0,0,0,0,0,0,0,0,0,0,0,0,0,0,0,0,0,63.4799995422363,0,0,0,0,0,0,0,0
root/EastAsia&Pacific/Thailand,root/EastAsia&Pacific,89.5400009155273,0,0,0,0,0,0,0,0,0,87.75,0,0,0,0,0,74.4800033569336,0,88.0,86.0500030517578,87.80999755859379,0,87.91000366210942,0,87.80999755859379,0,0,87.2099990844727,87.58999633789058,88.1699981689453,87.6699981689453,0,0,0,83.8300018310547,0,82.5100021362305,82.2300033569336,81.5299987792969,80.2699966430664,80.55999755859379,81.44000244140629,80.0999984741211,81.0699996948242,81.80999755859379,81.5100021362305,81.2699966430664,81.6800003051758,81.4899978637695,81.30999755859379,79.9700012207031,81.0899963378906,81.1699981689453,79.9100036621094,78.69000244140629,77.9300003051758,76.879997253418,0
root/EastAsia&Pacific/TimorLeste,root/EastAsia&Pacific,0,0,0,0,0,0,0,0,0,0,0,0,0,0,0,0,0,0,0,0,0,0,0,0,0,0,0,0,0,0,0,0,0,0,0,0,0,0,0,0,0,78.2099990844727,0,0,75.0,0,0,0,0,0,55.9500007629395,0,0,39.6399993896484,0,0,0,0
root/EastAsia&Pacific/Tonga,root/EastAsia&Pacific,0,0,0,0,0,0,84.8199996948242,0,0,0,0,0,0,0,0,0,71.8399963378906,0,0,0,0,0,0,0,50.040000915527294,0,69.19000244140629,0,0,0,75.61000061035159,0,0,0,74.2099990844727,0,75.2699966430664,0,0,0,0,0,0,46.33000183105471,0,0,0,0,0,0,0,0,0,0,0,0,0,0
root/EastAsia&Pacific/Tuvalu,root/EastAsia&Pacific,0,0,0,0,0,0,0,0,0,0,0,0,0,0,0,0,0,0,0,0,0,0,0,0,0,0,0,0,0,0,0,0,0,0,0,0,0,0,0,0,0,0,67.4499969482422,0,0,69.59999847412111,0,0,0,0,0,0,0,0,0,0,0,0
root/EastAsia&Pacific/Vanuatu,root/EastAsia&Pacific,0,0,0,0,0,0,0,0,0,0,0,0,0,0,0,0,0,0,0,89.3600006103516,0,0,0,0,0,0,0,0,0,88.5800018310547,0,0,0,0,0,0,0,0,0,43.970001220703104,0,0,0,0,0,0,0,0,0,78.7900009155273,61.0,0,0,0,0,0,0,0
root/EastAsia&Pacific/Vietnam,root/EastAsia&Pacific,0,0,0,0,0,0,0,0,0,0,0,0,0,0,0,0,0,0,0,0,0,0,0,0,0,0,0,0,0,81.5100021362305,0,0,0,0,0,0,79.4000015258789,78.1999969482422,77.5,76.9000015258789,76.0999984741211,76.8000030517578,76.1999969482422,75.8000030517578,75.4899978637695,0,0,78.4599990844727,0,80.44000244140629,81.0500030517578,81.2600021362305,80.879997253418,81.5899963378906,81.6800003051758,82.2200012207031,81.4499969482422,0
root/Europe&CentralAsia,root,1410.7700119018555,556.4899978637696,75.4100036621094,0,0,326.9300003051759,447.2700004577638,0,72.9800033569336,0,1325.379997253418,458.1900024414062,0,0,133.4700012207031,460.5400009155273,585.3400001525879,714.5700035095214,670.5500030517577,1000.2299995422363,1041.1600036621094,1324.4799880981445,897.4700088500977,1254.0299911499023,1211.8100090026855,1610.3899841308594,1357.3600044250488,1407.2000198364258,1499.0,2344.490016937256,1761.470001220703,2249.930015563965,2041.9900169372559,2090.3100051879883,1947.840000152588,2157.099990844727,2273.8900184631348,2432.509998321533,2468.3900032043457,2572.2199897766113,2678.8300132751465,2866.8099937438965,3025.630004882813,2962.260009765625,2961.580005645752,2786.680019378662,3077.3300170898438,3002.8500061035156,3078.6699981689453,3127.0099906921387,3005.616466522217,3142.8261375427246,3126.446689605713,3053.8021354675293,3124.4563026428223,3207.345920562744,3209.259998321533,410.43000793457026
root/Europe&CentralAsia/Albania,root/Europe&CentralAsia,53.0699996948242,0,0,0,0,0,0,0,0,0,0,0,0,0,0,0,0,0,0,0,0,0,0,0,0,0,0,0,0,49.810001373290994,50.779998779296896,50.1100006103516,49.209999084472706,48.6100006103516,0,48.2000007629395,47.040000915527294,74.4000015258789,73.9000015258789,72.0,67.8000030517578,74.80999755859379,71.1800003051758,42.8800010681152,42.3499984741211,41.7999992370605,41.560001373291,94.02999877929692,61.4500007629395,64.6999969482422,63.970001220703104,67.5400009155273,65.27999877929689,61.6599998474121,63.540000915527294,64.27999877929689,0,0
root/Europe&CentralAsia/Armenia,root/Europe&CentralAsia,0,0,0,0,0,0,0,0,0,0,0,0,0,0,0,0,0,0,0,0,0,0,0,0,0,0,0,0,0,0,0,0,0,0,0,0,0,68.72000122070311,0,0,40.9900016784668,0,0,0,0,0,50.9500007629395,0,69.5400009155273,69.0,72.3000030517578,72.6699981689453,72.0999984741211,72.7600021362305,73.0699996948242,72.370002746582,70.9300003051758,0
root/Europe&CentralAsia/Austria,root/Europe&CentralAsia,0,80.0100021362305,0,0,0,0,0,0,0,0,0,74.2200012207031,0,0,0,0,0,0,0,0,69.09999847412111,72.6600036621094,71.7799987792969,70.8399963378906,70.86000061035159,70.5299987792969,70.5699996948242,70.4100036621094,69.5500030517578,69.3199996948242,69.4199981689453,69.5500030517578,69.6100006103516,69.2900009155273,70.5800018310547,70.4700012207031,69.80999755859379,69.09999847412111,69.27999877929689,69.379997253418,68.90000152587889,67.9300003051758,68.1100006103516,68.2399978637695,65.129997253418,66.40000152587889,66.7399978637695,67.5699996948242,67.47000122070311,67.3199996948242,67.09999847412111,66.90000152587889,66.9300003051758,66.9300003051758,66.4300003051758,66.40000152587889,66.77999877929689,0
root/Europe&CentralAsia/Azerbaijan,root/Europe&CentralAsia,0,0,0,0,0,0,0,0,0,0,0,0,0,0,0,0,0,0,0,0,0,0,0,0,0,0,0,0,0,51.2400016784668,0,0,0,78.7200012207031,0,0,51.83000183105471,50.16999816894529,50.0699996948242,72.9700012207031,49.4799995422363,0,49.0,48.9099998474121,49.279998779296896,49.2299995422363,70.5899963378906,68.5100021362305,67.6399993896484,68.52999877929689,67.8300018310547,67.5100021362305,67.8000030517578,68.0,68.3000030517578,68.5,69.5,0
root/Europe&CentralAsia/Belarus,root/Europe&CentralAsia,0,0,0,0,0,0,0,0,0,0,51.119998931884794,0,0,0,0,0,0,0,0,0,0,0,0,0,0,0,0,0,0,76.370002746582,0,0,0,0,0,0,0,45.7999992370605,0,65.66000366210939,0,45.619998931884794,45.4300003051758,45.33000183105471,45.2000007629395,46.529998779296896,56.630001068115206,57.220001220703104,58.08000183105471,68.8000030517578,76.0999984741211,78.0,76.6999969482422,77.0999984741211,78.9000015258789,78.9000015258789,75.1999969482422,0
root/Europe&CentralAsia/Belgium,root/Europe&CentralAsia,0,76.0,0,0,0,0,0,0,0,0,71.7200012207031,0,0,0,0,0,0,54.2599983215332,0,54.4000015258789,54.0699996948242,52.1399993896484,0,65.94000244140629,64.44000244140629,64.4899978637695,63.7599983215332,62.5499992370605,61.6599998474121,61.5200004577637,61.040000915527294,61.4000015258789,61.1500015258789,60.619998931884794,61.1599998474121,61.1800003051758,60.9000015258789,60.6599998474121,60.6399993896484,61.2299995422363,61.5099983215332,60.5099983215332,60.3600006103516,60.279998779296896,60.2999992370605,61.380001068115206,60.8600006103516,61.0900001525879,60.8499984741211,60.380001068115206,60.790000915527294,59.709999084472706,59.7400016784668,59.66999816894529,59.2299995422363,58.8899993896484,58.7299995422363,0
root/Europe&CentralAsia/BosniaandHerzegovina,root/Europe&CentralAsia,0,0,0,0,0,0,0,0,0,0,0,0,0,0,0,0,0,0,0,0,0,0,0,0,0,0,0,0,0,0,0,54.4300003051758,0,0,0,0,0,0,0,0,0,0,0,0,0,0,56.0099983215332,57.779998779296896,57.040000915527294,56.1500015258789,56.66999816894529,55.869998931884794,56.380001068115206,55.279998779296896,55.0099983215332,54.0200004577637,53.7400016784668,0
root/Europe&CentralAsia/Bulgaria,root/Europe&CentralAsia,0,0,0,0,0,76.80999755859379,0,0,0,0,0,0,0,0,0,70.3000030517578,0,0,0,0,0,0,0,0,0,0,0,0,0,0,0,0,60.7000007629395,0,0,0,0,56.9000015258789,0,0,56.209999084472706,56.7299995422363,56.0,55.5,56.0900001525879,55.41999816894529,56.6599998474121,58.16999816894529,59.7599983215332,59.0,59.439998626709006,58.220001220703104,58.7299995422363,59.6500015258789,60.0999984741211,60.0099983215332,59.459999084472706,0
root/Europe&CentralAsia/Croatia,root/Europe&CentralAsia,0,0,0,0,0,0,0,0,0,0,0,0,0,0,0,0,0,0,0,0,0,0,0,0,0,0,0,0,0,0,0,68.5699996948242,0,0,0,0,0,0,43.0999984741211,0,58.4099998474121,57.8899993896484,59.2999992370605,58.7000007629395,59.6599998474121,57.5200004577637,56.380001068115206,61.529998779296896,61.2400016784668,60.1599998474121,59.6599998474121,59.7700004577637,58.8600006103516,57.7000007629395,58.8600006103516,59.1399993896484,57.7599983215332,0
root/Europe&CentralAsia/Cyprus,root/Europe&CentralAsia,90.4300003051758,0,0,0,0,0,0,0,0,0,0,0,0,0,0,0,60.630001068115206,0,43.7999992370605,0,0,0,0,0,47.0499992370605,59.9300003051758,0,60.1500015258789,81.6699981689453,82.5800018310547,82.2900009155273,82.129997253418,77.3399963378906,0,0,77.9599990844727,0,0,0,0,72.5,72.5699996948242,72.1999969482422,73.4300003051758,73.44000244140629,73.9100036621094,73.4000015258789,73.61000061035159,73.0999984741211,71.4599990844727,71.379997253418,70.7099990844727,70.6500015258789,70.2399978637695,69.5,67.34999847412111,66.6399993896484,0
root/Europe&CentralAsia/CzechRepublic,root/Europe&CentralAsia,0,0,0,0,0,0,0,0,0,0,0,0,0,0,0,0,0,0,0,0,0,0,0,0,0,0,0,0,0,0,0,72.94000244140629,0,71.3000030517578,71.4300003051758,71.4599990844727,71.4300003051758,70.61000061035159,70.30999755859379,70.05999755859379,69.34999847412111,68.870002746582,68.879997253418,68.2900009155273,68.09999847412111,68.7099990844727,68.5500030517578,68.33999633789061,68.1999969482422,68.3000030517578,68.0400009155273,67.51999664306639,67.69000244140629,68.0699996948242,68.1999969482422,68.01999664306639,68.379997253418,0
root/Europe&CentralAsia/Denmark,root/Europe&CentralAsia,85.25,0,0,0,0,83.1999969482422,0,0,0,0,78.5400009155273,0,0,0,76.2900009155273,0,76.63999938964841,76.620002746582,76.61000061035159,74.88999938964841,0,74.6800003051758,0,73.0899963378906,74.0699996948242,74.11000061035159,74.5500030517578,73.36000061035159,75.3499984741211,75.1500015258789,75.120002746582,74.2600021362305,74.0800018310547,73.120002746582,70.7200012207031,72.05999755859379,71.870002746582,72.11000061035159,71.0800018310547,71.7900009155273,71.0699996948242,70.86000061035159,71.2600021362305,71.4499969482422,71.6800003051758,71.0999984741211,71.11000061035159,70.9499969482422,71.2200012207031,70.1999969482422,69.0800018310547,68.3899993896484,67.3899993896484,66.2399978637695,66.44000244140629,66.7399978637695,67.76999664306639,0
root/Europe&CentralAsia/Estonia,root/Europe&CentralAsia,0,0,0,0,0,0,0,0,0,0,0,0,0,0,0,0,0,0,0,0,0,0,0,0,0,0,0,0,0,77.2600021362305,81.6600036621094,80.61000061035159,78.8199996948242,76.379997253418,76.120002746582,74.0100021362305,72.69000244140629,72.7300033569336,69.2600021362305,67.25,66.48000335693361,65.2600021362305,64.48000335693361,66.8300018310547,66.0,64.9199981689453,67.65000152587889,68.3300018310547,68.75,67.9300003051758,66.9499969482422,68.0100021362305,68.34999847412111,68.379997253418,68.879997253418,69.4599990844727,70.5400009155273,0
root/Europe&CentralAsia/FaroeIslands,root/Europe&CentralAsia,89.75,0,0,0,0,0,59.7700004577637,0,0,0,84.4300003051758,0,0,0,0,0,0,79.88999938964841,0,0,0,0,0,0,0,0,0,0,0,0,0,0,0,0,0,0,0,0,0,0,0,0,0,0,0,0,0,0,0,0,0,0,0,0,0,0,0,0
root/Europe&CentralAsia/Finland,root/Europe&CentralAsia,84.2399978637695,0,0,0,0,0,0,0,0,0,74.3000030517578,0,0,0,0,0,67.1999969482422,52.279998779296896,0,69.1999969482422,54.2999992370605,69.6100006103516,75.870002746582,0,72.870002746582,57.5999984741211,57.5999984741211,57.2000007629395,56.7000007629395,56.7000007629395,74.8499984741211,73.13999938964841,71.5100021362305,70.620002746582,69.76999664306639,66.3600006103516,64.5,65.870002746582,65.84999847412111,68.2099990844727,68.5100021362305,68.4199981689453,68.0699996948242,67.7099990844727,66.72000122070311,65.0,65.27999877929689,65.370002746582,65.84999847412111,64.25,64.1399993896484,64.26999664306639,63.7400016784668,62.959999084472706,62.5999984741211,62.459999084472706,62.4099998474121,0
root/Europe&CentralAsia/France,root/Europe&CentralAsia,0,0,75.4100036621094,0,0,0,0,0,72.9800033569336,0,0,0,0,0,0,69.40000152587889,0,0,0,69.75,69.73000335693361,69.1399993896484,68.65000152587889,70.2900009155273,69.2900009155273,68.9599990844727,68.6999969482422,67.90000152587889,66.97000122070311,66.5800018310547,65.94000244140629,64.77999877929689,64.6399993896484,64.1100006103516,63.7400016784668,63.4000015258789,63.6599998474121,63.3199996948242,63.0,63.2299995422363,62.9300003051758,62.709999084472706,62.939998626709006,63.060001373290994,62.939998626709006,62.5699996948242,62.3199996948242,62.16999816894529,62.130001068115206,62.2000007629395,62.040000915527294,61.6599998474121,61.8499984741211,61.58000183105471,61.1599998474121,60.9000015258789,60.6399993896484,0
root/Europe&CentralAsia/Georgia,root/Europe&CentralAsia,0,0,0,0,0,0,0,0,0,0,0,0,0,0,0,0,0,0,0,0,0,0,0,0,0,0,0,0,0,0,0,0,0,0,0,0,0,0,75.6999969482422,75.30999755859379,74.7399978637695,75.9000015258789,75.7699966430664,76.0800018310547,74.120002746582,73.5500030517578,72.1999969482422,73.3000030517578,73.4199981689453,74.5999984741211,74.4899978637695,76.5,78.19000244140629,77.3000030517578,77.4000015258789,78.0999984741211,78.1999969482422,0
root/Europe&CentralAsia/Germany,root/Europe&CentralAsia,0,0,0,0,0,0,0,0,0,0,0,0,0,0,0,0,0,0,0,0,0,0,0,70.3199996948242,70.9499969482422,70.7600021362305,70.9700012207031,70.870002746582,71.05999755859379,71.13999938964841,71.9700012207031,71.870002746582,70.61000061035159,69.94000244140629,69.40000152587889,68.5699996948242,68.16000366210939,67.84999847412111,67.620002746582,67.379997253418,66.66000366210939,66.1999969482422,65.69000244140629,65.370002746582,64.7399978637695,66.15000152587889,66.3199996948242,66.25,66.30999755859379,66.19000244140629,66.0699996948242,66.5400009155273,66.44000244140629,66.4199981689453,66.3199996948242,65.870002746582,66.55999755859379,0
root/Europe&CentralAsia/Gibraltar,root/Europe&CentralAsia,0,67.30999755859379,0,0,0,0,0,0,0,0,90.4300003051758,0,0,0,0,0,0,0,0,0,0,87.87999725341801,0,78.3399963378906,0,58.189998626709006,0,59.8899993896484,0,60.3400001525879,58.209999084472706,71.94000244140629,66.58999633789061,64.55999755859379,58.6599998474121,0,0,0,0,0,0,78.8199996948242,0,0,0,0,0,0,0,0,0,0,0,0,0,0,0,0
root/Europe&CentralAsia/Greece,root/Europe&CentralAsia,0,80.5800018310547,0,0,0,0,0,0,0,0,0,72.8199996948242,0,0,0,0,0,0,0,50.880001068115206,0,68.30999755859379,68.5,72.2300033569336,71.36000061035159,70.129997253418,69.0100021362305,67.94000244140629,67.879997253418,66.80999755859379,65.8000030517578,64.7099990844727,64.34999847412111,64.15000152587889,64.5400009155273,64.3899993896484,64.1699981689453,62.8899993896484,65.4199981689453,65.02999877929689,64.879997253418,64.129997253418,64.120002746582,64.3600006103516,64.5100021362305,64.3000030517578,64.34999847412111,64.16000366210939,64.1699981689453,64.02999877929689,63.560001373290994,62.16999816894529,61.279998779296896,60.9099998474121,60.119998931884794,59.790000915527294,59.810001373290994,0
root/Europe&CentralAsia/Greenland,root/Europe&CentralAsia,51.33000183105471,0,0,0,0,0,0,0,0,0,90.62999725341801,0,0,0,0,0,76.5,0,0,0,0,0,0,0,0,0,0,0,0,0,0,0,0,0,0,0,0,0,0,0,0,0,0,0,0,0,0,0,0,0,75.9164733886719,75.8661346435547,76.2666778564453,75.9721298217773,75.6663055419922,76.3159255981445,0,0
root/Europe&CentralAsia/Hungary,root/Europe&CentralAsia,86.9800033569336,0,0,0,0,0,0,0,0,0,75.4300003051758,0,0,0,0,0,0,0,54.630001068115206,54.380001068115206,71.9499969482422,86.5,87.0,86.6999969482422,85.8000030517578,85.3000030517578,84.8000030517578,85.3000030517578,84.5,83.6999969482422,64.52999877929689,51.1399993896484,66.23000335693361,63.4900016784668,61.7999992370605,61.6800003051758,57.810001373290994,57.2299995422363,57.25,58.1800003051758,58.4900016784668,57.720001220703104,57.529998779296896,58.1800003051758,57.7999992370605,58.310001373290994,58.970001220703104,58.7400016784668,58.119998931884794,57.880001068115206,57.8400001525879,58.33000183105471,59.25,60.16999816894529,61.8600006103516,63.119998931884794,64.3300018310547,0
root/Europe&CentralAsia/Iceland,root/Europe&CentralAsia,86.62000274658199,0,0,0,0,0,0,0,0,0,0,0,0,0,57.1800003051758,82.5199966430664,82.55999755859379,82.620002746582,0,82.7699966430664,42.8400001525879,82.9300003051758,82.9700012207031,84.4800033569336,0,59.0499992370605,0,0,0,0,0,85.2900009155273,85.7300033569336,84.0199966430664,83.75,87.0400009155273,86.48999786376949,85.6600036621094,86.62000274658199,87.1100006103516,87.8499984741211,88.4499969482422,87.2300033569336,87.3600006103516,86.9000015258789,85.5199966430664,86.91000366210942,87.2300033569336,86.4800033569336,84.0899963378906,83.9300003051758,83.1600036621094,82.620002746582,83.6699981689453,85.61000061035159,86.27999877929692,87.75,0
root/Europe&CentralAsia/Ireland,root/Europe&CentralAsia,0,85.0299987792969,0,0,0,0,84.0299987792969,0,0,0,0,81.9700012207031,0,0,0,78.5899963378906,0,76.75,0,0,0,76.4300003051758,0,75.6800003051758,74.7200012207031,73.5199966430664,73.1800003051758,72.5100021362305,72.2300033569336,71.1500015258789,70.6699981689453,70.629997253418,68.72000122070311,68.4599990844727,68.8600006103516,68.3899993896484,68.52999877929689,68.52999877929689,69.40000152587889,70.379997253418,71.19000244140629,71.13999938964841,70.7399978637695,70.5699996948242,70.9899978637695,72.3300018310547,73.44000244140629,73.7200012207031,72.8300018310547,70.4000015258789,68.6800003051758,67.91000366210939,67.5699996948242,67.73000335693361,67.58999633789061,67.6999969482422,67.4899978637695,0
root/Europe&CentralAsia/IsleofMan,root/Europe&CentralAsia,0,0,0,0,0,0,60.9300003051758,0,0,0,0,75.129997253418,0,0,0,0,69.3300018310547,0,0,0,0,69.4499969482422,0,0,0,0,0,0,0,0,0,69.629997253418,0,0,0,0,68.8000030517578,0,0,0,0,71.4000015258789,0,0,0,0,69.7600021362305,0,0,0,0,69.3199996948242,0,0,0,0,87.4599990844727,0
root/Europe&CentralAsia/Italy,root/Europe&CentralAsia,0,80.6699981689453,0,0,0,0,0,0,0,0,0,72.7300033569336,0,0,0,0,0,70.5100021362305,69.9899978637695,69.6100006103516,69.1800003051758,69.02999877929689,68.3600006103516,68.97000122070311,68.6800003051758,68.51999664306639,68.1100006103516,67.3600006103516,66.83999633789061,65.879997253418,65.75,66.73000335693361,64.69000244140629,64.2099990844727,63.119998931884794,62.2700004577637,62.1100006103516,61.970001220703104,62.0099983215332,61.810001373290994,61.6599998474121,61.4000015258789,61.75,62.1399993896484,61.9000015258789,61.08000183105471,60.8400001525879,60.439998626709006,60.3899993896484,59.5699996948242,59.08000183105471,58.720001220703104,59.2400016784668,58.6500015258789,58.7000007629395,58.880001068115206,59.25,0
root/Europe&CentralAsia/Kazakhstan,root/Europe&CentralAsia,0,0,0,0,0,0,0,0,0,0,0,0,0,0,0,0,0,0,0,0,0,0,0,0,0,0,0,0,0,78.2300033569336,0,0,0,0,0,0,0,0,0,69.4899978637695,0,0,75.9499969482422,75.63999938964841,75.5800018310547,0,0,0,76.11000061035159,0,0,0,0,0,0,0,0,0
root/Europe&CentralAsia/Kosovo,root/Europe&CentralAsia,0,0,0,0,0,0,0,0,0,0,0,0,0,0,0,0,0,0,0,0,0,0,0,0,0,0,0,0,0,0,0,0,0,0,0,0,0,0,0,0,0,0,71.9000015258789,71.6999969482422,67.8000030517578,68.3000030517578,69.59999847412111,65.1999969482422,65.8000030517578,67.5,0,0,55.4000015258789,60.1599998474121,55.5200004577637,50.540000915527294,51.8199996948242,0
root/Europe&CentralAsia/KyrgyzRepublic,root/Europe&CentralAsia,0,0,0,0,0,0,0,0,0,0,0,0,0,0,0,0,0,0,0,0,0,0,0,0,0,0,0,0,0,74.4700012207031,0,0,0,0,0,0,0,0,0,0,0,0,73.9800033569336,0,74.36000061035159,0,77.3000030517578,0,0,75.7200012207031,76.8199996948242,77.5199966430664,77.2799987792969,76.4199981689453,74.9700012207031,75.4899978637695,75.4000015258789,0
root/Europe&CentralAsia/Latvia,root/Europe&CentralAsia,0,0,0,0,0,0,0,0,0,0,0,0,0,0,0,0,0,0,0,0,0,0,0,0,0,0,0,0,0,77.5199966430664,0,0,0,0,0,0,69.80999755859379,68.6100006103516,68.22000122070311,67.3600006103516,64.97000122070311,64.47000122070311,66.16000366210939,64.870002746582,65.65000152587889,65.620002746582,67.5800018310547,69.0500030517578,69.58999633789061,67.02999877929689,65.0400009155273,65.30999755859379,66.4300003051758,66.120002746582,66.5,67.40000152587889,67.1100006103516,0
root/Europe&CentralAsia/Liechtenstein,root/Europe&CentralAsia,93.4199981689453,0,0,0,0,0,0,0,0,0,89.01000213623051,0,0,0,0,0,0,0,0,0,87.1399993896484,0,0,0,0,0,0,0,0,0,0,0,0,0,0,0,0,0,0,0,78.0800018310547,77.2600021362305,76.0500030517578,75.4300003051758,73.9100036621094,73.6500015258789,73.8499984741211,74.25,72.0500030517578,71.30999755859379,70.9300003051758,71.870002746582,71.1800003051758,70.5699996948242,70.19000244140629,69.4599990844727,68.8000030517578,0
root/Europe&CentralAsia/Lithuania,root/Europe&CentralAsia,0,0,0,0,0,0,0,0,0,0,0,0,0,0,0,0,0,0,0,0,0,0,0,0,0,0,0,0,0,74.69000244140629,0,0,0,0,0,0,0,69.75,70.0400009155273,68.41000366210939,66.52999877929689,65.58999633789061,65.4300003051758,66.3899993896484,63.9300003051758,62.880001068115206,61.310001373290994,61.970001220703104,62.189998626709006,61.9799995422363,62.0,63.08000183105471,63.2299995422363,64.129997253418,65.0500030517578,64.879997253418,66.02999877929689,0
root/Europe&CentralAsia/Luxembourg,root/Europe&CentralAsia,77.4000015258789,0,0,0,0,0,75.4300003051758,0,0,0,74.4499969482422,0,0,0,0,0,0,0,71.9899978637695,72.0400009155273,0,71.5899963378906,0,70.01999664306639,70.1100006103516,69.55999755859379,69.9300003051758,70.26999664306639,68.9899978637695,68.7099990844727,67.7399978637695,68.8000030517578,68.69000244140629,68.620002746582,67.6800003051758,66.379997253418,65.3899993896484,64.6699981689453,64.55999755859379,64.30999755859379,66.0800018310547,65.69000244140629,66.4599990844727,65.0800018310547,64.91000366210939,65.0800018310547,60.369998931884794,61.2999992370605,64.1399993896484,66.59999847412111,65.8300018310547,65.0500030517578,65.6999969482422,66.3300018310547,66.75,65.40000152587889,64.27999877929689,0
root/Europe&CentralAsia/MacedoniaFYR,root/Europe&CentralAsia,0,0,0,0,0,0,0,0,0,0,0,0,0,0,0,0,0,0,0,0,0,0,0,0,0,0,0,0,0,0,0,68.4899978637695,0,0,70.620002746582,0,66.98000335693361,66.5,67.40000152587889,65.48000335693361,64.40000152587889,65.59999847412111,63.6800003051758,65.5699996948242,0,0,66.23000335693361,66.1399993896484,67.6100006103516,68.4499969482422,68.5699996948242,67.5500030517578,67.40000152587889,67.27999877929689,67.9599990844727,67.41000366210939,67.5800018310547,0
root/Europe&CentralAsia/Moldova,root/Europe&CentralAsia,0,0,0,0,0,0,0,0,0,0,0,0,0,0,0,0,0,0,0,0,0,0,0,0,0,0,0,0,0,74.86000061035159,0,0,0,0,0,0,0,0,0,0,47.529998779296896,46.3899993896484,59.2599983215332,42.25,51.7400016784668,50.189998626709006,49.959999084472706,47.7700004577637,47.3400001525879,46.189998626709006,44.9500007629395,45.5900001525879,43.5200004577637,44.4900016784668,44.1500015258789,46.880001068115206,45.4500007629395,0
root/Europe&CentralAsia/Monaco,root/Europe&CentralAsia,0,0,0,0,0,0,0,0,0,0,0,0,0,0,0,0,0,0,0,0,0,0,0,0,0,0,0,0,0,0,0,0,0,0,0,0,0,0,0,0,0,0,0,0,0,0,0,0,0,0,0,0,0,0,0,0,57.189998626709006,0
root/Europe&CentralAsia/Montenegro,root/Europe&CentralAsia,0,0,0,0,0,0,0,0,0,0,0,0,0,0,0,0,0,0,0,0,0,0,0,0,0,0,0,0,0,0,0,0,0,0,0,0,0,0,0,0,0,0,0,0,0,57.3499984741211,0,60.0,60.4000015258789,59.310001373290994,58.0900001525879,55.689998626709006,56.810001373290994,56.7999992370605,59.4500007629395,60.0900001525879,61.7999992370605,0
root/Europe&CentralAsia/Netherlands,root/Europe&CentralAsia,82.55999755859379,0,0,0,0,0,0,0,0,0,0,0,0,0,0,0,0,71.1800003051758,0,69.65000152587889,68.9300003051758,68.6699981689453,68.8300018310547,68.5500030517578,0,67.15000152587889,67.41000366210939,71.0400009155273,70.1100006103516,70.23000335693361,70.8300018310547,70.9800033569336,70.33999633789061,70.09999847412111,70.4100036621094,70.4000015258789,70.4100036621094,71.5199966430664,72.19000244140629,72.1699981689453,73.1800003051758,73.5100021362305,74.120002746582,73.2399978637695,73.0800018310547,72.620002746582,72.7799987792969,73.1999969482422,73.4000015258789,73.2799987792969,71.4700012207031,70.4899978637695,70.879997253418,70.80999755859379,70.4899978637695,70.129997253418,69.65000152587889,0
root/Europe&CentralAsia/Norway,root/Europe&CentralAsia,82.5999984741211,0,0,0,0,0,0,0,0,0,74.879997253418,0,0,0,0,0,0,0,0,0,79.5299987792969,79.3499984741211,79.44000244140629,78.5199966430664,78.4599990844727,78.0899963378906,78.379997253418,78.6600036621094,78.5899963378906,77.3000030517578,76.5,74.5699996948242,74.4899978637695,73.9000015258789,74.2699966430664,74.3000030517578,76.0199966430664,77.6999969482422,78.5500030517578,77.7699966430664,78.3399963378906,78.1699981689453,77.6999969482422,76.4599990844727,76.0,75.8199996948242,75.4000015258789,75.8300018310547,76.879997253418,75.4800033569336,74.870002746582,73.9499969482422,74.2799987792969,73.7300033569336,66.7900009155273,67.6100006103516,66.870002746582,65.91000366210939
root/Europe&CentralAsia/Poland,root/Europe&CentralAsia,86.12000274658199,0,0,0,0,0,0,0,0,0,79.9499969482422,0,0,0,0,0,0,0,76.61000061035159,0,0,0,0,0,0,0,0,0,74.3000030517578,0,0,0,70.120002746582,69.26999664306639,68.1699981689453,66.77999877929689,66.19000244140629,65.76999664306639,65.16000366210939,64.34999847412111,64.1699981689453,64.02999877929689,62.970001220703104,61.9099998474121,62.0499992370605,62.83000183105471,62.1399993896484,61.9300003051758,62.66999816894529,63.41999816894529,63.7299995422363,64.02999877929689,64.27999877929689,64.41000366210939,64.69000244140629,64.5800018310547,64.8199996948242,0
root/Europe&CentralAsia/Portugal,root/Europe&CentralAsia,90.9800033569336,0,0,0,0,0,0,0,0,0,86.8499984741211,0,0,0,0,0,0,0,80.3000030517578,80.5,79.63999938964841,78.620002746582,78.129997253418,0,74.0699996948242,72.4700012207031,73.4000015258789,72.38999938964841,71.9300003051758,72.2799987792969,71.6999969482422,72.61000061035159,70.8300018310547,69.370002746582,68.5,67.83999633789061,67.120002746582,67.129997253418,70.2099990844727,69.7900009155273,69.6699981689453,70.1999969482422,70.7699966430664,69.9599990844727,69.51999664306639,69.120002746582,69.3000030517578,69.15000152587889,68.9300003051758,67.7099990844727,67.22000122070311,67.09999847412111,66.3000030517578,65.120002746582,64.51999664306639,64.1100006103516,64.09999847412111,64.5400009155273
root/Europe&CentralAsia/Romania,root/Europe&CentralAsia,0,0,0,0,0,0,83.2799987792969,0,0,0,0,0,0,0,0,0,0,75.11000061035159,0,0,0,0,0,0,0,0,0,0,0,0,67.2399978637695,0,67.4599990844727,0,0,74.2900009155273,72.6800003051758,72.8300018310547,72.129997253418,71.7399978637695,71.1500015258789,69.77999877929689,64.77999877929689,63.3199996948242,63.029998779296896,61.529998779296896,62.619998931884794,62.5999984741211,62.7700004577637,62.8199996948242,64.2099990844727,62.75,63.619998931884794,63.689998626709006,64.1699981689453,64.47000122070311,63.630001068115206,0
root/Europe&CentralAsia/RussianFederation,root/Europe&CentralAsia,0,0,0,0,0,0,0,0,0,0,0,0,0,0,0,0,0,0,0,0,0,0,0,0,0,0,0,0,0,77.36000061035159,0,0,78.19000244140629,75.9499969482422,73.4700012207031,72.7799987792969,71.3300018310547,69.3000030517578,67.9199981689453,71.4599990844727,71.5,70.08999633789061,70.22000122070311,69.8899993896484,70.5500030517578,71.05999755859379,71.2799987792969,72.370002746582,73.3300018310547,73.4100036621094,73.8399963378906,74.38999938964841,74.6999969482422,74.6999969482422,75.11000061035159,75.5299987792969,75.9000015258789,0
root/Europe&CentralAsia/SanMarino,root/Europe&CentralAsia,0,0,0,0,0,0,0,0,0,0,0,0,0,0,0,0,78.7200012207031,0,0,0,0,0,0,0,0,73.0699996948242,72.75,72.63999938964841,72.4100036621094,72.3000030517578,72.5400009155273,72.6699981689453,73.4199981689453,73.61000061035159,0,75.7799987792969,75.870002746582,75.80999755859379,76.0400009155273,75.9599990844727,0,81.6500015258789,80.6800003051758,79.25,0,0,0,0,0,0,0,0,0,0,0,86.23999786376949,85.4300003051758,0
root/Europe&CentralAsia/Serbia,root/Europe&CentralAsia,0,0,0,0,0,0,0,0,0,0,0,0,0,0,0,0,0,0,0,0,0,0,0,0,0,0,0,0,0,0,0,0,0,0,0,0,0,0,0,0,0,0,0,0,64.59999847412111,63.0,60.1100006103516,59.720001220703104,60.3499984741211,57.66999816894529,55.5,55.58000183105471,55.75,57.1100006103516,60.6599998474121,60.08000183105471,61.790000915527294,0
root/Europe&CentralAsia/SlovakRepublic,root/Europe&CentralAsia,0,0,0,0,0,0,0,0,0,0,0,0,0,0,0,0,0,0,0,0,0,0,0,0,0,0,0,0,0,0,0,73.0400009155273,0,69.8000030517578,69.1399993896484,68.8600006103516,68.69000244140629,68.3199996948242,68.2399978637695,67.7600021362305,67.9300003051758,68.8000030517578,67.7600021362305,68.16000366210939,68.30999755859379,68.370002746582,68.2600021362305,67.77999877929689,68.27999877929689,68.120002746582,67.8300018310547,68.0400009155273,68.370002746582,68.1399993896484,68.22000122070311,67.8899993896484,68.0800018310547,0
root/Europe&CentralAsia/Slovenia,root/Europe&CentralAsia,0,0,0,0,0,0,0,0,0,0,0,0,0,0,0,0,0,0,0,0,0,0,0,0,0,0,0,0,0,0,0,67.72000122070311,0,58.41999816894529,64.2399978637695,66.2399978637695,64.3899993896484,64.73000335693361,66.25,64.8000030517578,63.810001373290994,64.65000152587889,64.6999969482422,63.119998931884794,65.4899978637695,65.9899978637695,65.66000366210939,66.379997253418,65.629997253418,65.4599990844727,65.27999877929689,63.709999084472706,63.040000915527294,63.08000183105471,63.2999992370605,62.9099998474121,61.3199996948242,0
root/Europe&CentralAsia/Spain,root/Europe&CentralAsia,89.02999877929692,0,0,0,0,0,0,0,0,0,80.2300033569336,0,0,0,0,0,0,75.3499984741211,74.19000244140629,73.2799987792969,72.1600036621094,71.4899978637695,70.9000015258789,70.0500030517578,69.41000366210939,68.7099990844727,68.2399978637695,67.15000152587889,66.3199996948242,65.84999847412111,66.0699996948242,65.27999877929689,66.15000152587889,65.629997253418,65.08999633789061,64.1999969482422,64.2600021362305,64.40000152587889,64.620002746582,64.9300003051758,65.5800018310547,65.33999633789061,66.02999877929689,66.7900009155273,67.19000244140629,68.1100006103516,68.370002746582,68.52999877929689,68.69000244140629,67.8199996948242,67.33999633789061,66.8199996948242,66.3300018310547,65.620002746582,65.0400009155273,64.8199996948242,64.27999877929689,63.8899993896484
root/Europe&CentralAsia/Sweden,root/Europe&CentralAsia,0,0,0,0,0,74.9800033569336,0,0,0,0,0,0,0,0,0,74.2900009155273,73.7600021362305,0,0,0,0,0,77.0400009155273,76.6699981689453,76.2099990844727,76.5,85.7200012207031,85.7600021362305,0,86.75,77.4899978637695,77.0,75.4100036621094,73.8199996948242,73.3199996948242,70.7200012207031,65.1100006103516,64.72000122070311,79.0,79.5299987792969,80.1500015258789,80.4700012207031,79.8000030517578,79.88999938964841,79.7699966430664,75.1699981689453,73.629997253418,73.870002746582,73.9899978637695,73.4100036621094,73.7699966430664,73.9100036621094,73.9000015258789,74.2200012207031,74.1699981689453,74.4199981689453,74.44000244140629,69.1800003051758
root/Europe&CentralAsia/Switzerland,root/Europe&CentralAsia,87.2300033569336,0,0,0,0,0,0,0,0,0,84.3300018310547,0,0,0,0,0,0,0,63.0,63.220001220703104,79.2900009155273,0,0,0,0,66.2099990844727,66.3899993896484,0,66.370002746582,66.5400009155273,79.2600021362305,80.870002746582,80.2300033569336,80.2799987792969,79.2399978637695,79.0299987792969,79.0199966430664,78.629997253418,78.5,78.2200012207031,77.7699966430664,77.4000015258789,76.7099990844727,76.7900009155273,75.9700012207031,75.0999984741211,75.4199981689453,75.7799987792969,75.4599990844727,75.2399978637695,74.3499984741211,74.6800003051758,74.4899978637695,74.19000244140629,74.13999938964841,74.2200012207031,74.5,74.4700012207031
root/Europe&CentralAsia/Tajikistan,root/Europe&CentralAsia,0,0,0,0,0,0,0,0,0,0,0,0,0,0,0,0,0,0,0,0,0,0,0,0,0,0,0,0,0,0,0,0,0,0,0,0,32.5200004577637,0,0,0,0,0,0,63.0,73.9899978637695,0,0,0,0,55.970001220703104,0,0,0,0,0,0,0,0
root/Europe&CentralAsia/Turkey,root/Europe&CentralAsia,93.76000213623051,0,0,0,0,91.94000244140629,0,0,0,0,84.6999969482422,0,0,0,0,85.44000244140629,0,0,0,0,84.5500030517578,0,0,0,0,83.1600036621094,0,0,81.4300003051758,80.63999938964841,79.6999969482422,80.25,79.63999938964841,78.0299987792969,78.4899978637695,77.7799987792969,77.3399963378906,76.7200012207031,76.7399978637695,75.8000030517578,73.7200012207031,72.870002746582,71.5999984741211,70.4300003051758,70.30999755859379,70.5500030517578,68.8899993896484,68.8300018310547,69.22000122070311,69.4199981689453,69.9199981689453,70.9599990844727,70.33999633789061,70.870002746582,71.2399978637695,71.5699996948242,71.9700012207031,72.44000244140629
root/Europe&CentralAsia/Ukraine,root/Europe&CentralAsia,0,0,0,0,0,0,0,0,0,0,54.380001068115206,0,0,0,0,0,0,0,0,56.7299995422363,0,0,0,0,0,0,0,0,0,66.7099990844727,0,0,0,0,0,73.05999755859379,0,0,71.4800033569336,65.7399978637695,64.44000244140629,67.94000244140629,67.55999755859379,67.2600021362305,66.8199996948242,67.94000244140629,68.2399978637695,68.879997253418,69.8300018310547,69.1999969482422,0,70.6999969482422,71.3000030517578,0,69.27999877929689,69.16000366210939,69.0800018310547,0
root/Europe&CentralAsia/UnitedKingdom,root/Europe&CentralAsia,0,86.8899993896484,0,0,0,0,83.8300018310547,0,0,0,0,81.3199996948242,0,0,0,0,0,0,59.4300003051758,58.9300003051758,58.75,76.0,0,73.3399963378906,73.4599990844727,74.379997253418,73.88999938964841,73.8499984741211,74.13999938964841,74.5,74.370002746582,73.7900009155273,73.0400009155273,71.9100036621094,71.5500030517578,71.2200012207031,70.9599990844727,70.879997253418,70.629997253418,70.1699981689453,70.22000122070311,69.5699996948242,69.44000244140629,69.69000244140629,69.3000030517578,69.59999847412111,69.91000366210939,69.7900009155273,69.97000122070311,69.34999847412111,69.0,68.7900009155273,68.870002746582,68.76999664306639,68.6100006103516,68.55999755859379,68.6100006103516,0
root/Europe&CentralAsia/Uzbekistan,root/Europe&CentralAsia,0,0,0,0,0,0,0,0,0,0,0,0,0,0,0,0,0,0,0,0,0,0,0,0,0,0,0,0,0,0,0,0,0,0,0,0,0,0,0,0,0,0,41.8800010681152,41.5,39.8699989318848,41.069999694824205,41.6399993896484,44.0200004577637,0,0,0,0,0,0,0,0,0,0
root/LatinAmerica&Caribbean,root,1531.5699920654297,321.82999420166016,186.5400009155273,355.12999725341797,243.9700012207032,0,48.0099983215332,0,52.7299995422363,0,1477.0300102233887,388.8400077819824,242.8099975585937,389.07999420166027,306.3500022888184,248.7999992370606,231.6200027465821,388.50000762939464,643.6499977111815,1051.5800018310547,2182.259998321533,1094.560001373291,917.9199981689454,661.7099914550782,569.6799926757812,1199.2499885559082,865.8200035095215,1051.7499999999998,955.9199981689453,1431.6900024414062,1686.9299926757812,2209.9999961853027,1387.4499855041504,1537.1700134277344,1669.070011138916,1879.4200057983396,1587.2199935913088,1563.6800079345705,1741.07999420166,1882.78999710083,1851.5100212097168,1825.6900062561035,1638.2599983215332,1668.520004272461,1667.819995880127,1726.4299926757815,1838.7400131225588,1912.7699966430664,1801.5572891235352,1858.901969909668,2031.366817474365,2044.2999839782715,2235.0700035095215,2180.271011352539,1937.7499923706055,1901.5916862487793,1455.4999923706055,594.2900009155273
root/LatinAmerica&Caribbean/AntiguaandBarbuda,root/LatinAmerica&Caribbean,45.4500007629395,0,0,0,0,0,0,0,0,0,87.3499984741211,0,0,0,0,0,0,0,0,0,0,0,0,0,0,0,0,0,0,0,0,80.0400009155273,0,0,0,0,0,0,0,0,0,78.2300033569336,0,0,0,0,0,0,0,0,0,0,0,0,0,0,0,0
root/LatinAmerica&Caribbean/Argentina,root/LatinAmerica&Caribbean,84.2900009155273,0,0,0,0,0,0,0,0,0,81.0500030517578,0,0,0,0,0,0,78.11000061035159,77.6999969482422,77.2699966430664,76.379997253418,0,0,80.36000061035159,0,79.63999938964841,0,79.5100021362305,0,78.7699966430664,78.6800003051758,75.0800018310547,67.09999847412111,67.3000030517578,67.6999969482422,76.1800003051758,76.3000030517578,76.0,76.3000030517578,76.0999984741211,73.3399963378906,72.5999984741211,72.0999984741211,73.3000030517578,75.129997253418,75.1999969482422,75.0699996948242,74.9000015258789,74.0,73.9100036621094,73.870002746582,74.4300003051758,73.7600021362305,73.3399963378906,72.4499969482422,0,0,0
root/LatinAmerica&Caribbean/Aruba,root/LatinAmerica&Caribbean,79.6699981689453,0,0,0,0,0,0,0,0,0,0,0,72.7399978637695,0,0,0,0,0,0,0,0,75.0500030517578,0,0,0,0,0,0,0,0,0,73.38999938964841,0,0,0,0,0,0,0,0,71.75,0,0,0,0,0,0,73.63999938964841,0,0,68.9199981689453,69.59999847412111,0,0,0,0,0,0
root/LatinAmerica&Caribbean/BahamasThe,root/LatinAmerica&Caribbean,0,0,0,92.0199966430664,0,0,0,0,0,0,89.2300033569336,0,0,0,0,0,0,0,0,41.040000915527294,78.38999938964841,0,0,0,0,0,0,0,0,55.529998779296896,79.1800003051758,79.0999984741211,79.9000015258789,82.3000030517578,81.1600036621094,78.5,79.8000030517578,79.4000015258789,74.0899963378906,83.0999984741211,0,81.6999969482422,81.6999969482422,0,0,0,0,0,0,78.4000015258789,0,75.4199981689453,78.9300003051758,76.0999984741211,0,0,0,0
root/LatinAmerica&Caribbean/Barbados,root/LatinAmerica&Caribbean,50.7000007629395,0,0,0,0,0,48.0099983215332,0,0,0,81.2099990844727,0,0,0,0,0,0,0,47.66999816894529,0,78.0999984741211,0,0,75.0299987792969,0,73.6999969482422,74.5800018310547,76.0,75.2099990844727,76.879997253418,75.6500015258789,73.25,74.0,0,74.4300003051758,74.4899978637695,73.44000244140629,73.9599990844727,0,0,75.7099990844727,0,0,75.0999984741211,75.4000015258789,75.19000244140629,73.55999755859379,74.3499984741211,73.2799987792969,72.3399963378906,71.8000030517578,72.6800003051758,71.9199981689453,72.0400009155273,67.73000335693361,68.7099990844727,70.620002746582,0
root/LatinAmerica&Caribbean/Belize,root/LatinAmerica&Caribbean,89.73999786376949,0,0,0,0,0,0,0,0,0,44.810001373290994,0,0,0,0,0,0,0,0,0,91.7099990844727,0,0,0,0,0,0,0,0,0,0,80.3300018310547,0,0,78.7699966430664,0,47.2000007629395,79.6999969482422,78.5999984741211,79.6999969482422,0,0,0,0,0,48.9000015258789,0,0,0,0,81.620002746582,0,81.63999938964841,78.4410018920898,78.3399963378906,79.5500030517578,79.7699966430664,0
root/LatinAmerica&Caribbean/Bolivia,root/LatinAmerica&Caribbean,0,0,0,0,0,0,0,0,0,0,0,0,0,0,0,0,85.75,0,0,0,87.4599990844727,86.8300018310547,85.1800003051758,0,0,82.9700012207031,84.0100021362305,84.9899978637695,0,63.25,84.6699981689453,63.0,80.4199981689453,63.0,64.0,75.8399963378906,74.129997253418,82.3000030517578,0,0,82.2300033569336,75.9000015258789,83.5,83.3000030517578,83.3000030517578,80.2200012207031,82.3499984741211,56.3899993896484,82.129997253418,81.9199981689453,0,82.3399963378906,80.1500015258789,80.2799987792969,81.9000015258789,79.8499984741211,0,0
root/LatinAmerica&Caribbean/Brazil,root/LatinAmerica&Caribbean,88.7099990844727,0,0,0,0,0,0,0,0,0,83.5800018310547,0,0,86.94000244140629,0,0,0,0,0,0,82.7300033569336,0,0,0,0,85.0400009155273,84.88999938964841,85.7900009155273,85.3399963378906,84.9300003051758,84.5699996948242,0,85.4199981689453,84.9199981689453,0,84.0400009155273,81.9700012207031,82.4300003051758,82.0400009155273,81.94000244140629,78.36000061035159,81.0,81.120002746582,80.7399978637695,81.1600036621094,66.7099990844727,80.9499969482422,80.370002746582,66.58999633789061,80.2200012207031,66.4499969482422,78.30999755859379,77.86000061035159,77.2699966430664,77.870002746582,73.55999755859379,73.2300033569336,72.86000061035159
root/LatinAmerica&Caribbean/BritishVirginIslands,root/LatinAmerica&Caribbean,44.6599998474121,0,0,0,0,0,0,0,0,0,90.2099990844727,0,0,0,0,0,0,0,0,0,86.26000213623051,0,0,0,0,0,0,0,0,0,0,84.2799987792969,0,0,61.0499992370605,0,0,0,0,0,0,0,0,0,0,0,0,0,0,0,0,0,0,0,0,0,0,0
root/LatinAmerica&Caribbean/CaymanIslands,root/LatinAmerica&Caribbean,89.8600006103516,0,0,0,0,0,0,0,0,0,47.810001373290994,0,0,0,0,0,0,0,0,58.0699996948242,0,0,0,0,0,0,0,0,0,87.9800033569336,0,87.72000122070308,0,0,0,0,0,0,0,89.0,0,0,0,0,0,0,86.9000015258789,84.8199996948242,87.4499969482422,87.94000244140629,86.3300018310547,84.3000030517578,86.5999984741211,85.5800018310547,85.2399978637695,84.620002746582,0,0
root/LatinAmerica&Caribbean/Chile,root/LatinAmerica&Caribbean,85.0899963378906,0,0,0,0,0,0,0,0,0,79.4700012207031,0,0,0,0,0,0,0,0,0,70.3600006103516,69.9300003051758,68.27999877929689,68.0100021362305,68.879997253418,74.2600021362305,73.5800018310547,0,75.2200012207031,75.8199996948242,75.0899963378906,75.2099990844727,75.5100021362305,77.0400009155273,76.61000061035159,75.1600036621094,77.2399978637695,76.4499969482422,76.3399963378906,75.8499984741211,74.7600021362305,73.9499969482422,73.2099990844727,72.8499984741211,72.129997253418,71.86000061035159,72.9800033569336,72.9599990844727,73.38999938964841,72.5299987792969,72.3000030517578,72.88999938964841,72.0899963378906,72.0100021362305,71.80999755859379,71.6999969482422,71.4499969482422,71.4599990844727
root/LatinAmerica&Caribbean/Colombia,root/LatinAmerica&Caribbean,0,0,0,0,87.4499969482422,0,0,0,0,0,0,0,0,78.879997253418,0,0,0,0,0,0,78.44000244140629,0,0,0,0,68.26999664306639,53.4000015258789,55.0999984741211,0,78.9899978637695,0,0,0,78.5199966430664,0,0,55.5,0,0,0,73.9700012207031,82.6800003051758,82.2300033569336,82.4300003051758,81.2200012207031,80.6699981689453,71.8300018310547,78.629997253418,78.7799987792969,80.75,80.9700012207031,81.5100021362305,81.8300018310547,81.2399978637695,81.379997253418,81.370002746582,80.88999938964841,0
root/LatinAmerica&Caribbean/CostaRica,root/LatinAmerica&Caribbean,0,0,0,90.83999633789058,0,0,0,0,0,0,0,0,0,81.129997253418,0,0,0,0,76.63999938964841,76.0199966430664,82.120002746582,0,53.0999984741211,53.0999984741211,51.7999992370605,53.2000007629395,53.2999992370605,54.0,53.5999984741211,53.9000015258789,82.370002746582,80.6699981689453,79.7699966430664,80.4300003051758,80.0699996948242,81.4100036621094,78.7099990844727,79.9300003051758,80.88999938964841,80.69000244140629,79.2900009155273,79.8000030517578,79.19000244140629,79.4300003051758,78.6699981689453,79.5199966430664,78.94000244140629,79.5,78.0299987792969,76.5899963378906,75.36000061035159,73.5,75.7099990844727,74.6600036621094,75.4700012207031,73.9800033569336,71.7699966430664,72.4199981689453
root/LatinAmerica&Caribbean/Cuba,root/LatinAmerica&Caribbean,0,0,0,0,0,0,0,0,0,0,77.4199981689453,0,0,0,0,0,0,0,0,0,0,71.5,0,0,0,0,72.1800003051758,0,72.63999938964841,0,0,0,0,0,0,0,0,0,0,0,0,0,0,0,53.4000015258789,0,54.0,54.5,67.59999847412111,68.9740676879883,68.3001861572266,69.6800003051758,89.4599990844727,87.0999984741211,0,0,0,0
root/LatinAmerica&Caribbean/Dominica,root/LatinAmerica&Caribbean,47.3199996948242,0,0,0,0,0,0,0,0,0,40.069999694824205,0,0,0,0,0,0,0,0,0,0,77.19000244140629,0,0,0,0,0,0,0,74.5699996948242,0,48.630001068115206,0,0,0,0,0,75.0699996948242,0,75.5400009155273,0,70.2099990844727,0,0,0,0,0,0,0,0,0,0,0,0,0,0,0,0
root/LatinAmerica&Caribbean/DominicanRepublic,root/LatinAmerica&Caribbean,91.22000122070308,0,0,0,0,0,0,0,0,0,81.8000030517578,0,0,0,0,0,0,0,0,78.7399978637695,0,76.9499969482422,0,0,0,0,0,0,0,0,0,71.1999969482422,72.6999969482422,83.0800018310547,68.3000030517578,83.0199966430664,82.5999984741211,83.5400009155273,86.5,0,70.4000015258789,69.2099990844727,68.2900009155273,67.6999969482422,69.1699981689453,73.7099990844727,74.55999755859379,74.8399963378906,73.86000061035159,72.5299987792969,72.44000244140629,73.2900009155273,74.2600021362305,74.05999755859379,74.61000061035159,74.5299987792969,74.0,0
root/LatinAmerica&Caribbean/Ecuador,root/LatinAmerica&Caribbean,0,0,93.72000122070308,0,0,0,0,0,0,0,0,0,0,0,86.6399993896484,0,0,0,0,0,85.0199966430664,84.75,78.44000244140629,0,0,0,0,0,78.3499984741211,78.3499984741211,78.3499984741211,82.9000015258789,0,0,80.6999969482422,80.5,79.7399978637695,80.75,82.11000061035159,82.4000015258789,82.4000015258789,83.0500030517578,80.55999755859379,80.6500015258789,0,81.0299987792969,81.9800033569336,56.25,56.3199996948242,80.1600036621094,78.0500030517578,77.2399978637695,77.4800033569336,76.9800033569336,78.25,80.0400009155273,80.4899978637695,80.6500015258789
root/LatinAmerica&Caribbean/ElSalvador,root/LatinAmerica&Caribbean,0,92.30999755859379,0,0,0,0,0,0,0,0,0,90.6500015258789,0,0,0,46.029998779296896,0,0,83.379997253418,84.1800003051758,83.25,0,0,0,0,0,0,0,0,0,80.0800018310547,77.75,82.5,81.8499984741211,82.25,81.7600021362305,79.7699966430664,79.4100036621094,80.3000030517578,78.7900009155273,78.5999984741211,79.0999984741211,76.2600021362305,78.88999938964841,77.4899978637695,77.8000030517578,78.05999755859379,79.2399978637695,81.3499984741211,81.0100021362305,78.3300018310547,78.4300003051758,78.7699966430664,78.2300033569336,77.5500030517578,76.8499984741211,77.3499984741211,0
root/LatinAmerica&Caribbean/Grenada,root/LatinAmerica&Caribbean,40.310001373291,0,0,0,0,0,0,0,0,0,40.0099983215332,0,0,0,0,0,0,0,0,0,0,0,0,0,0,0,0,0,71.3199996948242,0,0,0,0,0,0,0,0,0,75.4000015258789,0,0,0,0,0,0,0,0,0,0,0,0,0,0,72.4000015258789,72.3000030517578,77.0999984741211,0,0
root/LatinAmerica&Caribbean/Guatemala,root/LatinAmerica&Caribbean,0,0,0,0,92.01000213623051,0,0,0,0,0,0,0,0,87.9499969482422,0,0,0,0,84.36000061035159,86.44000244140629,89.47000122070308,84.30999755859379,0,0,0,85.2600021362305,0,90.3000030517578,0,89.94000244140629,0,0,0,0,83.9599990844727,0,0,0,0,73.55999755859379,87.9000015258789,0,89.4000015258789,88.9499969482422,85.8199996948242,0,88.3300018310547,0,0,0,81.0500030517578,83.9499969482422,87.19000244140629,82.9800033569336,83.61000061035159,84.5899963378906,83.9100036621094,0
root/LatinAmerica&Caribbean/Guyana,root/LatinAmerica&Caribbean,48.2999992370605,0,0,0,0,0,0,0,0,0,0,0,0,0,0,0,0,0,0,0,87.6500015258789,0,0,0,0,0,0,86.37000274658199,0,0,0,0,0,81.1800003051758,0,0,0,0,0,0,0,0,78.5199966430664,0,0,0,0,0,0,0,0,0,0,0,0,0,0,68.870002746582
root/LatinAmerica&Caribbean/Haiti,root/LatinAmerica&Caribbean,0,0,0,0,0,0,0,0,0,0,0,89.5500030517578,0,0,0,0,0,0,0,0,83.3000030517578,0,80.2600021362305,0,0,80.05999755859379,0,0,0,0,77.4100036621094,0,0,0,0,73.5199966430664,0,0,0,0,68.98000335693361,0,0,58.33000183105471,0,69.4899978637695,0,55.2999992370605,0,0,70.8300018310547,0,66.0,0,0,0,0,0
root/LatinAmerica&Caribbean/Honduras,root/LatinAmerica&Caribbean,0,52.6800003051758,0,0,0,0,0,0,0,0,0,0,0,54.1800003051758,88.0999984741211,0,0,88.1100006103516,0,87.73999786376949,87.55999755859379,87.30999755859379,87.23999786376949,87.0999984741211,87.37999725341801,0,0,0,0,0,0,85.4899978637695,89.2900009155273,0,0,86.4000015258789,0,0,87.48999786376949,88.0400009155273,87.0500030517578,84.8300018310547,85.0,0,66.9199981689453,83.6500015258789,83.36000061035159,82.0800018310547,81.4100036621094,82.2900009155273,82.5100021362305,81.3499984741211,80.0699996948242,82.629997253418,83.0699996948242,82.5100021362305,81.4800033569336,0
root/LatinAmerica&Caribbean/Jamaica,root/LatinAmerica&Caribbean,90.48999786376949,0,0,0,0,0,0,0,0,0,80.69000244140629,0,0,0,81.4100036621094,81.5299987792969,80.9599990844727,0,80.0400009155273,0,67.52999877929689,79.7399978637695,81.4599990844727,0,0,65.4899978637695,0,0,68.55999755859379,0,76.9100036621094,68.8199996948242,0,0,74.0299987792969,76.8000030517578,75.5,74.5999984741211,73.61000061035159,73.0,0,73.0,72.5,71.379997253418,73.6999969482422,0,0,73.5,73.6563034057617,71.8078994750977,70.36660003662111,70.1999969482422,69.1699981689453,70.0,70.01999664306639,70.25,71.1699981689453,71.2600021362305
root/LatinAmerica&Caribbean/Mexico,root/LatinAmerica&Caribbean,92.7300033569336,0,0,0,0,0,0,0,0,0,80.5999984741211,0,0,0,0,42.8699989318848,0,0,77.7900009155273,77.5,82.7699966430664,0,0,0,0,0,0,0,82.2300033569336,0,75.5199966430664,84.13999938964841,84.5199966430664,84.9599990844727,84.25,82.7600021362305,82.80999755859379,83.4300003051758,83.4199981689453,82.8000030517578,81.7900009155273,81.11000061035159,80.6999969482422,79.9300003051758,80.5800018310547,80.30999755859379,80.7200012207031,80.30999755859379,79.94000244140629,79.0,78.6999969482422,78.4599990844727,78.7799987792969,78.4700012207031,78.2399978637695,77.9700012207031,77.6999969482422,77.5699996948242
root/LatinAmerica&Caribbean/Nicaragua,root/LatinAmerica&Caribbean,0,0,0,91.1100006103516,0,0,0,0,0,0,0,79.5500030517578,0,0,0,0,0,78.6500015258789,0,0,51.41999816894529,0,0,0,0,81.5100021362305,0,0,0,84.7900009155273,86.37999725341801,87.5500030517578,0,0,0,84.4599990844727,85.25,0,86.7699966430664,87.5199966430664,80.1999969482422,50.75,0,78.5,79.0,78.8000030517578,78.1699981689453,77.5,78.8000030517578,0,0,0,87.9599990844727,87.37999725341801,83.3399963378906,0,0,0
root/LatinAmerica&Caribbean/Panama,root/LatinAmerica&Caribbean,87.0999984741211,0,0,0,0,0,0,0,0,0,86.0500030517578,0,0,0,0,0,0,0,0,80.8000030517578,73.75,0,76.1999969482422,78.55999755859379,78.7200012207031,78.8399963378906,76.75,78.3000030517578,78.120002746582,78.620002746582,76.9899978637695,77.05999755859379,0,80.5100021362305,80.0800018310547,81.2600021362305,0,80.4000015258789,79.4199981689453,79.7300033569336,77.4000015258789,75.4000015258789,79.55999755859379,79.36000061035159,80.25,79.8199996948242,79.4300003051758,78.75,80.9700012207031,80.9100036621094,80.4000015258789,79.1500015258789,80.0500030517578,79.7200012207031,79.36000061035159,78.4599990844727,78.61000061035159,0
root/LatinAmerica&Caribbean/Paraguay,root/LatinAmerica&Caribbean,0,0,92.8199996948242,0,0,0,0,0,0,0,0,0,89.73999786376949,0,0,0,0,0,0,0,84.4000015258789,0,89.3300018310547,0,0,0,0,0,0,85.4499969482422,82.9800033569336,82.0999984741211,83.0400009155273,85.0999984741211,85.870002746582,91.0999984741211,86.4000015258789,0,86.8000030517578,85.5,85.3000030517578,85.3000030517578,79.86000061035159,84.4000015258789,86.5,85.4000015258789,84.3000030517578,84.5800018310547,85.2699966430664,84.1800003051758,81.8399963378906,82.7799987792969,82.5100021362305,83.6500015258789,83.13999938964841,83.8199996948242,82.69000244140629,0
root/LatinAmerica&Caribbean/Peru,root/LatinAmerica&Caribbean,0,87.3899993896484,0,0,0,0,0,0,0,0,0,0,80.3300018310547,0,0,0,0,0,0,79.3300018310547,79.1600036621094,79.0699996948242,79.0,0,71.8499984741211,0,75.2399978637695,74.8499984741211,0,75.2300033569336,76.6999969482422,71.9100036621094,75.4000015258789,73.4100036621094,76.4100036621094,77.5800018310547,0,77.9800033569336,79.6600036621094,79.4199981689453,78.8499984741211,79.620002746582,78.3000030517578,76.4199981689453,77.5299987792969,76.8499984741211,77.3199996948242,81.2200012207031,80.4499969482422,80.0199966430664,81.5500030517578,81.2600021362305,80.5299987792969,80.1600036621094,79.7200012207031,79.0899963378906,79.7099990844727,79.1999969482422
root/LatinAmerica&Caribbean/PuertoRico,root/LatinAmerica&Caribbean,65.6699981689453,0,0,0,0,0,0,0,0,0,56.779998779296896,0,0,0,0,0,64.91000366210939,62.720001220703104,62.83000183105471,62.0,52.189998626709006,60.0200004577637,59.1800003051758,58.040000915527294,57.7400016784668,58.1399993896484,57.220001220703104,58.720001220703104,60.709999084472706,0,60.540000915527294,61.8600006103516,61.119998931884794,62.0699996948242,0,60.41999816894529,61.7999992370605,62.3899993896484,62.41999816894529,60.0,59.060001373290994,0,58.060001373290994,58.33000183105471,58.880001068115206,59.6100006103516,58.1500015258789,56.8400001525879,54.9000015258789,0,51.2999992370605,49.2999992370605,50.7999992370605,0,0,49.171688079834006,0,0
root/LatinAmerica&Caribbean/StKittsandNevis,root/LatinAmerica&Caribbean,45.0200004577637,0,0,0,0,0,0,0,0,0,38.319999694824205,0,0,0,0,0,0,0,0,0,79.5299987792969,0,0,0,0,0,0,0,0,0,0,76.8499984741211,0,0,0,0,0,0,0,0,0,62.7999992370605,0,0,0,0,0,0,0,0,0,0,0,0,0,0,0,0
root/LatinAmerica&Caribbean/StLucia,root/LatinAmerica&Caribbean,0,0,0,0,0,0,0,0,0,0,0,0,0,0,0,0,0,0,0,0,0,0,0,0,0,0,0,0,0,0,0,78.88999938964841,0,78.9000015258789,76.3000030517578,78.5,77.6999969482422,78.4000015258789,77.0,77.0,75.0,75.5199966430664,0,75.1800003051758,73.8000030517578,76.1999969482422,69.59999847412111,73.1999969482422,65.7099990844727,70.1999969482422,74.9700012207031,72.7099990844727,73.75,75.4700012207031,0,78.2799987792969,78.1800003051758,0
root/LatinAmerica&Caribbean/StVincentandtheGrenadines,root/LatinAmerica&Caribbean,40.459999084472706,0,0,0,0,0,0,0,0,0,37.27000045776371,0,0,0,0,0,0,0,0,0,0,0,0,0,0,0,0,0,0,0,0,80.7699966430664,0,0,0,0,0,0,0,0,0,0,0,0,0,0,0,0,0,0,0,0,0,0,0,0,0,0
root/LatinAmerica&Caribbean/Suriname,root/LatinAmerica&Caribbean,0,0,0,0,64.5100021362305,0,0,0,0,0,0,0,0,0,0,0,0,0,0,0,54.83000183105471,0,0,0,0,0,0,68.2099990844727,0,55.6100006103516,68.1999969482422,0,67.0699996948242,68.19000244140629,64.47000122070311,64.23000335693361,0,0,0,61.119998931884794,0,0,0,0,0,0,0,0,0,75.6699981689453,76.94000244140629,75.0999984741211,73.5400009155273,75.6800003051758,76.1999969482422,72.55999755859379,0,0
root/LatinAmerica&Caribbean/TrinidadandTobago,root/LatinAmerica&Caribbean,86.25,0,0,0,0,0,0,0,0,0,81.5999984741211,48.7700004577637,0,0,50.2000007629395,0,0,0,53.2400016784668,81.620002746582,75.5199966430664,81.5500030517578,0,82.0199966430664,0,81.1699981689453,79.55999755859379,78.5199966430664,72.4599990844727,71.370002746582,74.3399963378906,67.3000030517578,76.1999969482422,73.13999938964841,74.5999984741211,75.4700012207031,74.1699981689453,74.8000030517578,75.2600021362305,75.0199966430664,75.3300018310547,75.0,74.55999755859379,74.3000030517578,75.1999969482422,75.2600021362305,74.7300033569336,75.19000244140629,74.5299987792969,74.36000061035159,72.120002746582,71.4499969482422,71.25,70.9800033569336,71.5299987792969,70.5400009155273,68.80999755859379,0
root/LatinAmerica&Caribbean/TurksandCaicosIslands,root/LatinAmerica&Caribbean,92.30999755859379,0,0,0,0,0,0,0,0,0,40.2999992370605,0,0,0,0,0,0,0,0,0,80.80999755859379,0,0,0,0,0,0,0,0,0,0,0,0,0,0,0,0,0,0,0,0,0,0,0,0,0,0,0,0,0,0,0,0,0,0,0,0,0
root/LatinAmerica&Caribbean/Uruguay,root/LatinAmerica&Caribbean,0,0,0,81.1600036621094,0,0,0,0,0,0,0,0,0,0,0,78.370002746582,0,0,0,0,0,0,0,0,72.80999755859379,70.5999984741211,0,0,0,0,59.3199996948242,73.3199996948242,72.6500015258789,71.7600021362305,73.0800018310547,73.9599990844727,74.7900009155273,0,73.4599990844727,73.5,71.86000061035159,72.2200012207031,0,69.0500030517578,0,69.26999664306639,72.7200012207031,73.9100036621094,73.1510009765625,73.8300018310547,74.8300018310547,76.1699981689453,74.9800033569336,75.4000015258789,75.75,74.4100036621094,73.6699981689453,0
root/LatinAmerica&Caribbean/VenezuelaRB,root/LatinAmerica&Caribbean,0,89.4499969482422,0,0,0,0,0,0,0,0,0,80.3199996948242,0,0,0,0,0,80.9100036621094,0,80.8300018310547,0,80.36000061035159,80.25,79.4899978637695,80.5,81.0999984741211,81.11000061035159,81.0899963378906,82.1600036621094,81.7099990844727,80.7099990844727,81.38999938964841,80.8399963378906,79.5100021362305,80.9800033569336,82.05999755859379,82.4000015258789,82.7399978637695,83.1999969482422,83.4700012207031,81.9800033569336,82.7099990844727,83.63999938964841,0,82.5699996948242,80.9599990844727,80.7300033569336,80.0,79.9899978637695,79.36000061035159,79.2200012207031,78.8000030517578,78.0299987792969,78.0199966430664,78.870002746582,78.0800018310547,0,0
root/LatinAmerica&Caribbean/VirginIslandsUS,root/LatinAmerica&Caribbean,46.220001220703104,0,0,0,0,0,0,0,52.7299995422363,0,51.4000015258789,0,0,0,0,0,0,0,0,0,72.1500015258789,0,0,0,0,0,0,0,0,0,72.2900009155273,0,0,0,0,0,0,0,0,0,0,0,0,0,0,0,0,0,0,0,0,0,0,0,0,0,0,0
root/MiddleEast&NorthAfrica,root,260.23000335693365,77.9899978637695,0,0,80.1600036621094,140.9099960327148,333.67999267578114,53.290000915527294,0,0,210.16999435424802,206.33999633789068,148.120002746582,156.5900039672851,64.9499969482422,563.8799972534181,340.3000030517578,231.25,143.79999542236328,408.80999374389654,455.6599998474123,336.31000137329096,331.80000305175787,388.96999740600586,302.43000030517567,281.43999862670887,371.3299903869628,343.86000061035173,199.9800033569336,309.8600044250488,365.2599983215333,420.9600067138672,311.1699981689454,368.6899948120117,534.9400024414061,633.3999938964843,607.7999877929689,657.2999877929688,521.0900039672852,655.9400138854982,677.7899971008302,663.9599990844727,655.9100036621094,694.1699981689453,781.1299934387207,814.0499954223633,937.4200096130371,963.629997253418,1109.6077575683596,1232.3800163269045,1033.2899932861328,816.3399925231932,785.8500061035155,853.2199935913085,691.0399971008301,581.4400100708008,849.9500198364259,68.9499969482422
root/MiddleEast&NorthAfrica/Algeria,root/MiddleEast&NorthAfrica,0,0,0,0,0,0,82.5699996948242,0,0,0,0,0,0,0,0,80.4199981689453,0,71.8300018310547,0,0,0,0,0,33.759998321533196,68.4199981689453,69.4199981689453,0,76.4000015258789,0,0,0,0,0,0,0,0,77.4599990844727,47.3199996948242,0,0,46.9500007629395,0,0,0,0,0,0,0,0,68.66000366210939,68.8600006103516,0,67.8000030517578,69.5,66.22000122070311,0,66.4499969482422,0
root/MiddleEast&NorthAfrica/Bahrain,root/MiddleEast&NorthAfrica,0,0,0,0,0,51.5699996948242,0,0,0,0,0,83.2799987792969,0,0,0,0,0,0,0,55.869998931884794,0,86.12000274658199,0,0,0,73.5400009155273,0,73.629997253418,0,0,89.1999969482422,88.2300033569336,88.9000015258789,88.5999984741211,88.3000030517578,88.0,87.6999969482422,87.5,87.1999969482422,86.9000015258789,86.5999984741211,85.9599990844727,86.0999984741211,85.6999969482422,82.4899978637695,64.5,84.9300003051758,0,0,0,87.3300018310547,86.4199981689453,0,0,0,86.94000244140629,0,0
root/MiddleEast&NorthAfrica/Djibouti,root/MiddleEast&NorthAfrica,0,0,0,0,0,0,0,0,0,0,0,0,0,0,0,0,0,0,0,0,0,0,0,0,0,0,0,0,0,0,0,65.5,0,0,0,0,78.4000015258789,0,0,0,0,0,0,0,0,0,0,0,0,0,0,0,0,0,0,0,0,0
root/MiddleEast&NorthAfrica/EgyptArabRep,root/MiddleEast&NorthAfrica,89.02999877929692,0,0,0,0,0,81.129997253418,0,0,0,0,0,0,78.620002746582,0,77.7099990844727,80.7300033569336,79.2200012207031,78.7799987792969,73.55999755859379,73.5699996948242,48.959999084472706,48.2400016784668,77.5,76.13999938964841,0,77.7699966430664,0,0,71.7099990844727,73.19000244140629,70.8199996948242,70.7799987792969,72.8199996948242,74.0400009155273,73.370002746582,77.55999755859379,0,71.5,73.69000244140629,45.029998779296896,68.58999633789061,68.66000366210939,45.540000915527294,46.869998931884794,75.1699981689453,71.879997253418,71.6999969482422,72.3399963378906,72.1600036621094,74.9800033569336,74.2799987792969,73.86000061035159,73.3399963378906,72.5400009155273,70.5100021362305,69.6399993896484,0
root/MiddleEast&NorthAfrica/IranIslamicRep,root/MiddleEast&NorthAfrica,0,0,0,0,0,0,86.48999786376949,0,0,0,0,0,79.620002746582,0,0,0,83.1600036621094,0,0,0,0,0,77.4700012207031,0,0,0,81.0199966430664,0,0,0,0,79.88999938964841,0,0,0,0,74.7600021362305,0,0,0,0,0,0,0,0,73.8199996948242,0,71.2200012207031,68.84999847412111,69.7099990844727,68.7900009155273,0,0,63.0,68.58999633789061,69.3899993896484,70.4300003051758,0
root/MiddleEast&NorthAfrica/Iraq,root/MiddleEast&NorthAfrica,0,0,0,0,0,0,0,0,0,0,0,0,0,0,0,0,0,80.1999969482422,0,0,0,0,0,0,0,0,0,75.2600021362305,0,0,0,0,0,0,0,0,0,77.2799987792969,0,0,0,0,0,0,69.120002746582,0,78.3000030517578,0,74.9461441040039,68.9199981689453,0,0,0,0,0,0,0,0
root/MiddleEast&NorthAfrica/Israel,root/MiddleEast&NorthAfrica,0,0,0,0,0,0,0,0,0,0,0,0,68.5,0,64.9499969482422,0,64.58999633789061,0,65.01999664306639,63.8899993896484,63.7400016784668,63.790000915527294,63.369998931884794,66.6699981689453,0,0,63.16999816894529,62.3600006103516,63.1800003051758,63.040000915527294,71.8199996948242,71.870002746582,71.5299987792969,73.25,73.2900009155273,73.13999938964841,71.9499969482422,71.1800003051758,70.120002746582,69.5699996948242,69.7099990844727,69.3899993896484,68.2600021362305,67.97000122070311,68.4499969482422,68.6800003051758,69.15000152587889,69.7399978637695,69.76999664306639,68.91000366210939,69.33999633789061,69.2399978637695,69.3199996948242,69.40000152587889,69.4499969482422,69.3000030517578,69.1100006103516,68.9499969482422
root/MiddleEast&NorthAfrica/Jordan,root/MiddleEast&NorthAfrica,0,77.9899978637695,0,0,0,0,0,0,0,0,0,43.0999984741211,0,0,0,72.5800018310547,0,0,0,77.0100021362305,0,0,0,0,0,0,0,0,0,0,0,0,0,0,0,0,0,0,62.9000015258789,0,66.09999847412111,65.5,64.1999969482422,63.2000007629395,70.3300018310547,64.40000152587889,63.0999984741211,64.40000152587889,64.0,64.8000030517578,63.5,62.7999992370605,61.2999992370605,60.4000015258789,59.7000007629395,0,0,0
root/MiddleEast&NorthAfrica/Kuwait,root/MiddleEast&NorthAfrica,0,0,0,0,0,89.33999633789058,0,0,0,0,87.4199981689453,0,0,0,0,82.4599990844727,0,0,0,0,85.7699966430664,0,0,78.63999938964841,0,83.1800003051758,0,0,80.0800018310547,0,0,0,0,0,0,83.63999938964841,68.51999664306639,69.01999664306639,0,0,0,0,0,81.5199966430664,0,84.36000061035159,89.3000030517578,88.3000030517578,88.2099990844727,87.41000366210942,87.23999786376949,0,0,0,0,0,87.44000244140629,0
root/MiddleEast&NorthAfrica/Lebanon,root/MiddleEast&NorthAfrica,0,0,0,0,0,0,0,0,0,0,43.7599983215332,0,0,0,0,73.8000030517578,0,0,0,0,0,0,0,0,0,0,0,0,0,0,0,0,0,0,0,0,0,0,0,0,0,0,0,0,68.879997253418,0,0,66.9300003051758,0,71.5500030517578,0,0,0,0,0,0,0,0
root/MiddleEast&NorthAfrica/Libya,root/MiddleEast&NorthAfrica,0,0,0,0,80.1600036621094,0,0,0,0,0,0,0,0,77.9700012207031,0,0,0,0,0,0,0,0,0,0,0,0,0,0,0,0,0,0,0,0,0,0,0,0,0,0,0,0,0,0,0,0,0,0,0,0,0,0,60.9799995422363,0,0,0,0,0
root/MiddleEast&NorthAfrica/Malta,root/MiddleEast&NorthAfrica,0,0,0,0,0,0,0,53.290000915527294,0,0,0,0,0,0,0,0,0,0,0,57.029998779296896,59.3600006103516,58.380001068115206,0,57.0999984741211,0,55.2999992370605,56.380001068115206,56.209999084472706,56.720001220703104,56.380001068115206,56.119998931884794,0,0,53.41999816894529,71.0899963378906,71.0899963378906,71.4499969482422,70.9499969482422,70.4100036621094,55.6599998474121,70.4000015258789,71.9800033569336,70.6999969482422,70.629997253418,70.4499969482422,68.2900009155273,68.1399993896484,67.6699981689453,66.8600006103516,66.6399993896484,66.9899978637695,67.0699996948242,66.2600021362305,66.629997253418,66.8899993896484,66.9300003051758,67.1399993896484,0
root/MiddleEast&NorthAfrica/Morocco,root/MiddleEast&NorthAfrica,87.41000366210942,0,0,0,0,0,0,0,0,0,0,79.9599990844727,0,0,0,0,0,0,0,0,0,0,78.30999755859379,0,0,0,0,0,0,0,74.9300003051758,0,0,0,80.379997253418,75.4199981689453,0,0,75.129997253418,79.2600021362305,78.5999984741211,77.9199981689453,77.3300018310547,77.36000061035159,77.5100021362305,76.879997253418,52.630001068115206,77.379997253418,75.88999938964841,53.5099983215332,74.6699981689453,74.3000030517578,73.5999984741211,73.0400009155273,72.5999984741211,0,0,0
root/MiddleEast&NorthAfrica/Oman,root/MiddleEast&NorthAfrica,0,0,0,0,0,0,0,0,0,0,0,0,0,0,0,0,0,0,0,0,0,0,0,0,0,0,0,0,0,0,0,0,0,0,0,0,0,0,0,0,59.25,0,0,76.94000244140629,0,0,0,0,79.1816177368164,0,0,0,0,64.08999633789061,0,0,80.4500198364258,0
root/MiddleEast&NorthAfrica/Qatar,root/MiddleEast&NorthAfrica,0,0,0,0,0,0,0,0,0,0,0,0,0,0,0,0,65.5,0,0,0,0,0,64.41000366210939,0,0,0,92.98999786376949,0,0,0,0,0,0,0,0,0,0,89.1999969482422,0,0,0,0,0,0,91.6999969482422,0,0,94.94000244140629,0,96.0400009155273,95.97000122070308,95.72000122070308,95.6800003051758,96.1699981689453,0,0,99.94000244140629,0
root/MiddleEast&NorthAfrica/SaudiArabia,root/MiddleEast&NorthAfrica,0,0,0,0,0,0,0,0,0,0,0,0,0,0,0,0,0,0,0,0,0,0,0,0,0,0,0,0,0,0,0,0,79.9599990844727,0,0,0,0,0,0,73.5100021362305,75.2900009155273,74.4800033569336,73.5800018310547,0,0,0,74.2900009155273,74.4899978637695,74.36000061035159,74.1600036621094,0,76.4899978637695,77.61000061035159,78.3000030517578,78.19000244140629,77.620002746582,78.3300018310547,0
root/MiddleEast&NorthAfrica/SyrianArabRepublic,root/MiddleEast&NorthAfrica,83.7900009155273,0,0,0,0,0,0,0,0,0,78.9899978637695,0,0,0,0,0,0,0,0,0,0,79.05999755859379,0,75.3000030517578,78.8300018310547,0,0,0,0,43.3600006103516,0,44.6500015258789,0,80.5999984741211,0,76.5,0,71.4000015258789,83.8300018310547,80.6500015258789,79.86000061035159,83.2900009155273,81.5699996948242,76.5100021362305,0,0,74.120002746582,73.5800018310547,73.13999938964841,71.5999984741211,72.1800003051758,71.1999969482422,0,0,0,0,0,0
root/MiddleEast&NorthAfrica/Tunisia,root/MiddleEast&NorthAfrica,0,0,0,0,0,0,83.4899978637695,0,0,0,0,0,0,0,0,83.5999984741211,46.3199996948242,0,0,81.4499969482422,79.2099990844727,0,0,0,79.0400009155273,0,0,0,0,75.370002746582,0,0,0,0,73.7600021362305,0,0,73.4499969482422,0,0,0,0,0,48.7999992370605,0,67.84999847412111,67.2900009155273,67.6800003051758,67.98000335693361,68.6999969482422,69.4899978637695,70.1100006103516,70.3199996948242,70.0400009155273,0,68.870002746582,0,0
root/MiddleEast&NorthAfrica/UnitedArabEmirates,root/MiddleEast&NorthAfrica,0,0,0,0,0,0,0,0,0,0,0,0,0,0,0,93.30999755859379,0,0,0,0,94.01000213623051,0,0,0,0,0,0,0,0,0,0,0,0,0,0,92.23999786376949,0,0,0,0,0,0,0,0,0,92.6999969482422,0,0,89.37000274658199,88.9300003051758,0,0,0,0,0,0,89.8199996948242,0
root/MiddleEast&NorthAfrica/WestBankandGaza,root/MiddleEast&NorthAfrica,0,0,0,0,0,0,0,0,0,0,0,0,0,0,0,0,0,0,0,0,0,0,0,0,0,0,0,0,0,0,0,0,0,0,0,0,0,0,0,66.8000030517578,0,66.84999847412111,65.5100021362305,0,66.9300003051758,0,67.69000244140629,0,70.0100021362305,67.0100021362305,66.83999633789061,68.7099990844727,69.120002746582,69.30999755859379,71.4499969482422,71.879997253418,71.1999969482422,0
root/MiddleEast&NorthAfrica/YemenRep,root/MiddleEast&NorthAfrica,0,0,0,0,0,0,0,0,0,0,0,0,0,0,0,0,0,0,0,0,0,0,0,0,0,0,0,0,0,0,0,0,0,0,74.0800018310547,0,0,0,0,69.90000152587889,0,0,0,0,68.40000152587889,77.4000015258789,76.5999984741211,75.5999984741211,74.6999969482422,73.6699981689453,67.1100006103516,0,0,0,65.41000366210939,0,0,0
root/NorthAmerica,root,83.3399963378906,161.02999877929682,82.0,81.370002746582,81.0199966430664,80.7200012207031,80.4300003051758,80.4300003051758,80.0899963378906,79.8499984741211,168.25999450683588,155.5199966430664,78.9499969482422,78.8300018310547,78.7200012207031,77.879997253418,246.8700027465821,155.22000122070318,155.7900009155274,156.18000030517578,243.3500061035156,155.43000030517578,153.6500015258789,153.25,153.04999542236328,152.9800033569336,153.0999984741211,153.0400009155274,152.8099975585938,153.1900024414063,152.4800033569336,233.16999816894528,149.6900024414063,148.7399978637696,148.1500015258789,147.4400024414063,147.0999984741211,147.2000045776367,147.0100021362304,147.1100006103515,226.66999816894537,146.7099990844727,147.1100006103516,146.9200057983399,146.5,146.120002746582,145.7799987792969,145.7600021362304,145.68000030517578,229.86000061035162,229.7399978637696,141.8800048828125,221.18000030517578,140.60000610351562,139.7699966430665,139.6500015258789,139.45999908447268,139.2300033569336
root/NorthAmerica/Bermuda,root/NorthAmerica,0,0,0,0,0,0,0,0,0,0,88.58999633789058,0,0,0,0,0,91.69000244140629,0,0,0,87.62000274658199,0,0,0,0,0,0,0,0,0,0,82.3499984741211,0,0,0,0,0,0,0,0,79.5100021362305,0,0,0,0,0,0,0,0,86.0,87.0,0,80.0,0,0,0,0,0
root/NorthAmerica/Canada,root/NorthAmerica,0,78.13999938964841,0,0,0,0,0,0,0,0,0,76.38999938964841,0,0,0,0,77.6699981689453,77.55999755859379,77.9300003051758,78.3499984741211,78.3300018310547,78.4499969482422,77.0500030517578,76.86000061035159,76.6999969482422,76.7300033569336,76.8499984741211,76.8499984741211,76.629997253418,76.7600021362305,76.120002746582,75.0400009155273,73.86000061035159,73.30999755859379,73.0999984741211,72.4599990844727,72.1699981689453,72.2300033569336,72.120002746582,72.38999938964841,72.3499984741211,72.2699966430664,73.0100021362305,73.4100036621094,73.1699981689453,72.8000030517578,72.3199996948242,72.5400009155273,72.7300033569336,71.9100036621094,71.55999755859379,71.4000015258789,71.0199966430664,70.870002746582,70.55999755859379,70.5999984741211,70.26999664306639,70.16000366210939
root/NorthAmerica/UnitedStates,root/NorthAmerica,83.3399963378906,82.88999938964841,82.0,81.370002746582,81.0199966430664,80.7200012207031,80.4300003051758,80.4300003051758,80.0899963378906,79.8499984741211,79.6699981689453,79.129997253418,78.9499969482422,78.8300018310547,78.7200012207031,77.879997253418,77.5100021362305,77.6600036621094,77.86000061035159,77.8300018310547,77.4000015258789,76.9800033569336,76.5999984741211,76.38999938964841,76.3499984741211,76.25,76.25,76.19000244140629,76.1800003051758,76.4300003051758,76.36000061035159,75.7799987792969,75.8300018310547,75.4300003051758,75.0500030517578,74.9800033569336,74.9300003051758,74.9700012207031,74.88999938964841,74.7200012207031,74.80999755859379,74.44000244140629,74.0999984741211,73.5100021362305,73.3300018310547,73.3199996948242,73.4599990844727,73.2200012207031,72.9499969482422,71.9499969482422,71.1800003051758,70.4800033569336,70.16000366210939,69.73000335693361,69.2099990844727,69.0500030517578,69.19000244140629,69.0699996948242
root/SouthAsia,root,0,332.530002593994,0,82.11000061035159,0,0,0,0,0,0,45.1599998474121,254.5400009155274,51.9500007629395,0,90.2099990844727,0,87.1399993896484,177.3399963378907,87.1999969482422,183.94000244140634,87.1999969482422,397.530002593994,86.55999755859379,85.129997253418,173.81999969482422,333.5500030517578,253.34999847412112,0,84.88999938964841,141.1999969482422,240.02999877929682,332.04000091552734,159.8899993896485,158.5,243.70999145507812,231.1199951171875,239.5499954223633,158.759994506836,159.27999877929688,250.120002746582,400.61000061035156,226.3299942016602,150.6300048828125,255.9700012207031,157.5599975585937,316.9400024414062,381.68999481201166,156.0900039672852,234.1999969482422,224.20999908447263,456.1699981689453,308.3199996948242,219.7200012207031,393.6499938964844,389.5800094604492,225.6200027465821,154.47000122070312,0
root/SouthAsia/Afghanistan,root/SouthAsia,0,0,0,0,0,0,0,0,0,0,0,0,0,0,0,0,0,0,0,96.77999877929692,0,0,0,0,0,0,0,0,0,0,0,0,0,0,0,0,0,0,0,0,0,0,0,0,0,0,0,0,0,0,0,83.4000015258789,0,0,0,0,0,0
root/SouthAsia/Bangladesh,root/SouthAsia,0,92.97000122070308,0,0,0,0,0,0,0,0,0,0,0,0,90.2099990844727,0,0,0,0,0,0,84.120002746582,0,0,88.6800003051758,88.5800018310547,88.6100006103516,0,0,89.0999984741211,0,88.3300018310547,0,0,0,0,88.76000213623051,0,0,0,87.22000122070308,0,0,87.3899993896484,0,86.8000030517578,86.19000244140629,0,0,0,81.620002746582,0,0,81.7699966430664,0,0,79.4000015258789,0
root/SouthAsia/Bhutan,root/SouthAsia,0,0,0,0,0,0,0,0,0,0,0,0,0,0,0,0,0,0,0,0,0,0,0,0,0,0,0,0,0,0,0,0,0,0,0,0,0,0,0,0,0,0,0,0,0,71.4700012207031,72.1999969482422,0,0,73.5800018310547,72.80999755859379,72.2399978637695,65.6699981689453,72.0999984741211,71.0299987792969,71.1800003051758,0,0
root/SouthAsia/India,root/SouthAsia,0,90.22000122070308,0,0,0,0,0,0,0,0,0,85.5500030517578,0,0,0,0,0,0,0,0,0,86.7900009155273,0,0,0,0,0,0,0,0,0,80.38999938964841,0,0,84.4499969482422,0,0,0,0,0,82.80999755859379,78.4499969482422,0,0,0,82.8499984741211,0,0,0,0,79.7399978637695,0,79.0699996948242,0,0,0,0,0
root/SouthAsia/Maldives,root/SouthAsia,0,0,0,0,0,0,0,0,0,0,0,0,0,0,0,0,0,90.2099990844727,0,0,0,0,0,0,0,77.6699981689453,0,0,0,0,77.2699966430664,0,0,0,0,74.0199966430664,0,0,0,0,71.7300033569336,0,0,0,0,0,75.4199981689453,0,0,0,68.1800003051758,0,0,0,78.4700012207031,0,0,0
root/SouthAsia/Nepal,root/SouthAsia,0,94.3499984741211,0,0,0,0,0,0,0,0,0,87.77999877929692,0,0,0,0,0,0,0,0,0,87.6500015258789,0,0,0,0,0,0,0,0,0,79.7900009155273,0,0,0,0,75.1999969482422,0,0,90.1500015258789,0,81.6800003051758,0,91.8000030517578,0,0,0,0,87.0699996948242,0,0,0,0,85.5999984741211,86.8000030517578,0,0,0
root/SouthAsia/Pakistan,root/SouthAsia,0,54.9900016784668,0,0,0,0,0,0,0,0,0,0,51.9500007629395,0,0,0,87.1399993896484,87.12999725341801,87.1999969482422,87.16000366210942,87.1999969482422,86.58999633789058,86.55999755859379,85.129997253418,85.13999938964841,87.0800018310547,85.3499984741211,0,84.88999938964841,52.0999984741211,84.88999938964841,83.5299987792969,83.5299987792969,82.2699966430664,82.5899963378906,82.2900009155273,0,83.05999755859379,82.4700012207031,82.5,83.1699981689453,0,82.7300033569336,0,82.7200012207031,0,80.0899963378906,79.9300003051758,79.379997253418,78.9899978637695,78.7900009155273,78.629997253418,0,79.25,78.6600036621094,79.7300033569336,0,0
root/SouthAsia/SriLanka,root/SouthAsia,0,0,0,82.11000061035159,0,0,0,0,0,0,45.1599998474121,81.2099990844727,0,0,0,0,0,0,0,0,0,52.380001068115206,0,0,0,80.2200012207031,79.38999938964841,0,0,0,77.870002746582,0,76.36000061035159,76.2300033569336,76.6699981689453,74.80999755859379,75.5899963378906,75.6999969482422,76.80999755859379,77.4700012207031,75.6800003051758,66.1999969482422,67.90000152587889,76.7799987792969,74.8399963378906,75.8199996948242,67.7900009155273,76.1600036621094,67.75,71.63999938964841,75.0299987792969,74.0500030517578,74.9800033569336,74.9300003051758,74.620002746582,74.7099990844727,75.0699996948242,0
root/Sub-SaharanAfrica,root,561.8300018310547,54.189998626709006,199.6699981689453,237.78999710083008,136.8099975585938,50.2700004577637,127.77000045776359,50.0,0,40.97999954223629,380.27999496459955,221.47999572753912,187.32000350952148,139.61999893188482,151.8099975585938,706.1200027465821,294.04000091552734,316.69000244140636,369.3499984741211,267.02999877929693,746.3599967956543,476.6199951171875,223.2299995422364,681.2099990844727,459.40000152587896,516.8699989318849,390.0999984741211,357.48999786376953,566.2099990844724,378.0500030517578,513.939998626709,578.8600006103516,249.2400054931641,378.9000015258789,508.5400047302246,164.81000518798828,512.2400016784668,392.1700019836426,452.7999992370606,379.6099967956544,629.5100021362305,673.1599960327148,447.44000244140625,334.96000289917004,613.9500007629395,1114.2100067138672,802.5299987792969,401.19000244140636,474.5799980163575,603.7708473205566,840.8667640686035,912.6499786376953,1012.0999984741211,986.8599967956544,904.3932342529297,664.1800003051758,425.8700027465821,62.9500007629395
root/Sub-SaharanAfrica/Angola,root/Sub-SaharanAfrica,89.3000030517578,0,0,0,0,0,0,0,0,0,0,0,0,0,0,0,0,0,0,0,0,0,0,0,0,0,0,0,0,0,0,0,0,0,0,0,0,0,0,0,0,0,0,0,74.4700012207031,0,0,0,0,0,0,79.9499969482422,0,0,0,0,0,0
root/Sub-SaharanAfrica/Benin,root/Sub-SaharanAfrica,0,54.189998626709006,0,0,0,0,0,0,0,0,0,0,0,0,0,92.3499984741211,0,53.33000183105471,0,86.0400009155273,0,0,0,0,0,0,83.9100036621094,0,0,0,0,0,89.4000015258789,0,0,0,55.9099998474121,0,0,0,0,66.6100006103516,78.9300003051758,0,0,0,0,0,0,0,76.0800018310547,74.379997253418,0,0,0,0,0,0
root/Sub-SaharanAfrica/Botswana,root/Sub-SaharanAfrica,0,0,0,0,47.4300003051758,0,0,0,0,0,0,45.3499984741211,0,0,0,0,0,0,0,0,0,80.63999938964841,0,0,0,78.9800033569336,0,0,0,0,0,75.4300003051758,0,0,73.0999984741211,0,60.060001373290994,0,70.26999664306639,0,67.620002746582,64.9499969482422,0,0,0,0,70.4300003051758,0,0,69.58999633789061,66.3300018310547,0,0,76.8199996948242,0,0,0,0
root/Sub-SaharanAfrica/BurkinaFaso,root/Sub-SaharanAfrica,0,0,0,0,0,0,0,50.0,0,0,50.0200004577637,0,49.7999992370605,0,0,91.1999969482422,0,0,0,0,0,0,0,0,0,91.8199996948242,0,0,0,0,0,88.9199981689453,0,0,0,0,0,0,0,0,0,0,0,0,0,93.0,86.30999755859379,89.9000015258789,0,0,0,0,0,0,74.5999984741211,0,0,0
root/Sub-SaharanAfrica/Burundi,root/Sub-SaharanAfrica,0,0,0,0,0,0,0,0,0,0,0,0,0,0,0,0,0,0,51.7400016784668,92.52999877929692,51.779998779296896,0,59.9500007629395,0,59.5099983215332,0,87.1999969482422,0,0,0,90.05999755859379,0,0,0,0,0,0,0,84.5999984741211,0,0,0,0,0,0,0,0,0,69.8199996948242,0,0,0,0,0,77.9899978637695,0,0,0
root/Sub-SaharanAfrica/CaboVerde,root/Sub-SaharanAfrica,48.279998779296896,0,0,0,0,0,0,0,0,0,0,0,0,0,0,0,0,0,0,0,62.619998931884794,0,0,0,0,0,0,0,0,0,85.0800018310547,0,0,0,0,0,0,0,0,0,0,0,0,0,0,0,0,0,0,0,0,0,0,0,0,0,0,0
root/Sub-SaharanAfrica/Cameroon,root/Sub-SaharanAfrica,0,0,0,0,0,0,0,0,0,0,0,0,0,0,0,0,81.5699996948242,0,0,0,77.2399978637695,0,83.25,0,0,81.2699966430664,0,48.5699996948242,0,0,0,0,0,0,0,0,76.0,0,0,0,0,76.4000015258789,0,0,0,74.8000030517578,0,85.5500030517578,0,0,82.3000030517578,0,0,0,67.6032333374023,0,0,0
root/Sub-SaharanAfrica/CentralAfricanRepublic,root/Sub-SaharanAfrica,0,0,36.569999694824205,0,0,0,0,0,0,0,0,0,0,0,0,71.0699996948242,0,0,0,0,0,0,0,0,0,0,0,0,87.12000274658199,0,0,0,0,0,0,0,0,0,0,0,0,0,0,0,0,0,0,0,0,0,0,0,0,0,0,0,0,0
root/Sub-SaharanAfrica/Chad,root/Sub-SaharanAfrica,0,0,0,0,0,0,0,0,0,0,0,0,54.33000183105471,0,0,0,0,0,0,0,91.0400009155273,0,0,0,0,0,0,0,91.23999786376949,0,0,0,0,80.9899978637695,0,0,0,0,0,0,0,0,0,0,0,0,0,0,0,0,0,0,0,0,0,0,0,0
root/Sub-SaharanAfrica/Comoros,root/Sub-SaharanAfrica,0,0,0,0,0,0,0,0,0,0,0,0,0,0,0,0,0,0,0,0,81.6699981689453,0,0,0,0,0,0,0,0,0,0,64.3000030517578,0,0,0,0,0,0,0,0,0,0,0,0,50.709999084472706,0,0,0,0,0,0,0,0,0,0,0,0,0
root/Sub-SaharanAfrica/CongoDemRep,root/Sub-SaharanAfrica,0,0,0,0,0,0,0,0,0,0,0,0,0,0,0,0,0,0,0,0,0,0,0,0,0,0,0,0,0,0,0,0,0,0,0,0,0,0,0,0,0,0,0,0,0,61.5999984741211,0,0,0,0,0,0,69.7900009155273,0,0,0,0,0
root/Sub-SaharanAfrica/CongoRep,root/Sub-SaharanAfrica,0,0,0,0,0,0,0,0,0,0,0,0,0,0,81.7799987792969,0,0,0,0,0,0,0,0,0,69.5699996948242,0,0,0,0,0,0,0,0,0,0,0,0,0,0,0,0,0,0,0,0,69.08999633789061,0,0,0,72.1999969482422,0,0,64.3000030517578,0,0,0,0,0
root/Sub-SaharanAfrica/CotedIvoire,root/Sub-SaharanAfrica,0,0,0,0,89.37999725341801,0,0,0,0,0,55.6800003051758,0,0,0,0,91.1100006103516,0,0,91.2099990844727,0,0,0,0,0,0,0,0,0,88.72000122070308,0,0,0,0,0,0,0,0,0,81.4800033569336,0,0,0,0,0,0,0,0,0,0,0,0,0,72.0299987792969,80.9000015258789,0,0,70.7600021362305,0
root/Sub-SaharanAfrica/EquatorialGuinea,root/Sub-SaharanAfrica,0,0,0,0,0,0,0,0,0,0,0,0,0,0,0,0,0,0,0,0,0,0,0,89.08999633789058,0,0,0,0,0,0,0,0,0,0,69.90000152587889,0,0,0,0,0,0,0,0,0,0,0,0,0,0,0,0,0,0,0,0,0,0,0
root/Sub-SaharanAfrica/Ethiopia,root/Sub-SaharanAfrica,0,0,0,0,0,0,0,0,0,0,0,0,0,0,0,0,0,0,0,0,0,73.1999969482422,0,0,0,0,0,69.1999969482422,0,0,0,0,0,0,89.5699996948242,84.69000244140629,0,0,0,89.7099990844727,0,0,0,0,70.5899963378906,90.6999969482422,75.5999984741211,0,0,77.1500015258789,75.7799987792969,77.6699981689453,79.129997253418,89.55999755859379,80.3000030517578,71.0999984741211,70.9000015258789,0
root/Sub-SaharanAfrica/Gabon,root/Sub-SaharanAfrica,0,0,0,63.689998626709006,0,0,0,0,0,0,0,0,0,0,0,0,0,0,0,0,0,0,0,0,0,0,0,0,0,0,0,0,0,71.1600036621094,0,0,0,0,0,0,0,0,0,0,0,67.120002746582,0,0,0,0,58.1599998474121,0,0,0,0,0,0,0
root/Sub-SaharanAfrica/GambiaThe,root/Sub-SaharanAfrica,0,0,0,0,0,0,0,0,0,0,0,0,0,0,0,0,0,0,0,0,0,0,0,86.3000030517578,0,0,0,0,0,0,0,0,0,70.2099990844727,0,0,0,0,0,0,0,0,0,0,0,0,0,0,0,0,0,0,68.629997253418,0,0,0,0,0
root/Sub-SaharanAfrica/Ghana,root/Sub-SaharanAfrica,88.98999786376949,0,0,0,0,0,0,0,0,0,83.4899978637695,0,0,0,0,0,0,0,0,0,0,0,0,0,44.9300003051758,0,0,0,0,0,0,0,0,0,0,0,0,0,81.4000015258789,0,76.7200012207031,0,0,0,0,0,70.4899978637695,0,0,0,72.8000030517578,0,0,78.9599990844727,0,74.0500030517578,0,0
root/Sub-SaharanAfrica/Guinea,root/Sub-SaharanAfrica,0,0,0,0,0,0,0,0,0,0,0,0,0,0,0,0,0,0,0,0,0,0,0,79.9800033569336,0,0,0,0,0,0,0,0,0,0,0,0,48.8499984741211,0,0,0,0,0,66.3899993896484,0,0,0,0,0,0,0,0,0,0,0,0,0,0,0
root/Sub-SaharanAfrica/GuineaBissau,root/Sub-SaharanAfrica,0,0,0,0,0,0,0,0,0,0,0,0,0,0,0,0,0,0,0,88.4599990844727,0,0,0,0,0,0,0,0,60.1399993896484,0,0,0,0,0,0,0,0,0,0,0,0,0,0,0,0,0,0,0,0,0,0,0,0,0,0,0,0,0
root/Sub-SaharanAfrica/Kenya,root/Sub-SaharanAfrica,0,0,0,0,0,0,0,0,0,0,0,0,0,0,0,0,0,0,0,0,0,0,0,0,0,0,0,0,0,81.4000015258789,0,0,0,0,0,0,0,0,0,74.44000244140629,0,0,0,0,0,68.6100006103516,0,0,0,86.8300018310547,0,0,0,0,0,0,0,0
root/Sub-SaharanAfrica/Lesotho,root/Sub-SaharanAfrica,0,0,0,0,0,0,44.5499992370605,0,0,0,0,0,0,0,0,0,62.1399993896484,0,0,0,0,0,0,0,0,0,76.4000015258789,0,0,0,0,0,0,0,0,0,56.689998626709006,69.1999969482422,0,79.1699981689453,0,0,0,0,0,0,58.130001068115206,0,50.880001068115206,0,0,0,0,73.9899978637695,0,0,0,0
root/Sub-SaharanAfrica/Liberia,root/Sub-SaharanAfrica,0,0,81.9700012207031,0,0,0,0,0,0,0,0,0,0,0,70.02999877929689,0,0,0,0,0,0,0,0,0,66.48000335693361,0,0,0,0,0,0,0,0,0,0,0,0,0,0,0,0,0,0,0,0,0,0,0,0,0,60.75,0,0,0,0,0,0,0
root/Sub-SaharanAfrica/Madagascar,root/Sub-SaharanAfrica,0,0,0,0,0,50.2700004577637,0,0,0,0,0,0,0,0,0,91.4300003051758,0,0,0,0,0,0,0,0,0,48.7599983215332,0,0,0,0,0,0,0,0,0,0,0,0,0,0,0,0,0,86.25,0,89.4000015258789,0,0,0,0,65.0,0,93.9000015258789,0,0,89.2099990844727,0,0
root/Sub-SaharanAfrica/Malawi,root/Sub-SaharanAfrica,0,0,0,0,0,0,0,0,0,0,0,0,0,0,0,81.6600036621094,0,0,0,0,0,0,0,91.62999725341801,0,0,0,80.61000061035159,0,0,0,0,0,0,0,0,0,0,79.3499984741211,0,0,0,0,0,0,93.9000015258789,0,0,0,0,0,0,0,83.4100036621094,0,0,0,0
root/Sub-SaharanAfrica/Mali,root/Sub-SaharanAfrica,0,0,0,0,0,0,0,0,0,0,0,0,0,0,0,0,91.51000213623051,0,0,0,0,0,0,0,0,0,0,0,0,0,0,0,0,0,0,0,0,0,0,0,0,0,0,0,66.1800003051758,0,84.9000015258789,88.1100006103516,0,0,81.4199981689453,0,0,0,81.7099990844727,80.4700012207031,81.629997253418,0
root/Sub-SaharanAfrica/Mauritania,root/Sub-SaharanAfrica,0,0,0,0,0,0,0,0,0,0,0,0,0,0,0,94.5500030517578,0,0,0,0,0,0,0,0,0,0,0,0,68.75,0,0,0,0,0,0,0,0,0,0,0,64.5,0,0,0,0,0,0,0,74.5999984741211,0,0,0,62.7999992370605,0,0,0,0,0
root/Sub-SaharanAfrica/Mauritius,root/Sub-SaharanAfrica,0,0,81.129997253418,0,0,0,0,0,0,0,0,0,83.19000244140629,0,0,0,0,0,0,0,0,0,0,80.0899963378906,40.8400001525879,0,0,82.0,0,82.6699981689453,81.9300003051758,82.0999984741211,82.11000061035159,81.9700012207031,81.9100036621094,80.120002746582,0,0,0,0,78.30999755859379,79.88999938964841,0,0,77.38999938964841,76.6600036621094,76.120002746582,77.1699981689453,76.55999755859379,76.0708541870117,76.0767593383789,75.4700012207031,75.69000244140629,78.6999969482422,75.11000061035159,74.8000030517578,74.3000030517578,0
root/Sub-SaharanAfrica/Mozambique,root/Sub-SaharanAfrica,0,0,0,0,0,0,0,0,0,0,97.0199966430664,0,0,0,0,0,0,0,0,0,88.25,0,0,0,0,0,0,0,0,0,0,0,0,0,0,0,0,80.4100036621094,0,0,0,0,0,83.9599990844727,0,0,0,0,0,0,0,0,75.7699966430664,0,0,80.0899963378906,0,0
root/Sub-SaharanAfrica/Namibia,root/Sub-SaharanAfrica,92.0999984741211,0,0,0,0,0,0,0,0,0,0,0,0,0,0,0,0,0,0,0,0,0,0,0,0,0,0,0,0,0,0,68.59999847412111,0,0,62.130001068115206,0,0,60.970001220703104,0,0,62.0900001525879,60.0699996948242,0,0,56.4500007629395,0,0,0,61.5999984741211,0,0,67.1999969482422,62.4900016784668,65.23000335693361,64.80999755859379,0,66.0,0
root/Sub-SaharanAfrica/Niger,root/Sub-SaharanAfrica,53.0,0,0,0,0,0,0,0,0,0,0,0,0,0,0,0,0,93.69000244140629,50.439998626709006,0,0,0,0,0,0,0,0,0,87.1399993896484,0,0,0,0,0,0,0,0,0,0,0,0,87.3499984741211,0,0,0,89.8300018310547,0,0,0,0,0,90.6399993896484,0,0,0,0,0,0
root/Sub-SaharanAfrica/Nigeria,root/Sub-SaharanAfrica,0,0,0,87.97000122070308,0,0,0,0,0,0,0,0,0,0,0,0,0,0,0,0,0,0,0,79.8199996948242,0,0,78.3399963378906,0,0,0,0,0,0,0,0,0,0,0,0,0,0,0,0,0,63.540000915527294,0,0,0,0,0,0,0,0,59.0900001525879,0,0,0,0
root/Sub-SaharanAfrica/Rwanda,root/Sub-SaharanAfrica,0,0,0,0,0,0,0,0,0,0,0,0,0,0,0,0,0,0,93.12000274658199,0,0,0,0,0,0,0,0,0,0,88.3000030517578,0,0,0,0,0,0,87.1100006103516,0,0,0,84.0999984741211,84.5999984741211,77.61000061035159,0,0,81.3000030517578,0,0,0,0,0,0,75.6500015258789,0,83.44000244140629,0,0,0
root/Sub-SaharanAfrica/SaoTomeandPrincipe,root/Sub-SaharanAfrica,0,0,0,0,0,0,0,0,0,0,0,0,0,0,0,0,0,0,0,0,0,81.44000244140629,0,0,0,0,0,0,0,0,0,76.7600021362305,0,0,0,0,0,0,0,0,62.2000007629395,0,0,0,0,0,41.5499992370605,0,0,0,0,0,0,0,0,0,0,0
root/Sub-SaharanAfrica/Senegal,root/Sub-SaharanAfrica,0,0,0,0,0,0,0,0,0,0,0,89.37999725341801,0,50.5099983215332,0,0,0,0,0,0,0,0,0,89.1100006103516,90.1500015258789,90.16000366210942,0,0,83.0999984741211,0,72.25,0,0,0,0,0,0,0,0,0,0,0,0,0,0,0,68.7099990844727,0,0,0,0,68.129997253418,0,69.0400009155273,0,57.060001373290994,0,0
root/Sub-SaharanAfrica/Seychelles,root/Sub-SaharanAfrica,86.19000244140629,0,0,0,0,0,0,0,0,0,0,86.75,0,0,0,0,0,84.86000061035159,0,0,83.75,77.7300033569336,0,0,0,77.9599990844727,0,0,0,78.8499984741211,0,0,0,0,73.5299987792969,0,0,0,0,0,0,0,0,0,0,0,0,0,0,0,0,68.26999664306639,0,0,0,75.3499984741211,0,0
root/Sub-SaharanAfrica/SierraLeone,root/Sub-SaharanAfrica,0,0,0,86.12999725341801,0,0,0,0,0,0,0,0,0,0,0,0,0,0,0,0,0,0,0,0,0,0,0,0,0,0,0,0,0,0,0,0,0,0,0,0,0,0,0,64.6100006103516,66.3199996948242,0,0,0,0,0,0,0,0,0,57.6500015258789,0,0,0
root/Sub-SaharanAfrica/Somalia,root/Sub-SaharanAfrica,0,0,0,0,0,0,0,0,0,0,0,0,0,0,0,92.75,0,0,0,0,0,0,0,0,0,0,0,0,0,0,0,0,0,0,0,0,0,0,0,0,0,0,0,0,0,0,0,0,0,0,0,0,0,0,0,0,0,0
root/Sub-SaharanAfrica/SouthAfrica,root/Sub-SaharanAfrica,54.6800003051758,0,0,0,0,0,0,0,0,0,50.9300003051758,0,0,0,0,0,0,0,0,0,46.25,0,0,0,0,47.91999816894529,0,0,0,46.83000183105471,46.7999992370605,45.5,0,0,58.4000015258789,0,52.9000015258789,52.5,55.7000007629395,57.7000007629395,66.90000152587889,64.6399993896484,65.1800003051758,61.2400016784668,0,0,0,60.459999084472706,64.41000366210939,62.369998931884794,60.5699996948242,59.91999816894529,60.3899993896484,60.529998779296896,60.75,62.0499992370605,62.279998779296896,62.9500007629395
root/Sub-SaharanAfrica/SouthSudan,root/Sub-SaharanAfrica,0,0,0,0,0,0,0,0,0,0,0,0,0,0,0,0,0,0,0,0,0,0,0,0,0,0,0,0,0,0,0,0,0,0,0,0,0,0,0,0,0,0,0,0,0,0,0,0,76.7099990844727,0,0,0,0,0,0,0,0,0
root/Sub-SaharanAfrica/Sudan,root/Sub-SaharanAfrica,0,0,0,0,0,0,0,0,0,0,0,0,0,89.1100006103516,0,0,0,0,0,0,0,0,0,85.19000244140629,0,0,0,0,0,0,75.6699981689453,0,0,74.5699996948242,0,0,74.7200012207031,0,0,0,0,0,0,0,0,0,0,0,0,73.0,0,0,0,0,0,0,0,0
root/Sub-SaharanAfrica/Swaziland,root/Sub-SaharanAfrica,0,0,0,0,0,0,83.2200012207031,0,0,0,0,0,0,0,0,0,58.8199996948242,0,0,0,0,0,0,0,0,0,64.25,0,0,0,0,0,0,0,0,0,0,49.7000007629395,0,0,0,0,0,0,0,0,0,0,0,0,0,0,0,0,0,0,0,0
root/Sub-SaharanAfrica/Tanzania,root/Sub-SaharanAfrica,0,0,0,0,0,0,0,0,0,0,0,0,0,0,0,0,0,0,82.8399963378906,0,0,0,0,0,0,0,0,0,0,0,0,0,0,0,0,0,0,0,0,0,0,88.6500015258789,0,0,0,0,89.6699981689453,0,0,0,0,83.2900009155273,0,82.4599990844727,88.12000274658199,0,0,0
root/Sub-SaharanAfrica/Togo,root/Sub-SaharanAfrica,49.290000915527294,0,0,0,0,0,0,0,0,0,43.1399993896484,0,0,0,0,0,0,0,0,0,83.5,77.2699966430664,0,0,0,0,0,0,0,0,0,0,0,0,0,0,0,0,0,0,0,0,0,0,0,0,80.620002746582,0,0,0,0,79.63999938964841,0,0,0,0,0,0
root/Sub-SaharanAfrica/Uganda,root/Sub-SaharanAfrica,0,0,0,0,0,0,0,0,0,0,0,0,0,0,0,0,0,0,0,0,0,0,0,0,0,0,0,0,0,0,0,77.25,0,0,0,0,0,0,0,0,0,0,80.5,38.9000015258789,0,72.1999969482422,0,0,0,86.55999755859379,0,0,74.7699966430664,88.1699981689453,0,0,0,0
root/Sub-SaharanAfrica/Zambia,root/Sub-SaharanAfrica,0,0,0,0,0,0,0,0,0,40.97999954223629,0,0,0,0,0,0,0,84.80999755859379,0,0,80.2600021362305,86.33999633789058,0,0,87.9199981689453,0,0,0,0,0,62.1500015258789,0,0,0,0,0,0,0,0,0,67.0699996948242,0,0,0,0,86.0,0,0,0,0,65.59999847412111,0,0,0,0,0,0,0
root/Sub-SaharanAfrica/Zimbabwe,root/Sub-SaharanAfrica,0,0,0,0,0,0,0,0,0,0,0,0,0,0,0,0,0,0,0,0,0,0,80.0299987792969,0,0,0,0,77.11000061035159,0,0,0,0,77.7300033569336,0,0,0,0,79.38999938964841,0,78.5899963378906,0,0,78.8300018310547,0,88.3000030517578,0,0,0,0,0,0,88.08999633789058,76.7600021362305,0,92.30999755859379,0,0,0
