root/EastAsia&Pacific,root,32.77000000000001,32.76300000000001,32.760000000000005,32.76000000000001,32.791000000000004,32.84900000000001,32.89100000000001,32.91900000000001,32.90200000000001,32.91500000000001,32.97200000000001,32.97000000000001,32.96800000000001,32.96700000000001,32.96500000000001,32.96300000000001,32.95000000000001,32.93700000000001,32.92300000000001,32.91000000000001
root/EastAsia&Pacific/Australia,root/EastAsia&Pacific,1.058,1.055,1.053,1.056,1.055,1.054,1.055,1.056,1.054,1.055,1.056,1.056,1.056,1.057,1.057,1.057,1.057,1.056,1.056,1.055
root/EastAsia&Pacific/BruneiDarussalam,root/EastAsia&Pacific,1.055,1.055,1.055,1.055,1.055,1.055,1.055,1.055,1.055,1.055,1.055,1.055,1.055,1.055,1.055,1.055,1.055,1.055,1.055,1.055
root/EastAsia&Pacific/Cambodia,root/EastAsia&Pacific,1.041,1.043,1.041,1.04,1.0490000000000002,1.035,1.036,1.036,1.037,1.034,1.064,1.061,1.058,1.055,1.052,1.0490000000000002,1.0490000000000002,1.0490000000000002,1.0490000000000002,1.0490000000000002
root/EastAsia&Pacific/China,root/EastAsia&Pacific,1.07,1.07,1.07,1.07,1.07,1.08,1.104,1.12,1.14,1.16,1.17,1.168,1.166,1.1640000000000001,1.162,1.16,1.158,1.156,1.1540000000000001,1.1520000000000001
root/EastAsia&Pacific/Fiji,root/EastAsia&Pacific,1.06,1.06,1.06,1.06,1.06,1.06,1.06,1.06,1.06,1.06,1.06,1.06,1.06,1.06,1.06,1.06,1.06,1.06,1.06,1.06
root/EastAsia&Pacific/FrenchPolynesia,root/EastAsia&Pacific,1.05,1.05,1.05,1.05,1.05,1.05,1.05,1.05,1.05,1.05,1.05,1.05,1.05,1.05,1.05,1.05,1.05,1.05,1.05,1.05
root/EastAsia&Pacific/Guam,root/EastAsia&Pacific,1.058,1.058,1.058,1.058,1.058,1.058,1.058,1.058,1.058,1.058,1.058,1.058,1.058,1.058,1.058,1.058,1.058,1.058,1.058,1.058
root/EastAsia&Pacific/HongKongSARChina,root/EastAsia&Pacific,1.067,1.067,1.067,1.067,1.067,1.067,1.067,1.067,1.067,1.067,1.067,1.067,1.067,1.067,1.067,1.067,1.067,1.067,1.067,1.067
root/EastAsia&Pacific/Indonesia,root/EastAsia&Pacific,1.05,1.05,1.05,1.05,1.05,1.05,1.05,1.05,1.05,1.05,1.05,1.05,1.05,1.05,1.05,1.05,1.05,1.05,1.05,1.05
root/EastAsia&Pacific/Japan,root/EastAsia&Pacific,1.056,1.056,1.056,1.056,1.056,1.056,1.056,1.056,1.056,1.056,1.056,1.056,1.056,1.056,1.056,1.056,1.056,1.056,1.056,1.056
root/EastAsia&Pacific/Kiribati,root/EastAsia&Pacific,1.05,1.05,1.05,1.05,1.07,1.07,1.07,1.07,1.07,1.07,1.07,1.07,1.07,1.07,1.07,1.07,1.068,1.0659999999999998,1.064,1.062
root/EastAsia&Pacific/KoreaDemPeople’sRep,root/EastAsia&Pacific,1.05,1.05,1.05,1.05,1.05,1.05,1.05,1.05,1.05,1.05,1.05,1.05,1.05,1.05,1.05,1.05,1.05,1.05,1.05,1.05
root/EastAsia&Pacific/KoreaRep,root/EastAsia&Pacific,1.07,1.07,1.07,1.07,1.07,1.14,1.14,1.14,1.1,1.1,1.07,1.07,1.07,1.07,1.07,1.07,1.07,1.07,1.07,1.07
root/EastAsia&Pacific/LaoPDR,root/EastAsia&Pacific,1.05,1.05,1.05,1.05,1.05,1.05,1.05,1.05,1.05,1.05,1.05,1.05,1.05,1.05,1.05,1.05,1.05,1.05,1.05,1.05
root/EastAsia&Pacific/MacaoSARChina,root/EastAsia&Pacific,1.05,1.05,1.05,1.05,1.05,1.05,1.05,1.05,1.05,1.05,1.05,1.05,1.05,1.05,1.05,1.05,1.05,1.05,1.05,1.05
root/EastAsia&Pacific/Malaysia,root/EastAsia&Pacific,1.06,1.06,1.06,1.06,1.06,1.06,1.06,1.06,1.06,1.06,1.06,1.06,1.06,1.06,1.06,1.06,1.06,1.06,1.06,1.06
root/EastAsia&Pacific/MicronesiaFedSts,root/EastAsia&Pacific,1.07,1.07,1.07,1.07,1.07,1.07,1.07,1.07,1.07,1.07,1.07,1.07,1.07,1.07,1.07,1.07,1.068,1.0659999999999998,1.064,1.062
root/EastAsia&Pacific/Mongolia,root/EastAsia&Pacific,1.03,1.03,1.03,1.03,1.03,1.03,1.03,1.03,1.03,1.03,1.03,1.03,1.03,1.03,1.03,1.03,1.03,1.03,1.03,1.03
root/EastAsia&Pacific/Myanmar,root/EastAsia&Pacific,1.03,1.03,1.03,1.03,1.03,1.03,1.03,1.03,1.03,1.03,1.03,1.03,1.03,1.03,1.03,1.03,1.03,1.03,1.03,1.03
root/EastAsia&Pacific/NewCaledonia,root/EastAsia&Pacific,1.05,1.05,1.05,1.05,1.05,1.05,1.05,1.05,1.05,1.05,1.05,1.05,1.05,1.05,1.05,1.05,1.05,1.05,1.05,1.05
root/EastAsia&Pacific/NewZealand,root/EastAsia&Pacific,1.056,1.05,1.05,1.052,1.056,1.051,1.058,1.063,1.057,1.047,1.056,1.056,1.056,1.056,1.056,1.056,1.056,1.056,1.055,1.055
root/EastAsia&Pacific/PapuaNewGuinea,root/EastAsia&Pacific,1.08,1.08,1.08,1.08,1.08,1.08,1.08,1.08,1.08,1.08,1.08,1.08,1.08,1.08,1.08,1.08,1.08,1.08,1.08,1.08
root/EastAsia&Pacific/Philippines,root/EastAsia&Pacific,1.06,1.06,1.06,1.06,1.06,1.06,1.06,1.06,1.06,1.06,1.06,1.06,1.06,1.06,1.06,1.06,1.06,1.06,1.06,1.06
root/EastAsia&Pacific/Samoa,root/EastAsia&Pacific,1.08,1.08,1.08,1.08,1.08,1.08,1.08,1.08,1.08,1.08,1.08,1.08,1.08,1.08,1.08,1.08,1.08,1.08,1.08,1.08
root/EastAsia&Pacific/Singapore,root/EastAsia&Pacific,1.073,1.073,1.073,1.073,1.073,1.073,1.073,1.073,1.073,1.073,1.073,1.073,1.073,1.073,1.073,1.073,1.073,1.073,1.073,1.073
root/EastAsia&Pacific/SolomonIslands,root/EastAsia&Pacific,1.07,1.07,1.07,1.07,1.07,1.07,1.07,1.07,1.07,1.07,1.07,1.07,1.07,1.07,1.07,1.07,1.069,1.068,1.067,1.0659999999999998
root/EastAsia&Pacific/Thailand,root/EastAsia&Pacific,1.056,1.056,1.057,1.053,1.052,1.05,1.053,1.055,1.061,1.062,1.064,1.064,1.063,1.063,1.062,1.062,1.062,1.062,1.062,1.062
root/EastAsia&Pacific/TimorLeste,root/EastAsia&Pacific,1.05,1.05,1.05,1.05,1.05,1.05,1.05,1.05,1.05,1.05,1.05,1.05,1.05,1.05,1.05,1.05,1.05,1.05,1.05,1.05
root/EastAsia&Pacific/Tonga,root/EastAsia&Pacific,1.05,1.05,1.05,1.05,1.05,1.05,1.05,1.05,1.05,1.05,1.05,1.05,1.05,1.05,1.05,1.05,1.05,1.05,1.05,1.05
root/EastAsia&Pacific/Vanuatu,root/EastAsia&Pacific,1.07,1.07,1.07,1.07,1.07,1.07,1.07,1.07,1.07,1.07,1.07,1.07,1.07,1.07,1.07,1.07,1.069,1.068,1.067,1.0659999999999998
root/EastAsia&Pacific/Vietnam,root/EastAsia&Pacific,1.05,1.05,1.05,1.05,1.05,1.05,1.056,1.06,1.064,1.068,1.103,1.1059999999999999,1.11,1.113,1.117,1.12,1.115,1.111,1.1059999999999999,1.102
root/Europe&CentralAsia,root,50.80099999999999,50.786999999999985,50.76599999999999,50.76099999999999,50.74699999999999,50.79099999999998,51.86199999999999,51.87299999999999,52.080999999999996,52.12599999999998,52.08399999999999,52.07899999999999,52.067999999999984,52.06299999999999,52.05199999999999,52.047000000000004,52.03399999999999,52.02099999999999,52.008999999999986,51.995999999999995
root/Europe&CentralAsia/Albania,root/Europe&CentralAsia,1.07,1.07,1.07,1.07,1.07,1.07,1.07,1.07,1.078,1.078,1.078,1.078,1.078,1.078,1.078,1.078,1.078,1.078,1.078,1.078
root/Europe&CentralAsia/Armenia,root/Europe&CentralAsia,1.064,1.064,1.057,1.052,1.05,1.058,1.069,1.077,1.151,1.173,1.151,1.148,1.146,1.143,1.141,1.138,1.136,1.1340000000000001,1.133,1.131
root/Europe&CentralAsia/Austria,root/Europe&CentralAsia,1.055,1.055,1.055,1.055,1.055,1.055,1.055,1.055,1.055,1.055,1.055,1.055,1.055,1.055,1.055,1.055,1.055,1.055,1.055,1.055
root/Europe&CentralAsia/Azerbaijan,root/Europe&CentralAsia,1.062,1.062,1.062,1.062,1.062,1.062,1.073,1.08,1.13,1.17,1.166,1.1640000000000001,1.163,1.161,1.16,1.158,1.151,1.145,1.138,1.1320000000000001
root/Europe&CentralAsia/Belarus,root/Europe&CentralAsia,1.06,1.057,1.056,1.053,1.052,1.06,1.063,1.065,1.0659999999999998,1.061,1.063,1.063,1.063,1.063,1.063,1.063,1.063,1.062,1.062,1.061
root/Europe&CentralAsia/Belgium,root/Europe&CentralAsia,1.0590000000000002,1.0590000000000002,1.058,1.0590000000000002,1.057,1.058,1.054,1.051,1.043,1.05,1.05,1.05,1.05,1.05,1.05,1.05,1.05,1.05,1.05,1.05
root/Europe&CentralAsia/BosniaandHerzegovina,root/Europe&CentralAsia,1.065,1.065,1.065,1.065,1.065,1.065,1.065,1.065,1.065,1.065,1.065,1.065,1.065,1.065,1.065,1.065,1.063,1.062,1.06,1.0590000000000002
root/Europe&CentralAsia/Bulgaria,root/Europe&CentralAsia,1.058,1.062,1.061,1.061,1.061,1.06,1.055,1.052,1.058,1.064,1.057,1.058,1.058,1.0590000000000002,1.0590000000000002,1.06,1.06,1.06,1.06,1.06
root/Europe&CentralAsia/ChannelIslands,root/Europe&CentralAsia,1.057,1.057,1.057,1.057,1.057,1.057,1.057,1.057,1.057,1.057,1.057,1.057,1.057,1.057,1.057,1.057,1.057,1.057,1.057,1.057
root/Europe&CentralAsia/Croatia,root/Europe&CentralAsia,1.0590000000000002,1.0590000000000002,1.0590000000000002,1.0590000000000002,1.0590000000000002,1.0590000000000002,1.0590000000000002,1.0590000000000002,1.0590000000000002,1.0590000000000002,1.0590000000000002,1.0590000000000002,1.0590000000000002,1.0590000000000002,1.0590000000000002,1.0590000000000002,1.0590000000000002,1.0590000000000002,1.0590000000000002,1.0590000000000002
root/Europe&CentralAsia/Cyprus,root/Europe&CentralAsia,1.07,1.07,1.07,1.07,1.07,1.07,1.07,1.07,1.07,1.07,1.07,1.07,1.07,1.07,1.07,1.07,1.07,1.07,1.07,1.07
root/Europe&CentralAsia/CzechRepublic,root/Europe&CentralAsia,1.058,1.058,1.058,1.058,1.058,1.058,1.058,1.058,1.058,1.058,1.058,1.058,1.058,1.058,1.058,1.058,1.058,1.058,1.058,1.058
root/Europe&CentralAsia/Denmark,root/Europe&CentralAsia,1.055,1.062,1.056,1.058,1.05,1.06,1.057,1.055,1.056,1.052,1.055,1.055,1.055,1.056,1.056,1.056,1.056,1.056,1.056,1.056
root/Europe&CentralAsia/Estonia,root/Europe&CentralAsia,1.068,1.052,1.058,1.058,1.052,1.058,1.0590000000000002,1.0590000000000002,1.0659999999999998,1.057,1.064,1.062,1.0590000000000002,1.057,1.054,1.052,1.054,1.055,1.057,1.058
root/Europe&CentralAsia/Finland,root/Europe&CentralAsia,1.048,1.047,1.052,1.05,1.048,1.047,1.043,1.04,1.045,1.05,1.044,1.045,1.045,1.046,1.046,1.047,1.047,1.047,1.047,1.047
root/Europe&CentralAsia/France,root/Europe&CentralAsia,1.052,1.052,1.052,1.052,1.052,1.052,1.052,1.052,1.052,1.052,1.052,1.052,1.052,1.052,1.052,1.052,1.052,1.052,1.052,1.052
root/Europe&CentralAsia/Georgia,root/Europe&CentralAsia,1.06,1.06,1.06,1.06,1.06,1.0759999999999998,1.0759999999999998,1.0759999999999998,1.111,1.11,1.11,1.105,1.1,1.095,1.09,1.085,1.084,1.083,1.082,1.081
root/Europe&CentralAsia/Germany,root/Europe&CentralAsia,1.058,1.058,1.058,1.058,1.058,1.058,1.058,1.058,1.058,1.058,1.058,1.058,1.058,1.058,1.058,1.058,1.058,1.058,1.058,1.058
root/Europe&CentralAsia/Greece,root/Europe&CentralAsia,1.068,1.069,1.069,1.071,1.0759999999999998,1.067,1.067,1.067,1.062,1.0659999999999998,1.068,1.067,1.0659999999999998,1.064,1.063,1.062,1.063,1.063,1.064,1.064
root/Europe&CentralAsia/Hungary,root/Europe&CentralAsia,1.06,1.06,1.06,1.06,1.06,1.06,1.056,1.053,1.06,1.06,1.054,1.055,1.056,1.057,1.058,1.0590000000000002,1.0590000000000002,1.0590000000000002,1.06,1.06
root/Europe&CentralAsia/Iceland,root/Europe&CentralAsia,1.045,1.053,1.0659999999999998,1.053,1.054,1.057,1.058,1.058,1.042,1.043,1.05,1.051,1.051,1.052,1.052,1.053,1.053,1.053,1.053,1.053
root/Europe&CentralAsia/Ireland,root/Europe&CentralAsia,1.07,1.07,1.07,1.07,1.07,1.07,1.07,1.07,1.07,1.07,1.06,1.06,1.06,1.06,1.06,1.06,1.06,1.06,1.06,1.06
root/Europe&CentralAsia/Italy,root/Europe&CentralAsia,1.063,1.063,1.063,1.063,1.063,1.063,1.063,1.063,1.063,1.063,1.063,1.063,1.063,1.063,1.063,1.063,1.063,1.063,1.063,1.063
root/Europe&CentralAsia/Kazakhstan,root/Europe&CentralAsia,1.065,1.065,1.065,1.065,1.065,1.06,1.06,1.06,1.063,1.057,1.06,1.06,1.06,1.061,1.061,1.061,1.061,1.061,1.06,1.06
root/Europe&CentralAsia/KyrgyzRepublic,root/Europe&CentralAsia,1.056,1.056,1.056,1.056,1.056,1.051,1.053,1.054,1.065,1.05,1.06,1.06,1.0590000000000002,1.0590000000000002,1.058,1.058,1.058,1.058,1.058,1.058
root/Europe&CentralAsia/Latvia,root/Europe&CentralAsia,1.067,1.057,1.056,1.058,1.055,1.055,1.051,1.0490000000000002,1.0659999999999998,1.052,1.041,1.045,1.048,1.052,1.055,1.0590000000000002,1.058,1.058,1.057,1.057
root/Europe&CentralAsia/Lithuania,root/Europe&CentralAsia,1.054,1.048,1.044,1.047,1.053,1.058,1.056,1.054,1.063,1.057,1.047,1.048,1.0490000000000002,1.05,1.051,1.052,1.052,1.052,1.052,1.052
root/Europe&CentralAsia/Luxembourg,root/Europe&CentralAsia,1.043,1.048,1.04,1.0490000000000002,1.045,1.052,1.0490000000000002,1.047,1.053,1.0490000000000002,1.054,1.052,1.051,1.0490000000000002,1.048,1.046,1.046,1.046,1.046,1.046
root/Europe&CentralAsia/MacedoniaFYR,root/Europe&CentralAsia,1.054,1.054,1.054,1.054,1.054,1.054,1.054,1.054,1.054,1.054,1.054,1.054,1.054,1.054,1.054,1.054,1.054,1.054,1.054,1.054
root/Europe&CentralAsia/Moldova,root/Europe&CentralAsia,1.061,1.061,1.061,1.061,1.061,1.061,1.0590000000000002,1.058,1.052,1.063,1.056,1.057,1.057,1.058,1.058,1.0590000000000002,1.0590000000000002,1.0590000000000002,1.058,1.058
root/Europe&CentralAsia/Montenegro,root/Europe&CentralAsia,1.08,1.08,1.08,1.08,1.08,1.08,1.08,1.08,1.08,1.08,1.08,1.078,1.0759999999999998,1.074,1.072,1.07,1.068,1.0659999999999998,1.064,1.062
root/Europe&CentralAsia/Netherlands,root/Europe&CentralAsia,1.058,1.058,1.058,1.058,1.058,1.058,1.058,1.058,1.058,1.058,1.058,1.057,1.057,1.056,1.056,1.055,1.055,1.054,1.054,1.053
root/Europe&CentralAsia/Norway,root/Europe&CentralAsia,1.063,1.064,1.054,1.058,1.058,1.053,1.058,1.061,1.058,1.051,1.056,1.056,1.055,1.055,1.054,1.054,1.055,1.056,1.056,1.057
root/Europe&CentralAsia/Poland,root/Europe&CentralAsia,1.056,1.056,1.056,1.056,1.056,1.056,1.056,1.056,1.056,1.056,1.056,1.056,1.056,1.056,1.056,1.056,1.056,1.056,1.056,1.056
root/Europe&CentralAsia/Portugal,root/Europe&CentralAsia,1.06,1.06,1.06,1.06,1.06,1.06,1.06,1.06,1.06,1.06,1.06,1.06,1.06,1.06,1.06,1.06,1.06,1.06,1.06,1.06
root/Europe&CentralAsia/Romania,root/Europe&CentralAsia,1.058,1.058,1.058,1.058,1.058,1.058,1.058,1.058,1.058,1.058,1.058,1.058,1.058,1.058,1.058,1.058,1.058,1.058,1.058,1.058
root/Europe&CentralAsia/RussianFederation,root/Europe&CentralAsia,1.053,1.05,1.0490000000000002,1.05,1.0490000000000002,1.053,1.056,1.058,1.06,1.062,1.058,1.058,1.058,1.058,1.058,1.058,1.057,1.056,1.056,1.055
root/Europe&CentralAsia/Serbia,root/Europe&CentralAsia,0,0,0,0,0,0,1.052,1.052,1.052,1.052,1.052,1.052,1.052,1.052,1.052,1.052,1.052,1.052,1.052,1.052
root/Europe&CentralAsia/SlovakRepublic,root/Europe&CentralAsia,1.05,1.05,1.05,1.05,1.05,1.05,1.05,1.05,1.05,1.05,1.05,1.05,1.05,1.05,1.05,1.05,1.05,1.05,1.05,1.05
root/Europe&CentralAsia/Slovenia,root/Europe&CentralAsia,1.054,1.054,1.054,1.054,1.054,1.054,1.054,1.054,1.054,1.054,1.054,1.054,1.054,1.054,1.054,1.054,1.054,1.054,1.054,1.054
root/Europe&CentralAsia/Spain,root/Europe&CentralAsia,1.064,1.064,1.064,1.064,1.064,1.064,1.064,1.064,1.064,1.064,1.064,1.064,1.064,1.064,1.064,1.064,1.064,1.064,1.064,1.064
root/Europe&CentralAsia/Sweden,root/Europe&CentralAsia,1.0590000000000002,1.062,1.062,1.058,1.0590000000000002,1.058,1.056,1.054,1.056,1.061,1.06,1.06,1.0590000000000002,1.0590000000000002,1.058,1.058,1.058,1.0590000000000002,1.0590000000000002,1.06
root/Europe&CentralAsia/Switzerland,root/Europe&CentralAsia,1.052,1.052,1.052,1.052,1.052,1.052,1.052,1.052,1.052,1.052,1.052,1.052,1.052,1.052,1.052,1.052,1.052,1.052,1.052,1.052
root/Europe&CentralAsia/Tajikistan,root/Europe&CentralAsia,1.05,1.05,1.05,1.05,1.05,1.05,1.053,1.055,1.06,1.07,1.07,1.069,1.068,1.067,1.0659999999999998,1.065,1.065,1.065,1.065,1.065
root/Europe&CentralAsia/Turkey,root/Europe&CentralAsia,1.05,1.05,1.05,1.05,1.05,1.05,1.05,1.05,1.05,1.05,1.05,1.05,1.05,1.05,1.05,1.05,1.05,1.05,1.05,1.05
root/Europe&CentralAsia/Turkmenistan,root/Europe&CentralAsia,1.046,1.046,1.046,1.046,1.046,1.046,1.046,1.046,1.046,1.046,1.046,1.046,1.046,1.046,1.046,1.046,1.046,1.046,1.046,1.046
root/Europe&CentralAsia/Ukraine,root/Europe&CentralAsia,1.063,1.0590000000000002,1.054,1.052,1.054,1.057,1.058,1.0590000000000002,1.064,1.064,1.063,1.064,1.064,1.065,1.065,1.0659999999999998,1.065,1.064,1.064,1.063
root/Europe&CentralAsia/UnitedKingdom,root/Europe&CentralAsia,1.051,1.051,1.051,1.051,1.051,1.051,1.051,1.051,1.051,1.051,1.051,1.051,1.051,1.051,1.051,1.051,1.051,1.051,1.051,1.051
root/Europe&CentralAsia/Uzbekistan,root/Europe&CentralAsia,1.05,1.05,1.05,1.05,1.05,1.05,1.061,1.069,1.061,1.064,1.067,1.07,1.073,1.075,1.078,1.081,1.081,1.081,1.081,1.081
root/LatinAmerica&Caribbean,root,36.681000000000004,36.681000000000004,36.681000000000004,36.681000000000004,36.681000000000004,36.681000000000004,36.681000000000004,36.681000000000004,36.681000000000004,36.681000000000004,36.681000000000004,36.68000000000001,36.67900000000001,36.678000000000004,36.67700000000001,36.67600000000001,36.675000000000004,36.67400000000001,36.67300000000001,36.672000000000004
root/LatinAmerica&Caribbean/AntiguaandBarbuda,root/LatinAmerica&Caribbean,1.03,1.03,1.03,1.03,1.03,1.03,1.03,1.03,1.03,1.03,1.03,1.03,1.03,1.03,1.03,1.03,1.03,1.03,1.03,1.03
root/LatinAmerica&Caribbean/Argentina,root/LatinAmerica&Caribbean,1.04,1.04,1.04,1.04,1.04,1.04,1.04,1.04,1.04,1.04,1.04,1.04,1.04,1.04,1.04,1.04,1.04,1.04,1.04,1.04
root/LatinAmerica&Caribbean/Aruba,root/LatinAmerica&Caribbean,1.05,1.05,1.05,1.05,1.05,1.05,1.05,1.05,1.05,1.05,1.05,1.05,1.05,1.05,1.05,1.05,1.05,1.05,1.05,1.05
root/LatinAmerica&Caribbean/BahamasThe,root/LatinAmerica&Caribbean,1.057,1.057,1.057,1.057,1.057,1.057,1.057,1.057,1.057,1.057,1.057,1.057,1.057,1.057,1.057,1.057,1.057,1.057,1.057,1.057
root/LatinAmerica&Caribbean/Barbados,root/LatinAmerica&Caribbean,1.036,1.036,1.036,1.036,1.036,1.036,1.036,1.036,1.036,1.036,1.036,1.036,1.036,1.036,1.036,1.036,1.036,1.036,1.036,1.036
root/LatinAmerica&Caribbean/Belize,root/LatinAmerica&Caribbean,1.03,1.03,1.03,1.03,1.03,1.03,1.03,1.03,1.03,1.03,1.03,1.03,1.03,1.03,1.03,1.03,1.03,1.03,1.03,1.03
root/LatinAmerica&Caribbean/Bolivia,root/LatinAmerica&Caribbean,1.05,1.05,1.05,1.05,1.05,1.05,1.05,1.05,1.05,1.05,1.05,1.05,1.05,1.05,1.05,1.05,1.05,1.05,1.05,1.05
root/LatinAmerica&Caribbean/Brazil,root/LatinAmerica&Caribbean,1.05,1.05,1.05,1.05,1.05,1.05,1.05,1.05,1.05,1.05,1.05,1.05,1.05,1.05,1.05,1.05,1.05,1.05,1.05,1.05
root/LatinAmerica&Caribbean/Chile,root/LatinAmerica&Caribbean,1.04,1.04,1.04,1.04,1.04,1.04,1.04,1.04,1.04,1.04,1.04,1.04,1.04,1.04,1.04,1.04,1.04,1.04,1.04,1.04
root/LatinAmerica&Caribbean/Colombia,root/LatinAmerica&Caribbean,1.05,1.05,1.05,1.05,1.05,1.05,1.05,1.05,1.05,1.05,1.05,1.05,1.05,1.05,1.05,1.05,1.05,1.05,1.05,1.05
root/LatinAmerica&Caribbean/CostaRica,root/LatinAmerica&Caribbean,1.05,1.05,1.05,1.05,1.05,1.05,1.05,1.05,1.05,1.05,1.05,1.05,1.05,1.05,1.05,1.05,1.05,1.05,1.05,1.05
root/LatinAmerica&Caribbean/Cuba,root/LatinAmerica&Caribbean,1.057,1.057,1.057,1.057,1.057,1.057,1.057,1.057,1.057,1.057,1.057,1.057,1.057,1.057,1.057,1.057,1.057,1.057,1.057,1.057
root/LatinAmerica&Caribbean/Curacao,root/LatinAmerica&Caribbean,1.05,1.05,1.05,1.05,1.05,1.05,1.05,1.05,1.05,1.05,1.05,1.05,1.05,1.05,1.05,1.05,1.05,1.05,1.05,1.05
root/LatinAmerica&Caribbean/DominicanRepublic,root/LatinAmerica&Caribbean,1.05,1.05,1.05,1.05,1.05,1.05,1.05,1.05,1.05,1.05,1.05,1.05,1.05,1.05,1.05,1.05,1.05,1.05,1.05,1.05
root/LatinAmerica&Caribbean/Ecuador,root/LatinAmerica&Caribbean,1.05,1.05,1.05,1.05,1.05,1.05,1.05,1.05,1.05,1.05,1.05,1.05,1.05,1.05,1.05,1.05,1.05,1.05,1.05,1.05
root/LatinAmerica&Caribbean/ElSalvador,root/LatinAmerica&Caribbean,1.05,1.05,1.05,1.05,1.05,1.05,1.05,1.05,1.05,1.05,1.05,1.05,1.05,1.05,1.05,1.05,1.05,1.05,1.05,1.05
root/LatinAmerica&Caribbean/Grenada,root/LatinAmerica&Caribbean,1.05,1.05,1.05,1.05,1.05,1.05,1.05,1.05,1.05,1.05,1.05,1.05,1.05,1.05,1.05,1.05,1.05,1.05,1.05,1.05
root/LatinAmerica&Caribbean/Guatemala,root/LatinAmerica&Caribbean,1.05,1.05,1.05,1.05,1.05,1.05,1.05,1.05,1.05,1.05,1.05,1.05,1.05,1.05,1.05,1.05,1.05,1.05,1.05,1.05
root/LatinAmerica&Caribbean/Guyana,root/LatinAmerica&Caribbean,1.05,1.05,1.05,1.05,1.05,1.05,1.05,1.05,1.05,1.05,1.05,1.05,1.05,1.05,1.05,1.05,1.05,1.05,1.05,1.05
root/LatinAmerica&Caribbean/Haiti,root/LatinAmerica&Caribbean,1.05,1.05,1.05,1.05,1.05,1.05,1.05,1.05,1.05,1.05,1.05,1.05,1.05,1.05,1.05,1.05,1.05,1.05,1.05,1.05
root/LatinAmerica&Caribbean/Honduras,root/LatinAmerica&Caribbean,1.05,1.05,1.05,1.05,1.05,1.05,1.05,1.05,1.05,1.05,1.05,1.05,1.05,1.05,1.05,1.05,1.05,1.05,1.05,1.05
root/LatinAmerica&Caribbean/Jamaica,root/LatinAmerica&Caribbean,1.05,1.05,1.05,1.05,1.05,1.05,1.05,1.05,1.05,1.05,1.05,1.05,1.05,1.05,1.05,1.05,1.05,1.05,1.05,1.05
root/LatinAmerica&Caribbean/Mexico,root/LatinAmerica&Caribbean,1.05,1.05,1.05,1.05,1.05,1.05,1.05,1.05,1.05,1.05,1.05,1.05,1.05,1.05,1.05,1.05,1.05,1.05,1.05,1.05
root/LatinAmerica&Caribbean/Nicaragua,root/LatinAmerica&Caribbean,1.05,1.05,1.05,1.05,1.05,1.05,1.05,1.05,1.05,1.05,1.05,1.05,1.05,1.05,1.05,1.05,1.05,1.05,1.05,1.05
root/LatinAmerica&Caribbean/Panama,root/LatinAmerica&Caribbean,1.05,1.05,1.05,1.05,1.05,1.05,1.05,1.05,1.05,1.05,1.05,1.05,1.05,1.05,1.05,1.05,1.05,1.05,1.05,1.05
root/LatinAmerica&Caribbean/Paraguay,root/LatinAmerica&Caribbean,1.05,1.05,1.05,1.05,1.05,1.05,1.05,1.05,1.05,1.05,1.05,1.05,1.05,1.05,1.05,1.05,1.05,1.05,1.05,1.05
root/LatinAmerica&Caribbean/Peru,root/LatinAmerica&Caribbean,1.05,1.05,1.05,1.05,1.05,1.05,1.05,1.05,1.05,1.05,1.05,1.05,1.05,1.05,1.05,1.05,1.05,1.05,1.05,1.05
root/LatinAmerica&Caribbean/PuertoRico,root/LatinAmerica&Caribbean,1.053,1.053,1.053,1.053,1.053,1.053,1.053,1.053,1.053,1.053,1.053,1.053,1.053,1.053,1.053,1.053,1.053,1.053,1.053,1.053
root/LatinAmerica&Caribbean/StLucia,root/LatinAmerica&Caribbean,1.03,1.03,1.03,1.03,1.03,1.03,1.03,1.03,1.03,1.03,1.03,1.03,1.03,1.03,1.03,1.03,1.03,1.03,1.03,1.03
root/LatinAmerica&Caribbean/StVincentandtheGrenadines,root/LatinAmerica&Caribbean,1.03,1.03,1.03,1.03,1.03,1.03,1.03,1.03,1.03,1.03,1.03,1.03,1.03,1.03,1.03,1.03,1.03,1.03,1.03,1.03
root/LatinAmerica&Caribbean/Suriname,root/LatinAmerica&Caribbean,1.08,1.08,1.08,1.08,1.08,1.08,1.08,1.08,1.08,1.08,1.08,1.079,1.078,1.077,1.0759999999999998,1.075,1.074,1.073,1.072,1.071
root/LatinAmerica&Caribbean/TrinidadandTobago,root/LatinAmerica&Caribbean,1.038,1.038,1.038,1.038,1.038,1.038,1.038,1.038,1.038,1.038,1.038,1.038,1.038,1.038,1.038,1.038,1.038,1.038,1.038,1.038
root/LatinAmerica&Caribbean/Uruguay,root/LatinAmerica&Caribbean,1.05,1.05,1.05,1.05,1.05,1.05,1.05,1.05,1.05,1.05,1.05,1.05,1.05,1.05,1.05,1.05,1.05,1.05,1.05,1.05
root/LatinAmerica&Caribbean/VenezuelaRB,root/LatinAmerica&Caribbean,1.05,1.05,1.05,1.05,1.05,1.05,1.05,1.05,1.05,1.05,1.05,1.05,1.05,1.05,1.05,1.05,1.05,1.05,1.05,1.05
root/LatinAmerica&Caribbean/VirginIslandsUS,root/LatinAmerica&Caribbean,1.06,1.06,1.06,1.06,1.06,1.06,1.06,1.06,1.06,1.06,1.06,1.06,1.06,1.06,1.06,1.06,1.06,1.06,1.06,1.06
root/MiddleEast&NorthAfrica,root,21.008000000000006,21.008000000000006,21.002000000000006,21.000000000000004,21.003000000000004,21.002000000000006,22.05700000000001,22.062000000000005,22.05700000000001,22.063000000000002,22.058,22.057000000000002,22.059000000000005,22.06000000000001,22.062000000000005,22.061000000000007,22.061000000000007,22.059000000000005,22.058000000000007,22.056000000000004
root/MiddleEast&NorthAfrica/Algeria,root/MiddleEast&NorthAfrica,1.05,1.05,1.05,1.05,1.05,1.05,1.05,1.05,1.05,1.05,1.05,1.05,1.05,1.05,1.05,1.05,1.05,1.05,1.05,1.05
root/MiddleEast&NorthAfrica/Bahrain,root/MiddleEast&NorthAfrica,1.05,1.05,1.05,1.05,1.05,1.048,1.046,1.045,1.042,1.04,1.038,1.037,1.037,1.036,1.036,1.035,1.036,1.036,1.037,1.037
root/MiddleEast&NorthAfrica/Djibouti,root/MiddleEast&NorthAfrica,1.0390000000000001,1.0390000000000001,1.0390000000000001,1.0390000000000001,1.0390000000000001,1.0390000000000001,1.0390000000000001,1.0390000000000001,1.0390000000000001,1.0390000000000001,1.0390000000000001,1.0390000000000001,1.0390000000000001,1.0390000000000001,1.0390000000000001,1.0390000000000001,1.0390000000000001,1.0390000000000001,1.0390000000000001,1.0390000000000001
root/MiddleEast&NorthAfrica/EgyptArabRep,root/MiddleEast&NorthAfrica,1.06,1.06,1.06,1.06,1.06,1.06,1.06,1.06,1.06,1.0659999999999998,1.0659999999999998,1.0659999999999998,1.0659999999999998,1.0659999999999998,1.0659999999999998,1.0659999999999998,1.065,1.064,1.062,1.061
root/MiddleEast&NorthAfrica/IranIslamicRep,root/MiddleEast&NorthAfrica,1.05,1.05,1.05,1.05,1.05,1.05,1.05,1.05,1.04,1.043,1.05,1.05,1.051,1.051,1.052,1.052,1.052,1.052,1.052,1.052
root/MiddleEast&NorthAfrica/Iraq,root/MiddleEast&NorthAfrica,1.065,1.065,1.065,1.065,1.065,1.065,1.065,1.065,1.065,1.065,1.065,1.065,1.065,1.065,1.065,1.065,1.065,1.065,1.065,1.065
root/MiddleEast&NorthAfrica/Israel,root/MiddleEast&NorthAfrica,1.063,1.061,1.055,1.053,1.056,1.051,1.054,1.056,1.058,1.054,1.053,1.053,1.054,1.054,1.055,1.055,1.055,1.054,1.054,1.053
root/MiddleEast&NorthAfrica/Jordan,root/MiddleEast&NorthAfrica,1.054,1.054,1.054,1.054,1.054,1.054,1.054,1.054,1.054,1.054,1.054,1.054,1.054,1.054,1.054,1.054,1.054,1.054,1.054,1.054
root/MiddleEast&NorthAfrica/Kuwait,root/MiddleEast&NorthAfrica,1.038,1.04,1.04,1.04,1.04,1.04,1.04,1.04,1.042,1.045,1.045,1.045,1.045,1.045,1.045,1.045,1.045,1.045,1.045,1.045
root/MiddleEast&NorthAfrica/Lebanon,root/MiddleEast&NorthAfrica,1.05,1.05,1.05,1.05,1.05,1.05,1.05,1.05,1.05,1.05,1.05,1.05,1.05,1.05,1.05,1.05,1.05,1.05,1.05,1.05
root/MiddleEast&NorthAfrica/Libya,root/MiddleEast&NorthAfrica,1.054,1.054,1.054,1.054,1.054,1.054,1.056,1.058,1.061,1.062,1.0590000000000002,1.0590000000000002,1.0590000000000002,1.06,1.06,1.06,1.06,1.06,1.06,1.06
root/MiddleEast&NorthAfrica/Malta,root/MiddleEast&NorthAfrica,1.06,1.06,1.06,1.06,1.06,1.06,1.06,1.06,1.06,1.06,1.06,1.06,1.06,1.06,1.06,1.06,1.06,1.06,1.06,1.06
root/MiddleEast&NorthAfrica/Morocco,root/MiddleEast&NorthAfrica,1.05,1.05,1.05,1.05,1.05,1.054,1.056,1.058,1.061,1.062,1.0590000000000002,1.0590000000000002,1.0590000000000002,1.06,1.06,1.06,1.06,1.06,1.06,1.06
root/MiddleEast&NorthAfrica/Oman,root/MiddleEast&NorthAfrica,1.05,1.05,1.05,1.05,1.05,1.05,1.05,1.05,1.05,1.05,1.05,1.05,1.05,1.05,1.05,1.05,1.05,1.05,1.05,1.05
root/MiddleEast&NorthAfrica/Qatar,root/MiddleEast&NorthAfrica,1.05,1.05,1.05,1.05,1.05,1.052,1.052,1.052,1.05,1.048,1.045,1.045,1.045,1.045,1.045,1.045,1.045,1.045,1.045,1.045
root/MiddleEast&NorthAfrica/SaudiArabia,root/MiddleEast&NorthAfrica,1.03,1.03,1.03,1.03,1.03,1.03,1.03,1.03,1.03,1.03,1.03,1.03,1.03,1.03,1.03,1.03,1.03,1.03,1.03,1.03
root/MiddleEast&NorthAfrica/SyrianArabRepublic,root/MiddleEast&NorthAfrica,1.05,1.05,1.05,1.05,1.05,1.05,1.05,1.05,1.05,1.05,1.05,1.05,1.05,1.05,1.05,1.05,1.05,1.05,1.05,1.05
root/MiddleEast&NorthAfrica/Tunisia,root/MiddleEast&NorthAfrica,1.05,1.05,1.05,1.05,1.05,1.05,1.05,1.05,1.05,1.05,1.05,1.05,1.05,1.05,1.05,1.05,1.05,1.05,1.05,1.05
root/MiddleEast&NorthAfrica/UnitedArabEmirates,root/MiddleEast&NorthAfrica,1.045,1.045,1.045,1.045,1.045,1.045,1.045,1.045,1.045,1.045,1.045,1.045,1.045,1.045,1.045,1.045,1.045,1.045,1.045,1.045
root/MiddleEast&NorthAfrica/WestBankandGaza,root/MiddleEast&NorthAfrica,0,0,0,0,0,0,1.05,1.05,1.05,1.05,1.05,1.05,1.05,1.05,1.05,1.05,1.05,1.05,1.05,1.05
root/MiddleEast&NorthAfrica/YemenRep,root/MiddleEast&NorthAfrica,1.05,1.05,1.05,1.05,1.05,1.05,1.05,1.05,1.05,1.05,1.05,1.05,1.05,1.05,1.05,1.05,1.05,1.05,1.05,1.05
root/NorthAmerica,root,2.105,2.107,2.113,2.108,2.107,2.1020000000000003,2.103,2.1050000000000004,2.1020000000000003,2.1020000000000003,2.101,2.1020000000000003,2.1020000000000003,2.1029999999999998,2.1029999999999998,2.104,2.104,2.104,2.104,2.104
root/NorthAmerica/Canada,root/NorthAmerica,1.055,1.055,1.06,1.056,1.056,1.052,1.054,1.056,1.054,1.054,1.053,1.054,1.054,1.055,1.055,1.056,1.056,1.056,1.056,1.056
root/NorthAmerica/UnitedStates,root/NorthAmerica,1.05,1.052,1.053,1.052,1.051,1.05,1.0490000000000002,1.0490000000000002,1.048,1.048,1.048,1.048,1.048,1.048,1.048,1.048,1.048,1.048,1.048,1.048
root/SouthAsia,root,8.411999999999999,8.411,8.414,8.42,8.425,8.427,8.458,8.479000000000001,8.505,8.525,8.506,8.51,8.514,8.522,8.526,8.530000000000001,8.528,8.527,8.525,8.524
root/SouthAsia/Afghanistan,root/SouthAsia,1.06,1.06,1.06,1.06,1.06,1.06,1.06,1.06,1.06,1.06,1.06,1.06,1.06,1.06,1.06,1.06,1.06,1.06,1.06,1.06
root/SouthAsia/Bangladesh,root/SouthAsia,1.0490000000000002,1.0490000000000002,1.0490000000000002,1.0490000000000002,1.0490000000000002,1.0490000000000002,1.0490000000000002,1.0490000000000002,1.0490000000000002,1.0490000000000002,1.0490000000000002,1.0490000000000002,1.0490000000000002,1.0490000000000002,1.0490000000000002,1.0490000000000002,1.0490000000000002,1.0490000000000002,1.0490000000000002,1.0490000000000002
root/SouthAsia/Bhutan,root/SouthAsia,1.04,1.04,1.04,1.04,1.04,1.04,1.04,1.04,1.04,1.04,1.04,1.04,1.04,1.04,1.04,1.04,1.04,1.04,1.04,1.04
root/SouthAsia/India,root/SouthAsia,1.06,1.06,1.06,1.06,1.065,1.07,1.082,1.09,1.099,1.107,1.109,1.109,1.109,1.109,1.109,1.109,1.1079999999999999,1.1079999999999999,1.107,1.107
root/SouthAsia/Maldives,root/SouthAsia,1.058,1.058,1.058,1.062,1.057,1.053,1.071,1.083,1.062,1.057,1.064,1.067,1.07,1.074,1.077,1.08,1.078,1.077,1.075,1.074
root/SouthAsia/Nepal,root/SouthAsia,1.045,1.045,1.045,1.045,1.045,1.045,1.05,1.054,1.071,1.071,1.054,1.056,1.058,1.061,1.063,1.065,1.065,1.065,1.065,1.065
root/SouthAsia/Pakistan,root/SouthAsia,1.064,1.064,1.064,1.064,1.064,1.064,1.064,1.064,1.08,1.0959999999999999,1.0859999999999999,1.0859999999999999,1.0859999999999999,1.087,1.087,1.087,1.087,1.087,1.087,1.087
root/SouthAsia/SriLanka,root/SouthAsia,1.036,1.035,1.038,1.04,1.045,1.046,1.042,1.0390000000000001,1.044,1.045,1.044,1.043,1.042,1.042,1.041,1.04,1.041,1.041,1.042,1.042
root/Sub-SaharanAfrica,root,49.63900000000001,49.63900000000001,49.63900000000001,49.62900000000001,49.62900000000001,49.62900000000001,49.62900000000001,49.62900000000001,49.62900000000001,49.63300000000002,49.643000000000015,49.64800000000002,49.65400000000002,49.65900000000002,49.66500000000001,49.67000000000002,49.67100000000002,49.67200000000002,49.67400000000002,49.67500000000002
root/Sub-SaharanAfrica/Angola,root/Sub-SaharanAfrica,1.02,1.02,1.02,1.02,1.02,1.02,1.02,1.02,1.02,1.02,1.02,1.022,1.024,1.026,1.028,1.03,1.03,1.03,1.03,1.03
root/Sub-SaharanAfrica/Benin,root/Sub-SaharanAfrica,1.041,1.041,1.041,1.041,1.041,1.041,1.041,1.041,1.041,1.041,1.041,1.041,1.041,1.041,1.041,1.041,1.041,1.041,1.041,1.041
root/Sub-SaharanAfrica/Botswana,root/Sub-SaharanAfrica,1.03,1.03,1.03,1.03,1.03,1.03,1.03,1.03,1.03,1.03,1.03,1.03,1.03,1.03,1.03,1.03,1.03,1.03,1.03,1.03
root/Sub-SaharanAfrica/BurkinaFaso,root/Sub-SaharanAfrica,1.046,1.046,1.046,1.046,1.046,1.046,1.046,1.046,1.046,1.046,1.046,1.046,1.046,1.046,1.046,1.046,1.046,1.046,1.046,1.046
root/Sub-SaharanAfrica/Burundi,root/Sub-SaharanAfrica,1.03,1.03,1.03,1.03,1.03,1.03,1.03,1.03,1.03,1.03,1.03,1.03,1.03,1.03,1.03,1.03,1.03,1.03,1.03,1.03
root/Sub-SaharanAfrica/CaboVerde,root/Sub-SaharanAfrica,1.03,1.03,1.03,1.03,1.03,1.03,1.03,1.03,1.03,1.03,1.03,1.03,1.03,1.03,1.03,1.03,1.03,1.03,1.03,1.03
root/Sub-SaharanAfrica/Cameroon,root/Sub-SaharanAfrica,1.03,1.03,1.03,1.03,1.03,1.03,1.03,1.03,1.03,1.03,1.03,1.03,1.03,1.03,1.03,1.03,1.03,1.03,1.03,1.03
root/Sub-SaharanAfrica/CentralAfricanRepublic,root/Sub-SaharanAfrica,1.03,1.03,1.03,1.03,1.03,1.03,1.03,1.03,1.03,1.03,1.03,1.03,1.03,1.03,1.03,1.03,1.03,1.03,1.03,1.03
root/Sub-SaharanAfrica/Chad,root/Sub-SaharanAfrica,1.03,1.03,1.03,1.03,1.03,1.03,1.03,1.03,1.03,1.03,1.03,1.03,1.03,1.03,1.03,1.03,1.03,1.03,1.03,1.03
root/Sub-SaharanAfrica/Comoros,root/Sub-SaharanAfrica,1.05,1.05,1.05,1.05,1.05,1.05,1.05,1.05,1.05,1.05,1.05,1.05,1.05,1.05,1.05,1.05,1.05,1.05,1.05,1.05
root/Sub-SaharanAfrica/CongoDemRep,root/Sub-SaharanAfrica,1.03,1.03,1.03,1.03,1.03,1.03,1.03,1.03,1.03,1.03,1.03,1.03,1.03,1.03,1.03,1.03,1.03,1.03,1.03,1.03
root/Sub-SaharanAfrica/CongoRep,root/Sub-SaharanAfrica,1.03,1.03,1.03,1.03,1.03,1.03,1.03,1.03,1.03,1.03,1.03,1.03,1.03,1.03,1.03,1.03,1.03,1.03,1.03,1.03
root/Sub-SaharanAfrica/CotedIvoire,root/Sub-SaharanAfrica,1.03,1.03,1.03,1.03,1.03,1.03,1.03,1.03,1.03,1.03,1.03,1.03,1.03,1.03,1.03,1.03,1.03,1.03,1.03,1.03
root/Sub-SaharanAfrica/EquatorialGuinea,root/Sub-SaharanAfrica,1.03,1.03,1.03,1.03,1.03,1.03,1.03,1.03,1.03,1.03,1.03,1.03,1.03,1.03,1.03,1.03,1.03,1.03,1.03,1.03
root/Sub-SaharanAfrica/Eritrea,root/Sub-SaharanAfrica,1.052,1.052,1.052,1.052,1.052,1.052,1.052,1.052,1.052,1.052,1.052,1.052,1.052,1.052,1.052,1.052,1.052,1.052,1.052,1.052
root/Sub-SaharanAfrica/Ethiopia,root/Sub-SaharanAfrica,1.04,1.04,1.04,1.04,1.04,1.04,1.04,1.04,1.04,1.04,1.04,1.04,1.04,1.04,1.04,1.04,1.04,1.04,1.04,1.04
root/Sub-SaharanAfrica/Gabon,root/Sub-SaharanAfrica,1.03,1.03,1.03,1.03,1.03,1.03,1.03,1.03,1.03,1.03,1.03,1.03,1.03,1.03,1.03,1.03,1.03,1.03,1.03,1.03
root/Sub-SaharanAfrica/GambiaThe,root/Sub-SaharanAfrica,1.03,1.03,1.03,1.03,1.03,1.03,1.03,1.03,1.03,1.03,1.03,1.03,1.03,1.03,1.03,1.03,1.03,1.03,1.03,1.03
root/Sub-SaharanAfrica/Ghana,root/Sub-SaharanAfrica,1.053,1.053,1.053,1.053,1.053,1.053,1.053,1.053,1.053,1.053,1.053,1.053,1.053,1.053,1.053,1.053,1.053,1.053,1.053,1.053
root/Sub-SaharanAfrica/Guinea,root/Sub-SaharanAfrica,1.024,1.024,1.024,1.024,1.024,1.024,1.024,1.024,1.024,1.024,1.024,1.024,1.024,1.024,1.024,1.024,1.024,1.024,1.024,1.024
root/Sub-SaharanAfrica/GuineaBissau,root/Sub-SaharanAfrica,1.03,1.03,1.03,1.03,1.03,1.03,1.03,1.03,1.03,1.03,1.03,1.03,1.03,1.03,1.03,1.03,1.03,1.03,1.03,1.03
root/Sub-SaharanAfrica/Kenya,root/Sub-SaharanAfrica,1.03,1.03,1.03,1.03,1.03,1.03,1.03,1.03,1.03,1.03,1.03,1.03,1.03,1.03,1.03,1.03,1.03,1.03,1.03,1.03
root/Sub-SaharanAfrica/Lesotho,root/Sub-SaharanAfrica,1.03,1.03,1.03,1.03,1.03,1.03,1.03,1.03,1.03,1.03,1.03,1.03,1.03,1.03,1.03,1.03,1.03,1.03,1.03,1.03
root/Sub-SaharanAfrica/Liberia,root/Sub-SaharanAfrica,1.054,1.054,1.054,1.054,1.054,1.054,1.054,1.054,1.054,1.054,1.054,1.054,1.054,1.054,1.054,1.054,1.054,1.054,1.054,1.054
root/Sub-SaharanAfrica/Madagascar,root/Sub-SaharanAfrica,1.016,1.016,1.016,1.016,1.016,1.016,1.016,1.016,1.016,1.02,1.025,1.026,1.0270000000000001,1.028,1.0290000000000001,1.03,1.03,1.03,1.03,1.03
root/Sub-SaharanAfrica/Malawi,root/Sub-SaharanAfrica,1.02,1.02,1.02,1.02,1.02,1.02,1.02,1.02,1.02,1.02,1.025,1.026,1.0270000000000001,1.028,1.0290000000000001,1.03,1.03,1.03,1.03,1.03
root/Sub-SaharanAfrica/Mali,root/Sub-SaharanAfrica,1.05,1.05,1.05,1.05,1.05,1.05,1.05,1.05,1.05,1.05,1.05,1.05,1.05,1.05,1.05,1.05,1.05,1.05,1.05,1.05
root/Sub-SaharanAfrica/Mauritania,root/Sub-SaharanAfrica,1.05,1.05,1.05,1.05,1.05,1.05,1.05,1.05,1.05,1.05,1.05,1.05,1.05,1.05,1.05,1.05,1.05,1.05,1.05,1.05
root/Sub-SaharanAfrica/Mauritius,root/Sub-SaharanAfrica,1.042,1.042,1.042,1.042,1.042,1.042,1.042,1.042,1.042,1.042,1.042,1.042,1.042,1.042,1.042,1.042,1.042,1.042,1.042,1.042
root/Sub-SaharanAfrica/Mozambique,root/Sub-SaharanAfrica,1.03,1.03,1.03,1.03,1.03,1.03,1.03,1.03,1.03,1.03,1.03,1.03,1.03,1.03,1.03,1.03,1.03,1.03,1.03,1.03
root/Sub-SaharanAfrica/Namibia,root/Sub-SaharanAfrica,1.03,1.03,1.03,1.03,1.03,1.03,1.03,1.03,1.03,1.03,1.03,1.03,1.03,1.03,1.03,1.03,1.03,1.03,1.03,1.03
root/Sub-SaharanAfrica/Niger,root/Sub-SaharanAfrica,1.05,1.05,1.05,1.05,1.05,1.05,1.05,1.05,1.05,1.05,1.05,1.05,1.05,1.05,1.05,1.05,1.05,1.05,1.05,1.05
root/Sub-SaharanAfrica/Nigeria,root/Sub-SaharanAfrica,1.0590000000000002,1.0590000000000002,1.0590000000000002,1.0590000000000002,1.0590000000000002,1.0590000000000002,1.0590000000000002,1.0590000000000002,1.0590000000000002,1.0590000000000002,1.0590000000000002,1.0590000000000002,1.0590000000000002,1.0590000000000002,1.0590000000000002,1.0590000000000002,1.0590000000000002,1.0590000000000002,1.0590000000000002,1.0590000000000002
root/Sub-SaharanAfrica/Rwanda,root/Sub-SaharanAfrica,1.01,1.01,1.01,1.01,1.01,1.01,1.01,1.01,1.01,1.01,1.01,1.011,1.013,1.014,1.016,1.0170000000000001,1.018,1.0190000000000001,1.021,1.022
root/Sub-SaharanAfrica/SaoTomeandPrincipe,root/Sub-SaharanAfrica,1.03,1.03,1.03,1.03,1.03,1.03,1.03,1.03,1.03,1.03,1.03,1.03,1.03,1.03,1.03,1.03,1.03,1.03,1.03,1.03
root/Sub-SaharanAfrica/Senegal,root/Sub-SaharanAfrica,1.036,1.036,1.036,1.036,1.036,1.036,1.036,1.036,1.036,1.036,1.036,1.036,1.036,1.036,1.036,1.036,1.036,1.036,1.036,1.036
root/Sub-SaharanAfrica/Seychelles,root/Sub-SaharanAfrica,1.06,1.06,1.06,1.06,1.06,1.06,1.06,1.06,1.06,1.06,1.06,1.06,1.06,1.06,1.06,1.06,1.06,1.06,1.06,1.06
root/Sub-SaharanAfrica/SierraLeone,root/Sub-SaharanAfrica,1.018,1.018,1.018,1.018,1.018,1.018,1.018,1.018,1.018,1.018,1.018,1.018,1.018,1.018,1.018,1.018,1.018,1.018,1.018,1.018
root/Sub-SaharanAfrica/Somalia,root/Sub-SaharanAfrica,1.03,1.03,1.03,1.03,1.03,1.03,1.03,1.03,1.03,1.03,1.03,1.03,1.03,1.03,1.03,1.03,1.03,1.03,1.03,1.03
root/Sub-SaharanAfrica/SouthAfrica,root/Sub-SaharanAfrica,1.03,1.03,1.03,1.03,1.03,1.03,1.03,1.03,1.03,1.03,1.03,1.03,1.03,1.03,1.03,1.03,1.03,1.03,1.03,1.03
root/Sub-SaharanAfrica/SouthSudan,root/Sub-SaharanAfrica,1.04,1.04,1.04,1.04,1.04,1.04,1.04,1.04,1.04,1.04,1.04,1.04,1.04,1.04,1.04,1.04,1.04,1.04,1.04,1.04
root/Sub-SaharanAfrica/Sudan,root/Sub-SaharanAfrica,1.04,1.04,1.04,1.04,1.04,1.04,1.04,1.04,1.04,1.04,1.04,1.04,1.04,1.04,1.04,1.04,1.04,1.04,1.04,1.04
root/Sub-SaharanAfrica/Swaziland,root/Sub-SaharanAfrica,1.03,1.03,1.03,1.03,1.03,1.03,1.03,1.03,1.03,1.03,1.03,1.03,1.03,1.03,1.03,1.03,1.03,1.03,1.03,1.03
root/Sub-SaharanAfrica/Tanzania,root/Sub-SaharanAfrica,1.03,1.03,1.03,1.03,1.03,1.03,1.03,1.03,1.03,1.03,1.03,1.03,1.03,1.03,1.03,1.03,1.03,1.03,1.03,1.03
root/Sub-SaharanAfrica/Togo,root/Sub-SaharanAfrica,1.018,1.018,1.018,1.018,1.018,1.018,1.018,1.018,1.018,1.018,1.018,1.018,1.018,1.018,1.018,1.018,1.018,1.018,1.018,1.018
root/Sub-SaharanAfrica/Uganda,root/Sub-SaharanAfrica,1.03,1.03,1.03,1.03,1.03,1.03,1.03,1.03,1.03,1.03,1.03,1.03,1.03,1.03,1.03,1.03,1.03,1.03,1.03,1.03
root/Sub-SaharanAfrica/Zambia,root/Sub-SaharanAfrica,1.03,1.03,1.03,1.03,1.03,1.03,1.03,1.03,1.03,1.03,1.03,1.03,1.03,1.03,1.03,1.03,1.03,1.03,1.03,1.03
root/Sub-SaharanAfrica/Zimbabwe,root/Sub-SaharanAfrica,1.03,1.03,1.03,1.02,1.02,1.02,1.02,1.02,1.02,1.02,1.02,1.02,1.02,1.02,1.02,1.02,1.02,1.02,1.02,1.02
