root/EastAsia&PacificAustralia,root,75.3870010375977,72.4100036621094,71.91200256347659,71.4219970703125,72.8720016479492,73.7080001831055,74.015998840332,72.7969970703125,72.25599670410159,71.8769989013672,71.8219985961914,72.125,71.515998840332,71.25599670410159,71.0960006713867,71.99400329589841,72.015998840332,71.7300033569336,71.9029998779297,70.3119964599609,69.625,68.7779998779297,68.1839981079102,67.3679962158203,66.9810028076172,67.97499847412111,67.3050003051758,66.9680023193359
root/EastAsia&PacificBruneiDarussalam,root,54.818000793457,54.887001037597706,54.7060012817383,54.609001159668,54.577999114990206,54.5750007629395,54.551998138427706,54.5130004882813,54.3499984741211,54.0550003051758,53.6619987487793,53.007999420165994,52.138999938964794,51.6440010070801,51.3370018005371,50.949001312255895,49.4580001831055,48.1969985961914,47.324001312255895,46.771999359130895,46.2789993286133,45.076000213623,43.6279983520508,42.076000213623,40.6349983215332,39.1500015258789,37.7430000305176,37.6829986572266
root/EastAsia&PacificCambodia,root,67.8379974365234,68.2580032348633,69.0210037231445,69.9589996337891,70.0329971313477,69.3809967041016,68.08599853515629,66.2030029296875,64.0920028686523,62.737998962402294,60.146999359130895,70.9530029296875,74.1750030517578,77.0790023803711,79.2979965209961,79.7529983520508,80.1240005493164,80.177001953125,79.9489974975586,79.63600158691409,79.4449996948242,78.8040008544922,78.3730010986328,78.0550003051758,77.7590026855469,77.3509979248047,76.8550033569336,77.0849990844727
root/EastAsia&PacificChina,root,77.427001953125,77.0960006713867,76.786003112793,76.4509963989258,75.9990005493164,75.3499984741211,74.48500061035159,73.3720016479492,72.0350036621094,70.55999755859379,69.04799652099611,67.0810012817383,65.0800018310547,63.2169990539551,61.683998107910206,60.5499992370605,59.7789993286133,59.395999908447294,59.1640014648438,58.7270011901855,57.870998382568395,56.8390007019043,55.452999114990206,53.6870002746582,51.8499984741211,50.143001556396506,48.4749984741211,47.680999755859396
root/EastAsia&PacificFiji,root,59.5810012817383,59.8419990539551,59.111000061035206,58.861000061035206,58.2859992980957,58.051998138427706,57.548000335693395,56.737998962402294,55.994998931884794,55.314998626709006,54.691001892089794,54.185001373290994,53.7389984130859,53.3030014038086,52.7939987182617,52.1609992980957,51.3050003051758,50.2879981994629,49.5789985656738,48.9140014648438,48.409000396728494,48.048000335693395,47.8359985351563,47.7080001831055,47.5359992980957,47.111000061035206,46.9589996337891,46.529998779296896
root/EastAsia&PacificFrenchPolynesia,root,51.1559982299805,51.606998443603494,51.763999938964794,51.832000732421896,51.173000335693395,50.648998260498,50.5379981994629,50.2509994506836,49.7599983215332,49.0390014648438,48.173000335693395,47.7690010070801,47.3330001831055,46.0089988708496,44.9039993286133,44.1310005187988,43.7249984741211,43.5289993286133,44.1969985961914,44.576999664306605,44.6969985961914,45.0419998168945,45.2589988708496,45.2490005493164,45.076999664306605,44.784000396728494,44.801998138427706,44.6150016784668
root/EastAsia&PacificGuam,root,72.04100036621091,72.29100036621091,72.15899658203129,71.8789978027344,71.088996887207,70.5019989013672,70.05300140380861,69.629997253418,69.09500122070311,68.9410018920898,68.5609970092773,68.1269989013672,67.60500335693361,67.2910003662109,66.9250030517578,66.5879974365234,66.338996887207,66.02999877929689,65.9940032958984,66.35500335693361,66.3720016479492,66.30599975585939,66.3089981079102,66.3649978637695,66.39199829101561,66.37400054931639,66.4820022583008,66.5930023193359
root/EastAsia&PacificHongKongSARChina,root,58.7649993896484,57.8380012512207,56.2430000305176,55.37699890136721,52.9650001525879,51.638999938964794,50.888999938964794,49.9039993286133,48.9379997253418,47.701999664306605,46.6150016784668,44.451999664306605,44.4749984741211,44.7309989929199,44.084999084472706,42.625,41.765998840331996,41.29600143432621,39.382999420166,38.1959991455078,35.3370018005371,35.765998840331996,36.7389984130859,37.790000915527294,38.5909996032715,38.8300018310547,39.5110015869141,39.6769981384277
root/EastAsia&PacificIndonesia,root,62.9329986572266,62.2879981994629,61.5989990234375,61.80400085449221,61.9869995117188,62.1510009765625,62.306999206543,62.441001892089794,65.120002746582,67.234001159668,66.8280029296875,66.5120010375977,66.09799957275389,65.51999664306639,64.7900009155273,63.9900016784668,63.2890014648438,62.604000091552706,61.875,62.1800003051758,60.550998687744105,60.6189994812012,60.7000007629395,60.779998779296896,58.6559982299805,55.8359985351563,57.069000244140604,56.641998291015604
root/EastAsia&PacificJapan,root,43.12699890136721,44.5929985046387,46.484001159668,47.7000007629395,48.165000915527294,48.1450004577637,49.0309982299805,49.492000579834006,48.606998443603494,47.3339996337891,46.896999359130895,46.129001617431605,45.79499816894529,45.07099914550779,43.8460006713867,43.943000793457,44.301998138427706,44.7210006713867,44.0989990234375,42.566001892089794,42.1020011901855,41.9729995727539,41.96799850463871,42.22999954223629,42.6749992370605,42.737998962402294,44.396999359130895,44.159000396728494
root/EastAsia&PacificKoreaDemPeople’sRep,root,76.052001953125,76.7239990234375,77.3960037231445,78.11900329589841,78.18499755859379,78.0950012207031,77.838996887207,77.1419982910156,76.052001953125,75.3919982910156,74.75599670410159,74.427001953125,74.31199645996091,74.5660018920898,74.6949996948242,74.6419982910156,74.5100021362305,74.1419982910156,73.9540023803711,74.1699981689453,74.0849990844727,73.9410018920898,73.91200256347659,73.9560012817383,73.93800354003909,73.8199996948242,73.7829971313477,73.7009963989258
root/EastAsia&PacificKoreaRep,root,35.3019981384277,35.720001220703104,35.7709999084473,34.6650009155273,36.004001617431605,35.5610008239746,35.344001770019496,34.398998260498,32.7630004882813,32.6539993286133,32.495998382568395,31.2350006103516,31.7700004577637,31.2119998931885,32.220001220703104,30.6840000152588,28.7409992218018,27.492000579834,24.4659996032715,23.507999420166,22.885999679565398,23.2409992218018,24.2450008392334,24.472000122070302,26.701000213623,28.163999557495103,28.5939998626709,28.4640007019043
root/EastAsia&PacificLaoPDR,root,67.620002746582,67.5380020141602,67.3470001220703,67.109001159668,66.6309967041016,66.2080001831055,65.8130035400391,65.39499664306639,64.95400238037111,64.49099731445311,64.0149993896484,63.5110015869141,62.992000579834006,62.481998443603494,62.0069999694824,61.5870018005371,61.29499816894529,61.012001037597706,60.7490005493164,60.523998260498,60.3499984741211,60.0060005187988,59.673000335693395,59.255001068115206,58.84700012207029,58.3549995422363,57.861000061035206,57.6879997253418
root/EastAsia&PacificMacaoSARChina,root,49.6220016479492,49.265998840332,47.818000793457,54.9059982299805,51.6879997253418,56.2410011291504,54.4930000305176,48.2039985656738,45.1479988098145,41.4199981689453,38.550998687744105,40.515998840331996,35.640998840331996,32.812000274658196,34.490001678466804,36.6339988708496,39.667999267578104,44.827999114990206,46.1660003662109,46.8429985046387,47.7229995727539,47.254001617431605,45.4630012512207,43.8619995117188,44.0999984741211,43.0859985351563,45.0620002746582,45.5009994506836
root/EastAsia&PacificMalaysia,root,54.3549995422363,53.7470016479492,53.3460006713867,52.9300003051758,52.5200004577637,51.9449996948242,51.3120002746582,50.8199996948242,51.659000396728494,51.2239990234375,50.5929985046387,50.9210014343262,50.806999206543,50.5890007019043,50.2299995422363,50.018001556396506,49.840999603271506,49.417999267578104,49.0610008239746,47.9679985046387,47.5629997253418,49.292999267578104,50.189998626709006,50.720001220703104,50.3839988708496,49.87300109863279,49.6599998474121,49.564998626709006
root/EastAsia&PacificMongolia,root,42.976001739502,44.2249984741211,45.5870018005371,46.2470016479492,46.2599983215332,45.7150001525879,45.50199890136721,45.05400085449221,44.6360015869141,44.2430000305176,44.0579986572266,43.6559982299805,43.0369987487793,42.24399948120121,41.266998291015604,40.8540000915527,40.5130004882813,40.2109985351563,40.1380004882813,37.757999420166,38.3499984741211,39.944999694824205,39.0540008544922,38.800998687744105,37.805999755859396,37.0330009460449,37.0,36.423000335693395
root/EastAsia&PacificMyanmar,root,83.302001953125,83.4550018310547,82.9649963378906,82.6669998168945,82.265998840332,81.8889999389648,81.5550003051758,81.2570037841797,80.943000793457,80.3160018920898,79.5289993286133,78.9309997558594,78.3059997558594,77.5449981689453,76.7480010986328,75.8730010986328,74.9700012207031,74.0429992675781,73.1559982299805,72.1790008544922,71.245002746582,70.7519989013672,70.12599945068361,69.4160003662109,68.7379989624023,68.10800170898439,67.5660018920898,67.2239990234375
root/EastAsia&PacificNewCaledonia,root,47.048999786377,48.148998260498,49.5810012817383,51.2060012817383,52.0320014953613,52.4539985656738,52.5890007019043,52.1660003662109,51.236000061035206,50.625,49.949001312255895,49.547000885009794,49.2179985046387,49.138999938964794,48.922000885009794,48.573001861572294,48.0419998168945,47.387001037597706,47.1020011901855,47.4070014953613,47.577999114990206,47.8740005493164,48.3549995422363,48.922000885009794,49.3619995117188,49.5750007629395,49.6660003662109,49.577999114990206
root/EastAsia&PacificNewZealand,root,72.3820037841797,71.1780014038086,69.3639984130859,68.5179977416992,69.8600006103516,71.1719970703125,70.7330017089844,69.879997253418,68.05300140380861,66.7259979248047,65.77200317382811,66.1330032348633,66.66000366210939,65.1559982299805,65.60800170898439,65.6039962768555,67.50099945068361,67.2389984130859,65.7779998779297,63.667999267578104,61.3079986572266,61.290000915527294,60.7610015869141,60.0089988708496,62.459999084472706,63.7470016479492,64.7919998168945,64.4789962768555
root/EastAsia&PacificPapuaNewGuinea,root,59.6609992980957,58.8680000305176,57.611000061035206,55.8880004882813,55.5110015869141,56.266998291015604,55.699001312255895,56.5410003662109,57.3660011291504,57.50199890136721,58.172000885009794,58.548999786377,58.933998107910206,59.034000396728494,59.047000885009794,58.611000061035206,58.6180000305176,58.0359992980957,57.4939994812012,56.992000579834006,56.306999206543,55.273998260498,54.520999908447294,54.068000793457,53.284000396728494,52.7400016784668,52.720001220703104,52.5719985961914
root/EastAsia&PacificPhilippines,root,56.5419998168945,56.870998382568395,57.0750007629395,57.0699996948242,56.819000244140604,56.54499816894529,56.165000915527294,55.8600006103516,56.1870002746582,56.0929985046387,55.8380012512207,55.7509994506836,55.5610008239746,55.2130012512207,54.680999755859396,53.880001068115206,53.6879997253418,52.882999420165994,52.765998840332,52.737998962402294,51.8289985656738,53.7150001525879,53.2919998168945,52.645999908447294,53.0410003662109,50.7150001525879,50.2369995117188,50.1780014038086
root/EastAsia&PacificSamoa,root,32.2879981994629,32.8600006103516,33.1520004272461,32.819000244140604,33.0120010375977,32.1339988708496,31.7049999237061,31.867000579834,31.6879997253418,31.3369998931885,30.4300003051758,29.9309997558594,29.6800003051758,29.309999465942397,28.7910003662109,28.233999252319304,28.125999450683604,27.5459995269775,27.4069995880127,27.8369998931885,27.7730007171631,27.3549995422363,27.5340003967285,27.975999832153303,28.0790004730225,28.0939998626709,27.6840000152588,27.701000213623
root/EastAsia&PacificSingapore,root,53.1119995117188,52.601001739502,51.645999908447294,50.548000335693395,49.806999206543,48.745998382568395,47.5550003051758,46.5029983520508,46.268001556396506,44.076999664306605,43.2939987182617,43.0989990234375,39.8619995117188,40.0499992370605,39.8880004882813,40.013999938964794,40.4720001220703,40.9000015258789,39.430000305175795,38.292999267578104,40.9010009765625,38.0890007019043,38.655998229980504,38.168998718261705,40.0730018615723,42.012001037597706,42.0229988098145,42.015998840331996
root/EastAsia&PacificSolomonIslands,root,65.1539993286133,64.95200347900389,64.2220001220703,64.3980026245117,64.03900146484379,63.7190017700195,64.0410003662109,64.65499877929689,64.8870010375977,65.30599975585939,67.2119979858398,68.28399658203129,68.74099731445311,68.25,67.8960037231445,67.4940032958984,67.02200317382811,66.46499633789061,65.8830032348633,66.4899978637695,65.911003112793,64.8280029296875,64.57900238037111,64.5279998779297,64.64700317382811,64.5439987182617,64.5179977416992,64.50399780273439
root/EastAsia&PacificThailand,root,71.4670028686523,70.7760009765625,70.0749969482422,69.3050003051758,68.5400009155273,66.5080032348633,64.51999664306639,62.9449996948242,61.6889991760254,57.625,57.3030014038086,60.0260009765625,58.7080001831055,57.478000640869105,58.7820014953613,57.770999908447294,57.2729988098145,56.930999755859396,57.1609992980957,56.3639984130859,55.271999359130895,55.323001861572294,54.9000015258789,53.810001373290994,50.992000579834006,48.875,48.879001617431605,49.034000396728494
root/EastAsia&PacificTimorLeste,root,66.427001953125,66.6559982299805,66.927001953125,67.3050003051758,66.9980010986328,65.9919967651367,64.1389999389648,61.7039985656738,59.9189987182617,57.3139991760254,53.702999114990206,51.6969985961914,47.9070014953613,44.4119987487793,40.7220001220703,36.6699981689453,32.5519981384277,28.4449996948242,24.5410003662109,20.9839992523193,17.7950000762939,17.225999832153303,16.7749996185303,16.5459995269775,16.3090000152588,16.326000213623,16.4570007324219,16.5690002441406
root/EastAsia&PacificTonga,root,56.6100006103516,55.7760009765625,54.37300109863279,52.540000915527294,50.5900001525879,49.3489990234375,48.9070014953613,48.604000091552706,48.2130012512207,47.965999603271506,48.005001068115206,48.1599998474121,48.5250015258789,49.0870018005371,49.672000885009794,49.6510009765625,49.6059989929199,49.426998138427706,48.323001861572294,47.4500007629395,46.798000335693395,46.6139984130859,46.87300109863279,47.66999816894529,47.8860015869141,47.79499816894529,47.7179985046387,47.7410011291504
root/EastAsia&PacificVanuatu,root,62.1189994812012,62.074001312255895,62.0870018005371,62.257999420165994,61.513999938964794,61.57099914550779,61.515998840332,61.181999206543,60.922000885009794,61.1310005187988,60.8050003051758,61.608001708984396,62.6609992980957,62.701999664306605,62.7299995422363,62.540000915527294,62.060001373290994,61.994998931884794,61.9010009765625,62.137001037597706,62.3639984130859,62.1500015258789,61.6749992370605,61.167999267578104,60.819000244140604,61.0639991760254,60.8950004577637,61.0789985656738
root/EastAsia&PacificVietnam,root,72.3460006713867,72.0490036010742,71.5589981079102,71.1129989624023,70.5739974975586,69.9300003051758,69.2679977416992,68.6559982299805,68.22000122070311,67.87400054931639,67.3669967651367,66.9250030517578,66.48699951171879,66.01999664306639,65.50900268554689,64.9970016479492,64.5279998779297,64.0210037231445,63.665000915527294,63.423999786377,63.297000885009794,63.30400085449221,63.457000732421896,63.6559982299805,64.2730026245117,65.6510009765625,63.5839996337891,63.0250015258789
root/Europe&CentralAsiaAlbania,root,60.4609985351563,59.324001312255895,58.632999420165994,59.2560005187988,59.555999755859396,59.709999084472706,59.77799987792971,59.8600006103516,59.819000244140604,59.2939987182617,58.6800003051758,57.867000579834006,57.270999908447294,53.8429985046387,50.5390014648438,47.4469985961914,44.766998291015604,42.292999267578104,39.9550018310547,39.4819984436035,37.9980010986328,41.7859992980957,45.5550003051758,37.2249984741211,37.2000007629395,39.2410011291504,39.084999084472706,39.012001037597706
root/Europe&CentralAsiaArmenia,root,36.4729995727539,36.069000244140604,35.7389984130859,35.4620018005371,35.154998779296896,34.7620010375977,34.4410018920898,34.1199989318848,33.8289985656738,33.617000579834,33.5200004577637,33.661998748779304,33.8170013427734,34.0060005187988,34.280998229980504,34.6800003051758,35.2770004272461,35.9739990234375,36.3209991455078,37.60499954223629,41.5719985961914,42.521999359130895,41.451000213623,41.1119995117188,43.3950004577637,44.7809982299805,44.638999938964794,44.5699996948242
root/Europe&CentralAsiaAustria,root,66.2310028076172,66.53399658203129,66.7620010375977,64.8870010375977,65.37100219726561,64.5759963989258,62.8880004882813,61.487998962402294,61.816001892089794,62.685001373290994,60.926998138427706,59.4389991760254,60.7210006713867,59.608001708984396,60.2140007019043,61.9160003662109,61.944000244140604,62.951999664306605,62.9379997253418,62.845001220703104,62.548999786377,63.5009994506836,63.029998779296896,62.231998443603494,60.75199890136721,60.771999359130895,60.3559989929199,60.37300109863279
root/Europe&CentralAsiaAzerbaijan,root,46.808998107910206,47.198001861572294,50.0439987182617,51.560001373290994,51.4580001831055,50.6240005493164,50.32099914550779,50.064998626709006,49.7999992370605,49.388999938964794,46.459999084472706,43.935001373290994,41.675998687744105,39.641998291015604,37.7690010070801,36.004001617431605,34.3289985656738,32.720001220703104,33.0579986572266,33.3699989318848,33.655998229980504,33.930999755859396,34.070999145507805,34.5139999389648,36.8819999694824,38.388999938964794,40.529998779296896,39.6920013427734
root/Europe&CentralAsiaBelarus,root,47.816001892089794,47.654998779296896,48.5200004577637,49.3400001525879,50.191001892089794,50.604000091552706,50.423999786377,49.755001068115206,49.0390014648438,48.619998931884794,48.180999755859396,47.9210014343262,47.737998962402294,47.638999938964794,47.6559982299805,47.8199996948242,48.146999359130895,48.7210006713867,49.4560012817383,50.1660003662109,50.701999664306605,51.0190010070801,51.117000579834006,51.0250015258789,50.7869987487793,50.4080009460449,49.79499816894529,48.951999664306605
root/Europe&CentralAsiaBelgium,root,37.609001159668004,37.951999664306605,36.84299850463871,36.141998291015604,37.041999816894496,35.8650016784668,35.78200149536129,35.1279983520508,36.271999359130895,35.891998291015604,38.7610015869141,36.8390007019043,36.8520011901855,37.5970001220703,35.638999938964794,37.9379997253418,38.0390014648438,36.8409996032715,36.4809989929199,35.129001617431605,35.094001770019496,33.7449989318848,34.4930000305176,33.312999725341804,32.108001708984396,32.8940010070801,30.940000534057603,30.7019996643066
root/Europe&CentralAsiaBosniaandHerzegovina,root,36.4389991760254,36.3300018310547,36.3660011291504,36.5050010681152,36.6319999694824,36.668998718261705,36.655998229980504,36.555999755859396,36.4090003967285,36.27000045776371,36.1629981994629,36.120998382568395,36.084999084472706,36.0800018310547,36.1479988098145,38.0900001525879,37.8660011291504,37.666999816894496,37.476001739502,38.0629997253418,38.11899948120121,37.90700149536129,37.689998626709,37.0519981384277,36.680999755859396,39.603000640869105,38.9420013427734,39.6980018615723
root/Europe&CentralAsiaBulgaria,root,42.2309989929199,43.12300109863279,43.8650016784668,42.734001159668004,41.5979995727539,40.4749984741211,39.45399856567379,38.504001617431605,37.548000335693395,36.4669990539551,35.1980018615723,38.2029991149902,35.9370002746582,33.805999755859396,34.929000854492195,33.3499984741211,34.2630004882813,34.9879989624023,38.310001373291,37.3730010986328,35.7309989929199,33.6500015258789,34.9799995422363,33.9679985046387,31.3659992218018,30.8400001525879,28.6060009002686,27.9169998168945
root/Europe&CentralAsiaChannelIslands,root,58.909000396728494,59.1920013427734,58.494998931884794,57.986000061035206,56.620998382568395,56.4249992370605,56.5359992980957,56.0610008239746,55.3810005187988,53.941001892089794,53.4900016784668,53.4970016479492,52.7350006103516,52.5270004272461,53.2210006713867,53.5550003051758,52.931999206543,53.020999908447294,53.076000213623,52.6879997253418,51.17900085449221,53.0250015258789,52.5610008239746,52.3639984130859,52.0270004272461,51.7630004882813,51.398998260498,51.47200012207029
root/Europe&CentralAsiaCroatia,root,46.978000640869105,48.8759994506836,48.439998626709006,48.084999084472706,47.6949996948242,47.2130012512207,46.875,46.423000335693395,45.882999420165994,45.326999664306605,44.8120002746582,44.3880004882813,45.064998626709006,42.9420013427734,43.6220016479492,42.7430000305176,39.8540000915527,41.916999816894496,43.47200012207029,43.0320014953613,41.4249992370605,38.35499954223629,35.0390014648438,34.7900009155273,38.423999786377,37.9080009460449,41.5989990234375,41.390998840331996
root/Europe&CentralAsiaCyprus,root,50.27799987792971,49.7130012512207,46.540000915527294,48.7239990234375,46.2569999694824,47.995998382568395,47.7150001525879,44.1059989929199,44.029998779296896,44.9900016784668,45.3219985961914,44.7309989929199,42.504001617431605,43.2210006713867,46.103000640869105,46.862998962402294,45.9799995422363,43.9869995117188,43.5410003662109,43.020999908447294,41.555000305175795,41.058998107910206,42.0190010070801,40.944999694824205,42.6360015869141,39.564998626709,39.234001159668004,38.293998718261705
root/Europe&CentralAsiaCzechRepublic,root,55.2960014343262,59.257999420165994,59.720001220703104,60.1629981994629,60.048999786377,58.435001373290994,56.893001556396506,52.2729988098145,51.983001708984396,50.9630012512207,48.4630012512207,46.1640014648438,43.74800109863279,39.6829986572266,38.4140014648438,38.819000244140604,37.4630012512207,36.40700149536129,35.487998962402294,36.8860015869141,35.941001892089794,35.3030014038086,36.199001312255895,36.6339988708496,38.0330009460449,37.629001617431605,38.1749992370605,36.92100143432621
root/Europe&CentralAsiaDenmark,root,76.7730026245117,75.76100158691409,73.1780014038086,71.3499984741211,72.3629989624023,77.23899841308591,76.9729995727539,78.16200256347659,72.3300018310547,77.63600158691409,75.41400146484379,70.0029983520508,71.40699768066409,68.0149993896484,69.5149993896484,70.30999755859379,70.6439971923828,71.91200256347659,72.6650009155273,71.5810012817383,67.5189971923828,66.96600341796879,63.931999206543,60.9160003662109,60.949001312255895,61.6339988708496,64.94699859619139,64.5019989013672
root/Europe&CentralAsiaEstonia,root,59.111000061035206,58.9020004272461,58.65299987792971,58.744998931884794,58.80400085449221,58.3139991760254,54.9970016479492,51.9010009765625,47.2299995422363,44.3650016784668,43.915000915527294,39.7480010986328,37.0190010070801,49.4539985656738,46.816001892089794,41.396999359130895,41.675998687744105,44.827999114990206,46.292999267578104,45.4580001831055,42.108001708984396,43.673000335693395,44.744998931884794,41.265998840331996,41.728000640869105,46.3380012512207,46.606998443603494,44.887001037597706
root/Europe&CentralAsiaFinland,root,64.2089996337891,61.2879981994629,56.931999206543,55.2120018005371,51.676998138427706,51.773998260498,48.513999938964794,51.648998260498,52.029998779296896,52.0130004882813,51.948001861572294,51.888999938964794,51.8219985961914,51.7080001831055,51.5069999694824,51.201999664306605,53.0999984741211,53.9580001831055,54.129001617431605,49.5369987487793,48.9020004272461,50.101001739502,50.734001159668,50.198001861572294,51.19599914550779,51.084999084472706,50.875,50.6349983215332
root/Europe&CentralAsiaFrance,root,47.7270011901855,43.1539993286133,42.882999420166,40.846000671386705,39.22999954223629,38.3769989013672,39.02000045776371,38.345001220703104,38.055000305175795,40.6609992980957,40.1180000305176,39.77000045776371,40.905998229980504,40.9500007629395,40.8339996337891,42.708000183105504,42.931999206543004,42.9269981384277,43.1800003051758,43.7169990539551,43.233001708984396,41.8230018615723,41.0909996032715,41.0229988098145,40.8600006103516,40.978000640869105,40.734001159668004,40.8219985961914
root/Europe&CentralAsiaGeorgia,root,42.0800018310547,41.484001159668004,40.7599983215332,39.8419990539551,38.63100051879879,39.2599983215332,40.6160011291504,41.49399948120121,41.617000579834,41.6769981384277,43.5419998168945,43.4809989929199,39.417999267578104,43.3819999694824,37.512001037597706,40.207000732421896,41.6980018615723,43.332000732421896,45.047000885009794,46.715999603271506,49.2830009460449,52.9910011291504,54.1360015869141,51.5880012512207,52.056999206543,51.9809989929199,50.8479995727539,51.137001037597706
root/Europe&CentralAsiaGermany,root,63.159000396728494,63.17900085449221,61.1689987182617,59.1660003662109,57.8660011291504,55.521999359130895,54.69599914550779,54.4650001525879,54.814998626709006,55.125,54.5620002746582,53.7589988708496,52.7569999694824,52.237998962402294,50.620998382568395,52.82099914550779,53.6100006103516,54.7080001831055,55.451000213623,54.9000015258789,54.103000640869105,54.5460014343262,52.84700012207029,52.5919990539551,51.8979988098145,50.9379997253418,51.3899993896484,51.34700012207029
root/Europe&CentralAsiaGreece,root,46.3639984130859,45.3460006713867,45.0369987487793,43.74800109863279,43.492000579834006,43.7869987487793,43.108001708984396,41.8230018615723,46.0009994506836,44.426998138427706,44.409000396728494,40.665000915527294,40.5719985961914,39.1459999084473,41.5909996032715,37.403999328613295,36.7410011291504,35.3740005493164,34.4790000915527,34.3880004882813,33.8839988708496,33.0670013427734,32.173000335693395,32.437999725341804,30.1979999542236,27.649999618530302,26.3939990997314,26.2329998016357
root/Europe&CentralAsiaHungary,root,45.112998962402294,48.0639991760254,48.5699996948242,45.925998687744105,43.109001159668,45.5439987182617,40.293998718261705,40.0880012512207,44.417999267578104,43.957000732421896,41.925998687744105,39.9459991455078,37.0050010681152,35.062000274658196,31.124000549316396,30.3780002593994,29.9360008239746,28.9689998626709,27.9340000152588,26.809999465942397,26.5520000457764,26.3610000610352,27.479000091552702,30.8490009307861,33.134998321533196,34.6360015869141,36.5149993896484,35.6360015869141
root/Europe&CentralAsiaIceland,root,58.007999420165994,58.702999114990206,61.2760009765625,56.726001739502,57.87300109863279,70.7030029296875,66.7789993286133,63.494998931884794,69.4339981079102,67.9629974365234,73.1080017089844,79.7249984741211,70.6910018920898,71.911003112793,72.9550018310547,73.8270034790039,76.8310012817383,79.859001159668,76.4079971313477,69.9580001831055,70.63600158691409,70.8450012207031,72.6050033569336,74.0979995727539,77.052001953125,78.1350021362305,82.2509994506836,82.1370010375977
root/Europe&CentralAsiaIreland,root,54.0670013427734,53.069000244140604,49.0349998474121,48.6920013427734,48.9449996948242,49.234001159668,48.005001068115206,50.2299995422363,53.326000213623,55.2000007629395,56.4329986572266,55.1559982299805,53.12699890136721,53.5639991760254,53.3370018005371,56.891998291015604,59.271999359130895,58.763999938964794,55.4080009460449,50.1310005187988,45.323001861572294,43.683998107910206,42.4160003662109,41.877998352050795,40.265998840331996,39.918998718261705,41.949001312255895,41.2000007629395
root/Europe&CentralAsiaItaly,root,51.7830009460449,50.926998138427706,47.273998260498,46.9129981994629,44.7589988708496,44.5349998474121,43.7229995727539,42.9370002746582,43.7430000305176,42.469001770019496,42.2270011901855,40.3959999084473,39.7490005493164,39.0839996337891,41.5670013427734,38.9280014038086,37.6790008544922,36.290000915527294,36.1300010681152,34.064998626709,32.9749984741211,31.190000534057603,32.679000854492195,30.336000442504897,30.6630001068115,30.2049999237061,30.100000381469698,29.749000549316396
root/Europe&CentralAsiaKazakhstan,root,54.2190017700195,56.0989990234375,56.949001312255895,58.4099998474121,60.140998840332,61.023998260498,60.814998626709006,60.379001617431605,60.2760009765625,59.6619987487793,58.198001861572294,56.173999786377,54.548999786377,54.0369987487793,53.073001861572294,51.9990005493164,50.8979988098145,49.930999755859396,49.05400085449221,49.0110015869141,47.9189987182617,47.4169998168945,46.922000885009794,46.3440017700195,48.5379981994629,50.3400001525879,50.1879997253418,49.04499816894529
root/Europe&CentralAsiaKyrgyzRepublic,root,59.7729988098145,59.2589988708496,58.117000579834006,56.3740005493164,53.056999206543,51.7999992370605,52.673999786377,53.8660011291504,53.8120002746582,54.012001037597706,54.5250015258789,55.055999755859396,54.875,54.5900001525879,54.3520011901855,55.7000007629395,56.9770011901855,57.2490005493164,57.6660003662109,58.1020011901855,58.551998138427706,57.0190010070801,55.7039985656738,58.555999755859396,54.0200004577637,52.9140014648438,52.75199890136721,52.8339996337891
root/Europe&CentralAsiaLatvia,root,55.9990005493164,56.12300109863279,56.417999267578104,57.9889984130859,57.923000335693395,57.9609985351563,57.1889991760254,51.731998443603494,49.808998107910206,49.237998962402294,44.6640014648438,43.762001037597706,42.2830009460449,45.8940010070801,43.5149993896484,44.3520011901855,48.0,49.823001861572294,49.6599998474121,47.090999603271506,42.944000244140604,41.7400016784668,44.33000183105471,42.4869995117188,45.542999267578104,45.939998626709006,44.7569999694824,43.0880012512207
root/Europe&CentralAsiaLithuania,root,58.5309982299805,58.5870018005371,58.5979995727539,58.827999114990206,58.483001708984396,57.9370002746582,56.810001373290994,54.8940010070801,52.834999084472706,48.279998779296896,41.560001373291,38.0379981994629,36.1590003967285,36.4809989929199,32.320999145507805,29.8050003051758,29.2040004730225,31.6590003967285,34.509998321533196,32.6910018920898,31.4419994354248,32.1020011901855,32.228000640869105,35.3380012512207,38.2319984436035,36.915000915527294,39.54600143432621,39.221000671386705
root/Europe&CentralAsiaLuxembourg,root,46.448001861572294,56.0810012817383,51.763999938964794,49.4910011291504,47.25,41.834999084472706,42.048999786377,38.4389991760254,36.101001739502,34.6949996948242,37.404998779296896,36.7319984436035,38.0900001525879,31.0839996337891,29.597000122070302,32.2900009155273,31.2929992675781,30.632999420166,31.5669994354248,35.0750007629395,27.2759990692139,26.3339996337891,29.239999771118196,30.472000122070302,30.9710006713867,36.439998626709,30.722000122070302,30.6660003662109
root/Europe&CentralAsiaMacedoniaFYR,root,48.3819999694824,49.1440010070801,49.69599914550779,50.1870002746582,50.007999420165994,49.862998962402294,49.694000244140604,48.5940017700195,47.5890007019043,46.67900085449221,45.120998382568395,43.569000244140604,42.023998260498,40.459999084472706,38.7290000915527,38.154998779296896,42.1230010986328,44.0309982299805,43.3400001525879,43.3549995422363,42.0999984741211,39.957000732421896,40.333000183105504,39.925998687744105,39.5410003662109,40.1240005493164,39.138999938964794,38.7309989929199
root/Europe&CentralAsiaMoldova,root,26.922000885009798,26.743000030517603,26.405000686645497,26.408000946044897,23.8020000457764,23.690000534057603,23.0520000457764,23.280000686645497,22.604000091552702,22.3080005645752,22.658000946044897,23.402999877929698,24.219999313354503,24.854000091552702,25.5419998168945,25.142999649047898,24.761999130249,24.4969997406006,24.30299949646,24.0960006713867,24.076000213623,24.1159992218018,22.4640007019043,23.347999572753896,21.738000869751,25.1049995422363,21.5359992980957,21.3250007629395
root/Europe&CentralAsiaMontenegro,root,39.2490005493164,40.7949981689453,41.5209999084473,41.701999664306605,41.617000579834,40.9329986572266,40.1259994506836,39.7249984741211,38.627998352050795,39.632999420166,39.1150016784668,39.2120018005371,39.4010009765625,39.6150016784668,39.4889984130859,39.22999954223629,37.9930000305176,36.1660003662109,34.7649993896484,35.6380004882813,35.1440010070801,34.640998840331996,35.254001617431605,34.765998840331996,34.5439987182617,34.001998901367195,33.6539993286133,33.437999725341804
root/Europe&CentralAsiaNetherlands,root,60.1619987487793,60.4809989929199,60.3120002746582,60.8680000305176,61.2190017700195,61.941001892089794,61.50199890136721,64.6269989013672,67.5660018920898,67.4769973754883,73.4449996948242,74.5510025024414,74.8519973754883,73.93800354003909,72.2009963989258,71.2310028076172,71.5999984741211,73.1289978027344,73.79100036621091,72.8089981079102,68.66799926757811,66.9449996948242,67.6389999389648,68.2919998168945,66.95400238037111,67.5550003051758,67.27700042724611,66.9359970092773
root/Europe&CentralAsiaNorway,root,62.1619987487793,57.6829986572266,57.29499816894529,56.0130004882813,55.83000183105471,55.108001708984396,60.943000793457,65.62100219726561,67.2819976806641,66.64199829101561,67.9589996337891,66.7440032958984,64.53399658203129,63.33000183105471,60.9070014953613,59.7410011291504,57.270999908447294,57.9630012512207,61.9850006103516,56.9910011291504,56.4210014343262,54.5149993896484,55.9420013427734,55.7770004272461,53.0999984741211,55.423999786377,54.0960006713867,53.861000061035206
root/Europe&CentralAsiaPoland,root,50.181999206543,51.034000396728494,50.667999267578104,47.707000732421896,45.2130012512207,43.4690017700195,42.582000732421896,38.719001770019496,37.056999206543004,35.262001037597706,38.7319984436035,42.9739990234375,42.2509994506836,41.1699981689453,39.6339988708496,39.904998779296896,38.1139984130859,37.2610015869141,37.4480018615723,38.939998626709,39.273998260498,38.5890007019043,38.4199981689453,38.42100143432621,38.9589996337891,38.7109985351563,40.2050018310547,39.8110008239746
root/Europe&CentralAsiaPortugal,root,65.30999755859379,63.7109985351563,57.5369987487793,53.202999114990206,50.6279983520508,48.3050003051758,46.826999664306605,48.220001220703104,50.5890007019043,50.2120018005371,49.681999206543,51.451999664306605,52.459999084472706,48.3940010070801,47.2760009765625,46.290000915527294,45.92900085449221,45.159000396728494,44.066001892089794,40.430000305175795,38.1500015258789,40.388999938964794,39.016998291015604,35.9990005493164,34.625,34.286998748779304,35.2690010070801,35.007999420166
root/Europe&CentralAsiaRomania,root,58.7120018005371,61.754001617431605,63.2859992980957,62.7179985046387,61.731998443603494,60.255001068115206,56.3199996948242,51.449001312255895,50.79499816894529,49.504001617431605,47.470001220703104,44.904998779296896,42.5839996337891,39.24399948120121,40.5410003662109,36.127998352050795,35.298000335693395,35.7779998779297,35.6790008544922,35.4550018310547,36.60499954223629,35.540000915527294,35.4650001525879,35.1839981079102,34.8489990234375,37.24399948120121,34.1059989929199,33.666999816894496
root/Europe&CentralAsiaRussianFederation,root,51.9389991760254,53.3650016784668,58.159000396728494,56.4630012512207,55.318000793457,54.6279983520508,50.6100006103516,45.8489990234375,43.1949996948242,49.3330001831055,47.495998382568395,44.923999786377,44.3839988708496,42.904998779296896,43.2089996337891,42.6879997253418,42.668998718261705,43.2439994812012,46.691001892089794,46.3400001525879,45.819000244140604,45.8050003051758,43.707000732421896,43.890998840332,42.6139984130859,41.7050018310547,41.417999267578104,39.846000671386705
root/Europe&CentralAsiaSerbia,root,48.834999084472706,50.2089996337891,50.7039985656738,50.685001373290994,50.505001068115206,49.939998626709006,49.792999267578104,49.066001892089794,48.87300109863279,50.5639991760254,49.665000915527294,48.9420013427734,47.7809982299805,46.8720016479492,45.237998962402294,44.1920013427734,43.3289985656738,37.1749992370605,37.318000793456996,32.396999359130895,34.0340003967285,34.847000122070305,36.041999816894496,33.9160003662109,35.080001831054695,34.7639999389648,35.819999694824205,35.1360015869141
root/Europe&CentralAsiaSlovakRepublic,root,60.484001159668,60.3950004577637,58.1800003051758,56.141998291015604,53.1889991760254,52.189998626709006,50.930999755859396,51.444000244140604,50.1829986572266,49.5550003051758,47.8370018005371,49.8660011291504,46.965999603271506,44.845001220703104,43.265998840332,41.043998718261705,39.5909996032715,38.7750015258789,37.726001739502,37.0909996032715,36.3409996032715,37.1580009460449,36.995998382568395,37.529998779296896,37.9249992370605,38.2610015869141,40.0919990539551,39.36899948120121
root/Europe&CentralAsiaSlovenia,root,49.736000061035206,49.550998687744105,49.0200004577637,48.0369987487793,46.7089996337891,45.826000213623,45.3849983215332,49.0419998168945,45.699001312255895,42.2599983215332,40.7949981689453,39.96799850463871,39.425998687744105,37.5349998474121,42.7309989929199,44.5610008239746,44.07099914550779,47.4589996337891,46.8380012512207,44.548000335693395,43.573001861572294,41.2519989013672,37.318000793456996,36.431999206543004,36.345001220703104,39.02000045776371,36.9900016784668,36.641998291015604
root/Europe&CentralAsiaSpain,root,51.5390014648438,50.4360008239746,49.6259994506836,47.9679985046387,47.1689987182617,44.4020004272461,43.952999114990206,44.3650016784668,45.103000640869105,46.4809989929199,46.896999359130895,47.409000396728494,48.359001159668,49.2130012512207,49.568000793457,52.3849983215332,52.064998626709006,52.129001617431605,51.4140014648438,48.172000885009794,45.042999267578104,42.367000579834,40.2130012512207,39.4729995727539,37.4370002746582,36.5499992370605,35.1119995117188,34.5730018615723
root/Europe&CentralAsiaSweden,root,67.48000335693361,64.177001953125,58.3219985961914,53.24800109863279,51.7000007629395,51.9620018005371,52.1539993286133,52.2649993896484,52.298000335693395,52.2789993286133,52.2369995117188,52.237998962402294,50.1829986572266,50.314998626709006,48.7080001831055,53.015998840332,51.047000885009794,52.244998931884794,53.1319999694824,51.2299995422363,51.8600006103516,52.810001373290994,51.4669990539551,54.013999938964794,55.5439987182617,54.8499984741211,55.4000015258789,54.882999420165994
root/Europe&CentralAsiaSwitzerland,root,71.6949996948242,72.8990020751953,71.7740020751953,72.963996887207,68.9769973754883,68.3870010375977,70.0749969482422,68.9879989624023,70.8960037231445,68.6539993286133,70.3850021362305,68.1839981079102,70.14700317382811,69.9120025634766,67.6360015869141,66.3639984130859,70.1490020751953,69.98699951171879,68.17299652099611,66.15499877929689,68.8430023193359,68.94000244140629,68.6529998779297,68.8610000610352,68.55599975585939,67.0970001220703,68.04299926757811,67.90000152587889
root/Europe&CentralAsiaTajikistan,root,48.5439987182617,48.5260009765625,48.569000244140604,48.6259994506836,48.632999420165994,48.560001373290994,48.476001739502,48.314998626709006,48.104000091552706,47.8979988098145,47.7430000305176,47.7210006713867,47.7309989929199,47.7859992980957,47.5099983215332,48.4990005493164,49.5289993286133,50.7369995117188,51.9589996337891,52.556999206543,53.379001617431605,54.1640014648438,54.765998840332,55.220001220703104,55.5830001831055,55.9379997253418,56.4420013427734,56.896999359130895
root/Europe&CentralAsiaTurkey,root,74.0299987792969,72.3740005493164,70.4739990234375,67.42099761962889,68.7600021362305,64.98300170898439,64.8300018310547,63.5900001525879,61.867000579834006,61.7690010070801,58.3380012512207,57.1349983215332,54.2869987487793,51.744998931884794,53.3310012817383,53.9690017700195,51.978000640869105,52.4000015258789,53.0639991760254,52.923000335693395,52.3139991760254,53.181999206543,51.3390007019043,52.667999267578104,55.25199890136721,55.2000007629395,55.270999908447294,55.1619987487793
root/Europe&CentralAsiaTurkmenistan,root,55.2939987182617,55.189998626709006,54.9970016479492,54.773998260498,54.62300109863279,54.576999664306605,54.6119995117188,54.763999938964794,54.9370002746582,55.0369987487793,55.020999908447294,54.890998840332,54.6510009765625,54.3810005187988,54.201999664306605,54.181999206543,54.323001861572294,54.574001312255895,54.9160003662109,55.3139991760254,55.7589988708496,56.279998779296896,56.8940010070801,57.5110015869141,57.9640007019043,58.1319999694824,58.0089988708496,57.5379981994629
root/Europe&CentralAsiaUkraine,root,40.21799850463871,41.0900001525879,42.2109985351563,43.6180000305176,44.9869995117188,45.2439994812012,45.3839988708496,45.270999908447294,45.1310005187988,45.0719985961914,43.340999603271506,42.1380004882813,43.2760009765625,42.3380012512207,44.40299987792971,45.7109985351563,45.923999786377,46.2309989929199,46.676998138427706,47.199001312255895,45.816001892089794,46.70500183105471,46.5089988708496,44.3429985046387,43.9469985961914,40.36899948120121,39.9020004272461,39.3730010986328
root/Europe&CentralAsiaUnitedKingdom,root,76.7300033569336,74.5039978027344,72.34300231933591,69.9390029907227,68.66400146484379,67.7880020141602,68.43499755859379,68.6320037841797,68.0410003662109,67.05999755859379,67.036003112793,65.3860015869141,65.370002746582,63.9109992980957,63.917999267578104,64.9580001831055,64.7740020751953,64.12400054931639,64.30599975585939,61.4729995727539,61.0270004272461,60.5460014343262,60.701999664306605,59.827999114990206,59.0610008239746,59.630001068115206,58.819000244140604,58.630001068115206
root/Europe&CentralAsiaUzbekistan,root,54.6669998168945,54.5579986572266,54.584999084472706,54.6570014953613,54.7150001525879,54.7089996337891,54.6870002746582,54.6240005493164,54.529998779296896,54.4280014038086,54.340999603271506,54.290000915527294,54.2490005493164,54.234001159668,54.2649993896484,54.358001708984396,54.52799987792971,54.737998962402294,54.9900016784668,55.2869987487793,55.630001068115206,56.02799987792971,56.481998443603494,56.9469985961914,57.345001220703104,57.6240005493164,57.7910003662109,57.8390007019043
root/LatinAmerica&CaribbeanArgentina,root,53.6139984130859,53.97200012207029,54.2960014343262,54.27799987792971,54.435001373290994,54.1339988708496,54.4679985046387,55.1349983215332,55.5859985351563,55.5639991760254,55.548999786377,55.106998443603494,54.0900001525879,54.1599998474121,54.2490005493164,53.176998138427706,53.2179985046387,51.90299987792971,50.62699890136721,51.2859992980957,50.904998779296896,49.558998107910206,49.1539993286133,48.548000335693395,46.970001220703104,46.6559982299805,46.2830009460449,45.8689994812012
root/LatinAmerica&CaribbeanBahamasThe,root,62.797000885009794,63.7470016479492,64.81500244140629,65.8830032348633,66.6719970703125,66.3349990844727,65.7210006713867,64.8960037231445,63.459999084472706,61.8440017700195,61.0190010070801,61.5530014038086,62.119998931884794,62.80400085449221,62.7630004882813,62.2890014648438,62.625,63.12300109863279,63.8479995727539,64.5540008544922,64.4359970092773,64.7870025634766,65.0110015869141,65.7559967041016,66.5839996337891,67.48699951171879,68.05300140380861,68.5759963989258
root/LatinAmerica&CaribbeanBarbados,root,68.234001159668,61.5379981994629,66.4069976806641,67.9079971313477,69.2129974365234,69.0370025634766,66.3249969482422,66.1790008544922,64.588996887207,63.0530014038086,61.7000007629395,60.620998382568395,59.6870002746582,58.801998138427706,61.470001220703104,60.20500183105471,58.790000915527294,57.2080001831055,55.50199890136721,53.7649993896484,52.7560005187988,55.637001037597706,49.5670013427734,50.2789993286133,46.398998260498,47.1380004882813,47.80400085449221,47.30400085449221
root/LatinAmerica&CaribbeanBelize,root,69.5080032348633,68.25900268554689,66.7610015869141,66.0029983520508,66.0869979858398,65.37400054931639,65.1740036010742,65.0830001831055,64.90000152587889,64.73000335693361,64.6320037841797,64.46600341796879,64.44000244140629,64.484001159668,64.4720001220703,64.32900238037111,65.3980026245117,66.42600250244139,67.4879989624023,68.62599945068361,69.83999633789061,68.40000152587889,66.9879989624023,65.495002746582,64.0029983520508,62.5029983520508,62.3600006103516,62.6539993286133
root/LatinAmerica&CaribbeanBolivia,root,59.2879981994629,59.646999359130895,59.351001739502,59.5439987182617,59.8419990539551,60.189998626709006,60.5110015869141,60.970001220703104,60.824001312255895,60.67900085449221,60.529998779296896,61.005001068115206,61.4690017700195,61.9169998168945,62.3479995727539,62.7630004882813,63.175998687744105,61.140998840332,59.220001220703104,57.2470016479492,58.7400016784668,60.2630004882813,54.465999603271506,53.590999603271506,60.6020011901855,54.6189994812012,54.648998260498,54.4329986572266
root/LatinAmerica&CaribbeanBrazil,root,79.1750030517578,78.4000015258789,77.5869979858398,76.7490005493164,75.90899658203129,75.0849990844727,74.2760009765625,73.4789962768555,72.6969985961914,71.93800354003909,71.2050018310547,70.504997253418,70.7750015258789,70.2870025634766,71.4619979858398,71.20899963378909,70.9189987182617,70.32900238037111,69.8519973754883,69.33999633789061,67.5920028686523,65.8089981079102,65.24600219726561,63.957000732421896,62.6220016479492,62.284000396728494,61.67900085449221,61.6119995117188
root/LatinAmerica&CaribbeanChile,root,54.084999084472706,52.8400001525879,52.3899993896484,54.574001312255895,53.887001037597706,51.2239990234375,48.3720016479492,46.701000213623,45.702999114990206,45.2210006713867,41.4280014038086,40.97999954223629,40.3559989929199,38.558998107910206,40.029998779296896,38.89500045776371,39.3639984130859,42.2709999084473,42.8759994506836,39.4480018615723,45.7299995422363,45.603000640869105,43.70500183105471,42.3470001220703,42.2779998779297,42.180999755859396,40.07899856567379,40.2649993896484
root/LatinAmerica&CaribbeanColombia,root,62.54499816894529,62.24800109863279,62.137001037597706,61.689998626709006,61.492000579834006,61.3860015869141,61.379001617431605,61.457000732421896,61.59700012207029,61.762001037597706,61.930999755859396,62.1279983520508,62.3429985046387,62.556999206543,62.7490005493164,62.9059982299805,63.0349998474121,63.1189994812012,63.1800003051758,63.255001068115206,62.4589996337891,64.0120010375977,65.93499755859379,64.661003112793,63.755001068115206,63.6360015869141,62.72200012207029,62.75199890136721
root/LatinAmerica&CaribbeanCostaRica,root,74.4440002441406,71.59100341796879,70.2610015869141,71.0350036621094,69.4010009765625,70.36599731445311,66.70400238037111,67.7269973754883,68.97799682617189,65.8330001831055,65.23000335693361,65.89499664306639,63.8079986572266,65.5469970703125,62.798999786377,61.41999816894529,62.060001373290994,63.880001068115206,59.4640007019043,56.9679985046387,56.4059982299805,57.555999755859396,56.3740005493164,55.0629997253418,56.5349998474121,54.060001373290994,51.862998962402294,51.8339996337891
root/LatinAmerica&CaribbeanCuba,root,42.529998779296896,44.5550003051758,46.987998962402294,50.0260009765625,50.720001220703104,50.7869987487793,49.8030014038086,48.9000015258789,47.8940010070801,46.00199890136721,44.2700004577637,43.0610008239746,42.2859992980957,41.478000640869105,40.6959991455078,40.3120002746582,40.0979995727539,41.6749992370605,43.051998138427706,44.7859992980957,47.2879981994629,47.1689987182617,46.6870002746582,46.0309982299805,45.6180000305176,44.933998107910206,44.7939987182617,44.995998382568395
root/LatinAmerica&CaribbeanDominicanRepublic,root,75.4390029907227,75.6259994506836,74.3659973144531,73.56500244140629,73.495002746582,72.8980026245117,72.03399658203129,70.9990005493164,70.08999633789061,69.2310028076172,68.5660018920898,68.56900024414061,67.9599990844727,68.33599853515629,68.4290008544922,67.2389984130859,65.84100341796879,64.7060012817383,61.875,59.00199890136721,60.0810012817383,60.8030014038086,60.548999786377,59.4970016479492,59.66999816894529,59.7410011291504,58.9360008239746,58.521999359130895
root/LatinAmerica&CaribbeanEcuador,root,58.9099998474121,59.047000885009794,58.957000732421896,58.8380012512207,58.923999786377,58.7849998474121,58.4690017700195,59.029998779296896,63.9420013427734,62.8860015869141,61.834999084472706,60.7879981994629,59.744998931884794,59.8030014038086,59.773998260498,59.771999359130895,62.4580001831055,61.90299987792971,61.353000640869105,60.7919998168945,56.4109992980957,54.340999603271506,54.893001556396506,52.5530014038086,53.2700004577637,54.91999816894529,55.7809982299805,55.4099998474121
root/LatinAmerica&CaribbeanElSalvador,root,72.640998840332,72.3140029907227,71.36199951171879,72.3010025024414,71.088996887207,70.8970031738281,67.8679962158203,65.890998840332,67.4560012817383,65.9970016479492,64.2129974365234,62.387001037597706,60.4770011901855,64.0800018310547,62.604000091552706,63.1879997253418,63.856998443603494,64.85500335693361,63.665000915527294,62.5200004577637,60.8639984130859,61.2589988708496,61.6879997253418,60.270999908447294,60.1580009460449,60.0699996948242,60.0880012512207,60.3979988098145
root/LatinAmerica&CaribbeanGuatemala,root,79.78399658203129,79.6559982299805,79.36000061035159,79.15699768066409,78.9189987182617,78.5609970092773,78.55799865722659,78.3529968261719,78.0380020141602,77.86399841308591,77.7320022583008,77.870002746582,77.81199645996091,77.9169998168945,77.8779983520508,79.2639999389648,80.56700134277341,78.8679962158203,77.0510025024414,75.161003112793,73.234001159668,71.2959976196289,78.754997253418,69.8629989624023,72.3259963989258,73.5709991455078,73.0270004272461,72.73899841308591
root/LatinAmerica&CaribbeanGuyana,root,73.8629989624023,73.0039978027344,71.88099670410159,70.6650009155273,69.96099853515629,69.2419967651367,68.87599945068361,68.5439987182617,68.22000122070311,67.8560028076172,67.37599945068361,66.6320037841797,65.765998840332,65.47499847412111,64.45400238037111,64.2050018310547,63.4609985351563,62.1180000305176,61.1710014343262,59.9370002746582,58.798000335693395,58.3660011291504,58.5839996337891,59.012001037597706,59.5379981994629,59.8860015869141,60.060001373290994,60.191001892089794
root/LatinAmerica&CaribbeanHaiti,root,51.6510009765625,50.2270011901855,48.7239990234375,47.1669998168945,45.604000091552706,44.082000732421896,42.6199989318848,41.1879997253418,39.818000793456996,38.5530014038086,37.4109992980957,37.7350006103516,38.1440010070801,38.576999664306605,38.95399856567379,39.2410011291504,39.316001892089794,39.1699981689453,39.2869987487793,39.07899856567379,40.023998260498,39.5099983215332,39.314998626709,38.931999206543004,38.72999954223629,38.747001647949205,38.771999359130895,38.77000045776371
root/LatinAmerica&CaribbeanHonduras,root,81.31700134277341,81.2429962158203,80.7929992675781,80.2300033569336,80.80799865722659,80.5709991455078,80.4079971313477,80.036003112793,79.9769973754883,80.6510009765625,78.9010009765625,77.0490036010742,75.0950012207031,73.036003112793,70.86900329589841,68.5930023193359,68.31900024414061,70.125,71.8669967651367,73.5589981079102,72.5999984741211,70.9779968261719,69.3209991455078,71.1859970092773,72.98899841308591,73.5699996948242,73.31500244140629,73.0540008544922
root/LatinAmerica&CaribbeanJamaica,root,58.12699890136721,57.640998840332,57.62699890136721,56.504001617431605,56.5029983520508,56.25,56.3819999694824,56.5229988098145,56.75,56.431999206543,56.2000007629395,56.0550003051758,55.8339996337891,55.318000793457,55.1160011291504,54.9900016784668,54.8120002746582,54.8810005187988,55.2439994812012,56.0960006713867,56.4500007629395,56.4210014343262,56.715999603271506,56.7700004577637,56.77799987792971,56.798999786377,56.8849983215332,57.284000396728494
root/LatinAmerica&CaribbeanMexico,root,71.91200256347659,71.69200134277341,72.8740005493164,74.0999984741211,73.4079971313477,72.41600036621091,72.01499938964841,71.71299743652341,71.9830017089844,70.32900238037111,68.98699951171879,67.09100341796879,65.05300140380861,63.505001068115206,64.3960037231445,63.6879997253418,64.20700073242189,64.0749969482422,63.556999206543,61.9889984130859,62.2599983215332,61.5670013427734,61.5200004577637,60.4169998168945,59.354000091552706,58.7410011291504,58.29499816894529,58.1310005187988
root/LatinAmerica&CaribbeanNicaragua,root,68.91799926757811,70.0749969482422,70.68800354003909,71.26300048828129,71.7880020141602,72.2600021362305,72.9820022583008,73.6630020141602,74.3209991455078,74.2740020751953,75.2480010986328,73.4929962158203,71.697998046875,69.86199951171879,67.9759979248047,66.0400009155273,64.0879974365234,65.0709991455078,66.0230026245117,66.94400024414061,67.8379974365234,68.72499847412111,69.58200073242189,70.4130020141602,71.2239990234375,70.6159973144531,70.05300140380861,69.931999206543
root/LatinAmerica&CaribbeanPanama,root,63.6189994812012,62.7879981994629,65.3079986572266,67.67299652099611,66.6719970703125,67.1579971313477,66.0550003051758,64.9339981079102,64.99099731445311,65.03399658203129,64.40499877929689,63.7729988098145,63.1339988708496,63.6629981994629,63.8079986572266,62.862998962402294,61.1710014343262,62.689998626709006,66.1309967041016,65.48699951171879,63.5859985351563,59.2000007629395,61.0200004577637,61.555999755859396,59.8250007629395,59.0229988098145,58.2789993286133,58.2400016784668
root/LatinAmerica&CaribbeanParaguay,root,75.21600341796879,74.963996887207,74.43499755859379,74.3529968261719,74.46099853515629,74.3089981079102,74.1859970092773,74.1009979248047,74.0540008544922,74.0400009155273,74.0550003051758,74.088996887207,74.1429977416992,74.2050018310547,74.26100158691409,74.302001953125,74.33399963378909,74.3519973754883,74.79100036621091,76.93699645996091,72.2070007324219,68.6139984130859,71.8300018310547,70.1740036010742,69.7480010986328,68.197998046875,70.7020034790039,70.5459976196289
root/LatinAmerica&CaribbeanPeru,root,49.375,49.2529983520508,51.2560005187988,53.1380004882813,54.957000732421896,57.7529983520508,58.9580001831055,60.228000640869105,61.2229995727539,61.754001617431605,59.951999664306605,61.7000007629395,63.5900001525879,65.44699859619139,67.302001953125,69.1669998168945,71.0230026245117,72.84300231933591,72.8629989624023,73.3949966430664,73.5530014038086,72.7480010986328,72.11900329589841,70.26999664306639,69.0970001220703,65.05999755859379,64.55100250244139,65.1360015869141
root/LatinAmerica&CaribbeanPuertoRico,root,40.3930015563965,43.6870002746582,40.543998718261705,43.6020011901855,42.425998687744105,41.3040008544922,44.2410011291504,46.4370002746582,47.327999114990206,45.3199996948242,42.92100143432621,41.9620018005371,40.958000183105504,39.862998962402294,38.694000244140604,37.5340003967285,36.568000793456996,35.5970001220703,34.5989990234375,33.574001312255895,32.5610008239746,31.725000381469698,30.8920001983643,30.0450000762939,29.1879997253418,28.347999572753896,28.6420001983643,28.5049991607666
root/LatinAmerica&CaribbeanStLucia,root,70.5429992675781,70.5309982299805,69.88800048828129,69.2289962768555,68.45700073242189,67.5230026245117,66.4980010986328,65.3769989013672,64.2259979248047,63.137001037597706,62.1829986572266,61.40299987792971,61.7430000305176,61.516998291015604,60.856998443603494,61.332000732421896,60.729000091552706,60.8979988098145,60.143001556396506,59.798999786377,59.7400016784668,60.1539993286133,61.0610008239746,61.8680000305176,62.5410003662109,62.810001373290994,63.2470016479492,63.478000640869105
root/LatinAmerica&CaribbeanStVincentandtheGrenadines,root,73.7900009155273,73.6439971923828,72.81700134277341,72.29100036621091,72.5380020141602,71.5350036621094,71.43699645996091,71.0139999389648,70.50599670410159,70.181999206543,70.01300048828129,69.943000793457,69.26699829101561,68.4010009765625,67.9680023193359,67.6839981079102,66.6740036010742,66.2740020751953,65.8119964599609,66.0019989013672,66.4369964599609,66.588996887207,66.5139999389648,66.379997253418,66.32199859619139,66.2080001831055,66.1829986572266,66.22799682617189
root/LatinAmerica&CaribbeanSuriname,root,38.1399993896484,38.25600051879879,38.890998840331996,40.4640007019043,40.5209999084473,40.5089988708496,40.548999786377,40.404998779296896,40.263999938964794,40.3250007629395,40.305999755859396,39.5870018005371,39.0180015563965,38.34299850463871,37.3489990234375,36.949001312255895,36.625,36.165000915527294,35.8339996337891,35.6440010070801,35.2140007019043,34.7910003662109,34.6240005493164,34.483001708984396,34.4609985351563,34.693000793456996,36.2569999694824,35.9930000305176
root/LatinAmerica&CaribbeanTrinidadandTobago,root,63.801998138427706,60.273998260498,59.8639984130859,59.4389991760254,60.9249992370605,62.0750007629395,61.37300109863279,61.380001068115206,61.3600006103516,61.0069999694824,61.1969985961914,59.395999908447294,58.0349998474121,59.5699996948242,60.9850006103516,62.154998779296896,60.3440017700195,62.1889991760254,59.8810005187988,59.951999664306605,57.0460014343262,56.1660003662109,55.183998107910206,54.0859985351563,52.120998382568395,53.6180000305176,53.819000244140604,52.784000396728494
root/LatinAmerica&CaribbeanUruguay,root,67.588996887207,67.2399978637695,67.6360015869141,66.8379974365234,70.1630020141602,70.0709991455078,68.9980010986328,67.995002746582,67.0149993896484,66.1190032958984,65.08200073242189,65.9120025634766,62.4389991760254,58.768001556396506,58.356998443603494,58.082000732421896,59.1520004272461,61.3170013427734,61.8740005493164,62.4799995422363,63.693000793457,63.0999984741211,61.683998107910206,62.199001312255895,60.9729995727539,59.3110008239746,57.4500007629395,57.59700012207029
root/LatinAmerica&CaribbeanVenezuelaRB,root,62.6949996948242,62.7350006103516,62.5410003662109,62.0270004272461,61.390998840332,61.2750015258789,60.856998443603494,60.9809989929199,60.7610015869141,60.0919990539551,60.0670013427734,59.92900085449221,58.856998443603494,57.800998687744105,58.6539993286133,58.948001861572294,59.20500183105471,57.895999908447294,57.2760009765625,56.629001617431605,55.5960006713867,54.641998291015604,53.2750015258789,52.7210006713867,51.9770011901855,51.1339988708496,49.733001708984396,49.382999420165994
root/LatinAmerica&CaribbeanVirginIslandsUS,root,50.1399993896484,50.909000396728494,51.737998962402294,52.709999084472706,52.415000915527294,52.084999084472706,51.9869995117188,51.3839988708496,50.1319999694824,49.555999755859396,48.604000091552706,48.707000732421896,48.8740005493164,49.4580001831055,49.66999816894529,49.518001556396506,49.132999420165994,48.1829986572266,47.478000640869105,47.520999908447294,47.0369987487793,46.8250007629395,46.981998443603494,47.334999084472706,47.5229988098145,47.4210014343262,47.4900016784668,47.433998107910206
root/MiddleEast&NorthAfricaAlgeria,root,63.138999938964794,63.970001220703104,64.0619964599609,65.0630035400391,65.7620010375977,65.3330001831055,64.82700347900389,63.387001037597706,61.9630012512207,60.55400085449221,59.165000915527294,57.80400085449221,56.4850006103516,55.209999084472706,53.9710006713867,52.757999420165994,51.54499816894529,50.3400001525879,49.1599998474121,48.034000396728494,46.698001861572294,45.375,44.08000183105471,45.5069999694824,42.9140014648438,42.79600143432621,42.5089988708496,42.055999755859396
root/MiddleEast&NorthAfricaBahrain,root,61.040000915527294,59.58000183105471,59.297000885009794,59.25199890136721,59.229000091552706,58.9749984741211,57.409000396728494,56.298999786377,55.7490005493164,55.6889991760254,55.814998626709006,55.00199890136721,54.359001159668,54.4770011901855,54.97200012207029,55.3689994812012,55.229000091552706,55.0410003662109,54.736000061035206,54.426998138427706,54.0880012512207,52.271999359130895,52.981998443603494,53.8079986572266,54.7560005187988,55.744998931884794,56.858001708984396,57.0810012817383
root/MiddleEast&NorthAfricaDjibouti,root,69.79299926757811,69.7429962158203,68.7779998779297,67.22000122070311,65.7679977416992,64.8960037231445,63.7849998474121,63.316001892089794,63.1020011901855,62.4620018005371,61.056999206543,59.898998260498,58.021999359130895,55.7400016784668,53.6020011901855,51.9020004272461,50.5719985961914,49.5099983215332,48.5859985351563,47.5839996337891,46.396999359130895,45.012001037597706,43.58000183105471,42.1199989318848,40.655998229980504,39.2249984741211,38.1360015869141,37.8759994506836
root/MiddleEast&NorthAfricaEgyptArabRep,root,44.590999603271506,44.755001068115206,44.2700004577637,44.0110015869141,44.5989990234375,46.0940017700195,45.0190010070801,44.0320014953613,43.137001037597706,47.573001861572294,43.630001068115206,39.637001037597706,40.875,42.1959991455078,43.6059989929199,45.129001617431605,46.729000091552706,46.9189987182617,47.851001739502,48.7229995727539,49.9000015258789,48.0999984741211,48.0999984741211,48.2000007629395,45.54499816894529,42.9000015258789,42.310001373291,42.3339996337891
root/MiddleEast&NorthAfricaIranIslamicRep,root,62.675998687744105,60.443000793457,58.7999992370605,57.0330009460449,55.148998260498,53.193000793457,51.3650016784668,51.4140014648438,51.534000396728494,51.7610015869141,52.1049995422363,52.448001861572294,52.9080009460449,53.4640007019043,54.073001861572294,54.715999603271506,52.5839996337891,50.4620018005371,47.673000335693395,47.930999755859396,47.023998260498,45.755001068115206,44.359001159668,42.833000183105504,41.207000732421896,41.2159996032715,43.24800109863279,42.3940010070801
root/MiddleEast&NorthAfricaIraq,root,69.0490036010742,68.818000793457,68.0410003662109,68.10800170898439,68.0920028686523,67.8489990234375,67.7220001220703,67.2779998779297,64.92299652099611,62.494998931884794,59.99800109863279,57.4500007629395,54.859001159668,52.2439994812012,49.6360015869141,51.6599998474121,53.654998779296896,55.617000579834006,57.52799987792971,57.3950004577637,56.7000007629395,55.861000061035206,53.8849983215332,53.271999359130895,53.9280014038086,54.0099983215332,52.7120018005371,52.8079986572266
root/MiddleEast&NorthAfricaIsrael,root,61.976001739502,64.1360015869141,64.1999969482422,69.3779983520508,69.4300003051758,68.27999877929689,65.9189987182617,65.25,63.2910003662109,62.0989990234375,62.7249984741211,61.5359992980957,57.5149993896484,56.1119995117188,57.201000213623,58.768001556396506,58.992000579834006,59.1800003051758,57.994998931884794,55.0099983215332,54.9990005493164,52.870998382568395,50.6150016784668,51.2529983520508,50.888999938964794,50.237998962402294,49.209999084472706,49.0439987182617
root/MiddleEast&NorthAfricaJordan,root,47.707000732421896,48.7560005187988,47.415000915527294,48.047000885009794,48.370998382568395,48.1889991760254,48.1259994506836,47.62699890136721,47.0639991760254,46.5250015258789,46.0610008239746,46.875,45.0530014038086,45.0890007019043,45.4010009765625,45.608001708984396,44.2599983215332,43.6100006103516,43.513999938964794,43.981998443603494,41.476001739502,39.747001647949205,38.108001708984396,36.956001281738295,36.904998779296896,36.9290008544922,37.109001159668004,36.877998352050795
root/MiddleEast&NorthAfricaKuwait,root,44.064998626709006,44.611000061035206,44.9970016479492,45.388999938964794,45.242000579834006,44.2410011291504,41.4910011291504,40.1199989318848,39.9099998474121,40.430999755859396,41.2449989318848,42.54600143432621,43.814998626709006,44.816001892089794,44.948001861572294,44.7569999694824,44.3839988708496,44.130001068115206,44.0530014038086,44.931999206543,45.439998626709006,44.3619995117188,43.5190010070801,43.042999267578104,42.486000061035206,41.7709999084473,42.4329986572266,43.5639991760254
root/MiddleEast&NorthAfricaLebanon,root,44.141998291015604,43.9690017700195,43.797000885009794,43.298000335693395,42.6069984436035,42.0470008850098,41.5149993896484,42.1059989929199,41.683998107910206,42.042999267578104,42.292999267578104,42.221000671386705,42.4280014038086,42.733001708984396,42.4809989929199,42.2169990539551,41.9529991149902,41.6380004882813,40.1699981689453,38.8120002746582,38.2270011901855,38.944999694824205,39.917999267578104,41.167999267578104,42.069000244140604,42.7029991149902,43.143001556396506,43.0200004577637
root/MiddleEast&NorthAfricaLibya,root,45.3120002746582,45.3950004577637,45.54499816894529,45.7150001525879,45.8849983215332,46.0929985046387,46.3199996948242,46.5639991760254,46.7960014343262,46.976001739502,47.077999114990206,47.1520004272461,47.16999816894529,47.1440010070801,47.176998138427706,47.265998840332,47.3520011901855,47.50199890136721,47.693000793457,47.8680000305176,47.9739990234375,48.173999786377,48.004001617431605,47.9360008239746,47.834999084472706,47.6319999694824,47.5359992980957,47.4280014038086
root/MiddleEast&NorthAfricaMalta,root,66.4130020141602,65.85299682617189,63.9809989929199,63.6749992370605,62.4809989929199,63.4169998168945,63.209999084472706,62.654998779296896,62.763999938964794,61.845001220703104,60.736000061035206,68.6669998168945,61.457000732421896,63.8030014038086,60.5260009765625,55.6800003051758,57.0670013427734,57.7960014343262,55.7910003662109,55.0130004882813,53.9500007629395,55.9729995727539,54.0810012817383,55.773998260498,52.9010009765625,53.266998291015604,53.931999206543,53.72200012207029
root/MiddleEast&NorthAfricaMorocco,root,63.0130004882813,61.9640007019043,62.6510009765625,63.0359992980957,61.2649993896484,62.564998626709006,60.5029983520508,61.0349998474121,59.853000640869105,59.870998382568395,59.779998779296896,58.7700004577637,58.5999984741211,57.904998779296896,57.3680000305176,57.021999359130895,55.9280014038086,55.4749984741211,54.550998687744105,53.9609985351563,53.5379981994629,53.0439987182617,51.316001892089794,51.106998443603494,51.145999908447294,50.7270011901855,50.7210006713867,50.306999206543
root/MiddleEast&NorthAfricaOman,root,50.8839988708496,51.5349998474121,51.0550003051758,49.933998107910206,48.5110015869141,46.8520011901855,46.0880012512207,45.933998107910206,46.681999206543,47.84700012207029,48.1920013427734,47.8120002746582,47.879001617431605,47.9539985656738,47.5309982299805,47.159000396728494,48.056999206543,49.5530014038086,50.992000579834006,52.87699890136721,54.832000732421896,57.4749984741211,58.5,59.3030014038086,59.7210006713867,59.47200012207029,59.606998443603494,60.443000793457
root/MiddleEast&NorthAfricaQatar,root,72.53399658203129,73.1129989624023,72.6490020751953,74.4010009765625,75.8040008544922,76.6910018920898,75.0240020751953,69.822998046875,66.3679962158203,64.3870010375977,62.8899993896484,64.77500152587889,66.515998840332,68.7620010375977,69.50399780273439,71.1169967651367,69.7689971923828,71.41200256347659,74.0279998779297,77.4560012817383,80.4530029296875,75.7979965209961,73.4919967651367,73.015998840332,73.9909973144531,75.6890029907227,74.71600341796879,74.1719970703125
root/MiddleEast&NorthAfricaSaudiArabia,root,52.542999267578104,51.2809982299805,50.1119995117188,45.9020004272461,41.430000305175795,37.1879997253418,35.1590003967285,33.470001220703104,31.7880001068115,29.969999313354503,31.2000007629395,30.6749992370605,30.412000656127898,30.3120002746582,30.0699996948242,29.82200050354,29.80299949646,27.7980003356934,26.864999771118196,24.783000946044897,26.155000686645497,27.9519996643066,27.287000656127898,27.5699996948242,27.7859992980957,25.8600006103516,26.1100006103516,26.013000488281303
root/MiddleEast&NorthAfricaSyrianArabRepublic,root,76.2539978027344,74.5270004272461,72.2460021972656,71.2399978637695,70.66400146484379,70.1179962158203,70.0660018920898,70.015998840332,69.9670028686523,67.06900024414061,64.0260009765625,63.24800109863279,62.4910011291504,61.7599983215332,59.2879981994629,56.8489990234375,54.486000061035206,53.9389991760254,53.2890014648438,50.167999267578104,49.8120002746582,49.6119995117188,49.058998107910206,48.486000061035206,47.9560012817383,47.601001739502,47.5960006713867,47.4799995422363
root/MiddleEast&NorthAfricaTunisia,root,55.861000061035206,55.49800109863279,54.314998626709006,54.268001556396506,53.9729995727539,52.584999084472706,51.2610015869141,49.9900016784668,49.1619987487793,48.340999603271506,47.5200004577637,46.6629981994629,45.8390007019043,45.082000732421896,44.404998779296896,43.797000885009794,43.3779983520508,42.9910011291504,42.236000061035206,39.7120018005371,41.9550018310547,42.992000579834006,47.391998291015604,47.0359992980957,46.665000915527294,46.62300109863279,46.6259994506836,46.318000793457
root/MiddleEast&NorthAfricaUnitedArabEmirates,root,60.2529983520508,62.443000793457,64.1309967041016,65.6399993896484,65.9069976806641,65.6269989013672,63.7060012817383,62.806999206543,62.609001159668,62.8110008239746,62.9210014343262,62.324001312255895,62.32099914550779,62.5979995727539,63.1559982299805,63.8680000305176,62.180999755859396,62.0309982299805,62.630001068115206,63.518001556396506,66.056999206543,65.2310028076172,64.09999847412111,62.8600006103516,61.94599914550779,61.5330009460449,59.37699890136721,58.7820014953613
root/MiddleEast&NorthAfricaWestBankandGaza,root,48.513999938964794,48.882999420165994,49.129001617431605,49.5379981994629,48.856998443603494,48.4749984741211,48.4370002746582,48.2700004577637,47.7410011291504,47.922000885009794,47.518001556396506,47.1619987487793,42.029998779296896,42.266998291015604,42.4990005493164,42.8979988098145,43.334999084472706,44.576000213623,45.8680000305176,43.0750007629395,42.1349983215332,46.2239990234375,48.7569999694824,48.840999603271506,50.83000183105471,52.770999908447294,52.7299995422363,53.013999938964794
root/MiddleEast&NorthAfricaYemenRep,root,51.101001739502,50.6689987182617,49.840999603271506,49.70500183105471,49.145999908447294,49.720001220703104,50.5250015258789,51.4160003662109,52.326000213623,53.180999755859396,52.8639984130859,52.494998931884794,52.0719985961914,51.620998382568395,51.180999755859396,50.7729988098145,50.3950004577637,50.0250015258789,49.67900085449221,49.3740005493164,49.119998931884794,48.3600006103516,47.6520004272461,46.9500007629395,46.189998626709006,47.691001892089794,48.4690017700195,48.0250015258789
root/NorthAmericaCanada,root,72.5199966430664,70.1360015869141,67.7570037841797,66.49099731445311,65.89199829101561,64.93499755859379,64.1350021362305,63.707000732421896,63.5089988708496,65.3330001831055,65.8690032958984,66.015998840332,67.7099990844727,68.0869979858398,67.5059967041016,65.9879989624023,66.2639999389648,67.5210037231445,68.0400009155273,65.6859970092773,64.5260009765625,64.79799652099611,63.3740005493164,63.7649993896484,63.715999603271506,64.03900146484379,63.4589996337891,63.3429985046387
root/NorthAmericaUnitedStates,root,68.5930023193359,66.8209991455078,66.6869964599609,66.4710006713867,66.84999847412111,66.9150009155273,65.7269973754883,65.2360000610352,65.4550018310547,65.0699996948242,65.1669998168945,63.2610015869141,61.292999267578104,59.4620018005371,58.9539985656738,58.459999084472706,59.111000061035206,57.4080009460449,56.770999908447294,54.2789993286133,52.306999206543,51.992000579834006,52.2830009460449,52.4809989929199,52.3899993896484,52.426998138427706,52.91999816894529,52.4799995422363
root/SouthAsiaAfghanistan,root,76.8470001220703,76.83799743652341,76.802001953125,76.7289962768555,76.6279983520508,76.5080032348633,76.48899841308591,76.5189971923828,76.588996887207,76.68299865722659,76.78900146484379,77.11199951171879,77.4309997558594,77.7190017700195,77.9550018310547,78.120002746582,77.7689971923828,77.4039993286133,77.0429992675781,76.7099990844727,76.43800354003909,76.49400329589841,76.6039962768555,76.7689971923828,76.9879989624023,77.24400329589841,77.31199645996091,77.338996887207
root/SouthAsiaBangladesh,root,78.9229965209961,78.4990005493164,78.0970001220703,77.7279968261719,77.41600036621091,77.1689987182617,76.6650009155273,76.2419967651367,75.86000061035159,75.46099853515629,75.00599670410159,74.4810028076172,73.947998046875,73.38800048828129,72.78700256347659,72.1470031738281,71.3140029907227,69.806999206543,68.2470016479492,66.63400268554689,64.98000335693361,63.3429985046387,61.6860008239746,60.0099983215332,58.324001312255895,56.643001556396506,55.0069999694824,54.7879981994629
root/SouthAsiaBhutan,root,49.183998107910206,48.7109985351563,48.209999084472706,47.6510009765625,47.066001892089794,46.5919990539551,46.2270011901855,46.0069999694824,45.9140014648438,45.9099998474121,45.979000091552706,46.5550003051758,47.297000885009794,48.1049995422363,48.8219985961914,49.262001037597706,48.933998107910206,48.3380012512207,47.5149993896484,46.547000885009794,42.0499992370605,37.71799850463871,30.7189998626709,32.3050003051758,27.94700050354,32.141998291015604,31.1280002593994,30.5849990844727
root/SouthAsiaIndia,root,68.7129974365234,68.3570022583008,68.05999755859379,67.8130035400391,67.59799957275389,67.0930023193359,66.568000793457,66.0179977416992,65.463996887207,64.9369964599609,64.4530029296875,64.4970016479492,64.57900238037111,64.6829986572266,64.7829971313477,64.8629989624023,62.8720016479492,60.8380012512207,58.766998291015604,56.667999267578104,54.5499992370605,52.9300003051758,51.323001861572294,50.7389984130859,50.0750007629395,49.2999992370605,48.323001861572294,48.04499816894529
root/SouthAsiaMaldives,root,62.9580001831055,61.0789985656738,59.202999114990206,57.270999908447294,55.1969985961914,52.978000640869105,51.9630012512207,50.7830009460449,49.5719985961914,48.512001037597706,47.72200012207029,49.702999114990206,51.944000244140604,54.3110008239746,56.6500015258789,58.862998962402294,60.6240005493164,60.9210014343262,61.4080009460449,62.051998138427706,62.75,63.298999786377,63.826000213623,64.30999755859379,64.7419967651367,63.923999786377,62.5719985961914,62.5530014038086
root/SouthAsiaNepal,root,83.9010009765625,83.9059982299805,83.96099853515629,84.0550003051758,84.1800003051758,84.3209991455078,84.1259994506836,83.9530029296875,83.8010025024414,83.6650009155273,83.0329971313477,82.43499755859379,81.7740020751953,81.0400009155273,80.245002746582,79.4150009155273,78.7210006713867,78.0289993286133,77.3160018920898,76.91600036621091,76.4690017700195,76.2969970703125,76.0999984741211,75.81300354003909,75.3759994506836,74.7639999389648,74.28199768066409,74.1750030517578
root/SouthAsiaPakistan,root,70.5490036010742,70.2939987182617,70.17800140380861,67.2570037841797,67.1999969482422,66.75099945068361,67.09500122070311,67.45700073242189,67.0849990844727,68.7880020141602,70.463996887207,70.6760025024414,70.8529968261719,70.9339981079102,71.03900146484379,72.0719985961914,73.1220016479492,70.43699645996091,68.55100250244139,68.2399978637695,63.7690010070801,62.25,62.9469985961914,63.606998443603494,61.6559982299805,61.8860015869141,64.47799682617189,64.125
root/SouthAsiaSriLanka,root,60.191001892089794,59.763999938964794,59.0620002746582,56.02799987792971,58.189998626709006,52.0320014953613,54.832000732421896,56.3289985656738,58.4630012512207,60.16999816894529,57.007999420165994,56.523998260498,56.077999114990206,55.6139984130859,55.0670013427734,54.4099998474121,53.6669998168945,52.7430000305176,51.689998626709006,50.606998443603494,48.2599983215332,47.6119995117188,46.4109992980957,46.9809989929199,44.862998962402294,41.9850006103516,39.1160011291504,38.754001617431605
root/Sub-SaharanAfricaAngola,root,60.4280014038086,60.6520004272461,60.5460014343262,60.2410011291504,59.854000091552706,59.417999267578104,59.5099983215332,59.4710006713867,59.3110008239746,59.040000915527294,58.701999664306605,58.7249984741211,58.59700012207029,58.391998291015604,58.173000335693395,57.97200012207029,58.2089996337891,58.353000640869105,58.425998687744105,58.430999755859396,58.3650016784668,58.5149993896484,58.4970016479492,58.345001220703104,58.0789985656738,57.701000213623,57.340999603271506,57.2509994506836
root/Sub-SaharanAfricaBenin,root,79.48699951171879,79.5029983520508,79.3320007324219,77.5780029296875,75.7289962768555,73.7900009155273,71.7539978027344,69.6330032348633,67.4339981079102,65.16400146484379,62.832000732421896,60.4560012817383,58.0369987487793,55.65299987792971,53.2560005187988,50.859001159668,48.4609985351563,46.0789985656738,43.7270011901855,41.418998718261705,39.1699981689453,40.925998687744105,40.680999755859396,40.379001617431605,40.0379981994629,39.666999816894496,39.367000579834,39.060001373291
root/Sub-SaharanAfricaBotswana,root,55.949001312255895,54.8489990234375,53.7830009460449,52.694000244140604,51.4930000305176,50.1539993286133,49.146999359130895,47.9690017700195,46.72200012207029,44.5859985351563,42.4650001525879,43.8380012512207,45.3199996948242,46.8479995727539,48.3330001831055,49.7229995727539,51.005001068115206,48.733001708984396,46.417999267578104,44.129001617431605,43.1829986572266,45.3950004577637,47.611000061035206,49.8199996948242,49.2299995422363,48.646999359130895,48.1660003662109,48.173999786377
root/Sub-SaharanAfricaBurkinaFaso,root,83.8759994506836,84.0540008544922,83.5530014038086,83.0329971313477,82.5080032348633,81.9830017089844,81.463996887207,80.94000244140629,80.4079971313477,79.8669967651367,79.3160018920898,78.76100158691409,78.1949996948242,77.6129989624023,77.0120010375977,76.3889999389648,75.7519989013672,73.98500061035159,72.13099670410159,70.19899749755861,68.19699859619139,66.1360015869141,64.0139999389648,61.8370018005371,59.6119995117188,59.2729988098145,58.949001312255895,58.65299987792971
root/Sub-SaharanAfricaBurundi,root,78.96299743652341,77.7750015258789,76.46600341796879,75.088996887207,73.71800231933591,72.3980026245117,71.1510009765625,69.90000152587889,68.6190032958984,67.3539962768555,66.0550003051758,64.8430023193359,63.59700012207029,62.32099914550779,61.021999359130895,59.702999114990206,58.3549995422363,56.9799995422363,55.576999664306605,54.1520004272461,52.7169990539551,51.292999267578104,49.8680000305176,48.430999755859396,46.9630012512207,47.2960014343262,47.548000335693395,47.175998687744105
root/Sub-SaharanAfricaCaboVerde,root,78.8960037231445,79.03399658203129,79.0439987182617,78.88999938964841,78.536003112793,77.9469985961914,77.20899963378909,76.28199768066409,75.1630020141602,73.8420028686523,72.3310012817383,70.4710006713867,68.42800140380861,66.19899749755861,63.858001708984396,61.484001159668,59.4990005493164,57.582000732421896,55.683998107910206,53.77799987792971,51.8819999694824,50.3330001831055,48.733001708984396,47.1599998474121,45.6920013427734,44.367000579834006,43.047000885009794,42.808998107910206
root/Sub-SaharanAfricaCameroon,root,68.3610000610352,68.58599853515629,68.6480026245117,68.54599761962889,68.25900268554689,67.7829971313477,67.5080032348633,67.02500152587889,66.3820037841797,65.6559982299805,64.911003112793,64.47799682617189,64.02700042724611,63.564998626709006,63.0880012512207,62.603000640869105,62.47200012207029,62.242000579834006,61.9620018005371,61.676998138427706,61.398998260498,61.34700012207029,61.2249984741211,61.023998260498,60.7140007019043,60.2750015258789,59.879001617431605,59.612998962402294
root/Sub-SaharanAfricaCentralAfricanRepublic,root,55.425998687744105,55.423000335693395,55.22200012207029,54.8650016784668,54.387001037597706,53.806999206543,53.792999267578104,53.667999267578104,53.433998107910206,53.0890007019043,52.6399993896484,52.9329986572266,53.0359992980957,52.9970016479492,52.8759994506836,52.698001861572294,53.143001556396506,53.470001220703104,53.6660003662109,53.7039985656738,53.5610008239746,54.45500183105471,55.2080001831055,55.7890014648438,56.2060012817383,56.4990005493164,55.9300003051758,56.1710014343262
root/Sub-SaharanAfricaChad,root,55.101001739502,55.7820014953613,56.3219985961914,56.7439994812012,57.073001861572294,57.334999084472706,57.9630012512207,58.4059982299805,58.707000732421896,58.9129981994629,59.056999206543,59.494998931884794,59.765998840332,59.887001037597706,59.8520011901855,59.643001556396506,59.7169990539551,59.584999084472706,59.2750015258789,58.8359985351563,58.305999755859396,58.0069999694824,57.574001312255895,57.0289993286133,56.3779983520508,55.625,55.0999984741211,54.9799995422363
root/Sub-SaharanAfricaComoros,root,23.027000427246104,23.0410003662109,22.9409999847412,22.7269992828369,22.3939990997314,21.9440002441406,21.4769992828369,20.943000793457,20.3479995727539,19.7119998931885,19.0520000457764,18.5249996185303,17.9640007019043,17.3980007171631,16.854999542236303,16.354999542236303,15.979000091552699,15.6219997406006,15.2840003967285,14.9589996337891,14.6429996490479,14.411999702453599,14.1700000762939,13.918999671936,13.6540002822876,13.371000289917,13.144000053405799,12.911999702453599
root/Sub-SaharanAfricaCongoDemRep,root,39.4749984741211,39.853000640869105,40.1479988098145,40.3680000305176,40.444999694824205,40.2970008850098,40.632999420166,40.766998291015604,40.7290000915527,40.6150016784668,40.5180015563965,40.7630004882813,40.9360008239746,41.064998626709,41.146999359130895,41.1870002746582,41.560001373291,41.7949981689453,41.9420013427734,42.0499992370605,42.137001037597706,42.4790000915527,42.7150001525879,42.844001770019496,42.846000671386705,42.708000183105504,42.6870002746582,42.7890014648438
root/Sub-SaharanAfricaCongoRep,root,47.505001068115206,46.9210014343262,46.236000061035206,45.504001617431605,44.7999992370605,44.165000915527294,43.7750015258789,43.4449996948242,43.1640014648438,42.8930015563965,42.6119995117188,42.7249984741211,42.7319984436035,42.699001312255895,42.7120018005371,42.8139991760254,42.8569984436035,42.9539985656738,43.0670013427734,43.1049995422363,43.0130004882813,43.62699890136721,44.0200004577637,44.2350006103516,44.332000732421896,44.3359985351563,44.165000915527294,44.2830009460449
root/Sub-SaharanAfricaCotedIvoire,root,66.35299682617189,65.8730010986328,65.1460037231445,64.25900268554689,63.327999114990206,62.422000885009794,62.356998443603494,62.270999908447294,62.1279983520508,60.949001312255895,59.74800109863279,58.4939994812012,57.201000213623,55.8740005493164,54.5289993286133,53.1860008239746,51.879001617431605,50.576999664306605,49.2770004272461,47.9809989929199,46.699001312255895,45.4589996337891,44.2350006103516,43.0349998474121,41.867000579834,40.7410011291504,39.646999359130895,39.4720001220703
root/Sub-SaharanAfricaEquatorialGuinea,root,42.1479988098145,42.0190010070801,41.8559989929199,41.5989990234375,41.111000061035206,40.351001739502,39.306999206543004,38.2649993896484,37.4749984741211,37.02000045776371,36.765998840331996,36.257999420166,35.9140014648438,35.898998260498,36.1119995117188,36.3040008544922,35.5089988708496,34.8419990539551,34.523998260498,34.4589996337891,34.351001739502,33.550998687744105,32.7770004272461,32.320999145507805,32.1539993286133,31.992000579834,31.358999252319304,30.929000854492198
root/Sub-SaharanAfricaEritrea,root,81.16400146484379,82.2320022583008,83.0989990234375,83.7809982299805,84.3440017700195,84.84100341796879,84.0299987792969,83.1370010375977,82.16400146484379,81.1259994506836,80.0800018310547,78.6529998779297,77.2429962158203,75.90699768066409,74.6989974975586,73.6510009765625,73.9049987792969,74.2570037841797,74.6949996948242,75.181999206543,75.65899658203129,76.0449981689453,76.3580017089844,76.5690002441406,76.6490020751953,76.5820007324219,75.9550018310547,75.6289978027344
root/Sub-SaharanAfricaEthiopia,root,79.91400146484379,80.1999969482422,80.427001953125,80.5849990844727,80.6449966430664,81.3850021362305,82.0500030517578,82.63999938964841,83.1839981079102,83.7229995727539,83.51100158691409,83.33599853515629,83.1839981079102,83.03399658203129,82.8580017089844,82.6449966430664,82.515998840332,82.3519973754883,82.15699768066409,81.9550018310547,81.7689971923828,81.6340026855469,81.515998840332,81.41200256347659,80.21299743652341,78.9580001831055,77.8730010986328,77.8550033569336
root/Sub-SaharanAfricaGabon,root,29.576000213623,29.885000228881804,30.0550003051758,30.097000122070302,30.020999908447298,29.836000442504897,29.6200008392334,29.3120002746582,28.9249992370605,28.4680004119873,27.952999114990202,27.4109992980957,26.7959995269775,26.145999908447298,25.5139999389648,24.92799949646,24.1399993896484,23.4409999847412,22.8250007629395,22.2689990997314,21.756999969482397,21.3099994659424,20.868999481201197,20.4580001831055,20.0750007629395,19.6940002441406,19.826000213623,19.506000518798803
root/Sub-SaharanAfricaGambiaThe,root,44.426998138427706,45.191001892089794,45.382999420165994,45.09700012207029,44.7820014953613,44.6349983215332,44.640998840332,44.7890014648438,45.029998779296896,45.297000885009794,45.548000335693395,45.7120018005371,45.8600006103516,45.9910011291504,46.104000091552706,46.201999664306605,46.2589988708496,46.298999786377,46.332000732421896,46.369998931884794,46.4210014343262,46.4690017700195,46.5260009765625,46.1559982299805,45.665000915527294,45.064998626709006,44.676998138427706,44.768001556396506
root/Sub-SaharanAfricaGhana,root,58.194000244140604,57.8400001525879,57.382999420165994,56.8499984741211,56.270999908447294,55.6619987487793,55.2879981994629,54.9010009765625,54.476001739502,53.9850006103516,53.42900085449221,53.6689987182617,53.9059982299805,54.1380004882813,54.3680000305176,54.5989990234375,54.8429985046387,55.082000732421896,55.3129997253418,55.5379981994629,55.7649993896484,56.020999908447294,56.2750015258789,56.52799987792971,56.029998779296896,55.52799987792971,55.1969985961914,55.3819999694824
root/Sub-SaharanAfricaGuinea,root,41.8520011901855,42.439998626709,42.8479995727539,43.119998931884794,43.1609992980957,42.8170013427734,43.2400016784668,43.4739990234375,43.479000091552706,43.2939987182617,42.979000091552706,43.109001159668,43.077999114990206,42.9249992370605,42.6829986572266,42.3860015869141,42.278999328613295,42.04600143432621,41.728000640869105,41.3520011901855,40.930999755859396,40.6479988098145,40.252998352050795,39.7729988098145,39.2449989318848,38.7000007629395,38.2050018310547,38.015998840331996
root/Sub-SaharanAfricaGuineaBissau,root,62.898998260498,62.9739990234375,63.0060005187988,62.9140014648438,62.5639991760254,61.909000396728494,62.020999908447294,61.7760009765625,61.305999755859396,60.7820014953613,60.2789993286133,59.6380004882813,58.9469985961914,58.1829986572266,57.33000183105471,56.4160003662109,55.797000885009794,55.1160011291504,54.422000885009794,53.7630004882813,53.165000915527294,52.9729995727539,52.702999114990206,52.382999420165994,52.0250015258789,51.6160011291504,51.4059982299805,51.1020011901855
root/Sub-SaharanAfricaKenya,root,57.361000061035206,56.611000061035206,55.6339988708496,54.504001617431605,53.3380012512207,52.2089996337891,51.3440017700195,50.681999206543,50.1059989929199,49.457000732421896,48.5499992370605,47.6180000305176,46.6510009765625,45.6520004272461,44.632999420165994,43.595001220703104,43.37300109863279,43.3880004882813,43.4630012512207,43.319000244140604,42.8230018615723,42.1199989318848,41.04600143432621,39.7630004882813,38.5149993896484,37.42100143432621,36.3489990234375,36.2130012512207
root/Sub-SaharanAfricaLesotho,root,76.9749984741211,76.1019973754883,75.2720031738281,74.4779968261719,73.6689987182617,72.8010025024414,72.375,71.9130020141602,71.4179992675781,70.870002746582,69.62599945068361,68.3669967651367,67.1060028076172,65.8519973754883,64.60299682617189,63.3479995727539,62.050998687744105,60.7430000305176,59.4389991760254,58.146999359130895,56.8619995117188,55.577999114990206,54.2750015258789,52.978000640869105,52.183998107910206,51.548000335693395,51.351001739502,51.25199890136721
root/Sub-SaharanAfricaLiberia,root,36.9029998779297,36.515998840331996,35.7879981994629,34.904998779296896,34.234001159668004,34.2169990539551,33.786998748779304,33.416999816894496,33.1829986572266,32.8779983520508,32.2350006103516,32.527999877929695,32.660999298095696,32.6160011291504,32.5519981384277,32.6500015258789,32.839000701904304,32.9790000915527,33.0789985656738,33.030998229980504,32.7249984741211,32.431999206543004,32.007999420166,31.4409999847412,30.7649993896484,30.0340003967285,29.3579998016357,29.3229999542236
root/Sub-SaharanAfricaMadagascar,root,75.7009963989258,75.65899658203129,75.5469970703125,75.3970031738281,75.25,75.1350021362305,75.2490005493164,75.3440017700195,75.4100036621094,75.4199981689453,75.3560028076172,75.3949966430664,75.30799865722659,75.1259994506836,74.8840026855469,74.5970001220703,75.8529968261719,77.06700134277341,78.2409973144531,79.3759994506836,80.4749984741211,80.08399963378909,79.6809997558594,79.2689971923828,78.8550033569336,78.4410018920898,77.7239990234375,78.1449966430664
root/Sub-SaharanAfricaMalawi,root,46.2859992980957,46.728000640869105,46.890998840332,46.893001556396506,46.9640007019043,47.2690010070801,47.7369995117188,48.242000579834006,48.7270011901855,49.9900016784668,51.1920013427734,52.3370018005371,53.4379997253418,54.5550003051758,55.7569999694824,57.0699996948242,58.4580001831055,59.9160003662109,61.395999908447294,62.8460006713867,64.2389984130859,65.5830001831055,66.8809967041016,68.1490020751953,66.9219970703125,65.8629989624023,64.6149978637695,65.1829986572266
root/Sub-SaharanAfricaMali,root,48.9669990539551,49.2089996337891,49.3390007019043,49.375,49.305999755859396,49.125,49.3689994812012,49.4059982299805,49.319000244140604,49.209999084472706,49.138999938964794,49.362998962402294,49.558998107910206,49.728000640869105,49.851001739502,53.066001892089794,56.2760009765625,59.4449996948242,62.5550003051758,65.5869979858398,68.51999664306639,68.28399658203129,68.0449981689453,67.8000030517578,67.5439987182617,67.4420013427734,67.1579971313477,67.59999847412111
root/Sub-SaharanAfricaMauritania,root,60.2569999694824,60.180999755859396,59.9910011291504,59.7089996337891,59.362998962402294,58.9770011901855,58.4169998168945,57.801998138427706,57.1440010070801,56.4379997253418,55.681999206543,54.7820014953613,53.823001861572294,52.819000244140604,51.7919998168945,50.75199890136721,49.7999992370605,48.8199996948242,47.8170013427734,46.798999786377,45.7750015258789,44.7770004272461,43.7649993896484,43.2690010070801,42.7369995117188,42.155998229980504,41.7949981689453,41.5229988098145
root/Sub-SaharanAfricaMauritius,root,70.5400009155273,69.5759963989258,69.0029983520508,68.6389999389648,68.17800140380861,67.4459991455078,66.0839996337891,64.90000152587889,64.0800018310547,63.560001373290994,63.106998443603494,62.50199890136721,60.4770011901855,58.0989990234375,55.443000793457,52.4630012512207,51.146999359130895,49.2299995422363,46.479000091552706,45.505001068115206,45.5060005187988,45.2999992370605,45.7509994506836,47.257999420165994,48.737998962402294,49.957000732421896,49.0530014038086,48.234001159668
root/Sub-SaharanAfricaMozambique,root,72.5830001831055,70.9059982299805,69.53500366210939,68.4759979248047,67.5830001831055,66.7099990844727,67.1179962158203,67.29299926757811,66.3140029907227,65.31900024414061,64.3249969482422,63.3549995422363,62.4059982299805,61.4679985046387,62.2389984130859,62.9580001831055,63.6339988708496,64.27200317382811,64.89199829101561,65.5149993896484,66.14499664306639,66.7789993286133,67.4029998779297,67.1279983520508,66.734001159668,66.2239990234375,65.75099945068361,66.0230026245117
root/Sub-SaharanAfricaNamibia,root,41.6059989929199,41.0019989013672,40.300998687744105,39.5540008544922,38.819999694824205,36.5379981994629,34.5379981994629,32.8349990844727,33.1339988708496,33.390998840331996,33.5849990844727,33.5250015258789,33.3880004882813,33.2120018005371,33.054000854492195,32.957000732421896,32.929000854492195,32.9410018920898,32.9970016479492,33.1059989929199,33.273998260498,33.562999725341804,33.9080009460449,34.2760009765625,34.620998382568395,34.2509994506836,34.0849990844727,34.2939987182617
root/Sub-SaharanAfricaNiger,root,80.8560028076172,80.95899963378909,80.8539962768555,80.6220016479492,80.3290023803711,80.01100158691409,80.09100341796879,80.13600158691409,80.1809997558594,80.2409973144531,80.3010025024414,80.8450012207031,81.2330017089844,81.5289993286133,81.78399658203129,82.01300048828129,82.44200134277341,82.786003112793,83.0589981079102,83.2590026855469,83.38600158691409,83.6129989624023,83.74400329589841,83.8010025024414,83.8059997558594,83.76499938964841,83.8109970092773,84.0189971923828
root/Sub-SaharanAfricaNigeria,root,43.073001861572294,42.9329986572266,42.5900001525879,42.0779991149902,41.4379997253418,40.7130012512207,40.486000061035206,40.1230010986328,39.6769981384277,39.2130012512207,38.773998260498,38.9109992980957,38.986000061035206,39.0260009765625,39.0470008850098,37.486000061035206,35.9589996337891,34.4620018005371,32.995998382568395,31.5639991760254,30.1679992675781,28.815000534057603,27.500999450683604,26.225999832153303,26.1569995880127,25.9860000610352,25.9099998474121,25.5769996643066
root/Sub-SaharanAfricaRwanda,root,89.197998046875,88.6480026245117,87.4120025634766,85.302001953125,82.5899963378906,80.1790008544922,79.5510025024414,79.8010025024414,80.7679977416992,81.6959991455078,82.0220031738281,81.5690002441406,80.6600036621094,79.4150009155273,78.31300354003909,77.734001159668,77.5500030517578,77.8769989013672,78.4779968261719,78.91600036621091,78.9540023803711,78.8310012817383,78.3030014038086,77.5,76.66200256347659,75.9280014038086,75.1699981689453,75.0500030517578
root/Sub-SaharanAfricaSaoTomeandPrincipe,root,60.8520011901855,60.1059989929199,58.358001708984396,56.244998931884794,54.7089996337891,54.1139984130859,53.8860015869141,54.6749992370605,55.931999206543,56.7849998474121,56.762001037597706,56.34700012207029,54.9710006713867,53.2120018005371,51.867000579834006,51.3219985961914,51.370998382568395,51.95500183105471,52.8129997253418,53.505001068115206,53.805999755859396,53.551998138427706,53.0900001525879,52.4160003662109,51.611000061035206,50.74800109863279,49.9099998474121,49.6520004272461
root/Sub-SaharanAfricaSenegal,root,63.433998107910206,63.146999359130895,62.818000793457,62.3950004577637,61.7849998474121,60.9449996948242,60.617000579834006,60.0309982299805,59.2599983215332,58.433998107910206,57.632999420165994,57.0699996948242,56.495998382568395,55.923000335693395,55.353000640869105,54.801998138427706,54.548999786377,54.1180000305176,53.6619987487793,53.193000793457,52.720001220703104,52.2560005187988,52.2140007019043,52.1450004577637,52.023998260498,51.82099914550779,51.6310005187988,51.3860015869141
root/Sub-SaharanAfricaSierraLeone,root,36.0390014648438,36.3279991149902,36.4609985351563,36.38100051879879,36.1319999694824,35.851001739502,35.9199981689453,35.728000640869105,35.4269981384277,35.2159996032715,35.279998779296896,35.502998352050795,35.5730018615723,35.564998626709,38.734001159668004,37.278999328613295,35.8419990539551,34.411998748779304,32.992000579834,31.5900001525879,30.216999053955103,28.8810005187988,27.5729999542236,26.2980003356934,25.065000534057603,24.4060001373291,23.783000946044897,23.506999969482397
root/Sub-SaharanAfricaSomalia,root,52.015998840332,52.0989990234375,52.201999664306605,52.3110008239746,52.3880004882813,52.430999755859396,52.4370002746582,52.4000015258789,52.3250007629395,52.2299995422363,52.109001159668,51.978000640869105,51.8170013427734,51.6580009460449,51.523998260498,51.430999755859396,51.390998840332,51.3950004577637,51.4249992370605,51.449001312255895,51.4370002746582,51.4070014953613,51.3419990539551,51.2830009460449,51.2770004272461,51.3440017700195,51.459999084472706,51.641998291015604
root/Sub-SaharanAfricaSouthAfrica,root,42.5019989013672,41.5330009460449,40.5530014038086,39.543998718261705,38.476001739502,37.3419990539551,36.4290008544922,35.486000061035206,34.5289993286133,33.5789985656738,32.652999877929695,32.041999816894496,31.4160003662109,30.788999557495103,31.489000320434602,32.193000793456996,32.8940010070801,33.6059989929199,34.5200004577637,31.635999679565398,29.455999374389602,28.0909996032715,28.2900009155273,28.211000442504897,27.841999053955103,29.4500007629395,29.070999145507802,28.7789993286133
root/Sub-SaharanAfricaSouthSudan,root,64.2259979248047,64.6330032348633,64.66400146484379,64.44899749755861,64.3570022583008,64.79799652099611,65.10800170898439,65.3730010986328,65.66000366210939,65.8199996948242,65.70700073242189,65.7779998779297,65.5100021362305,64.99900054931639,64.427001953125,63.925998687744105,63.641998291015604,63.345001220703104,63.0,62.513999938964794,61.827999114990206,61.4539985656738,60.9109992980957,60.242000579834006,59.520999908447294,58.7869987487793,58.3219985961914,58.1500015258789
root/Sub-SaharanAfricaSudan,root,49.4420013427734,48.7529983520508,48.0320014953613,47.2859992980957,46.523998260498,45.7560005187988,44.9809989929199,44.951999664306605,44.9280014038086,44.904998779296896,44.882999420165994,44.870998382568395,44.859001159668,44.8370018005371,44.7869987487793,44.70500183105471,44.566001892089794,44.3839988708496,44.181999206543,44.0,43.516998291015604,42.875,42.168998718261705,41.4020004272461,40.569999694824205,39.6879997253418,38.8819999694824,38.816001892089794
root/Sub-SaharanAfricaSwaziland,root,60.810001373290994,61.0330009460449,60.9809989929199,60.643001556396506,60.066001892089794,59.3050003051758,58.521999359130895,57.595001220703104,56.5009994506836,55.236000061035206,53.840999603271506,52.9739990234375,52.106998443603494,51.2939987182617,50.612998962402294,50.0989990234375,49.367000579834006,48.7509994506836,48.215999603271506,47.701000213623,47.1749992370605,46.7210006713867,46.20500183105471,45.66999816894529,45.1570014953613,44.673999786377,44.202999114990206,43.8479995727539
root/Sub-SaharanAfricaTanzania,root,68.22299957275389,68.234001159668,68.1330032348633,67.9410018920898,67.6559982299805,67.2610015869141,67.2399978637695,67.08200073242189,66.8280029296875,66.5589981079102,66.33599853515629,66.3089981079102,66.3860015869141,66.5309982299805,66.6669998168945,66.745002746582,66.89199829101561,66.879997253418,66.7779998779297,66.677001953125,66.61199951171879,66.6370010375977,69.44899749755861,72.1500015258789,74.7210006713867,74.5009994506836,74.2269973754883,74.4779968261719
root/Sub-SaharanAfricaTogo,root,72.2239990234375,72.2249984741211,71.9919967651367,71.5800018310547,71.0810012817383,70.5540008544922,69.57700347900389,68.5989990234375,67.620002746582,66.6169967651367,65.5930023193359,65.1869964599609,64.7610015869141,64.3369979858398,63.952999114990206,63.6339988708496,63.70500183105471,63.9990005493164,64.2710037231445,64.515998840332,64.7360000610352,64.9410018920898,64.78500366210939,64.5240020751953,64.13400268554689,63.603000640869105,63.0190010070801,63.051998138427706
root/Sub-SaharanAfricaUganda,root,56.5900001525879,57.324001312255895,57.3680000305176,57.4109992980957,57.4620018005371,57.521999359130895,57.5789985656738,57.6399993896484,57.701000213623,57.7649993896484,57.8310012817383,57.8979988098145,57.9650001525879,58.02799987792971,58.084999084472706,58.1360015869141,58.180999755859396,58.2179985046387,58.2560005187988,58.30400085449221,58.367000579834006,58.441001892089794,58.5250015258789,57.983001708984396,57.3429985046387,56.5989990234375,55.925998687744105,55.9799995422363
root/Sub-SaharanAfricaZambia,root,70.93800354003909,71.0240020751953,70.94200134277341,70.7429962158203,70.5009994506836,70.26300048828129,70.3040008544922,70.30999755859379,70.28399658203129,70.2089996337891,70.07900238037111,70.5690002441406,70.9229965209961,71.1760025024414,71.3539962768555,71.45899963378909,69.8369979858398,68.1630020141602,66.4329986572266,64.6460037231445,62.800998687744105,60.9189987182617,58.9869995117188,58.33000183105471,57.6160011291504,56.859001159668,56.207000732421896,55.898998260498
root/Sub-SaharanAfricaZimbabwe,root,61.4710006713867,61.1240005493164,60.7400016784668,60.306999206543,59.8129997253418,59.2610015869141,58.9080009460449,58.494998931884794,58.8400001525879,59.226001739502,63.5250015258789,67.875,72.1650009155273,76.2200012207031,79.9010009765625,79.86199951171879,79.822998046875,79.76300048828129,79.68800354003909,79.6070022583008,79.5270004272461,79.4580001831055,79.4710006713867,79.4990005493164,79.4899978637695,79.3949966430664,79.1719970703125,79.4049987792969
