root/EastAsia&Pacific,root,29.140540122985797,126.74839037656791,71.66327214241024,85.05409032106402,140.38731765747073,51.83327150344846,41.3212503194809,21.612749934196508,76.45335221290588,28.63636052608488,22.537719747982926,64.45306065678605,35.76150989532467,46.74790096282958,43.92643094062803,13.07362991571427,35.46703016757964,28.048729658126824,5.05050003528595,78.5022001266479,26.309269666671767,28.239110082387906,94.08895766735074,73.77078962326053,78.67305062711236,56.32628059387211,90.61693942546846,102.39962816238408,95.44698095321661,117.5047802925109,88.82550904899831,85.14990007877358,84.68782007694246,87.81705048680311,79.23819911479953,100.37616068124775,100.024449378252,88.09717133641249,101.20415012538433,88.71161881089213,66.48800006508827,43.763690769672436,90.91560935974124,82.88012957572933,123.21381855010995,136.82167908549306,117.35178053379062,0
root/EastAsia&Pacific/Australia,root/EastAsia&Pacific,0,3.670569896698,0,4.70506000518799,5.29014015197754,2.83486008644104,1.9638600349426298,0,0,0,0,0.29135999083519,1.32868003845215,2.49110007286072,4.216450214385991,3.9375400543212904,3.15016007423401,2.50743007659912,1.7801300287246697,1.67861998081207,2.19041991233826,2.7823500633239706,3.01413989067078,3.4483399391174303,3.73090004920959,5.1612401008606,4.62236022949219,4.83933019638062,4.51947021484375,4.54729986190796,4.32324981689453,4.40853023529053,4.37258005142212,3.71283006668091,3.43695998191834,3.09114003181458,3.0487899780273398,2.4468400478362997,2.4044198989868195,2.4861900806427,2.37038993835449,1.8136800527572599,1.9815399646759,2.16980004310608,2.47274994850159,2.44678997993469,2.8175599575042702,0
root/EastAsia&Pacific/BruneiDarussalam,root/EastAsia&Pacific,0,0,0,0,0,0,0,11.437620162963901,11.0247001647949,20.4677104949951,20.710849761962898,23.434289932251,24.9650897979736,23.6047306060791,22.7203903198242,0,19.829660415649396,0,0,0,0,10.921259880065902,8.17813968658447,4.529880046844481,4.77612018585205,1.8457100391387902,0,0,0,0,0,0,0,0,0,0,0,0,0,2.9235599040985094,0,0,3.6933000087737997,2.2818500995636,3.89948010444641,4.71779012680054,3.5543498992919904,0
root/EastAsia&Pacific/Cambodia,root/EastAsia&Pacific,0,0,0,0,0,0,0,0,0,0,0,0,0,0,0,0,0,0,0,0,0,0,0,0,0,0,0,23.698450088501,21.5182209014893,18.494770050048803,12.6987199783325,0,0,4.30511999130249,0,0,5.99868011474609,6.00457000732422,7.29222011566162,0,7.30718994140625,4.7817502021789595,4.91291999816895,0,5.98885011672974,3.4136300086975098,7.24702978134155,0
root/EastAsia&Pacific/China,root/EastAsia&Pacific,0,0,0,0,0,0,0,0,0,0,0,0,0,0,0,0,0,9.9011697769165,0,0,0,6.77645015716553,7.929840087890629,9.0667200088501,10.3574800491333,11.409020423889197,11.8951997756958,11.8187599182129,0,0,0,0,0,0,0,0,0,0,0,0,0,0,0,0,0,0,0,0
root/EastAsia&Pacific/Fiji,root/EastAsia&Pacific,0,0,0,0,0,0,0,0,0,0,0,0,0,0,0,0,0,0,0,0,0,0,3.31273007392883,0,2.8783700466156,4.21954011917114,7.095600128173831,6.66156005859375,5.42863988876343,5.4499201774597195,5.11289978027344,1.94065999984741,0,0.10084000229835499,0.667940020561218,0,0.472059994935989,0,0,0.379779994487762,0,0,0,1.54715001583099,0,1.6102499961853,0,0
root/EastAsia&Pacific/HongKongSARChina,root/EastAsia&Pacific,0,13.441060066223098,12.124839782714801,12.0053195953369,10.581780433654801,8.797750473022461,6.96372985839844,5.6224799156189,6.01928997039795,5.60572004318237,1.8211799860000601,2.2590000629425,2.3711600303649902,2.54969000816345,3.28666996955872,4.51427984237671,0,0,0,0,0,0,0,0,0,5.994080066680911,6.85131978988647,0,0,0,0,0,0,0,0,0,0,0,0,0,0,0,1.08059000968933,1.50933003425598,1.90084004402161,2.28056001663208,2.63050007820129,0
root/EastAsia&Pacific/Indonesia,root/EastAsia&Pacific,0,35.0223617553711,33.891021728515604,0,36.362888336181605,31.4157905578613,28.1905403137207,0,19.1371803283691,0,0,14.4919700622559,0,0,0,0,0,3.38936996459961,0,3.74097990989685,5.25204992294312,6.100460052490231,7.13591003417969,8.22984981536865,7.902490139007571,8.24199962615967,8.70631980895996,8.78413963317871,0,0,0,4.551819801330571,5.008790016174321,5.90276002883911,6.71095991134644,8.2254695892334,6.89818000793457,4.803709983825679,4.42227983474731,3.4206700325012203,1.32395994663239,0.19738000631332397,3.3231799602508505,6.36050987243652,8.57658958435059,0,10.839489936828599,0
root/EastAsia&Pacific/Japan,root/EastAsia&Pacific,0,0.38328999280929604,0.850780010223389,1.39766001701355,3.0977799892425497,2.06869006156921,1.22115004062653,0.8473299741745,1.3379499912262,1.13589000701904,0,0.49529999494552596,1.40488004684448,1.68910002708435,1.4629199504852302,0.521290004253387,0,0,0,0,0,0.474819988012314,0.778710007667542,0,0.238600000739098,0,0,0,1.74688994884491,2.0067400932312,2.0450499057769798,1.855260014534,1.0660599470138499,0.463750004768372,0,0,0,0,0,0,0.43988999724388106,0.58626002073288,0.8267599940299991,1.12244999408722,1.49351000785828,1.03641998767853,0,0
root/EastAsia&Pacific/Kiribati,root/EastAsia&Pacific,0,0,0,0,0,0,0,0,0,0,0,0,0,0,0,1.11882996559143,1.4651299715042099,5.23598003387451,0,1.59893000125885,0,0,0,0,0,0,0,0,0,0,0,0,0,0,0,0,0,0,0,0,0,0,0,0,0,0,0,0
root/EastAsia&Pacific/KoreaDemPeople’sRep,root/EastAsia&Pacific,0,0,0,0,0,0,0,0,0,0,0,0,0,0,0,0,0,0,0,0,0,0,0,0,0,0,0,0,0,0,0,0,0,0,0,0,0,0,0,3.3390700817108194,0,0,0,0,0,0,0,0
root/EastAsia&Pacific/KoreaRep,root/EastAsia&Pacific,0,5.877140045166019,3.86783003807068,4.53117990493774,4.7601599693298295,4.05247020721436,2.9819700717926003,3.7053198814392103,3.19983005523682,1.42703998088837,0.00569000001996756,0,0,0,0.636420011520386,1.1093000173568701,1.41322994232178,0.26175999641418496,0,0,0,0,0,0,0,0,0,0,0.45945000648498496,0,0.10316000133752802,1.51575994491577,1.9543700218200701,1.3514699935913101,1.6952600479126,0.573620021343231,0.5399600267410279,0.437830001115799,0.19281999766826605,0.313410013914108,0.6288999915122989,0.6666499972343439,2.16020011901855,5.04183006286621,4.8786501884460405,2.29785990715027,0,0
root/EastAsia&Pacific/LaoPDR,root/EastAsia&Pacific,0,0,0,0,0,0,0,0,0,0,0,0,0,0,0,0,0,0,0,0,0,0,46.291088104248,41.9269599914551,38.440460205078104,0,35.562309265136705,32.8778686523438,29.6264991760254,28.634840011596697,27.7559700012207,28.130479812622102,27.0286808013916,24.415210723877,23.1694393157959,21.658800125122102,20.1583003997803,17.284839630127,14.442620277404801,11.5088396072388,6.833270072937009,6.40529012680054,6.34385013580322,4.188129901885991,3.6136200428008998,4.96540021896362,6.01971006393433,0
root/EastAsia&Pacific/MacaoSARChina,root/EastAsia&Pacific,0,0,0,0,0,0,0,0,0,0,0,0,0,0,0,0,0,0,0,0,9.561869621276859,0,14.7950897216797,0,0,0,0,0,0,12.131319999694801,13.314849853515598,15.585080146789599,15.6324796676636,15.402210235595698,15.505009651184098,15.3017797470093,14.7117595672607,13.9521703720093,13.9150495529175,14.578009605407699,14.3497400283813,13.0460300445557,11.475700378417999,9.05681037902832,4.80460977554321,1.72321999073029,0.9584900140762329,0
root/EastAsia&Pacific/Malaysia,root/EastAsia&Pacific,16.7739105224609,15.932970046997099,14.964150428772,0,0,0,0,0,0,0,0,0,0,0,0,0,0,0,0,0,0,0,0,0,2.5321199893951403,0,0,0,4.4959402084350595,5.145689964294429,1.5205899477004998,2.183109998703,3.47031998634338,2.9712400436401403,0.593930006027222,0.267120003700256,3.05128002166748,3.6282300949096697,4.34185981750488,2.19308996200562,3.18317008018494,1.8217200040817298,0.522790014743805,0,0,0.36502000689506503,1.19948995113373,0
root/EastAsia&Pacific/MarshallIslands,root/EastAsia&Pacific,0,0,0,0,0,0,0,0,0,0,0,0,0,0,0,0,0,0,0,0,0,0,0,0,0,0,0,0,0,0,0,0,2.59373998641968,0,0,0,0,0,0,0,0,0,0,0,0,19.241569519043,18.844280242919897,0
root/EastAsia&Pacific/MicronesiaFedSts,root/EastAsia&Pacific,0,0,0,0,0,0,0,0,0,0,0,0,0,0,0,0,0,0,0,0,0,0,0,0,0,0,0,0,0,0,0,0,0,0,0,0,0,0,0,0,0,0,0,0,11.7030296325684,14.607069969177198,0,0
root/EastAsia&Pacific/Mongolia,root/EastAsia&Pacific,0,0,0,0,0,0,0,0,0,0,0,0,0,0,0,0,0,0,0,0,0,0,0,0,0,18.0897102355957,14.766460418701199,13.719519615173303,9.83057022094727,8.36005973815918,6.138229846954349,4.51428985595703,5.81684017181396,13.4571695327759,7.13920021057129,6.92391014099121,1.8357800245285,2.13422989845276,2.10015988349915,3.83752989768982,2.9690599441528303,2.5857300758361803,3.16849994659424,5.514379978179929,4.83854007720947,2.9982500076293905,1.9144099950790399,0
root/EastAsia&Pacific/Myanmar,root/EastAsia&Pacific,0,39.830348968505895,0,33.5974617004395,41.0645790100098,0,0,0,35.734401702880895,0,0,0,0,0,0,0,0,0,0,0,0,0,0,0,0,0,0,0,0,0,8.8267297744751,7.5228099822998,9.05881977081299,7.07292985916138,8.53477001190186,8.47399044036865,9.37051963806152,3.0244400501251203,8.64500999450684,10.6656799316406,10.927490234375,0,0,0,0,0,0,0
root/EastAsia&Pacific/Nauru,root/EastAsia&Pacific,0,0,0,0,0,0,0,0,0,0,0,0,0,0,0,0,0,0,0,0,0,0,0,0,0,0,0,0,0,0,0,0,0,0,0,0,0,0,0,0,0,0,21.770679473877,0,14.939430236816401,0,14.232669830322301,0
root/EastAsia&Pacific/NewZealand,root/EastAsia&Pacific,0,0,0,0.5406699776649481,0.857270002365112,0,0,0,0,0,0,0,0,1.985759973526,0,0,0,0,0,0,0,1.1837699413299598,2.6533100605011,0,2.8204801082611097,1.3649799823761002,1.1173700094223,0,0.54695999622345,0,0,0,0,0,0,0,0,0,0,0,0,0,0,1.86230003833771,2.3181099891662598,1.9690899848938,1.08212995529175,0
root/EastAsia&Pacific/PapuaNewGuinea,root/EastAsia&Pacific,0,0,0,0,0,0,0,0,0,0,0,0,0,0,0,0,0,0,0,43.858551025390604,0,0,0,0,0,0,0,0,0,0,0,0,0,0,0,0,0,0,0,0,0,0,18.428119659423803,0,0,0,0,0
root/EastAsia&Pacific/Philippines,root/EastAsia&Pacific,0,0,0,0,0,0,0,0,0,0,0,7.30295991897583,5.6916999816894505,7.4084300994873,11.6035804748535,0,6.12517976760864,6.7530198097229,3.2703700065612797,1.79214000701904,2.45819997787476,0,0,0,0,0,0,0,9.80459022521973,10.751600265502901,0,9.55420017242432,8.68513965606689,8.66152000427246,9.13516998291016,9.88261032104492,11.520509719848599,11.2871503829956,9.96897983551025,8.02511024475098,0,0,0,1.3179999589920002,0,3.05855989456177,0,0
root/EastAsia&Pacific/Samoa,root/EastAsia&Pacific,0,0,0,0,0,0,0,0,0,0,0,0,0,0,0,0,0,0,0,0,0,0,0,0,4.9960298538208,0,0,0,0.5517799854278559,6.870850086212161,6.98606014251709,3.38790011405945,0,0,0,0,0,0,0,0,2.89762997627258,3.8403899669647203,2.5626199245452903,0,1.9046299457550002,2.0720100402832,2.2568299770355202,0
root/EastAsia&Pacific/SolomonIslands,root/EastAsia&Pacific,0,0,0,0,0,0,0,0,0,0,0,0,0,0,0,0,0,0,0,0,0,0,0,0,0,0,0,0,0,0,0,0,0,0,0,25.977720260620103,20.475299835205103,20.7366008758545,0,0,0,0,0,29.026479721069304,30.036579132080103,29.266109466552702,27.1094608306885,0
root/EastAsia&Pacific/Thailand,root/EastAsia&Pacific,0,0,0,28.2767391204834,27.414649963378896,0,0,0,0,0,0,0,0,0,0,0,0,0,0,0,0,0,0,0,0,0,0,0,0,0,0,0,0,0,0,0,1.9433300495147698,2.35655999183655,2.83275008201599,2.2088999748230003,0,0,0,0,9.18027019500732,13.3013296127319,0,0
root/EastAsia&Pacific/TimorLeste,root/EastAsia&Pacific,0,0,0,0,0,0,0,0,0,0,0,0,0,0,0,0,0,0,0,0,0,0,0,0,0,0,0,0,0,0,0,0,0,0,0,0,0,0,30.6459808349609,22.8317794799805,13.257309913635302,8.018810272216799,8.66485977172852,9.32553958892822,10.664329528808599,13.4254703521729,16.645380020141598,0
root/EastAsia&Pacific/Tonga,root/EastAsia&Pacific,12.3666296005249,12.5906496047974,5.9646501541137695,0,10.9580698013306,2.66371011734009,0,0,0,0,0,0,0,7.0190901756286594,0,1.8723900318145799,3.4836699962616002,0,0,0,6.8467302322387695,0,0,6.569039821624759,0,0,0,0,6.91797018051147,12.0895900726318,0,0,0,0,0,0,0,0,0,0,0,0,0,2.55556988716125,0,0,0,0
root/EastAsia&Pacific/Vanuatu,root/EastAsia&Pacific,0,0,0,0,0,0,0,0,0,0,0,16.1781806945801,0,0,0,0,0,0,0,25.832979202270497,0,0,0,0,0,0,0,0,0,3.0220999717712402,0,0,0,0,2.64955997467041,0,0,0,0,0,0,0,0,0,0,12.025279998779302,0,0
root/Europe&CentralAsia,root,0,48.87327921390529,59.208641052246065,69.96184110641472,89.74807071685787,59.41321921348572,68.3900201981887,92.9631105586887,87.55132108926779,53.92014056444167,59.0719295740128,107.69328927993776,110.67638015747073,115.29720056056983,104.11631099134678,93.6954799890518,110.6395192146301,102.43961906433111,86.83269965648645,72.30458909273146,63.871718466281806,72.65467116236687,81.31805121898654,90.58212053775794,112.71400058269491,142.29671007394802,134.31690984964362,120.05986166000369,64.38605074584488,87.73596088029441,92.16163104772569,91.90126995928588,97.139999948442,127.52803912758827,128.664520740509,148.6558796539902,157.0654107257724,147.875631570816,141.51346021890643,158.19365954399112,137.66310862172392,138.89080990850925,136.80198013782504,111.2137308344245,117.18659940361978,125.91468972712752,76.15361022204162,4.493589986115699
root/Europe&CentralAsia/Albania,root/Europe&CentralAsia,0,0,0,0,0,0,0,0,0,0,0,0,0,0,0,0,0,0,0,0,0,0,0,0,0,0,0,0,0,4.09346008300781,4.82475996017456,5.83908987045288,0,8.17516994476318,8.41979026794434,0,0,0,13.040220260620101,14.756319999694801,13.953289985656701,12.9662504196167,9.96146011352539,6.07421016693115,4.07290983200073,5.143380165100099,4.93106985092163,0
root/Europe&CentralAsia/Armenia,root/Europe&CentralAsia,0,0,0,0,0,0,0,0,0,0,0,0,0,0,0,0,0,0,0,0,0,0,0,0,0,0,0,0,0,0,0,0,12.269709587097198,14.2218904495239,0,10.3020801544189,6.6480398178100595,1.6080499887466397,0,0,0,0,0,0,0,6.603149890899661,7.4073600769042995,0
root/Europe&CentralAsia/Austria,root/Europe&CentralAsia,0,0,0,0,0,0,0,0,0,0,0,0,0,0,0,0,0,0,0,5.26802015304565,0,0,0,0,0,0,0,0,0,0,0,0,0,0,0,0,0,0,0,0,0,0,0,0,0,0,0,0
root/Europe&CentralAsia/Azerbaijan,root/Europe&CentralAsia,0,0,0,0,0,0,0,0,0,0,0,0,0,0,0,0,0,0,0,0,0,5.21916007995605,4.55325984954834,6.23061990737915,18.5511302947998,9.590229988098141,2.63382005691528,10.819129943847699,12.1335601806641,7.81863021850586,11.9895601272583,15.2012395858765,16.1174907684326,19.1301193237305,17.318180084228498,18.484149932861303,19.153240203857397,16.8731307983398,16.359790802002,15.3007097244263,15.906029701232901,14.034569740295401,11.893190383911099,8.173460006713869,6.05706977844238,7.03706979751587,5.97075986862183,0
root/Europe&CentralAsia/Belarus,root/Europe&CentralAsia,0,0,0,0,0,0,0,0,0,0,0,0,0,0,0,0,0,0,0,0,0,0,0,0,0,14.286700248718299,0,0,0,0,0,0,0,0,0,0,0,0,0,8.36814022064209,8.69808959960938,9.02970027923584,5.68567991256714,5.909570217132571,6.4191198348999,4.48556995391846,3.44824004173279,0
root/Europe&CentralAsia/Belgium,root/Europe&CentralAsia,0,0,0,0,0,0,0,3.5787301063537598,0,2.08400988578796,1.5522600412368799,2.49550008773804,2.61834001541138,5.28894996643066,5.862170219421389,6.21543979644775,4.86676979064941,3.2758998870849596,1.9561400413513201,0,0,2.07161998748779,3.6502799987793,2.02585005760193,2.7261800765991198,2.78133988380432,2.3365700244903596,0,0,0.7732999920845028,0.637809991836548,0.690530002117157,0.927909970283508,1.9686599969863898,3.38631010055542,3.7878999710082994,3.57411003112793,2.5381700992584197,1.9395099878311202,2.0535900592804,2.26711988449097,2.13122010231018,1.86731004714966,1.83574998378754,2.012619972229,1.66103005409241,0,0
root/Europe&CentralAsia/Bulgaria,root/Europe&CentralAsia,0,0,0,0,0,0,0,0,0,0,0,0,0,0,0,0,0,0,0,0,0,0,0,0,0,0,7.27673006057739,5.80368995666504,3.99464011192322,3.26549005508423,3.72177004814148,3.68375992774963,4.262629985809331,3.8001399040222203,3.08911991119385,4.28056001663208,3.53730010986328,0.68902999162674,0.232020005583763,0.27142000198364297,0.264059990644455,0.255690008401871,2.16055989265442,3.60595011711121,3.96956992149353,5.27509021759033,7.03937005996704,0
root/Europe&CentralAsia/Croatia,root/Europe&CentralAsia,0,0,0,0,0,0,0,0,0,0,0,0,0,0,0,0,0,0,0,0,0,0,0,0,0,0,0,0,16.248680114746097,7.61982011795044,6.30900001525879,4.22442007064819,2.05489993095398,0,0,0.0791499987244606,0.165439993143082,0.11223000288009599,1.39584004878998,8.15213966369629,4.07023000717163,1.82778000831604,0.338919997215271,0.341159999370575,0.34171000123024003,0.34411001205444297,0.573140025138855,0
root/Europe&CentralAsia/Cyprus,root/Europe&CentralAsia,0,20.4264698028564,21.7848205566406,21.959880828857397,22.911649703979503,29.0091495513916,31.2221698760986,31.886529922485398,30.9810009002686,30.004470825195302,30.782579421997102,28.4821605682373,31.5645599365234,31.9448394775391,31.901170730590803,31.0480308532715,26.4970302581787,22.513170242309602,21.239839553833,21.0475692749023,21.2195892333984,20.849290847778303,22.800790786743196,2.33119010925293,3.22094011306763,3.8685300350189196,4.14282989501953,3.62397003173828,0,2.04864001274109,1.59502995014191,2.18323993682861,1.2191300392150901,1.18019998073578,1.30563998222351,0.2535699903965,0.48306998610496504,0.75805002450943,1.33024001121521,1.15314996242523,0.535189986228943,0.757099986076355,1.6543999910354599,2.06695008277893,2.20739006996155,1.8408900499343899,0,0
root/Europe&CentralAsia/Denmark,root/Europe&CentralAsia,0,0,0,0,0,0,0,0,0,0,0,4.40713977813721,3.5984299182891806,1.84247004985809,1.07157003879547,0.974370002746582,1.37249004840851,1.01209998130798,0.8492799997329709,2.05165004730225,2.1587700843811004,1.6838300228118899,2.66251993179321,3.16741991043091,1.42139005661011,1.55253005027771,1.91009998321533,0,0,1.7092700004577601,1.2960599660873402,0,0,0,1.14757001399994,3.1836700439453103,2.71882009506226,2.13632011413574,2.30494999885559,2.40998005867004,2.64582991600037,1.65779995918274,1.24205994606018,0.9507499933242801,1.2624900341033898,1.0379999876022301,0.62651002407074,0
root/Europe&CentralAsia/Estonia,root/Europe&CentralAsia,0,0,0,0,0,0,0,0,0,0,0,0,0,0,0,0,0,0,0,0,0,0,0,0,0,13.9243001937866,10.091139793396,0,0,0.0163000002503395,0.0220400001853704,0.023310000076890002,0,1.93786001205444,2.87175011634827,3.4797899723052996,4.219659805297851,3.03896999359131,3.8238298892974902,4.31943988800049,1.3919800519943202,0.230110004544258,0.187049999833107,1.7791600227356001,5.42208003997803,5.7245998382568395,0,0
root/Europe&CentralAsia/Finland,root/Europe&CentralAsia,0,0,0,0,0,0,0,0,0,0,0,0,0,0,0,0,0,0,0,0,0,0,0,1.28422999382019,1.2920800447464,1.63872003555298,1.33022999763489,1.2097100019454998,0.65828001499176,0,0,0.174470007419586,0.577589988708496,1.3738499879837,2.3392300605773904,2.5821299552917503,2.96696996688843,2.3886699676513703,2.1377899646759,1.9386500120163,1.6469299793243402,1.43854999542236,0.9156000018119809,0.836920022964478,0.387129992246628,0.752179980278015,0.77113002538681,0
root/Europe&CentralAsia/France,root/Europe&CentralAsia,0,1.9480799436569198,1.78972005844116,0,0,0,0,0,0,0,0,0,1.37818002700806,3.44621992111206,0,4.32609987258911,1.7976900339126598,0,0,0,0,0,0.37117999792099,1.9251999855041497,2.22214007377625,1.2866899967193601,0.29831999540328996,0.32747000455856295,0,0.17721000313758897,0.192890003323555,0.22879000008106198,0.23849000036716503,0.419800013303757,0.6874200105667111,0.6157799959182739,0.786050021648407,0.715070009231567,0.716480016708374,0.5586100220680239,0.5254200100898739,0.535440027713776,0.5328099727630621,0.363240003585815,0.34740000963211104,0.351559996604919,0,0
root/Europe&CentralAsia/Georgia,root/Europe&CentralAsia,0,0,0,0,0,0,0,0,0,0,0,0,0,0,0,0,0,0,0,0,0,0,0,0,0,17.7106399536133,16.750150680542,16.5059509277344,0,0,0,0,0,0,14.6399698257446,14.9097003936768,11.554780006408699,7.4344601631164595,5.068170070648191,5.2211599349975595,0,3.43633008003235,2.4078600406646697,0,0,0,0,0
root/Europe&CentralAsia/Germany,root/Europe&CentralAsia,0,0,0,0,0,0,0,0,0,0,0,0,0,0,0,0,0,0,0,0,0,0,0,0,0,0,0,0,0,0,0,0,0.208749994635582,0.24651999771595,0,0,0,0,0,0,0,0,0,0,0,0,0,0
root/Europe&CentralAsia/Greece,root/Europe&CentralAsia,0,8.11569976806641,7.486670017242429,6.177710056304929,4.425360202789309,3.85970997810364,3.40568995475769,3.8828198909759504,4.64266014099121,5.8725700378417995,7.89875984191895,6.17201995849609,6.14831018447876,5.25589990615845,5.35001993179321,5.50788021087646,6.42874002456665,8.855039596557619,8.0354700088501,8.62555027008057,9.1431999206543,9.36357021331787,10.8620100021362,12.835320472717301,13.5545101165771,11.424920082092301,12.836910247802699,12.3877601623535,5.62828016281128,5.1540699005127,4.01380014419556,5.20086002349854,5.40197992324829,5.459980010986331,6.42242002487183,7.389480113983151,8.06260013580322,7.9900598526001,0,0,6.79020023345947,6.45500993728638,6.15494012832642,6.65749979019165,7.7007098197937,6.653069972991941,0,0
root/Europe&CentralAsia/Hungary,root/Europe&CentralAsia,0,0,0,0,0,0,0,0,0,0,0,0,0,0,0,0,0,0,0,0,0,0,0,0,0,0,22.6931991577148,13.751350402832001,3.87667989730835,3.8499300479888903,3.31556010246277,2.89316010475159,2.76203989982605,4.01392984390259,4.36112022399902,3.78216004371643,3.0367801189422594,3.85915994644165,2.91217994689941,2.1678700447082497,2.28831005096436,2.95551991462708,3.42754006385803,3.78677010536194,3.59165000915527,3.45458006858826,3.01108002662659,0
root/Europe&CentralAsia/Iceland,root/Europe&CentralAsia,0,0,0,0,0,0,0,0,0,0,0,0,0,0,0,0,0,0,0,0,0,0,0,0,2.67457008361816,0,1.5590499639511102,1.13872003555298,0.8050600290298459,0,0,0,0,2.66650009155273,4.50719976425171,4.32516002655029,3.1174299716949503,1.5018999576568601,0.39965000748634294,0,0.41708999872207597,1.02269995212555,1.54712998867035,2.18357992172241,2.21909999847412,1.37665998935699,0,0
root/Europe&CentralAsia/Ireland,root/Europe&CentralAsia,0,4.59362983703613,6.028480052948001,5.79329013824463,6.440959930419919,5.61502981185913,4.61963987350464,3.90134000778198,3.4722599983215297,4.42331981658936,6.248600006103519,8.87998962402344,11.634340286254899,13.4839401245117,0,0,14.42689037323,13.659919738769501,12.556520462036099,11.758810043334998,11.144080162048303,11.786069869995101,12.696180343627901,12.9744300842285,12.824179649353,12.508939743042,11.7216796875,0,0.366299986839294,0,0,0,0,0,0,0,0,0,0,0,0.0106399999931455,1.00932002067566,0.18328000605106398,0.390749990940094,0.38299000263214095,0,0,0
root/Europe&CentralAsia/Italy,root/Europe&CentralAsia,0,0,0,0,0,0,0.9527999758720401,0,0,0.54695999622345,0,0,0,0,0,0.876659989356995,0,0,0,0,0,0,0,0,0,0,2.2683699131012003,1.2293100357055702,0,0,0.278450012207031,0.45730999112129206,0.541040003299713,0.6894599795341488,0.8204500079154972,1.12542998790741,1.26242995262146,1.37892997264862,1.46226000785828,1.34581005573273,1.16454994678497,1.51955997943878,1.0479199886322,0.797100007534027,0.9346600174903871,1.13794004917145,0,0
root/Europe&CentralAsia/Kazakhstan,root/Europe&CentralAsia,0,0,0,0,0,0,0,0,0,0,0,0,0,0,0,0,0,0,0,0,0,0,0,0,0,0,0,0,0,0,5.747920036315921,3.19923996925354,2.0865499973297097,1.53816998004913,1.37259995937347,1.1642600297927899,2.03196001052856,2.46560001373291,0.939480006694794,0.39515000581741294,0,0.32765999436378496,0.34082001447677596,0.365000009536743,0.401380002498627,0.0743099972605705,0.0831800028681755,0.0620700009167194
root/Europe&CentralAsia/KyrgyzRepublic,root/Europe&CentralAsia,0,0,0,0,0,0,0,0,0,0,0,0,0,0,0,0,0,0,0,0,0,0,0,0,0,0,9.53960037231445,0,0,6.69153022766113,7.32306003570557,6.8909602165222195,6.9264202117919895,7.07193994522095,1.94483995437622,4.45867013931274,3.49711990356445,4.40453004837036,4.98077011108398,5.498300075531009,5.09610986709595,5.17678022384644,1.94354999065399,2.00146007537842,2.2392001152038596,2.2520999908447297,1.8671699762344398,0
root/Europe&CentralAsia/Latvia,root/Europe&CentralAsia,0,0,0,0,0,0,0,0,0,0,0,0,0,0,0,0,0,0,0,0,0,0,0,0,0,0,0,0,0,4.65010023117065,0,0,0,0,0,0,0,0,1.13985002040863,1.2223700284957901,0.872730016708374,1.0022599697113,1.1177099943161,2.39249992370605,4.52820014953613,4.27308988571167,0,0
root/Europe&CentralAsia/Liechtenstein,root/Europe&CentralAsia,0,0,0,0,0,0,0,0,0,0,0,0,0,0,0,0,0,0,0,0,0,0,0,0,0,0,0,0,0,0,0,0,0,0,0,0,0,0,0,0,0,0,0,0,1.93340003490448,0,0,0
root/Europe&CentralAsia/Lithuania,root/Europe&CentralAsia,0,0,0,0,0,0,0,0,0,0,0,0,0,0,0,0,0,0,0,0,0,0,0,0,0,0,0,0,3.8356199264526403,3.5376598834991495,1.95601999759674,1.95222997665405,3.9712200164794904,6.60002994537354,9.231260299682619,8.55663967132568,6.18015003204346,2.9115400314331095,1.0700999498367298,0.7569400072097779,0.6497399806976321,1.8784099817276,1.9604599475860602,1.46139001846313,0.256469994783401,0.13286000490188601,0.121040001511574,0
root/Europe&CentralAsia/Luxembourg,root/Europe&CentralAsia,0,0,8.192990303039549,9.03958034515381,7.4351100921630895,8.381899833679201,8.70285034179688,8.52770042419434,9.0390100479126,0,0,20.9857292175293,14.9481296539307,16.7814807891846,17.8398399353027,0,17.611219406127898,20.5645503997803,13.863260269165002,0,0,0,0,0,0,0,0,0,0,1.6001600027084397,1.77388000488281,2.9716401100158705,2.8391499519348105,3.8461499214172403,3.14113998413086,1.73085999488831,1.18698000907898,1.1913800239563,1.7858200073242199,0,3.8311998844146697,4.33347988128662,3.94079995155334,3.88751006126404,3.8309400081634504,2.00305008888245,0,0
root/Europe&CentralAsia/MacedoniaFYR,root/Europe&CentralAsia,0,0,0,0,0,0,0,0,0,0,0,0,0,0,0,0,0,0,0,0,0,0,0,0,0,0,0,0,9.92168045043945,10.2178802490234,5.15564012527466,5.6814899444580105,6.4503698348999,7.817279815673831,7.8523998260498,7.97772979736328,9.093870162963869,9.40956020355225,9.66281986236572,8.64116954803467,5.18948984146118,0,10.9038696289063,11.8369197845459,11.2555503845215,8.460390090942381,0,0
root/Europe&CentralAsia/Moldova,root/Europe&CentralAsia,0,0,0,0,0,0,0,0,0,0,0,0,0,0,0,0,0,0,0,0,0,0,0,0,0,0,0,0,0,0,7.91691017150879,5.5801701545715305,4.258689880371089,3.7743399143219,3.4924299716949503,6.7263298034667995,9.14478969573975,10.3140602111816,10.043399810791,10.4837303161621,9.85505962371826,9.780229568481449,9.544440269470211,9.38475036621094,10.0606098175049,10.3135595321655,0,0
root/Europe&CentralAsia/Montenegro,root/Europe&CentralAsia,0,0,0,0,0,0,0,0,0,0,0,0,0,0,0,0,0,0,0,0,0,0,0,0,0,0,0,0,0,0,0,0,0,2.6714301109313996,0,2.16245007514954,2.0797700881958003,4.11545991897583,4.31183004379272,0,0,8.00909996032715,3.06603002548218,0,0,5.37162017822266,7.5129499435424805,0
root/Europe&CentralAsia/Netherlands,root/Europe&CentralAsia,0,6.226880073547361,6.92674016952515,7.4175100326538095,8.220950126647951,8.350560188293459,7.35303020477295,6.866519927978519,6.32345008850098,5.64181995391846,5.47938013076782,5.993750095367429,7.967979907989499,9.871649742126461,11.179070472717301,11.7278995513916,6.47561979293823,4.493080139160161,2.8241400718689,2.1698899269104,2.2260799407958998,2.97045993804932,4.38733005523682,4.57617998123169,1.21376001834869,0.957040011882782,0.87133002281189,0.599749982357025,0,1.07313001155853,0.984969973564148,0,0,1.6658600568771398,2.3624498844146697,2.3217499256134,1.8827699422836297,0.8680899739265441,0,0,0,0,0.690670013427734,0,0,2.78218007087708,1.8259400129318202,0
root/Europe&CentralAsia/Norway,root/Europe&CentralAsia,0,0,0,0,0,0,0.0100899999961257,0,0.7158100008964542,0.934080004692078,0,1.4156999588012702,1.63517999649048,0,2.3933100700378396,3.4853100776672403,3.57805991172791,2.76413989067078,2.40048003196716,1.3480099439621,0.21502000093460102,0,0.29534998536109897,1.14917004108429,1.53260004520416,1.8469599485397301,1.6927599906921398,15.6597099304199,0.168200001120567,0.295980006456375,0.163450002670288,0.150979995727539,0.143270000815392,0.108850002288818,0.5604000091552729,1.33822000026703,1.07039999961853,0.8488399982452389,0.602580010890961,0.683059990406036,0.7642899751663209,0.493229985237122,0.0987299978733063,0.196290001273155,0.21313999593257896,0.37966001033783003,0.30899998545646695,0
root/Europe&CentralAsia/Poland,root/Europe&CentralAsia,0,0,0,0,0,0,0,0,0,0,0,0,0,0,0,0,0,0,0,0,0,0,0,0,0,0,0,0,0,2.98496007919312,3.26478004455566,3.4267399311065696,4.31120014190674,5.18175983428955,5.97770023345947,6.57045984268188,6.513689994812009,6.42041015625,6.36951017379761,5.695419788360599,5.20941019058228,5.15772008895874,4.62969017028809,4.28564977645874,4.617519855499269,4.80975008010864,4.30842018127441,0
root/Europe&CentralAsia/Portugal,root/Europe&CentralAsia,0,0,0,12.423219680786099,12.5373201370239,0,8.14741992950439,7.20125007629395,4.66839981079102,0,4.97895002365112,4.3650197982788095,0,0,0.0791499987244606,0,0,0,0,0,0,1.5717699527740498,0,0,2.5341100692749,0,0,0,0,0,0,0,0,0,0,1.02857995033264,1.34931004047394,0,0,0.492190003395081,0.38918000459671004,1.02927005290985,0.8960000276565551,0.9760800004005429,2.01706004142761,3.02397990226746,3.80450010299683,0
root/Europe&CentralAsia/Romania,root/Europe&CentralAsia,0,0,0,0,0,0,0,0,0,0,0,0,0,0,0,0,0,0,0,0,0,0,0,26.2199401855469,18.02121925354,12.2193698883057,9.653829574584961,8.761670112609862,4.382319927215581,6.99716997146606,7.48188018798828,8.20394039154053,5.94892978668213,2.9640998840332,1.2034200429916397,2.62476992607117,4.80826997756958,5.05083990097046,5.60168981552124,5.72326993942261,6.41165018081665,7.10988998413086,8.35420989990234,0,0,9.22910976409912,9.90415000915527,0
root/Europe&CentralAsia/RussianFederation,root/Europe&CentralAsia,0,0,0,0,0,0,0,0,0,0,0,0,0,0,0,0,0,0,0,0,0,0,0,0,3.1480700969696005,6.55728006362915,0,0,0,0,0,0,0,0,0,0,6.3778800964355495,5.7664899826049805,4.6425199508667,3.0020799636840803,0,2.14793992042542,2.0335099697113,1.87638998031616,2.99324989318848,1.83551001548767,1.82696998119354,0
root/Europe&CentralAsia/SanMarino,root/Europe&CentralAsia,0,0,0,0,0,0,0,0,0,0,0,0,0,0,0,0,0,0,0,0,0,0,0,0,0,0,0,0,0,0,0,0,0,0,0,0,0,0,0,7.0263500213623,0,0,7.0967698097229,0,0,0,0,0
root/Europe&CentralAsia/Serbia,root/Europe&CentralAsia,0,0,0,0,0,0,0,0,0,0,0,0,0,0,0,0,0,0,0,0,0,0,0,0,0,0,0,0,0,0,0,0,0,0,0,0,0.11039999872446099,1.71063005924225,2.08449006080627,4.323369979858399,5.6246600151062,2.7429499626159703,3.6370499134063703,3.30976009368896,1.1332499980926498,0.697040021419525,0.7791900038719181,0
root/Europe&CentralAsia/Slovenia,root/Europe&CentralAsia,0,0,0,0,0,0,0,0,0,0,0,0,0,0,0,0,0,0,0,0,0,0,0,0,0,7.07765007019043,5.3684201240539595,4.938350200653081,2.21326994895935,3.5653700828552206,3.26153993606567,4.00182008743286,3.1606900691986097,2.35443997383118,0.230409994721413,1.6903400421142598,2.2605400085449197,2.4123899936676003,2.2445299625396697,2.23601007461548,2.2278499603271498,1.80339002609253,1.1399099826812702,1.6426600217819198,1.8242000341415399,1.36765003204346,0,0
root/Europe&CentralAsia/Spain,root/Europe&CentralAsia,0,5.6620597839355495,4.12423992156982,3.34915995597839,0,0,0,0.0717199966311455,1.2593799829483001,0.968529999256134,0,0,0,0,0,0,0,0,1.56695997714996,0.896730005741119,1.1073199510574299,0,0.494890004396439,0,0,0,0,0,0,0.0874300003051758,0.0151199996471405,0.066370002925396,0.0590599998831749,0.0957899987697601,0.17452000081539198,0.484389990568161,0.37433999776840204,0.149489998817444,0.0687000006437302,0.0855000019073486,0.160219997167587,0.15634000301361098,0.136979997158051,0.645609974861145,1.28919005393982,0.907630026340485,1.3992600440978997,0
root/Europe&CentralAsia/Sweden,root/Europe&CentralAsia,0,0,0,0,0,0,0,0,0,0,0,0,3.6632900238037096,0,0,0,0,1.94403004646301,1.5852700471878098,1.24202001094818,0.45671999454498297,0.162499994039536,0,0,0,0,0,0,0,0,0.8973399996757511,0,0.691950023174286,1.22277998924255,3.3981499671936,4.79383993148804,5.05211019515991,3.90972995758057,1.8831299543380702,0.970000028610229,0.946919977664948,0.7592099905014041,0.499619990587235,0.242719992995262,0.172179996967316,0.32741001248359697,0,0
root/Europe&CentralAsia/Switzerland,root/Europe&CentralAsia,0,0,0,0,0,0,0,23.371290206909197,22.8676700592041,0,0,22.277250289917003,22.389530181884798,22.579820632934602,22.9941596984863,23.148189544677702,22.7844295501709,21.4993591308594,19.747999191284197,17.8963394165039,16.2009391784668,15.355170249939,15.309800148010302,15.862569808960002,16.626050949096697,11.387530326843299,9.34187030792236,0,0,0.306679993867874,0.30252000689506503,0.241909995675087,0.215639993548393,0.185159996151924,0.861869990825653,1.6963200569152799,2.10402989387512,1.9439400434493999,1.1680799722671498,0.7242500185966491,0.6823300123214721,0.48004001379013106,0.390639990568161,0.11048000305891,0.12217999994754801,0.140939995646477,0.181649997830391,0
root/Europe&CentralAsia/Tajikistan,root/Europe&CentralAsia,0,0,0,0,0,0,0,0,0,0,0,0,0,0,0,0,0,0,0,0,0,0,0,0,0,0,0,0,0,0,7.70310020446777,8.73359966278076,5.66214990615845,5.2700400352478,4.479010105133059,4.53928995132446,5.25639009475708,5.86393022537231,3.64569997787476,3.1207799911499,2.7977499961852996,3.2313001155853303,2.88352990150452,3.43123006820679,4.80041980743408,5.554009914398191,5.24128007888794,2.1542201042175297
root/Europe&CentralAsia/Turkey,root/Europe&CentralAsia,0,0,0,0,23.5592403411865,0,0,0,0,0,0,0,0,0,0,0,0,0,0,0,0,0,0,0,11.1510696411133,11.677339553833,0,23.303319931030302,0,9.17920970916748,0,0,0,0,0,0,3.80192995071411,2.91268992424011,3.42429995536804,5.512030124664309,4.635069847106929,5.41767978668213,6.74340009689331,7.0594601631164595,5.66774988174438,5.49312019348145,0,0
root/Europe&CentralAsia/Ukraine,root/Europe&CentralAsia,0,0,0,0,0,0,0,0,0,0,0,0,0,0,0,0,0,0,0,0,0,0,0,0,0,0,0,0,0,0,0,0,3.6503100395202597,9.87584018707275,10.460430145263699,10.2102699279785,11.4121704101563,11.931010246276902,12.0295000076294,11.6488199234009,8.94874954223633,6.53234004974365,5.36274003982544,4.90791988372803,6.2627701759338406,0,0,0
root/Europe&CentralAsia/UnitedKingdom,root/Europe&CentralAsia,0,1.90046000480652,2.8749799728393595,3.8014900684356703,4.2174801826477095,4.1968698501586905,3.97633004188538,3.6752099990844704,3.58168005943298,3.44438004493713,2.1314001083374,2.21902990341187,3.13011002540588,4.80192995071411,5.4458498954772905,6.38560009002686,4.80058002471924,1.8583300113677998,0.20734000205993697,0,0,1.6212300062179599,3.2344601154327406,0,0,0,0,0,0.153479993343353,0.022579999640584002,0.0167699996381998,0,0.18274000287056,0,0.605319976806641,0,0.18982000648975397,2.03035998344421,1.14395999908447,1.88735997676849,1.64412999153137,1.5754899978637702,1.38784003257751,0,0,0,0,0
root/Europe&CentralAsia/Uzbekistan,root/Europe&CentralAsia,0,0,0,0,0,0,0,0,0,0,0,0,0,0,0,0,0,0,0,0,0,0,0,0,0,0,0,0,0,0,0,0,0,0,0,0,0,8.22245979309082,9.547769546508789,10.0485200881958,9.15161037445068,8.48344993591309,6.7953000068664595,5.44713020324707,4.23933982849121,3.60683989524841,3.2102499008178698,2.27729988098145
root/LatinAmerica&Caribbean,root,185.03387069702146,192.9581794738769,155.55576038360587,110.41969108581537,97.70794963836676,129.8552610874176,89.80004048347482,67.33686065673828,113.85775947570801,108.65667951107032,145.47396016120922,199.99859976768502,248.55801248550418,231.44911026954645,180.17220163345323,145.57005000114432,191.69940900802627,145.67690968513483,76.08569002151486,84.32259018719205,89.30756139755253,127.99744868278509,84.46578931808469,99.1227917671205,47.79068017005916,63.98780035972594,42.52911972999567,103.27826929092404,25.416329890489575,117.0194894820452,130.00238151848325,101.51000098884097,93.5327909216285,101.69625099748372,114.5627996772527,139.04480005800724,106.24592091143138,149.1248306781054,130.20538786053652,117.45958954095835,118.85457104444498,133.4926785528659,144.17436107993117,133.9275393262506,176.86509893089536,169.47249038517475,116.90434796363108,1.00740003585815
root/LatinAmerica&Caribbean/AntiguaandBarbuda,root/LatinAmerica&Caribbean,0,0,0,0,0,0,0,0,0,0,0,0,0,0,0,0,0,0,0,0,0,0,0,0,0,0,0,0,0,0,0,0,0,0,0,0,0,16.023389816284197,15.1510095596313,17.1938095092773,21.777999877929698,22.248559951782198,22.6437606811523,0,23.331609725952102,18.8347797393799,0,0
root/LatinAmerica&Caribbean/Argentina,root/LatinAmerica&Caribbean,4.03283023834229,0,0,0,3.0336499214172403,3.25196003913879,0,0,0,0,0,0,0,0,0,0,0,0,0,0,0,3.66443991661072,0,0,0,0,0,0,0,0.20973999798297896,0,0,0,0.6837599873542789,1.40228998661041,1.11486005783081,0.858449995517731,0.6376699805259699,0.839280009269714,0.8612599968910221,1.62758994102478,1.5188800096511799,1.4894900321960403,1.16100001335144,0.529519975185394,0.430720001459122,0,0
root/LatinAmerica&Caribbean/Aruba,root/LatinAmerica&Caribbean,0,0,0,0,0,0,0,0,0,0,0,0,0,0,0,0,0,0,0,0,0,0,0,0,0,0,0,0,0,1.27564001083374,2.00774002075195,3.1329801082611097,5.278729915618901,7.207809925079349,6.895050048828129,3.2637100219726602,2.15875005722046,1.7436699867248502,1.26506996154785,2.17895007133484,0,0,0,0,0.6036999821662901,0,0,0
root/LatinAmerica&Caribbean/BahamasThe,root/LatinAmerica&Caribbean,0,0,0,0,0,0,0,0,0,0,0,0,0,0,0,0,0,0,0,0,0,0,11.153289794921902,10.2223997116089,0,0,0,0,0,9.445859909057619,0,0,0,0,4.92679977416992,0.35771998763084395,1.61281001567841,0,0.36212000250816295,1.03989994525909,0,0,0,0,0,0,8.28240013122559,0
root/LatinAmerica&Caribbean/Barbados,root/LatinAmerica&Caribbean,0,14.4670095443726,13.1183300018311,11.5343198776245,0,0,1.8449499607086202,0,0,0,0,4.68779993057251,6.81337022781372,6.64111995697021,0,0,0,0,0,0.213599994778633,3.34366011619568,0,10.7645101547241,0,0,0,0,0,0,3.0685200691223105,4.42279005050659,5.491040229797361,8.189040184021,8.59175968170166,10.1687602996826,9.75374984741211,8.11843967437744,4.32515001296997,2.9220199584960898,5.34226989746094,4.13506984710693,5.960619926452639,0,0,7.525710105896,6.54837989807129,5.65188980102539,0
root/LatinAmerica&Caribbean/Belize,root/LatinAmerica&Caribbean,0,0,0,0,0,0,0,0,0,0,0,0,0,0,0,0,0,0,0,0,0,0,0,0,0,0,0,0,0,1.10016000270844,4.150770187377931,6.656970024108889,0,5.3638601303100595,3.82163000106812,4.892940044403081,3.8977799415588397,4.07831001281738,3.91567993164063,3.0618898868560804,1.8589400053024299,2.94797992706299,0.192550003528595,1.34750998020172,1.50504004955292,1.2642500400543202,1.3922200202941901,0
root/LatinAmerica&Caribbean/Bolivia,root/LatinAmerica&Caribbean,0,0,0,0,0,0,0,0,0,0,0,0,0,0,0,0,0,0,0,0,0,0,0,0,0,0,0,0,5.52835988998413,5.20184993743896,4.3536901473999,3.92651009559631,3.6888599395752,2.96266007423401,2.9173600673675497,2.95820999145508,2.98790001869202,3.30786991119385,5.14767980575562,2.23882007598877,4.6299901008606,6.86173009872437,10.432430267334,11.1546096801758,11.449509620666499,10.8025598526001,9.65371990203857,0
root/LatinAmerica&Caribbean/Brazil,root/LatinAmerica&Caribbean,0,0,0,0,0,0,0,0,0,0,0,0,0,0,0,0,0,0,0,0,0,0,0,0,0,0,0,0,0,0,0,0,0,0,6.4860200881958,2.74015998840332,0,6.29429006576538,2.09929990768433,2.46698999404907,0,4.5978899002075195,2.4535799026489302,6.087679862976071,4.75263977050781,4.53545999526978,0,0
root/LatinAmerica&Caribbean/Chile,root/LatinAmerica&Caribbean,0,0,0,0,0,0,0,0,0,0,0,0,0,0,0,0,0,0,0,0,0,0,0,0,0,0,0,0,0,0,0,0,0,0,0,0,0,4.98883008956909,5.39221000671387,7.36009979248047,6.689050197601321,7.93674993515015,8.49680995941162,9.251890182495119,9.10756015777588,8.30325031280518,6.924799919128421,0
root/LatinAmerica&Caribbean/Colombia,root/LatinAmerica&Caribbean,0,0,0,0,0,0,0,0,0,0,0,0,0,0,0,0,33.3291015625,0,0,0,0,27.2224292755127,0,0,0,0,0,0,0,3.04568004608154,2.47462010383606,6.2595500946044895,6.08709001541138,0,2.37547993659973,2.3120501041412402,3.3507299423217796,3.7926700115203897,3.62684011459351,3.2018001079559304,2.95912003517151,2.76368999481201,5.68409013748169,6.81420993804932,7.5324501991272,6.55590009689331,6.0831599235534695,0
root/LatinAmerica&Caribbean/CostaRica,root/LatinAmerica&Caribbean,12.885310173034698,0,10.710149765014599,10.0707502365112,0,9.650190353393551,8.06212043762207,0,9.95785045623779,11.2059898376465,10.8567695617676,10.23939037323,11.6339101791382,0,0,14.000980377197301,12.714229583740199,12.4995403289795,0,12.208430290222198,12.043419837951697,11.3319597244263,0,0,0,0,0,0,0,0,0,0,0,0,0,0,0,0,0,0,0,0.44012001156806896,0.391000002622604,1.31447005271912,3.6416199207305895,3.5680999755859397,3.1648499965667702,0
root/LatinAmerica&Caribbean/Cuba,root/LatinAmerica&Caribbean,0,0,6.213190078735349,4.99849987030029,4.19763994216919,0,0,0,0,1.92724001407623,3.0047800540924103,4.80389022827148,5.811639785766599,5.93093013763428,6.8675799369812,8.94460964202881,8.735520362854,7.325250148773191,7.78137016296387,7.58586978912354,7.50124979019165,7.8083200454711905,5.415679931640629,4.6815900802612305,2.44285988807678,2.4872400760650604,1.03980994224548,1.39252996444702,1.5791200399398797,1.54595994949341,2.2758400440216096,3.0314700603485094,3.2136900424957298,5.25539016723633,5.71087980270386,5.67470979690552,5.23613023757935,3.69638991355896,2.5989000797271697,0.231049999594688,0.100050002336502,0,0.33270001411438,0.502900004386902,3.3164200782775897,4.63402986526489,0,0
root/LatinAmerica&Caribbean/Dominica,root/LatinAmerica&Caribbean,0,0,0,0,0,0,6.5672402381897,5.42754983901978,0,9.75578022003174,12.941020011901902,11.0276403427124,11.7205095291138,0,0,0,0,0,0,0,0,0,0,0,0,0,0,0,0,0,0,0,0,0,0.21013000607490498,2.96343994140625,4.08804988861084,10.8980398178101,10.5675096511841,1.2323499917983998,0,0,0,0,0,0,1.05417001247406,0
root/LatinAmerica&Caribbean/DominicanRepublic,root/LatinAmerica&Caribbean,0,0,0,0,0,0,0,0,0,0,0,0,0,0,0,0,0,0,0,0,0,0,0,0,0,0,0,0,0,15.527379989624,14.656410217285199,0,11.438260078430199,14.9858503341675,16.5636405944824,14.946929931640598,15.8040103912354,10.4772796630859,14.0779695510864,9.15054988861084,10.4567604064941,9.95516967773438,11.655779838562,12.503649711608901,14.654250144958501,11.677680015564,12.1411895751953,0
root/LatinAmerica&Caribbean/Ecuador,root/LatinAmerica&Caribbean,0,20.7235507965088,0,20.2516994476318,18.996929168701197,19.1784496307373,18.695270538330103,15.7489500045776,13.963839530944801,11.1366300582886,12.438469886779801,0,0,0,0,0,0,0,0,0,0,0,0,0,7.37097978591919,6.99912023544312,5.88102006912231,3.53126001358032,2.95043992996216,3.04334998130798,2.49180006980896,0.7574700117111209,0,0,0,0,0,0,0,1.42681002616882,2.30411005020142,0,0,2.34190988540649,0.9222800135612491,1.04198002815247,0.8298199772834781,1.00740003585815
root/LatinAmerica&Caribbean/ElSalvador,root/LatinAmerica&Caribbean,36.2677993774414,0,0,0,0,0,0,0,0,0,0,0,0,24.5987701416016,0,0,0,0,0,0,0,0,0,0,0,0,0,0,11.1777400970459,0,8.80755996704102,8.021030426025389,6.2646799087524405,6.432660102844241,0,2.9510600566864,3.11624002456665,3.6732599735259996,3.51507997512817,3.54377007484436,3.72457003593445,4.12242984771729,5.05887985229492,7.7282400131225595,10.115469932556199,12.6020603179932,13.9161796569824,0
root/LatinAmerica&Caribbean/Grenada,root/LatinAmerica&Caribbean,0,0,15.870969772338901,0,0,0,0,2.36523008346558,0,0,5.9148998260498,9.32234001159668,12.315930366516099,12.152950286865199,9.35173034667969,0,0,0,0,0,0,0,0,0,0,0,0,0,0,0,0,0,4.45299005508423,0,1.40527999401093,8.53608989715576,0,6.04936981201172,3.53217005729675,0.745029985904694,0,0,0,1.5446699857711799,2.7596199512481703,2.4041500091552703,2.6324100494384797,0
root/LatinAmerica&Caribbean/Guatemala,root/LatinAmerica&Caribbean,57.7663497924805,56.7995414733887,56.0651702880859,0,54.5107002258301,53.633731842040994,0,0,51.3774299621582,0,0,46.400970458984396,48.4719314575195,45.465728759765604,0,0,0,0,0,0,0,0,0,0,0,0,0,32.566329956054695,0,22.434110641479503,19.1832904815674,19.7784099578857,16.021560668945302,0,10.9504995346069,9.10109043121338,7.2530398368835405,5.80530023574829,5.6008601188659695,2.1748499870300297,2.3004100322723398,4.459959983825679,7.45071983337402,9.76895046234131,11.638560295105,11.9711999893188,12.5945796966553,0
root/LatinAmerica&Caribbean/Guyana,root/LatinAmerica&Caribbean,0,12.776909828186,11.6622495651245,0,8.60793018341064,0,12.4072999954224,7.83177995681763,0,10.6732397079468,0,0,10.653639793396,0,0,0,0,0,0,0,0,8.75415992736816,11.131509780883801,12.404789924621598,0,10.703350067138699,12.167869567871099,0,0,0,0,0,0,10.6726503372192,0,0,0,0,2.47688007354736,7.732470035552981,3.94527006149292,1.80920004844666,3.2980101108551003,0,0,0,0,0
root/LatinAmerica&Caribbean/Haiti,root/LatinAmerica&Caribbean,0,0,0,0,0,0,0,0,0,0,0,63.406288146972706,58.962730407714794,54.089630126953104,57.406589508056605,52.9423904418945,49.9963989257813,57.4860687255859,0,0,0,0,0,0,0,0,0,43.123619079589794,0,0,0,0,0,0,0,0,0,0,0,0,0,0,0,0,0,0,0,0
root/LatinAmerica&Caribbean/Honduras,root/LatinAmerica&Caribbean,0,0,0,0,0,0,0,0,0,24.6548194885254,24.2875099182129,0,14.3685398101807,12.2458600997925,10.9961996078491,0,10.0218896865845,0,0,0,0,13.2197799682617,0,11.906840324401902,0,0,0,0,0,0,13.861209869384801,0,0,10.215959548950199,8.59545993804932,12.7580900192261,7.50645017623901,13.353260040283198,9.51799011230469,10.759510040283198,10.592510223388699,10.2128400802612,13.6119604110718,16.542310714721697,17.0229797363281,17.889080047607397,16.1465091705322,0
root/LatinAmerica&Caribbean/Jamaica,root/LatinAmerica&Caribbean,0,0,0,0,0,3.73774003982544,6.33025979995728,5.61061000823975,0,1.8836200237274199,1.5263500213623,2.31889009475708,0,0.991379976272583,2.2135601043701203,3.13001990318298,2.98586010932922,2.51136994361877,4.9745798110961905,1.20437002182007,2.3471701145172097,3.95397996902466,0,8.27025032043457,0,0,0,0,0,8.46765995025635,7.054190158843991,7.313910007476809,7.72371006011963,8.8826904296875,7.169250011444089,0,0,0,0,0,0,0,0,0,0,0,0,0
root/LatinAmerica&Caribbean/Mexico,root/LatinAmerica&Caribbean,0,21.118450164794897,0,0,0,0,0,0,0,0,0,0,0,0,0,0,0,0,0,0,0,0,0,0,0,0,0,4.14126014709473,3.8310699462890603,0.6176999807357789,0.14417000114917802,0.12276999652385699,0.111380003392696,0.12007000297308,0.8026400208473209,2.2029600143432595,3.2488400936126696,3.61731004714966,3.6771399974823,2.86824011802673,1.72848999500275,0.630959987640381,0.0970399975776672,0.0936800017952919,0.10521999746561099,0.0955599993467331,0.12287999689578999,0
root/LatinAmerica&Caribbean/Nicaragua,root/LatinAmerica&Caribbean,0,43.4237785339355,0,42.8128814697266,0,0,0,0,0,0,34.407760620117195,0,35.950630187988295,35.3025703430176,37.19240188598629,31.6422996520996,32.848258972168004,31.357030868530302,30.7929191589355,32.730480194091804,30.847890853881804,28.508409500122102,24.582839965820302,23.9871807098389,23.1830902099609,24.853330612182603,0,0,0,16.0971794128418,12.650270462036099,8.49765968322754,1.58124005794525,0,0,0,0.6439499855041501,0.8193399906158451,0,0,0.286700010299683,0,0,0,0,0,0,0
root/LatinAmerica&Caribbean/Panama,root/LatinAmerica&Caribbean,25.301570892334,17.10080909729,14.583080291747999,12.6363000869751,0,11.191370010376,11.1719102859497,0,9.22004985809326,10.392629623413098,11.7294301986694,13.020319938659698,13.999620437622099,15.267470359802198,15.624159812927198,14.929160118103,15.422889709472699,14.345129966735803,14.9384603500366,13.2721500396729,13.1608104705811,0,0,0,0,0,0,0,0,7.201419830322269,5.31338977813721,4.17892980575562,2.261470079422,0,1.8742599487304699,2.38902997970581,1.7434899806976298,1.89072000980377,3.07491993904114,6.08370018005371,4.56321001052856,5.32504987716675,5.8050799369812,7.495460033416751,9.7531795501709,12.606590270996099,0,0
root/LatinAmerica&Caribbean/Paraguay,root/LatinAmerica&Caribbean,21.1894207000732,0,19.9241905212402,0,0,21.8234691619873,20.9847393035889,20.012630462646502,18.352769851684602,17.098680496215803,15.007309913635302,13.0662403106689,8.70269012451172,12.844820022583,13.109490394592301,13.0680999755859,14.0969400405884,13.1971797943115,11.596090316772498,9.46644973754883,7.86459016799927,5.76457977294922,4.98815011978149,4.52966022491455,8.19252014160156,0,4.77709007263184,0,0,2.72001004219055,1.7557699680328402,1.8141200542449998,3.5387399196624796,4.39002990722656,4.79979991912842,4.19640016555786,5.925360202789309,7.77043008804321,9.39645957946777,10.328800201416,10.4798898696899,10.38267993927,10.9518604278564,0,0,0,0,0
root/LatinAmerica&Caribbean/Peru,root/LatinAmerica&Caribbean,27.590589523315398,0,0,0,0,0,0,0,0,0,0,11.213399887084998,0,0,0,0,0,0,0,0,0,0,0,6.719220161437991,0,11.886639595031701,0,0,0.34959998726844804,0,0,0,0,0,0.12947000563144698,0.130669996142387,0.170239999890327,0.15570999681949602,0.15049999952316298,0.15750999748706798,0.149379998445511,0.827059984207153,6.9328899383544895,4.07307004928589,4.29008007049561,1.71917998790741,0.104989998042583,0
root/LatinAmerica&Caribbean/PuertoRico,root/LatinAmerica&Caribbean,0,0,0,0,0,0,0,0,0,0,0,0,0,0,0,0,0,0,0,0,0,0,0,0,0,0,0,0,0,0,0,0,0,0,0,0,0,0,0,0,10.4312400817871,13.7935695648193,13.2964696884155,14.2089195251465,13.7060298919678,15.6620998382568,0,0
root/LatinAmerica&Caribbean/StLucia,root/LatinAmerica&Caribbean,0,0,0,0,0,0,0,0,0,0,0,2.9114201068878196,2.1941499710083003,0,0,0,0,0,0,0,4.08338022232056,0,0,0,0,0,0,0,0,0,11.314760208129899,11.5061702728271,2.86500000953674,4.14337015151978,6.606369972229,8.9011697769165,6.42563009262085,6.80278015136719,0,0,0,0,0,0,0,0,0,0
root/LatinAmerica&Caribbean/StVincentandtheGrenadines,root/LatinAmerica&Caribbean,0,0,0,0,0,0,0,0,0,0,0,0,0,0,6.2996101379394505,0,2.92251992225647,0,0,0,0,0,0,0,0,0,0,0,0,0,0,0,0,0,0,3.00922989845276,0,0,0,0,0,3.25693988800049,0,4.7852897644042995,0,1.23149001598358,1.8926500082016,0
root/LatinAmerica&Caribbean/Suriname,root/LatinAmerica&Caribbean,0,0,0,0,0,0,0,6.57145023345947,5.698919773101809,0,0,0,0,0,0,0,0,0,0,0,0,0,0,0,0,0,0,0,0,0,0,0,0,0,0,16.493240356445302,14.1873302459717,16.278760910034197,9.28034973144531,4.93843984603882,6.343440055847171,7.273409843444821,6.394629955291751,6.49561977386475,5.871709823608401,4.70222997665405,3.21643996238709,0
root/LatinAmerica&Caribbean/TrinidadandTobago,root/LatinAmerica&Caribbean,0,6.54813003540039,7.4084300994873,8.1152400970459,8.36110019683838,7.38835000991821,3.73624992370605,3.76866006851196,5.28690004348755,9.92805004119873,13.3596601486206,7.58000993728638,6.95872020721436,5.917880058288571,7.33300018310547,6.91248989105225,8.62580013275146,6.95533990859985,6.0022702217102095,7.641240119934079,8.11538982391357,10.3089303970337,10.764749526977502,11.4673404693604,0,0,11.259779930114698,11.161660194397,0,1.6779400110244798,1.3191599845886202,1.89451003074646,4.52489995956421,4.15210008621216,3.31366991996765,6.33926010131836,0,3.82134008407593,2.27485990524292,3.2917499542236297,1.6010600328445401,0,0,0,0,0,0,0
root/LatinAmerica&Caribbean/Uruguay,root/LatinAmerica&Caribbean,0,0,0,0,0,0,0,0,0,0,0,0,0,0,13.7778797149658,0,0,0,0,0,0,7.46046018600464,5.66506004333496,4.93351984024048,6.60123014450073,7.05811977386475,7.40355014801025,7.361609935760501,0,0,0,0,0,0,0,2.5455698966980003,0,1.8299700021743799,0.9414299726486209,0.8630599975585941,0,0,0,0.595160007476807,5.53718996047974,2.3400700092315696,0,0
root/LatinAmerica&Caribbean/VenezuelaRB,root/LatinAmerica&Caribbean,0,0,0,0,0,0,0,0,0,0,0,0,0,0,0,0,0,0,0,0,0,0,0,0,0,0,0,0,0,14.3393297195435,11.764949798584,9.12650012969971,6.29145002365112,7.63563013076782,7.4380598068237305,8.51245975494385,7.91230010986328,6.99372005462646,8.80115985870361,6.985909938812259,6.16972017288208,6.167190074920651,7.50463008880615,8.11633968353271,7.19274997711182,8.05169010162354,11.099490165710401,0
root/MiddleEast&NorthAfrica,root,0,353.4120407104492,263.2235507965087,398.6096086502076,290.06416034698475,365.4270343780518,317.0595445632936,216.73087120056147,422.3982119560242,378.6831569671631,239.96492099761977,318.31223011016846,279.6686668395996,295.23909187316906,263.6455287933351,341.1785569190978,306.90628147125244,301.3019313812256,293.01411151885975,264.63302516937256,245.15695619583136,145.05702996253973,284.927720785141,245.0115362405778,263.59382677078236,183.72848253697165,230.8120033740997,249.42148473858828,81.92753887176512,287.28089970350277,216.94659283757218,158.02526080608374,160.41624152660378,131.62429869174954,192.81524027884012,171.97706067562115,126.61364078521731,137.98187983036053,137.14102923870084,124.40038979053497,74.56552171707152,103.52781170606615,72.235728353262,150.64286801218992,94.79917868971829,86.2082597911358,118.58658772706991,44.2703514099121
root/MiddleEast&NorthAfrica/Algeria,root/MiddleEast&NorthAfrica,0,0,0,44.515251159668,41.1518211364746,38.689849853515604,36.481529235839794,34.2915916442871,32.6003913879395,31.896089553832997,30.561719894409197,30.010990142822298,30.0300598144531,30.1831493377686,28.9206695556641,28.0471591949463,26.317829132080103,24.5907192230225,23.1673202514648,21.7421092987061,20.9182395935059,18.8411903381348,17.2983093261719,17.2199802398682,16.6944999694824,16.0944690704346,16.029830932617198,16.1380195617676,0,12.218899726867699,11.11083984375,8.91835021972656,7.405419826507571,6.7325701713562,5.9271101951599094,5.6292200088501,5.46890020370483,5.0939798355102495,3.5974700450897203,0,0,0,0,0,0,0,1.5654799938201898,0
root/MiddleEast&NorthAfrica/Bahrain,root/MiddleEast&NorthAfrica,0,32.770900726318395,29.342969894409197,27.559959411621104,27.4594993591309,24.0924396514893,26.1636009216309,26.4269504547119,27.2371006011963,25.0255298614502,21.8618698120117,21.521089553832997,23.075569152832,19.3225708007813,14.508769989013699,8.639599800109862,4.1294698715210005,3.9582300186157204,2.11056995391846,1.2029600143432602,0,0,2.03876996040344,1.1937400102615399,0.9841899871826171,0.0671999976038933,0,0,0,0.17813999950885798,0.185550004243851,2.40559005737305,3.5274100303649902,4.20316982269287,4.89452981948853,7.708199977874759,5.03831005096436,0,0,0,0,7.0112800598144505,6.42769002914429,5.68860006332397,3.6793200969696005,1.52364003658295,1.24836003780365,0
root/MiddleEast&NorthAfrica/Djibouti,root/MiddleEast&NorthAfrica,0,0,0,0,0,0,0,0,0,0,0,0,0,0,0,78.4544296264648,77.4746627807617,77.594482421875,77.4608993530273,77.1774978637695,76.41021728515629,0,75.6276779174805,76.93565368652341,76.1260986328125,75.0937423706055,75.5573425292969,76.5114669799805,0,77.33721923828129,76.629753112793,74.2185516357422,72.6242599487305,0,68.6414413452148,66.83933258056639,63.961830139160206,59.9893188476563,55.9309883117676,56.455169677734396,0,48.8725509643555,0,49.0717697143555,42.6069793701172,47.7046394348145,50.58744812011721,44.2703514099121
root/MiddleEast&NorthAfrica/EgyptArabRep,root/MiddleEast&NorthAfrica,0,49.572360992431605,49.4566497802734,49.6912307739258,0,0,0,0,46.6683502197266,0,0,0,0,0,0,0,0,0,0,0,0,0,0,0,21.409559249877898,0,0,19.1358604431152,0,18.744070053100604,16.2794704437256,14.4224395751953,12.5712604522705,10.575860023498501,7.86517000198364,0,0,0,0,0,0,0,2.9050099849700897,0,2.87472009658813,0,0.819750010967255,0
root/MiddleEast&NorthAfrica/IranIslamicRep,root/MiddleEast&NorthAfrica,0,0,0,0,0,0,0,0,0,0,0,0,0,0,25.7656307220459,24.3887100219727,22.4698104858398,21.638280868530302,19.453189849853498,17.7642803192139,11.839750289917,0,6.601840019226071,0,0,0,0,8.85107040405273,0,16.291070938110398,16.6634101867676,0,8.762209892272951,8.95357036590576,5.7800498008728,5.58218002319336,0,0.710430026054382,0,0,0,0,0,0,0,0,0,0
root/MiddleEast&NorthAfrica/Iraq,root/MiddleEast&NorthAfrica,0,65.02584838867189,63.547969818115206,61.3649482727051,58.858860015869105,55.7683181762695,48.844120025634794,44.8027191162109,41.1694183349609,18.778490066528303,11.9354801177979,11.1810302734375,0,15.408709526062,0,17.9297103881836,17.1709594726563,15.727430343627901,13.7536001205444,16.42160987854,0,0,0,26.238830566406303,0,0,28.8715305328369,0,0,16.958740234375,17.9436092376709,0,0,0,13.3065700531006,0,0,13.4015502929688,0,0,0,0,0,0,0,0,0,0
root/MiddleEast&NorthAfrica/Israel,root/MiddleEast&NorthAfrica,0,0,0,0,0,0,0,0,0,0,0,0,0,0,0,0,0,0,0,0,0,0,0,0,0,0,0,0,0,2.61843991279602,2.3649001121521,1.6105600595474199,1.9250500202179,1.82749998569489,2.08496999740601,2.12897992134094,2.46871995925903,2.24333000183105,2.3159399032592796,2.6996700763702406,2.22900009155273,2.62910008430481,2.0144898891448997,2.45743989944458,2.63902997970581,2.10450005531311,2.38608002662659,0
root/MiddleEast&NorthAfrica/Jordan,root/MiddleEast&NorthAfrica,0,0,19.273229598999,13.6260404586792,0,0,0,0,5.03676986694336,4.76260995864868,8.43848991394043,9.80712985992432,10.3021697998047,12.209939956665002,12.4206600189209,10.426759719848599,0,0,0,0,0,0,0,0,0,0,0,0,0,8.18686008453369,6.994440078735349,0,4.62218999862671,3.1315898895263703,2.75854992866516,0,0,0,0,0,0,0,0,0,0,0,0,0
root/MiddleEast&NorthAfrica/Kuwait,root/MiddleEast&NorthAfrica,0,45.123020172119105,39.6505012512207,36.5636100769043,36.8246002197266,35.9915313720703,33.7517585754395,28.559890747070302,22.968450546264602,24.748249053955103,23.0466804504395,21.4420700073242,20.0365295410156,16.7182903289795,15.288720130920401,15.372699737548801,15.747380256652802,20.3881206512451,21.501789093017603,0,0,0,53.408420562744105,0,32.3530883789063,0,14.6766901016235,16.025699615478498,0,8.675769805908201,7.96555995941162,4.463109970092769,1.51464998722076,0,0.0841699987649918,5.48915004730225,0,3.34190988540649,2.36996006965637,0,2.0283799171447803,1.43894004821777,0.528829991817474,0.6956700086593629,0.666440010070801,0.33127000927925104,1.42203998565674,0
root/MiddleEast&NorthAfrica/Lebanon,root/MiddleEast&NorthAfrica,0,0,0,0,0,0,0,0,0,0,0,0,0,0,0,0,0,0,0,0,0,0,0,0,0,0,0,16.991519927978498,0,0,0,0,0,3.64670991897583,6.07577991485596,10.8823795318604,14.191370010376,13.261210441589402,12.4033803939819,11.6140899658203,9.889960289001461,10.0052795410156,12.8048896789551,13.9150295257568,18.6793594360352,19.0618801116943,18.247859954834002,0
root/MiddleEast&NorthAfrica/Libya,root/MiddleEast&NorthAfrica,0,36.0199012756348,25.9674797058105,0,0,0,0,0,9.685709953308109,0,0,5.8771800994873,0,0,0,0,0,0,0,0,0,0,0,0,0,0,0,0,0,0,0,0,0,0,0,0,0,0,0,0,0,0,0,0,0,0,0,0
root/MiddleEast&NorthAfrica/Malta,root/MiddleEast&NorthAfrica,0,18.0176792144775,19.7707901000977,20.754070281982397,19.516010284423803,17.2512893676758,12.8407602310181,7.1780099868774405,4.8326101303100595,3.62084007263184,6.36929988861084,8.395580291748049,6.92605018615723,10.2287702560425,8.845709800720211,5.76540994644165,5.90997982025146,7.14243984222412,6.546710014343259,5.2335100173950195,3.9964599609375,3.8397400379180895,4.0450701713562,3.7805199623107897,4.79625988006592,4.4074602127075195,1.51523995399475,0.216800004243851,0,0,0,0,0,0,0,0,0,0,0,0,0,0.996200025081635,1.9010800123214702,0.32181999087333696,0.29908999800682107,0.242760002613068,0,0
root/MiddleEast&NorthAfrica/Morocco,root/MiddleEast&NorthAfrica,0,0,0,0,0,69.5208282470703,66.5877838134766,64.36962890625,61.77104187011721,59.645599365234396,57.3354911804199,54.7908210754395,53.9626808166504,51.5866813659668,49.4786186218262,50.350070953369105,51.677829742431605,53.09870910644529,54.183521270752,55.559719085693395,54.3202095031738,54.375648498535206,53.4726715087891,51.2551612854004,48.349151611328104,45.309230804443395,42.7119789123535,40.8235092163086,39.919158935546896,33.8520088195801,28.1503200531006,23.149629592895497,18.3114109039307,16.5105094909668,16.352710723877,15.1992797851563,13.7285404205322,12.082159996032699,11.1838798522949,11.034749984741199,7.96362018585205,6.8013200759887695,7.41966009140015,5.9841799736022905,6.6551399230957005,0,5.59130001068115,0
root/MiddleEast&NorthAfrica/Oman,root/MiddleEast&NorthAfrica,0,0,0,95.0991897583008,90.59841918945308,85.4339981079102,83.3215713500977,0,77.4393081665039,74.0328826904297,0,68.4058685302734,65.2147674560547,60.1038398742676,53.2488594055176,48.449459075927706,39.468009948730504,38.2961082458496,38.264961242675795,36.9092788696289,35.2008399963379,33.436080932617195,31.8001708984375,27.4021301269531,25.4634494781494,24.171119689941396,22.1077003479004,20.6823291778564,17.9877891540527,16.402269363403303,15.512169837951697,14.210599899292,15.021739959716802,17.146089553833,0,0,0,0,0,4.13772010803223,0,2.8458299636840803,2.1971399784088104,1.8143500089645401,1.86901998519897,1.99282002449036,1.36583995819092,0
root/MiddleEast&NorthAfrica/Qatar,root/MiddleEast&NorthAfrica,0,25.428270339965803,16.213960647583,14.2072200775146,15.654950141906701,0,9.06842041015625,11.102080345153801,7.23759984970093,6.60308980941772,0,7.10923004150391,0,8.96393966674805,7.66234016418457,8.03139972686768,4.74302005767822,11.143030166626,11.7461099624634,13.075309753417999,15.506609916687,19.3428802490234,22.450330734252898,22.440490722656303,17.737619400024396,0,0,0,0,0.188119992613792,2.0208899974823002,0.33427000045776395,3.2145800590515097,5.777850151062009,7.323040008544919,0,3.01192998886108,1.4117699861526498,0,1.71186995506287,3.4144001007080096,1.4109799861908001,0.6314399838447571,4.06909990310669,4.51087999343872,2.7430100440979,2.38821005821228,0
root/MiddleEast&NorthAfrica/SaudiArabia,root/MiddleEast&NorthAfrica,0,0,0,0,0,0,0,0,0,68.6211776733398,0,0,0,0,0,0,0,0,0,0,0,0,0,0,0,0,0,0,0,0,0,0,0,0,0,0,0,0,0,9.80920028686523,3.56290006637573,3.4300100803375204,0.32919999957084695,0,0,0,0,0
root/MiddleEast&NorthAfrica/SyrianArabRepublic,root/MiddleEast&NorthAfrica,0,45.4689712524414,0,35.2280883789063,0,0,0,0,29.321710586547898,28.3437099456787,25.3680801391602,24.1233806610107,22.3743000030518,21.1200008392334,18.4420108795166,16.1170692443848,13.7308702468872,9.6863899230957,9.63484001159668,9.01661968231201,9.42520999908447,0,0,0,0,0,7.39015007019043,7.98572015762329,6.70172023773193,0,0,0,0,0,0,0,1.7902899980545,1.86266005039215,1.7713099718093899,1.9884400367736799,0,0,0,33.477428436279304,0,0,0,0
root/MiddleEast&NorthAfrica/Tunisia,root/MiddleEast&NorthAfrica,0,35.98508834838871,0,0,0,38.678779602050795,0,0,34.8934097290039,32.604888916015604,30.338699340820302,27.7733497619629,24.2862892150879,20.593879699707,0,0,0,0,0,0,11.3030595779419,9.83318996429443,8.96257972717285,7.58489990234375,7.17563009262085,6.37143993377686,7.0873498916626,7.6815900802612305,0,7.12277984619141,5.8496599197387695,3.54503989219666,0,0,0,1.33801996707916,1.33577001094818,2.58293008804321,2.3979299068450897,1.7561899423599199,0,0,0,0,0,0,0,0
root/MiddleEast&NorthAfrica/UnitedArabEmirates,root/MiddleEast&NorthAfrica,0,0,0,0,0,0,0,0,21.536340713501,0,24.709110260009798,27.8745098114014,23.460250854492198,28.799320220947298,29.063539505004897,29.206079483032198,28.0664596557617,18.0379905700684,15.1906003952026,10.5301303863525,6.2363600730896,5.388299942016599,9.221879959106449,10.960129737853999,12.504280090332001,12.213820457458501,14.8641901016235,18.3778991699219,17.318870544433597,0,0,0,0,0,0,0,0,6.2198801040649405,0,11.035449981689501,7.15875005722046,8.07966041564941,4.50832986831665,4.403629779815669,3.6079900264740004,3.31723999977112,3.6488199234008802,0
root/MiddleEast&NorthAfrica/WestBankandGaza,root/MiddleEast&NorthAfrica,0,0,0,0,0,0,0,0,0,0,0,0,0,0,0,0,0,0,0,0,0,0,0,0,0,0,0,0,0,9.60531997680664,9.27602005004883,10.747119903564501,10.9160604476929,11.450559616088901,13.4982595443726,16.4470195770264,15.6179800033569,15.780750274658198,13.8741102218628,12.157839775085401,11.4151601791382,10.0066604614258,7.42293977737427,6.63516998291016,6.71120977401733,7.186500072479251,7.24478006362915,0
root/MiddleEast&NorthAfrica/YemenRep,root/MiddleEast&NorthAfrica,0,0,0,0,0,0,0,0,0,0,0,0,0,0,0,0,0,0,0,0,0,0,0,0,0,0,0,0,0,58.9011917114258,0,0,0,41.6683197021484,38.2228889465332,34.7332992553711,0,0,31.2960605621338,0,26.9033508300781,0,23.145029067993196,22.1086807250977,0,0,22.070619583129897,0
root/NorthAmerica,root,0,0,0,0,0,0,0,0,18.966619491577102,21.0802001953125,0,0,4.561059951782231,5.0316801071167,12.049499988555908,10.72381019592285,11.0078501701355,9.168450117111199,5.254290103912349,5.61412000656128,5.49806988239288,3.7838099002838197,2.6986899375915496,8.06006002426148,9.2353801727295,9.33696985244751,9.42476010322571,0,1.61179995536804,0.22229999303817702,0,0,0,0,0,0,0,0,0,0,0,11.643549919128402,18.4966201782227,0,0,0,0,0
root/NorthAmerica/Bermuda,root/NorthAmerica,0,0,0,0,0,0,0,0,18.966619491577102,21.0802001953125,0,0,0,0,6.37255001068115,5.0271201133728,0,0,0,0,0,0,0,0,0,0,0,0,0,0,0,0,0,0,0,0,0,0,0,0,0,11.643549919128402,18.4966201782227,0,0,0,0,0
root/NorthAmerica/Canada,root/NorthAmerica,0,0,0,0,0,0,0,0,0,0,0,0,4.561059951782231,5.0316801071167,5.676949977874759,5.69669008255005,5.28684997558594,5.2771201133728,5.254290103912349,5.61412000656128,4.46515989303589,2.45815992355347,2.6986899375915496,4.71421003341675,5.66060018539429,6.472119808197019,5.57108020782471,0,1.61179995536804,0.22229999303817702,0,0,0,0,0,0,0,0,0,0,0,0,0,0,0,0,0,0
root/NorthAmerica/UnitedStates,root/NorthAmerica,0,0,0,0,0,0,0,0,0,0,0,0,0,0,0,0,5.72100019454956,3.8913300037383998,0,0,1.03290998935699,1.32564997673035,0,3.34584999084473,3.57477998733521,2.86485004425049,3.8536798954009996,0,0,0,0,0,0,0,0,0,0,0,0,0,0,0,0,0,0,0,0,0
root/SouthAsia,root,66.06210327148439,51.8205413818359,0,50.7489814758301,91.4349594116211,0,0,47.0208015441895,134.27648162841803,84.56825256347659,0,44.7532806396484,0,116.7529220581055,111.4504814147949,49.9482192993164,50.658050537109396,51.584228515625,94.5440368652344,37.5893898010254,68.0880699157715,0,0,85.611572265625,0,0,0,6.77966022491455,50.503360748290994,96.00289964675906,106.95854187011716,66.23110818862908,76.11909031867981,87.35700848698613,68.566120147705,77.12151193618774,74.25613903999337,45.93723177909851,71.89867901802064,65.00692915916446,52.4402505103499,56.44713020324701,51.82136106491089,52.65718162059784,43.229330539703405,54.147281885147066,49.322471380233765,6.58225011825562
root/SouthAsia/Afghanistan,root/SouthAsia,0,0,0,0,91.4349594116211,0,0,0,0,0,0,0,0,0,0,0,0,0,0,0,0,0,0,85.611572265625,0,0,0,0,0,0,0,0,0,0,0,0,0,0,0,0,0,0,0,0,0,0,0,0
root/SouthAsia/Bangladesh,root/SouthAsia,66.06210327148439,0,0,50.7489814758301,0,0,0,47.0208015441895,47.38037109375,0,0,44.7532806396484,0,51.33222961425779,48.1025810241699,49.9482192993164,50.658050537109396,51.584228515625,37.8755683898926,37.5893898010254,33.5027008056641,0,0,0,0,0,0,0,0,0,0,0,0,0,0,2.06593990325928,1.08669996261597,0,6.19395017623901,2.44666004180908,0.0167699996381998,0,0,0,0,0,0,0
root/SouthAsia/Bhutan,root/SouthAsia,0,0,0,0,0,0,0,0,86.89611053466801,84.56825256347659,0,0,0,0,0,0,0,0,0,0,0,0,0,0,0,0,0,0,50.503360748290994,49.134830474853494,45.7952995300293,42.34254837036129,0,0,0,29.5252304077148,25.3771896362305,0,19.176929473877,14.4642496109009,12.093359947204599,11.3871202468872,9.815839767456051,11.296710014343299,0,14.1327600479126,16.0231609344482,0
root/SouthAsia/India,root/SouthAsia,0,51.8205413818359,0,0,0,0,0,0,0,0,0,0,0,0,0,0,0,0,0,0,34.5853691101074,0,0,0,0,0,0,0,0,0,23.347110748291,22.6224098205566,22.216749191284197,12.6659202575684,0,0,0,3.7815999984741198,2.34675002098084,3.1033999919891397,2.80084991455078,2.8142499923706095,2.2847099304199197,1.5513700246810902,0,0,0,0
root/SouthAsia/Maldives,root/SouthAsia,0,0,0,0,0,0,0,0,0,0,0,0,0,0,0,0,0,0,0,0,0,0,0,0,0,0,0,6.77966022491455,0,4.34091997146606,2.4354400634765603,1.26614999771118,1.36954998970032,0,0,2.0923700332641597,2.4028000831604,2.39842009544373,4.62812995910645,4.8155198097229,0,0,0,0,0,3.6736900806427,1.07582998275757,0
root/SouthAsia/Nepal,root/SouthAsia,0,0,0,0,0,0,0,0,0,0,0,0,0,65.4206924438477,63.347900390625,0,0,0,56.6684684753418,0,0,0,0,0,0,0,0,0,0,42.5271492004395,35.3806915283203,0,0,25.3754501342773,24.509349822998,0,0,0,0,0,0,2.2513198852539102,0,0,6.35808992385864,3.99571990966797,3.6205599308013903,6.58225011825562
root/SouthAsia/Pakistan,root/SouthAsia,0,0,0,0,0,0,0,0,0,0,0,0,0,0,0,0,0,0,0,0,0,0,0,0,0,0,0,0,0,0,0,0,52.53279113769529,49.029148101806605,44.056770324707,40.675651550293004,41.856239318847706,35.7761116027832,34.663669586181605,32.916759490966804,31.747150421142603,34.1762199401855,34.0807113647461,35.3151817321777,33.2999305725098,32.3451118469238,28.6029205322266,0
root/SouthAsia/SriLanka,root/SouthAsia,0,0,0,0,0,0,0,0,0,0,0,0,0,0,0,0,0,0,0,0,0,0,0,0,0,0,0,0,0,0,0,0,0,0.28648999333381703,0,2.76232004165649,3.53321003913879,3.9811000823974596,4.88924980163574,7.26034021377563,5.78212022781372,5.8182201385498,5.640100002288821,4.49391984939575,3.5713100433349596,0,0,0
root/Sub-SaharanAfrica,root,158.4300193786621,587.1140403747559,632.9906654357909,637.006420135498,417.0738983154298,398.7169475555421,350.54164600372326,678.3592014312744,750.630753517151,731.8717575073241,593.8571529388428,738.7138195037841,805.1614398956299,779.0231323242189,698.4839849472046,698.451717376709,832.6722055673599,675.7875297069548,890.5220222473145,716.537992477417,593.6160280704498,604.7669515609741,659.2307128906249,492.4587554931642,747.5971298217775,697.0052433013916,618.87672662735,477.80081582069414,773.332445383072,1243.5474877357483,1115.4225239753723,909.3463776111602,934.7231961488724,849.378453731537,685.9358677864074,783.4754754304887,795.1696336269378,658.0812559127808,712.6944307088852,778.5274792909623,684.7540583610534,795.4944558143613,606.7337222099304,490.11287105083477,546.4779996871949,567.386201620102,274.8545688390732,34.80684995651244
root/Sub-SaharanAfrica/Angola,root/Sub-SaharanAfrica,0,0,0,0,0,0,0,0,0,0,0,0,58.556491851806605,62.224239349365206,0,0,0,0,0,0,0,0,0,0,0,0,0,0,58.69841003417971,0,0,0,0,0,0,0,0,0,30.6122093200684,31.68869972229,32.287971496581996,33.6124992370605,0,0,0,0,0,0
root/Sub-SaharanAfrica/Benin,root/Sub-SaharanAfrica,0,0,0,0,0,0,0,0,0,0,0,0,0,0,66.6737594604492,66.0437469482422,67.0475616455078,0,67.208381652832,66.7562103271484,72.9166488647461,0,67.0019607543945,63.7035598754883,61.332191467285206,58.749870300293,56.0909309387207,52.406608581543,0,0,0,0,0,0,0,0,21.5744800567627,0,16.41868019104,0,0,10.383440017700199,0,0,0,0,0,0
root/Sub-SaharanAfrica/Botswana,root/Sub-SaharanAfrica,52.9206199645996,55.731361389160206,53.7871704101563,50.041618347168,45.5070610046387,38.257251739502,33.3022499084473,28.7154693603516,27.6704292297363,25.9321098327637,21.5853004455566,17.3077697753906,0,14.0767602920532,14.218440055847198,12.7564697265625,12.5373001098633,11.8665504455566,11.332400321960401,11.2602100372314,11.5078296661377,9.50792980194092,10.5540399551392,11.3027801513672,11.2653198242188,19.445819854736303,18.3717098236084,0,14.4608602523804,15.1770896911621,14.0218095779419,12.4944896697998,12.567079544067399,12.5041599273682,13.2822904586792,12.7407999038696,12.1938896179199,12.9501304626465,13.4160003662109,12.9820804595947,0,0,6.52576017379761,6.00333023071289,10.0937995910645,0,0,0
root/Sub-SaharanAfrica/BurkinaFaso,root/Sub-SaharanAfrica,0,92.5684585571289,92.11109161376949,0,0,0,0,90.6581573486328,90.3257827758789,89.9136123657227,89.19519805908199,88.51162719726558,87.4941635131836,86.3458633422852,85.4862518310547,83.9797821044922,82.32781982421879,81.2065734863281,80.7088317871094,80.25721740722659,0,78.6332626342773,78.165901184082,77.2994079589844,76.32655334472659,75.0575790405273,0,0,71.7029495239258,70.9752731323242,69.63173675537111,68.4462966918945,68.94338226318361,66.596321105957,64.1525192260742,59.3256988525391,55.4808692932129,50.056301116943395,43.5384292602539,40.0660285949707,42.3124008178711,37.2208099365234,35.6047210693359,34.295558929443395,32.9935913085938,31.2486190795898,25.247369766235398,0
root/Sub-SaharanAfrica/Burundi,root/Sub-SaharanAfrica,0,0,0,86.0121231079102,0,0,0,0,86.0762100219727,0,84.5950393676758,83.0124206542969,80.8755264282227,75.5216369628906,71.0065002441406,66.6796035766602,63.6715812683105,58.258228302002,54.6535797119141,0,0,0,0,53.9380683898926,0,0,0,0,0,0,61.7550201416016,53.871219635009794,54.901729583740206,51.070919036865206,47.8720817565918,44.4438285827637,26.348360061645497,19.0496196746826,8.14482975006104,8.674679756164549,3.04060006141663,0,0,0,0,0,0,0
root/Sub-SaharanAfrica/CaboVerde,root/Sub-SaharanAfrica,0,0,0,0,0,0,0,0,0,0,0,11.8564395904541,13.7968196868896,17.288610458374,9.588930130004881,7.00452995300293,5.5181999206542995,3.7606399059295694,0,0,0,0,0,0,0,0,0,0,0,0,0,1.52754998207092,1.7840000391006499,2.7039399147033705,4.31337976455688,5.33435010910034,6.431340217590329,8.35200023651123,10.7146902084351,12.3256998062134,13.0851402282715,14.3356599807739,13.8036499023438,13.802809715271001,13.697389602661099,13.4962797164917,14.426839828491199,0
root/Sub-SaharanAfrica/Cameroon,root/Sub-SaharanAfrica,0,43.5727386474609,43.469688415527294,45.080940246582,45.9533805847168,40.1277313232422,38.3431282043457,39.2078285217285,38.037448883056605,36.8013801574707,36.4005699157715,0,0,0,0,0,0,0,30.4320507049561,0,31.149320602417003,32.7972984313965,0,0,0,0,0,0,0,0,0,0,0,0,0,0,0,0,0,0,0,14.8237199783325,11.3412399291992,0,10.0124502182007,0,8.98196983337402,0
root/Sub-SaharanAfrica/CentralAfricanRepublic,root/Sub-SaharanAfrica,0,66.0285186767578,63.969200134277294,61.464969635009794,0,0,0,62.5566596984863,62.8709487915039,0,0,58.8162612915039,58.0603103637695,58.7891311645508,0,0,51.6314506530762,60.5254898071289,61.9891014099121,61.6126594543457,54.5739593505859,57.482780456543,0,0,0,0,0,0,0,0,0,0,0,0,0,59.7844085693359,59.6262283325195,53.108428955078104,44.6601905822754,44.470920562744105,42.1072387695313,43.209468841552706,39.8273696899414,0,0,0,0,0
root/Sub-SaharanAfrica/Chad,root/Sub-SaharanAfrica,0,0,0,0,0,86.4986572265625,0,86.1630172729492,0,0,0,0,0,0,0,0,0,0,79.26361083984379,0,0,0,0,0,0,0,0,69.2027130126953,64.48349761962889,61.7194404602051,59.2577018737793,57.491340637207,54.4894485473633,52.6346206665039,0,0,0,0,0,0,0,45.2789192199707,0,31.4870204925537,0,0,0,0
root/Sub-SaharanAfrica/Comoros,root/Sub-SaharanAfrica,0,0,0,0,0,0,0,0,0,0,0,0,0,0,0,0,0,32.4015884399414,0,0,0,0,0,0,37.703910827636705,0,0,0,0,44.0756492614746,37.8639907836914,0,0,0,0,0,0,23.749469757080103,0,0,0,0,0,15.6289596557617,18.716730117797898,0,0,0
root/Sub-SaharanAfrica/CongoDemRep,root/Sub-SaharanAfrica,0,45.7068099975586,46.5290107727051,0,0,42.2197608947754,0,0,0,39.883750915527294,0,0,0,35.8040809631348,34.5849418640137,0,0,0,43.514610290527294,0,0,45.927219390869105,46.8698310852051,47.5367317199707,47.37638854980471,44.0724296569824,0,0,0,64.1065216064453,0,0,0,0,0,0,0,0,0,0,0,0,0,0,0,0,0,0
root/Sub-SaharanAfrica/CongoRep,root/Sub-SaharanAfrica,0,0,23.8194694519043,0,17.4004402160645,0,12.5977697372437,0,7.7417898178100595,7.233819961547849,13.8362102508545,14.7686595916748,14.0114898681641,13.1361703872681,12.3558101654053,0,0,0,0,0,0,0,0,0,0,0,0,0,0,0,0,0,0,0,0,44.1011810302734,48.2134284973145,0,0,0,17.1828308105469,0,9.14560031890869,0,0,0,0,0
root/Sub-SaharanAfrica/CotedIvoire,root/Sub-SaharanAfrica,0,0,0,0,0,0,0,62.21659851074221,0,0,0,0,0,0,0,0,0,0,0,0,0,0,0,0,0,0,54.1426582336426,53.128200531005895,0,51.0052604675293,52.4518699645996,48.329738616943395,48.9492988586426,50.1175193786621,0,0,0,0,0,48.957210540771506,0,0,0,33.4031105041504,30.6008491516113,27.0366096496582,17.039270401001,0
root/Sub-SaharanAfrica/EquatorialGuinea,root/Sub-SaharanAfrica,0,0,0,0,0,0,0,0,0,0,0,0,0,0,0,0,0,0,0,0,0,0,0,0,37.562198638916,0,0,0,0,0,41.8735504150391,33.0588188171387,35.9396514892578,36.0545997619629,0,0,0,0,53.61408996582029,54.552131652832,55.0945510864258,53.879711151123,52.5768508911133,0,0,55.322959899902294,0,0
root/Sub-SaharanAfrica/Eritrea,root/Sub-SaharanAfrica,0,0,0,0,0,0,0,0,0,0,0,0,0,0,0,0,0,0,0,0,0,0,79.72837829589841,0,76.8111267089844,75.69618225097659,74.0097885131836,73.7077178955078,0,68.8668899536133,63.7045783996582,61.6057281494141,56.7695388793945,52.0101089477539,49.327999114990206,47.4875411987305,47.6146583557129,52.0212287902832,55.558921813964794,58.745510101318395,61.078678131103494,58.9597091674805,56.864860534668,58.2895393371582,58.117340087890604,59.45906066894529,0,0
root/Sub-SaharanAfrica/Ethiopia,root/Sub-SaharanAfrica,0,0,0,0,0,0,0,0,0,0,0,0,0,0,0,0,0,75.73326110839841,75.4279327392578,75.9295196533203,0,0,0,0,84.4949417114258,82.8049697875977,79.7847213745117,0,73.3888320922852,70.404411315918,65.8976516723633,61.243968963623,58.7136116027832,57.5345306396484,53.6917190551758,42.18394088745121,36.7936515808105,31.4846897125244,25.823650360107397,25.601739883422898,27.631999969482397,23.9635200500488,22.6707706451416,0,16.5788593292236,17.1626892089844,0,0
root/Sub-SaharanAfrica/Gabon,root/Sub-SaharanAfrica,0,0,0,0,0,0,0,0,0,0,0,0,0,0,0,0,0,0,0,0,0,0,0,0,0,0,0,8.86781024932861,0,0,0,0,0,0,0,0,0,0,0,0,0,0,0,0,0,0,0,0
root/Sub-SaharanAfrica/GambiaThe,root/Sub-SaharanAfrica,0,84.5978317260742,84.650032043457,83.7117233276367,83.2452926635742,82.4553680419922,81.7937774658203,79.63880920410159,77.76470947265629,75.62889099121091,71.9985885620117,64.9345016479492,61.9806594848633,58.7852592468262,55.6384201049805,53.22998046875,52.8264312744141,0,0,0,0,0,61.723960876464794,58.4114799499512,0,0,47.254730224609396,0,41.7514305114746,30.095100402832,31.0990905761719,28.9092693328857,30.9564895629883,25.165460586547898,23.7004699707031,25.8739795684814,21.4852294921875,21.456190109252898,25.388309478759798,0,28.672269821167003,28.274599075317397,25.3088302612305,29.3711204528809,25.9774494171143,22.67799949646,20.167270660400398,17.4143199920654
root/Sub-SaharanAfrica/Ghana,root/Sub-SaharanAfrica,0,0,0,0,0,0,0,0,0,0,0,0,0,0,0,0,0,0,0,0,0,0,0,0,0,0,0,0,0,39.066398620605504,35.239528656005895,40.234458923339794,37.540458679199205,38.4819488525391,0,35.0478897094727,35.5123710632324,30.123319625854503,24.872579574585,26.2321891784668,0,17.890939712524396,0,14.0070295333862,11.4176902770996,9.636549949646,12.445690155029302,14.1193199157715
root/Sub-SaharanAfrica/Guinea,root/Sub-SaharanAfrica,0,0,0,0,0,0,0,0,0,0,0,0,0,0,81.93409729003909,80.53038024902341,81.815071105957,83.4071884155273,82.5888977050781,82.5278091430664,83.09266662597659,81.5882568359375,0,0,0,0,0,0,69.30735015869139,66.4022674560547,62.4003295898438,58.64501953125,51.747898101806605,47.907989501953104,44.528011322021506,41.9138793945313,39.0033187866211,36.7661895751953,37.6544609069824,36.2349510192871,34.918380737304695,29.856679916381804,30.3582592010498,29.4037303924561,25.7815093994141,0,0,0
root/Sub-SaharanAfrica/GuineaBissau,root/Sub-SaharanAfrica,0,0,0,0,0,0,0,0,0,0,0,70.9147491455078,66.45401000976561,0,67.1525421142578,66.8510589599609,0,71.5571365356445,72.6440963745117,0,0,0,0,0,0,0,0,0,0,0,60.428871154785206,0,0,0,0,0,0,0,0,0,29.829530715942397,0,0,0,0,0,0,0
root/Sub-SaharanAfrica/Kenya,root/Sub-SaharanAfrica,0,0,0,0,0,0,0,0,0,0,0,0,0,0,0,0,0,0,0,0,0,0,0,0,0,0,0,0,0,36.8637084960938,33.492828369140604,32.4799118041992,38.295768737793004,27.2302398681641,29.027809143066396,28.053539276123,28.461799621582,18.9328002929688,22.1670799255371,20.560749053955103,0,0,15.0581703186035,0,0,0,0,0
root/Sub-SaharanAfrica/Lesotho,root/Sub-SaharanAfrica,26.8785400390625,0,31.0419006347656,31.2345695495605,22.2877197265625,0,21.3236293792725,20.0300407409668,27.776620864868196,26.100210189819304,26.4317607879639,27.0281295776367,23.0772705078125,24.1314506530762,23.300979614257802,21.031269073486303,20.8679504394531,18.7861309051514,17.5266494750977,18.5072193145752,20.1729106903076,18.373489379882802,18.3833293914795,21.427659988403303,20.969800949096697,23.1657600402832,22.913249969482397,0,32.5833511352539,37.0159492492676,16.7068405151367,16.585880279540998,16.4966793060303,16.500360488891598,19.279710769653303,20.1682395935059,20.009689331054698,22.9597091674805,21.681829452514602,20.8722305297852,19.3219394683838,18.291799545288104,16.9423503875732,18.7651100158691,18.3341903686523,18.4909992218018,18.157300949096697,0
root/Sub-SaharanAfrica/Liberia,root/Sub-SaharanAfrica,0,0,0,0,0,0,0,0,0,0,0,0,0,0,0,0,0,0,0,0,0,0,0,0,0,0,0,0,0,59.1604690551758,0,0,0,0,0,0,64.7279510498047,0,58.6011085510254,61.355411529540994,0,60.116371154785206,0,0,62.8070182800293,63.6498413085938,0,0
root/Sub-SaharanAfrica/Madagascar,root/Sub-SaharanAfrica,0,0,36.9658088684082,0,0,0,0,0,0,0,0,0,0,0,0,0,0,0,0,35.1400489807129,36.158729553222706,0,0,0,0,42.456108093261705,43.000770568847706,0,0,34.816989898681605,33.2761611938477,31.976869583129897,31.213159561157198,21.7871398925781,0,0,0,0,0,0,0,0,0,0,0,0,0,0
root/Sub-SaharanAfrica/Malawi,root/Sub-SaharanAfrica,0,0,0,0,0,0,0,0,0,0,0,0,0,0,0,0,0,0,0,0,0,0,0,0,0,0,0,0,0,6.060410022735599,0,0,0,0,0.983870029449463,1.56823003292084,2.55607008934021,6.61293983459473,0.7527199983596801,1.31061995029449,0,0,0,0,0,0,0,0
root/Sub-SaharanAfrica/Mali,root/Sub-SaharanAfrica,0,87.2001266479492,0,0,0,0,0,0,0,0,0,0,0,0,0,0,0,0,0,0,0,0,0,0,0,0,0,0,0,63.155670166015604,0,0,55.2434616088867,55.2953987121582,53.027679443359396,50.0373306274414,48.2635688781738,45.9267082214355,0,38.8799705505371,37.394588470459,35.9852714538574,37.795478820800795,0,40.548500061035206,43.25553894042971,42.1303596496582,0
root/Sub-SaharanAfrica/Mauritania,root/Sub-SaharanAfrica,0,0,0,0,0,0,0,0,0,0,0,0,0,0,0,0,0,0,0,0,0,0,0,0,57.161159515380895,51.14482116699221,47.0136108398438,0,41.8311805725098,41.7732696533203,41.60776901245121,38.6140899658203,38.34849166870121,35.011428833007805,27.669950485229503,28.597839355468803,26.2532005310059,25.060029983520497,28.082899093627898,29.051639556884798,28.5395393371582,27.557010650634798,28.1060104370117,26.0228004455566,23.815740585327102,0,26.837919235229503,0
root/Sub-SaharanAfrica/Mauritius,root/Sub-SaharanAfrica,0,0,21.8368492126465,21.4811706542969,21.213680267334002,20.539659500122102,20.6964893341064,17.444759368896502,19.6555004119873,22.275499343872102,21.4263000488281,17.7213096618652,11.893159866333,8.7551097869873,5.166709899902339,0,1.3380800485611,0,0,0,2.20315003395081,6.66722011566162,0,6.62322998046875,5.89542007446289,4.96404981613159,2.94233989715576,2.0416100025176998,3.93268990516663,7.01666021347046,6.63516998291016,6.76997995376587,5.0221700668335005,5.465350151062009,4.89954996109009,3.4203999042511,3.29106998443604,2.8540000915527304,2.9092600345611603,2.67371988296509,2.4302399158477797,2.06207990646362,5.204150199890139,2.72414994239807,2.38615989685059,2.68842005729675,3.24729990959167,0
root/Sub-SaharanAfrica/Mozambique,root/Sub-SaharanAfrica,0,0,0,76.5070571899414,0,0,0,0,0,66.5087127685547,0,67.93337249755861,68.02020263671879,57.27388000488279,0,53.8716506958008,54.5102195739746,57.6838912963867,0,61.0793685913086,0,61.9115982055664,63.361289978027294,64.70101928710939,63.9636383056641,61.9812507629395,0,0,57.712131500244105,54.0037612915039,50.154911041259794,45.6539916992188,48.39897155761721,0,35.7117500305176,30.5668506622314,26.5135097503662,21.4403095245361,17.836370468139602,16.0894794464111,14.5961999893188,16.2542591094971,15.8760995864868,14.7628498077393,13.9785900115967,12.7358903884888,0,0
root/Sub-SaharanAfrica/Namibia,root/Sub-SaharanAfrica,0,0,0,0,0,0,0,0,0,0,0,0,0,0,0,0,0,0,0,17.651109695434602,17.6300106048584,0,14.993149757385302,0,0,0,0,0,10.141209602356,9.64511013031006,8.494029998779299,7.86478996276855,6.47746992111206,6.840579986572269,9.37845039367676,9.48606014251709,12.696399688720698,10.0307502746582,11.221209526062,11.4958400726318,11.8197803497314,0,10.1995000839233,8.17434978485107,0,0,0,0
root/Sub-SaharanAfrica/Niger,root/Sub-SaharanAfrica,0,0,0,92.40927124023442,91.8113327026367,0,0,0,0,0,0,0,0,0,0,0,83.4677505493164,0,0,83.5292205810547,83.1166305541992,82.6017684936523,83.9794006347656,0,0,0,0,81.43153381347659,80.8513412475586,79.1833724975586,78.3246078491211,75.4026336669922,72.5500869750977,69.19161987304689,66.2761764526367,65.73593902587889,64.3185577392578,62.8806495666504,58.964111328125,55.1875190734863,51.184078216552706,46.463939666748,44.4127388000488,44.427120208740206,43.9286918640137,42.3980712890625,41.1880302429199,0
root/Sub-SaharanAfrica/Nigeria,root/Sub-SaharanAfrica,0,0,0,0,0,0,0,0,0,0,0,0,0,0,0,0,0,0,0,0,0,0,0,0,0,0,0,0,0,42.636970520019496,39.7542381286621,0,0,0,37.0375099182129,36.375419616699205,35.2936401367188,36.0169105529785,41.7824211120605,40.4701385498047,40.0294189453125,0,0,0,0,0,0,0
root/Sub-SaharanAfrica/Rwanda,root/Sub-SaharanAfrica,0,0,0,49.9087982177734,52.007171630859396,53.6175689697266,0,49.3825912475586,46.74858093261721,0,0,0,0,0,0,0,0,0,0,0,0,0,0,0,0,0,0,0,0,18.668880462646502,0,0,15.937549591064501,10.1630897521973,0,0,0,0,0,0,0,0,0,0,0,0,3.63324999809265,0
root/Sub-SaharanAfrica/SaoTomeandPrincipe,root/Sub-SaharanAfrica,0,0,0,0,0,0,0,0,0,0,0,0,0,4.51362991333008,4.6014900207519505,0,0,0,8.450119972229,0,0,0,0,0,0,0,0,0,0,19.5785503387451,0,0,5.73987007141113,3.51117992401123,0,2.26797008514404,0,9.77029037475586,9.14692974090576,6.73422002792358,7.425950050354,0,0,8.950090408325199,8.84337043762207,9.71308994293213,0,3.27321004867554
root/Sub-SaharanAfrica/Senegal,root/Sub-SaharanAfrica,0,0,0,0,0,0,0,0,75.12396240234379,73.0051574707031,72.008918762207,71.0626907348633,69.6834869384766,68.02761840820311,67.16531372070311,66.30502319335939,62.677799224853494,0,61.365318298339794,0,61.778881072998,0,61.8451995849609,0,0,0,56.2197685241699,51.7472610473633,48.608211517334006,49.8461418151855,45.6640701293945,0,0,37.977348327636705,38.2863807678223,36.779899597168004,33.7281112670898,30.6002902984619,29.030809402465803,28.1352596282959,26.768970489502,25.908470153808604,22.3140506744385,23.4237403869629,22.5568904876709,22.3352909088135,24.0084590911865,0
root/Sub-SaharanAfrica/Seychelles,root/Sub-SaharanAfrica,0,0,0,0,0,0,0,0,0,14.221309661865199,0,0,0,0,0,0,0,0,0,0,0,0,0,12.6789798736572,8.11777019500732,6.82108020782471,6.82397985458374,0,0,0,5.0977201461792,13.1133098602295,6.76219987869263,5.7198801040649405,4.93198013305664,5.26309013366699,0,0,0,0,0,0,0,0,0,0,0,0
root/Sub-SaharanAfrica/SierraLeone,root/Sub-SaharanAfrica,0,0,0,0,0,0,0,0,0,0,0,0,0,64.0390090942383,0,0,0,0,0,0,0,0,0,0,0,0,0,0,0,0,0,0,0,0,0,0,0,0,0,0,0,0,7.34407997131348,1.442999958992,0,5.14727020263672,0.5404499769210821,0
root/Sub-SaharanAfrica/Somalia,root/Sub-SaharanAfrica,0,0,0,0,0,0,84.5851211547852,85.93872833251949,88.3157501220703,88.36914825439449,89.1721878051758,0,0,0,0,0,0,0,0,0,0,0,0,0,0,0,0,0,0,0,0,0,0,0,0,0,0,0,0,0,0,0,0,0,0,0,0,0
root/Sub-SaharanAfrica/SouthAfrica,root/Sub-SaharanAfrica,34.731540679931605,0,0,0,0,0,0,0,0,0,0,0,0,0,0,0,0,0,0,0,0,11.763310432434098,0,0,7.89828014373779,6.71943998336792,0,0,5.480999946594241,4.57004976272583,7.0379900932312,6.548590183258059,6.34355020523071,6.38644981384277,6.80580997467041,8.11557006835938,0,0,0,0,0,0,0,0,0,14.607520103454599,0,0
root/Sub-SaharanAfrica/SouthSudan,root/Sub-SaharanAfrica,0,0,0,0,0,0,0,0,0,0,0,0,0,0,0,0,0,0,0,0,0,0,0,0,0,0,0,0,0,0,0,0,0,0,0,0,0,0,0,0,0,66.04843902587889,0,0,0,72.234130859375,0,0
root/Sub-SaharanAfrica/Sudan,root/Sub-SaharanAfrica,0,0,0,0,0,0,0,0,0,0,0,0,0,0,0,0,0,0,0,0,0,0,0,0,0,0,0,0,0,0,0,0,0,0,0,0,0,0,0,0,0,44.4275398254395,42.246879577636705,0,0,0,0,0
root/Sub-SaharanAfrica/Swaziland,root/Sub-SaharanAfrica,43.899318695068395,43.9375114440918,41.9723892211914,39.1541786193848,37.647819519043004,35.000949859619105,33.9801712036133,32.8170013427734,32.095550537109396,30.8320503234863,0,25.5719108581543,25.773269653320302,25.9276504516602,25.906959533691396,24.099760055542003,25.4876594543457,24.733060836792003,25.5699901580811,25.6235198974609,23.759580612182603,23.9958992004395,23.6185607910156,25.2559700012207,24.501949310302702,23.8096599578857,26.257610321044897,0,0,0,0,0,0,0,0,0,0,0,0,25.634910583496104,20.815509796142603,21.917259216308604,21.7154598236084,24.225509643554698,23.2051296234131,24.0893707275391,0,0
root/Sub-SaharanAfrica/Tanzania,root/Sub-SaharanAfrica,0,0,0,0,0,0,0,0,0,0,0,32.0556488037109,36.078330993652294,36.654380798339794,0,42.4088706970215,43.625560760498,45.42594909667971,47.2505302429199,47.468879699707,48.2150993347168,48.989078521728494,49.005710601806605,49.5798683166504,50.5608596801758,50.727821350097706,50.639068603515604,50.17919921875,50.6108589172363,50.1755218505859,46.817138671875,43.065250396728494,29.280370712280302,21.597589492797898,17.3743095397949,13.163200378417999,7.465290069580081,0,5.9275598526001,0,11.9222402572632,0,16.055320739746097,18.7990703582764,20.3633193969727,0,0,0
root/Sub-SaharanAfrica/Togo,root/Sub-SaharanAfrica,0,67.7706832885742,65.47781372070311,0,0,0,0,0,46.2050590515137,44.101898193359396,43.188838958740206,0,45.010948181152294,45.277980804443395,52.223388671875,53.65959167480471,57.130088806152294,50.4418411254883,49.5525398254395,49.1949996948242,47.3406105041504,44.5278396606445,0,0,47.615970611572294,39.57017135620121,33.411788940429695,35.088161468505895,0,0,0,21.0242805480957,0,18.965280532836896,15.7869100570679,15.7370195388794,0,15.865019798278801,14.1730804443359,0,0,0,0,0,11.722740173339801,0,16.8030891418457,0
root/Sub-SaharanAfrica/Uganda,root/Sub-SaharanAfrica,0,0,0,0,0,0,0,0,0,66.82760620117189,0,63.386878967285206,60.458740234375,0,0,0,46.5948600769043,0,0,0,0,0,0,0,0,0,0,0,0,0,0,0,0,0,0,0,0,0,0,7.8689398765564,10.9892902374268,8.28841018676758,0,7.578070163726809,0,0,0,0
root/Sub-SaharanAfrica/Zambia,root/Sub-SaharanAfrica,0,0,27.3602409362793,0,0,0,23.9193096160889,23.589540481567397,24.2224102020264,24.236600875854503,24.0182399749756,23.831449508667003,23.936559677124,22.450670242309602,21.479450225830103,0,19.596820831298803,0,21.043380737304698,0,0,0,0,0,28.039649963378896,29.818229675293,0,0,32.7799606323242,34.3822402954102,34.0814590454102,34.0839309692383,31.4731292724609,0,18.5895500183105,9.90137958526611,11.312950134277301,10.013279914856,0,11.674989700317399,14.2747201919556,10.4839296340942,8.419589996337889,11.129380226135302,0,0,0,0
root/Sub-SaharanAfrica/Zimbabwe,root/Sub-SaharanAfrica,0,0,0,0,0,0,0,0,0,0,0,0,0,0,0,0,0,0,0,0,0,0,0,0,0,0,0,0,15.0071802139282,13.099459648132301,12.651860237121598,10.304969787597699,13.8376798629761,14.953399658203098,0,0,0,0,0,0,0,0,11.0159301757813,13.995420455932601,0,0,0,0
