root/EastAsia&Pacific,root,534.8199999999999,1044.0200000000002,1147.06,1046.89,1329.19,1329.19,1429.1,1345.11,1485.7000000000003,1485.08,1527.1100000000001,1685.25,1784.73,1782.2500000000002,1621.62,1881.5900000000001,1781.3200000000002,1595.6700000000003,1675.35,1390.17,1694.5100000000002,1775.14
root/EastAsia&Pacific/Australia,root/EastAsia&Pacific,0,99.04,99.04,99.04,99.04,99.04,98.95,99.07,99.07,99.07,99.07,99.07,99.05,98.96,98.96,99.05,98.96,99.17,99.1,99.1,99.1,99.1
root/EastAsia&Pacific/BruneiDarussalam,root/EastAsia&Pacific,0,97.91,97.91,97.91,97.91,97.91,97.91,97.91,97.91,97.88,97.88,97.88,97.88,97.88,97.93,97.93,97.93,0,0,98.2,0,98.2
root/EastAsia&Pacific/Cambodia,root/EastAsia&Pacific,0,0,0,0,0,0,0,0,0,0,100.0,100.0,100.0,100.0,0,100.0,100.0,100.0,0,100.0,0,100.0
root/EastAsia&Pacific/China,root/EastAsia&Pacific,0,0,0,0,0,0,100.0,100.0,100.0,100.0,100.0,100.0,100.0,100.0,100.0,100.0,100.0,0,0,100.0,100.0,100.0
root/EastAsia&Pacific/Fiji,root/EastAsia&Pacific,0,0,0,0,0,0,0,0,58.14,58.14,0,58.14,56.86,56.86,56.86,56.86,56.86,55.03,55.03,0,55.03,0
root/EastAsia&Pacific/HongKongSARChina,root/EastAsia&Pacific,0,87.36,87.36,87.19,87.36,87.36,87.36,86.78,86.78,86.78,86.78,86.78,87.4,87.4,87.4,87.4,87.4,88.96,88.96,88.96,88.96,88.96
root/EastAsia&Pacific/Indonesia,root/EastAsia&Pacific,99.3,99.3,99.3,99.3,99.3,99.3,99.3,99.24,99.24,99.24,99.24,99.24,99.22,99.22,99.22,99.22,99.22,99.22,99.22,0,0,99.32
root/EastAsia&Pacific/Japan,root/EastAsia&Pacific,98.42,98.43,98.43,98.43,98.43,98.43,98.43,98.39,98.47,98.47,98.47,98.47,98.36,98.36,98.36,98.36,98.27,98.65,98.65,98.57,98.57,98.57
root/EastAsia&Pacific/KoreaRep,root/EastAsia&Pacific,94.82,94.77,94.77,94.77,94.77,94.77,94.77,94.58,94.58,94.58,94.58,94.58,93.96,93.96,93.96,93.96,93.96,91.97,91.97,91.97,91.74,91.74
root/EastAsia&Pacific/LaoPDR,root/EastAsia&Pacific,0,0,0,0,0,0,0,0,0,0,0,0,0,0,0,0,0,0,0,100.0,100.0,100.0
root/EastAsia&Pacific/MacaoSARChina,root/EastAsia&Pacific,0,65.39,65.39,65.39,65.39,65.39,65.39,64.41,64.41,64.41,64.41,64.41,64.41,63.59,63.59,63.59,63.59,60.89,60.89,60.89,60.89,60.89
root/EastAsia&Pacific/Malaysia,root/EastAsia&Pacific,0,81.18,84.22,84.22,84.22,84.22,84.22,84.22,84.22,83.9,83.9,83.9,83.9,82.74,82.74,82.74,82.74,82.74,81.31,81.31,0,81.31
root/EastAsia&Pacific/Mongolia,root/EastAsia&Pacific,0,0,0,0,100.0,100.0,100.0,100.0,100.0,100.0,100.0,100.0,100.0,100.0,100.0,100.0,100.0,0,100.0,0,100.0,0
root/EastAsia&Pacific/Myanmar,root/EastAsia&Pacific,0,60.51,60.51,60.51,60.51,60.51,60.51,60.51,60.51,60.51,60.68,60.68,60.68,60.68,0,59.88,59.88,57.73,57.73,0,57.73,0
root/EastAsia&Pacific/NewZealand,root/EastAsia&Pacific,0,100.0,100.0,100.0,100.0,100.0,100.0,99.92,99.92,99.92,99.92,99.92,100.0,100.0,100.0,100.0,100.0,100.0,99.92,99.92,99.92,99.92
root/EastAsia&Pacific/PapuaNewGuinea,root/EastAsia&Pacific,0,0,100.0,0,100.0,100.0,100.0,100.0,100.0,100.0,100.0,100.0,100.0,100.0,100.0,100.0,0,100.0,100.0,0,0,0
root/EastAsia&Pacific/Philippines,root/EastAsia&Pacific,76.75,76.35,76.35,76.35,76.35,76.35,76.35,76.35,76.35,76.08,76.08,76.08,76.02,75.56,75.56,75.56,75.56,75.5,71.32,0,71.32,71.32
root/EastAsia&Pacific/Samoa,root/EastAsia&Pacific,0,0,0,0,0,0,0,0,0,0,0,0,0,0,0,0,99.91,99.92,99.92,99.92,99.92,99.92
root/EastAsia&Pacific/Singapore,root/EastAsia&Pacific,83.42,83.78,83.78,83.78,83.78,83.78,83.78,83.73,83.73,83.73,83.73,83.73,83.73,83.78,83.78,83.78,83.78,85.89,85.89,85.89,85.89,85.89
root/EastAsia&Pacific/SolomonIslands,root/EastAsia&Pacific,0,0,0,0,0,0,0,0,0,0,0,100.0,100.0,100.0,0,100.0,100.0,0,100.0,0,100.0,100.0
root/EastAsia&Pacific/Thailand,root/EastAsia&Pacific,82.11,0,0,0,82.13,82.13,82.13,0,82.37,82.37,82.37,82.37,83.26,83.26,83.26,83.26,83.26,0,85.44,85.44,85.44,0
root/EastAsia&Pacific/Tonga,root/EastAsia&Pacific,0,0,0,0,0,0,0,0,0,0,0,0,0,0,100.0,100.0,100.0,100.0,100.0,0,100.0,100.0
root/EastAsia&Pacific/Vanuatu,root/EastAsia&Pacific,0,0,0,0,0,0,0,0,0,0,0,0,0,0,0,0,0,100.0,0,0,100.0,100.0
root/EastAsia&Pacific/Vietnam,root/EastAsia&Pacific,0,0,0,0,0,0,0,0,0,0,0,0,100.0,100.0,100.0,100.0,0,100.0,100.0,100.0,100.0,100.0
root/Europe&CentralAsia,root,2964.91,3061.5399999999995,2965.3799999999997,3061.5399999999995,3061.5399999999995,3261.45,3461.45,3263.64,3559.92,3559.92,3560.0,3659.92,3859.4500000000003,3859.44,3859.44,3959.44,3859.44,3895.7799999999997,3960.7999999999997,3795.7799999999997,4060.81,4060.81
root/Europe&CentralAsia/Albania,root/Europe&CentralAsia,0,0,0,0,0,100.0,100.0,100.0,100.0,100.0,100.0,100.0,100.0,100.0,100.0,100.0,100.0,100.0,100.0,100.0,100.0,100.0
root/Europe&CentralAsia/Armenia,root/Europe&CentralAsia,0,0,0,0,0,0,0,0,100.0,100.0,100.0,100.0,100.0,100.0,100.0,100.0,100.0,100.0,100.0,100.0,100.0,100.0
root/Europe&CentralAsia/Austria,root/Europe&CentralAsia,100.0,100.0,100.0,100.0,100.0,100.0,100.0,100.0,100.0,100.0,100.0,100.0,100.0,100.0,100.0,100.0,100.0,100.0,100.0,100.0,100.0,100.0
root/Europe&CentralAsia/Belgium,root/Europe&CentralAsia,100.0,100.0,100.0,100.0,100.0,100.0,100.0,100.0,100.0,100.0,100.0,100.0,100.0,100.0,100.0,100.0,100.0,100.0,100.0,100.0,100.0,100.0
root/Europe&CentralAsia/Bulgaria,root/Europe&CentralAsia,100.0,100.0,100.0,100.0,100.0,100.0,100.0,100.0,100.0,100.0,100.0,100.0,100.0,100.0,100.0,100.0,100.0,100.0,100.0,100.0,100.0,100.0
root/Europe&CentralAsia/Croatia,root/Europe&CentralAsia,100.0,100.0,100.0,100.0,100.0,100.0,100.0,100.0,100.0,100.0,100.0,100.0,100.0,100.0,100.0,100.0,100.0,100.0,100.0,100.0,100.0,100.0
root/Europe&CentralAsia/Cyprus,root/Europe&CentralAsia,100.0,100.0,100.0,100.0,100.0,100.0,100.0,100.0,100.0,100.0,100.0,100.0,100.0,100.0,100.0,100.0,100.0,100.0,100.0,100.0,100.0,100.0
root/Europe&CentralAsia/CzechRepublic,root/Europe&CentralAsia,100.0,100.0,100.0,100.0,100.0,100.0,100.0,100.0,100.0,100.0,100.0,100.0,100.0,100.0,100.0,100.0,100.0,100.0,100.0,100.0,100.0,100.0
root/Europe&CentralAsia/Denmark,root/Europe&CentralAsia,100.0,100.0,100.0,100.0,100.0,100.0,100.0,100.0,100.0,100.0,100.0,100.0,100.0,100.0,100.0,100.0,100.0,100.0,100.0,100.0,100.0,100.0
root/Europe&CentralAsia/Estonia,root/Europe&CentralAsia,100.0,100.0,100.0,100.0,100.0,100.0,100.0,100.0,100.0,100.0,100.0,100.0,100.0,100.0,100.0,100.0,100.0,100.0,100.0,100.0,100.0,100.0
root/Europe&CentralAsia/Finland,root/Europe&CentralAsia,100.0,100.0,100.0,100.0,100.0,100.0,100.0,100.0,100.0,100.0,100.0,100.0,100.0,100.0,100.0,100.0,100.0,100.0,100.0,100.0,100.0,100.0
root/Europe&CentralAsia/France,root/Europe&CentralAsia,100.0,100.0,100.0,100.0,100.0,100.0,100.0,100.0,100.0,100.0,100.0,100.0,100.0,100.0,100.0,100.0,100.0,100.0,100.0,100.0,100.0,100.0
root/Europe&CentralAsia/Georgia,root/Europe&CentralAsia,0,0,0,0,0,0,100.0,100.0,100.0,100.0,100.0,100.0,100.0,100.0,100.0,100.0,100.0,100.0,100.0,0,100.0,100.0
root/Europe&CentralAsia/Germany,root/Europe&CentralAsia,100.0,100.0,100.0,100.0,100.0,100.0,100.0,100.0,100.0,100.0,100.0,100.0,100.0,100.0,100.0,100.0,100.0,100.0,100.0,100.0,100.0,100.0
root/Europe&CentralAsia/Greece,root/Europe&CentralAsia,100.0,100.0,100.0,100.0,100.0,100.0,100.0,100.0,100.0,100.0,100.0,100.0,100.0,100.0,100.0,100.0,100.0,100.0,100.0,100.0,100.0,100.0
root/Europe&CentralAsia/Hungary,root/Europe&CentralAsia,100.0,100.0,100.0,100.0,100.0,100.0,100.0,100.0,100.0,100.0,100.0,100.0,100.0,100.0,100.0,100.0,100.0,100.0,100.0,100.0,100.0,100.0
root/Europe&CentralAsia/Iceland,root/Europe&CentralAsia,0,96.16,0,96.16,96.16,96.16,96.16,0,96.27,96.27,96.27,96.27,96.55,96.55,96.55,96.55,96.55,96.92,96.92,96.92,96.92,96.92
root/Europe&CentralAsia/Ireland,root/Europe&CentralAsia,100.0,100.0,100.0,100.0,100.0,100.0,100.0,100.0,100.0,100.0,100.0,100.0,100.0,100.0,100.0,100.0,100.0,100.0,100.0,100.0,100.0,100.0
root/Europe&CentralAsia/Italy,root/Europe&CentralAsia,100.0,100.0,100.0,100.0,100.0,100.0,100.0,100.0,100.0,100.0,100.0,100.0,100.0,100.0,100.0,100.0,100.0,100.0,100.0,100.0,100.0,100.0
root/Europe&CentralAsia/Kazakhstan,root/Europe&CentralAsia,0,0,0,0,0,0,0,0,0,0,0,0,0,0,0,0,0,0,0,0,100.0,100.0
root/Europe&CentralAsia/KyrgyzRepublic,root/Europe&CentralAsia,0,0,0,0,0,99.91,99.91,99.91,99.92,0,0,99.92,99.92,99.91,99.91,99.91,99.91,99.91,99.91,99.91,99.92,99.92
root/Europe&CentralAsia/Latvia,root/Europe&CentralAsia,100.0,100.0,100.0,100.0,100.0,100.0,100.0,100.0,100.0,100.0,100.0,100.0,100.0,100.0,100.0,100.0,100.0,100.0,100.0,100.0,100.0,100.0
root/Europe&CentralAsia/Lithuania,root/Europe&CentralAsia,100.0,100.0,100.0,100.0,100.0,100.0,100.0,100.0,100.0,100.0,100.0,100.0,100.0,100.0,100.0,100.0,100.0,100.0,100.0,100.0,100.0,100.0
root/Europe&CentralAsia/Luxembourg,root/Europe&CentralAsia,100.0,100.0,100.0,100.0,100.0,100.0,100.0,100.0,100.0,100.0,100.0,100.0,100.0,100.0,100.0,100.0,100.0,100.0,100.0,100.0,100.0,100.0
root/Europe&CentralAsia/MacedoniaFYR,root/Europe&CentralAsia,0,0,0,0,0,0,0,0,0,100.0,100.0,100.0,100.0,100.0,100.0,100.0,100.0,100.0,100.0,100.0,100.0,100.0
root/Europe&CentralAsia/Moldova,root/Europe&CentralAsia,0,0,0,0,0,0,100.0,0,100.0,100.0,100.0,100.0,100.0,100.0,100.0,100.0,100.0,100.0,100.0,100.0,100.0,100.0
root/Europe&CentralAsia/Netherlands,root/Europe&CentralAsia,100.0,100.0,100.0,100.0,100.0,100.0,100.0,100.0,100.0,100.0,100.0,100.0,100.0,100.0,100.0,100.0,100.0,100.0,100.0,100.0,100.0,100.0
root/Europe&CentralAsia/Norway,root/Europe&CentralAsia,100.0,100.0,100.0,100.0,100.0,100.0,100.0,100.0,100.0,100.0,100.0,100.0,100.0,100.0,100.0,100.0,100.0,100.0,100.0,100.0,100.0,100.0
root/Europe&CentralAsia/Poland,root/Europe&CentralAsia,100.0,100.0,100.0,100.0,100.0,100.0,100.0,100.0,100.0,100.0,100.0,100.0,100.0,100.0,100.0,100.0,100.0,100.0,100.0,100.0,100.0,100.0
root/Europe&CentralAsia/Portugal,root/Europe&CentralAsia,100.0,100.0,100.0,100.0,100.0,100.0,100.0,100.0,100.0,100.0,100.0,100.0,100.0,100.0,100.0,100.0,100.0,100.0,100.0,100.0,100.0,100.0
root/Europe&CentralAsia/Romania,root/Europe&CentralAsia,100.0,100.0,100.0,100.0,100.0,100.0,100.0,100.0,100.0,100.0,100.0,100.0,100.0,100.0,100.0,100.0,100.0,100.0,100.0,100.0,100.0,100.0
root/Europe&CentralAsia/RussianFederation,root/Europe&CentralAsia,0,0,0,0,0,0,0,0,0,0,0,0,100.0,100.0,100.0,100.0,100.0,100.0,100.0,100.0,100.0,100.0
root/Europe&CentralAsia/SlovakRepublic,root/Europe&CentralAsia,100.0,100.0,100.0,100.0,100.0,100.0,100.0,100.0,100.0,100.0,100.0,100.0,100.0,100.0,100.0,100.0,100.0,100.0,100.0,100.0,100.0,100.0
root/Europe&CentralAsia/Slovenia,root/Europe&CentralAsia,100.0,100.0,100.0,100.0,100.0,100.0,100.0,100.0,100.0,100.0,100.0,100.0,100.0,100.0,100.0,100.0,100.0,100.0,100.0,100.0,100.0,100.0
root/Europe&CentralAsia/Spain,root/Europe&CentralAsia,100.0,100.0,100.0,100.0,100.0,100.0,100.0,100.0,100.0,100.0,100.0,100.0,100.0,100.0,100.0,100.0,100.0,100.0,100.0,100.0,100.0,100.0
root/Europe&CentralAsia/Sweden,root/Europe&CentralAsia,100.0,100.0,100.0,100.0,100.0,100.0,100.0,100.0,100.0,100.0,100.0,100.0,100.0,100.0,100.0,100.0,100.0,100.0,100.0,100.0,100.0,100.0
root/Europe&CentralAsia/Switzerland,root/Europe&CentralAsia,98.95,98.95,98.95,98.95,98.95,98.95,98.95,98.73,98.73,98.73,98.73,98.73,98.79,98.79,98.79,98.79,98.79,98.95,98.95,98.95,98.95,98.95
root/Europe&CentralAsia/Tajikistan,root/Europe&CentralAsia,0,0,0,0,0,0,0,0,0,0,0,0,0,0,0,100.0,0,100.0,100.0,100.0,100.0,100.0
root/Europe&CentralAsia/Turkey,root/Europe&CentralAsia,65.96,66.43,66.43,66.43,66.43,66.43,66.43,65.0,65.0,64.92,65.0,65.0,64.19,64.19,64.19,64.19,64.19,0,65.02,0,65.02,65.02
root/Europe&CentralAsia/Ukraine,root/Europe&CentralAsia,0,0,0,0,0,0,0,0,0,0,0,0,100.0,100.0,100.0,100.0,100.0,100.0,100.0,100.0,100.0,100.0
root/Europe&CentralAsia/UnitedKingdom,root/Europe&CentralAsia,100.0,100.0,100.0,100.0,100.0,100.0,100.0,100.0,100.0,100.0,100.0,100.0,100.0,100.0,100.0,100.0,100.0,100.0,100.0,100.0,100.0,100.0
root/LatinAmerica&Caribbean,root,1499.91,2567.5600000000004,1950.6499999999999,1952.28,2969.54,2778.35,2998.4900000000002,2998.4300000000003,2811.5900000000006,2242.02,2145.9,2910.5800000000004,3053.3900000000003,2518.76,2269.3700000000003,3045.27,3044.94,2941.58,2940.12,1846.77,2693.73,2290.82
root/LatinAmerica&Caribbean/AntiguaandBarbuda,root/LatinAmerica&Caribbean,0,90.64,0,0,90.76,90.76,90.76,90.76,90.76,90.76,90.76,90.76,90.76,90.76,90.76,90.42,90.42,89.21,90.76,89.21,89.21,89.21
root/LatinAmerica&Caribbean/Argentina,root/LatinAmerica&Caribbean,100.0,100.0,100.0,100.0,100.0,100.0,100.0,100.0,100.0,100.0,100.0,100.0,100.0,100.0,100.0,100.0,100.0,100.0,100.0,100.0,100.0,100.0
root/LatinAmerica&Caribbean/Barbados,root/LatinAmerica&Caribbean,0,90.31,0,0,90.76,90.76,90.76,90.76,90.76,90.76,0,90.42,90.42,0,0,90.42,90.42,89.21,89.21,0,0,0
root/LatinAmerica&Caribbean/Belize,root/LatinAmerica&Caribbean,0,91.09,0,0,91.19,0,91.19,91.19,91.19,0,0,90.85,90.85,90.85,89.65,89.65,89.65,89.65,86.64,86.64,86.64,86.64
root/LatinAmerica&Caribbean/Bolivia,root/LatinAmerica&Caribbean,100.0,100.0,100.0,100.0,100.0,100.0,100.0,100.0,100.0,100.0,100.0,100.0,100.0,100.0,100.0,100.0,100.0,100.0,100.0,100.0,100.0,100.0
root/LatinAmerica&Caribbean/Brazil,root/LatinAmerica&Caribbean,100.0,100.0,100.0,100.0,100.0,100.0,100.0,100.0,100.0,100.0,100.0,100.0,100.0,100.0,100.0,100.0,100.0,100.0,100.0,100.0,100.0,100.0
root/LatinAmerica&Caribbean/Chile,root/LatinAmerica&Caribbean,100.0,100.0,100.0,100.0,100.0,100.0,100.0,100.0,100.0,100.0,100.0,100.0,100.0,100.0,100.0,100.0,100.0,100.0,100.0,0,100.0,100.0
root/LatinAmerica&Caribbean/Colombia,root/LatinAmerica&Caribbean,100.0,100.0,100.0,100.0,100.0,100.0,100.0,100.0,100.0,100.0,100.0,100.0,100.0,100.0,100.0,100.0,100.0,100.0,100.0,100.0,100.0,100.0
root/LatinAmerica&Caribbean/CostaRica,root/LatinAmerica&Caribbean,100.0,100.0,100.0,100.0,100.0,100.0,100.0,100.0,100.0,100.0,100.0,100.0,100.0,100.0,100.0,100.0,100.0,100.0,100.0,100.0,0,100.0
root/LatinAmerica&Caribbean/Cuba,root/LatinAmerica&Caribbean,0,61.55,61.61,61.61,61.61,61.61,61.61,61.55,60.59,60.59,60.59,60.59,60.59,60.59,59.28,59.28,59.28,59.28,59.28,0,57.81,57.81
root/LatinAmerica&Caribbean/Dominica,root/LatinAmerica&Caribbean,0,90.64,90.76,90.76,90.76,90.76,90.76,90.76,90.76,0,0,90.42,90.42,0,0,90.42,89.21,89.21,89.21,0,89.21,89.21
root/LatinAmerica&Caribbean/DominicanRepublic,root/LatinAmerica&Caribbean,0,100.0,100.0,100.0,100.0,100.0,100.0,100.0,100.0,100.0,96.56,100.0,100.0,100.0,0,100.0,100.0,100.0,100.0,0,100.0,100.0
root/LatinAmerica&Caribbean/Ecuador,root/LatinAmerica&Caribbean,0,100.0,100.0,100.0,100.0,100.0,100.0,100.0,100.0,100.0,100.0,100.0,100.0,100.0,100.0,100.0,100.0,100.0,0,100.0,100.0,100.0
root/LatinAmerica&Caribbean/ElSalvador,root/LatinAmerica&Caribbean,100.0,100.0,100.0,100.0,100.0,100.0,100.0,100.0,100.0,100.0,100.0,100.0,100.0,100.0,100.0,100.0,100.0,100.0,100.0,100.0,100.0,0
root/LatinAmerica&Caribbean/Grenada,root/LatinAmerica&Caribbean,0,100.0,0,0,100.0,100.0,100.0,100.0,100.0,0,0,100.0,100.0,100.0,0,100.0,100.0,100.0,100.0,0,100.0,100.0
root/LatinAmerica&Caribbean/Guatemala,root/LatinAmerica&Caribbean,100.0,0,100.0,100.0,100.0,100.0,100.0,100.0,100.0,100.0,100.0,100.0,100.0,100.0,100.0,100.0,100.0,100.0,100.0,100.0,100.0,0
root/LatinAmerica&Caribbean/Guyana,root/LatinAmerica&Caribbean,0,100.0,0,0,100.0,100.0,100.0,100.0,100.0,0,0,100.0,100.0,100.0,100.0,100.0,100.0,100.0,100.0,0,100.0,100.0
root/LatinAmerica&Caribbean/Haiti,root/LatinAmerica&Caribbean,0,0,0,0,0,0,85.88,85.88,0,0,0,0,85.88,85.88,83.69,83.69,83.69,83.69,83.69,83.69,83.69,80.78
root/LatinAmerica&Caribbean/Honduras,root/LatinAmerica&Caribbean,100.0,100.0,100.0,100.0,100.0,100.0,100.0,100.0,100.0,100.0,100.0,100.0,100.0,100.0,100.0,100.0,100.0,100.0,100.0,0,100.0,0
root/LatinAmerica&Caribbean/Jamaica,root/LatinAmerica&Caribbean,0,100.0,0,0,100.0,100.0,100.0,100.0,100.0,100.0,0,100.0,100.0,0,0,100.0,100.0,100.0,100.0,0,100.0,100.0
root/LatinAmerica&Caribbean/Mexico,root/LatinAmerica&Caribbean,100.0,100.0,100.0,100.0,100.0,100.0,100.0,100.0,100.0,100.0,100.0,100.0,100.0,100.0,100.0,100.0,100.0,100.0,100.0,100.0,100.0,100.0
root/LatinAmerica&Caribbean/Nicaragua,root/LatinAmerica&Caribbean,100.0,100.0,100.0,100.0,100.0,100.0,100.0,100.0,100.0,100.0,100.0,100.0,100.0,100.0,100.0,100.0,100.0,100.0,100.0,100.0,100.0,100.0
root/LatinAmerica&Caribbean/Panama,root/LatinAmerica&Caribbean,0,0,100.0,100.0,100.0,100.0,100.0,100.0,100.0,100.0,100.0,100.0,100.0,100.0,100.0,100.0,100.0,100.0,100.0,0,100.0,0
root/LatinAmerica&Caribbean/Paraguay,root/LatinAmerica&Caribbean,100.0,100.0,98.37,100.0,100.0,100.0,100.0,100.0,100.0,100.0,100.0,100.0,100.0,100.0,100.0,100.0,100.0,100.0,100.0,100.0,100.0,100.0
root/LatinAmerica&Caribbean/Peru,root/LatinAmerica&Caribbean,100.0,0,100.0,100.0,100.0,100.0,100.0,100.0,100.0,100.0,100.0,100.0,100.0,100.0,100.0,100.0,100.0,0,100.0,100.0,100.0,0
root/LatinAmerica&Caribbean/StKittsandNevis,root/LatinAmerica&Caribbean,0,90.64,0,0,90.76,90.76,90.76,90.76,90.76,0,0,90.76,90.76,90.76,90.76,89.21,89.21,89.21,89.21,89.21,89.21,89.21
root/LatinAmerica&Caribbean/StLucia,root/LatinAmerica&Caribbean,0,98.05,0,0,98.08,98.08,98.08,98.08,98.08,0,98.08,98.08,98.08,0,0,98.14,98.14,98.1,98.1,98.1,99.25,99.25
root/LatinAmerica&Caribbean/StVincentandtheGrenadines,root/LatinAmerica&Caribbean,0,98.76,0,0,98.78,98.78,98.78,98.78,98.78,0,0,98.78,98.78,0,0,98.81,98.81,98.79,98.79,0,98.79,98.79
root/LatinAmerica&Caribbean/Suriname,root/LatinAmerica&Caribbean,0,55.88,0,0,56.93,56.93,0,0,0,0,0,0,56.93,0,55.31,55.31,56.19,55.31,55.31,0,0,0
root/LatinAmerica&Caribbean/TrinidadandTobago,root/LatinAmerica&Caribbean,0,100.0,0,0,100.0,0,100.0,100.0,100.0,100.0,100.0,100.0,100.0,100.0,0,100.0,100.0,100.0,100.0,0,0,0
root/LatinAmerica&Caribbean/Uruguay,root/LatinAmerica&Caribbean,100.0,100.0,100.0,100.0,100.0,100.0,100.0,100.0,0,100.0,100.0,100.0,100.0,100.0,100.0,100.0,100.0,100.0,100.0,100.0,100.0,100.0
root/LatinAmerica&Caribbean/VenezuelaRB,root/LatinAmerica&Caribbean,99.91,0,99.91,99.91,99.91,99.91,99.91,99.91,99.91,99.91,99.91,99.92,99.92,99.92,99.92,99.92,99.92,99.92,99.92,99.92,99.92,99.92
root/MiddleEast&NorthAfrica,root,266.40999999999997,100.0,299.12,366.69,462.68,630.33,662.59,1030.82,1029.46,829.3299999999999,1229.27,1229.3300000000002,1060.73,1126.83,1226.9099999999999,736.41,1126.9599999999998,1222.34,1018.7,1155.78,1218.24,1118.24
root/MiddleEast&NorthAfrica/Bahrain,root/MiddleEast&NorthAfrica,0,0,0,0,73.42,73.42,73.42,73.81,73.81,73.81,73.75,73.81,71.94,71.96,71.96,71.96,71.96,71.96,68.32,68.32,68.32,68.32
root/MiddleEast&NorthAfrica/Djibouti,root/MiddleEast&NorthAfrica,0,0,0,100.0,100.0,0,0,100.0,0,0,100.0,100.0,0,0,100.0,0,100.0,100.0,0,100.0,0,0
root/MiddleEast&NorthAfrica/EgyptArabRep,root/MiddleEast&NorthAfrica,98.95,0,99.12,98.95,98.95,98.95,98.95,98.95,98.95,98.98,98.98,98.98,98.96,98.96,98.96,98.96,98.96,98.96,98.96,99.1,99.1,99.1
root/MiddleEast&NorthAfrica/Israel,root/MiddleEast&NorthAfrica,0,0,0,0,90.31,90.31,90.31,90.59,90.59,90.51,90.51,90.51,90.35,90.42,90.5,0,90.5,88.89,88.89,88.89,88.29,88.29
root/MiddleEast&NorthAfrica/Jordan,root/MiddleEast&NorthAfrica,0,0,0,0,0,99.91,99.91,99.91,100.0,99.92,99.92,99.92,99.91,99.91,99.91,99.91,99.91,99.92,99.92,99.92,99.92,99.92
root/MiddleEast&NorthAfrica/Kuwait,root/MiddleEast&NorthAfrica,0,0,0,0,0,0,0,99.82,99.58,99.58,99.58,99.58,99.57,99.57,99.57,99.57,99.57,99.55,99.55,99.55,99.55,99.55
root/MiddleEast&NorthAfrica/Malta,root/MiddleEast&NorthAfrica,100.0,100.0,100.0,100.0,100.0,100.0,100.0,100.0,100.0,100.0,100.0,100.0,100.0,100.0,100.0,100.0,100.0,100.0,100.0,100.0,100.0,100.0
root/MiddleEast&NorthAfrica/Morocco,root/MiddleEast&NorthAfrica,0,0,100.0,0,0,100.0,100.0,100.0,100.0,0,100.0,100.0,100.0,100.0,100.0,100.0,100.0,100.0,0,100.0,100.0,100.0
root/MiddleEast&NorthAfrica/Oman,root/MiddleEast&NorthAfrica,0,0,0,0,0,0,100.0,100.0,100.0,100.0,100.0,100.0,100.0,100.0,100.0,0,0,100.0,100.0,100.0,100.0,100.0
root/MiddleEast&NorthAfrica/Qatar,root/MiddleEast&NorthAfrica,0,0,0,0,0,0,0,100.0,100.0,100.0,100.0,100.0,100.0,100.0,100.0,100.0,100.0,100.0,100.0,100.0,100.0,100.0
root/MiddleEast&NorthAfrica/SaudiArabia,root/MiddleEast&NorthAfrica,0,0,0,0,0,0,0,0,0,0,100.0,100.0,100.0,100.0,100.0,0,100.0,100.0,100.0,100.0,100.0,0
root/MiddleEast&NorthAfrica/Tunisia,root/MiddleEast&NorthAfrica,67.46,0,0,67.74,0,67.74,0,67.74,66.53,66.53,66.53,66.53,0,66.01,66.01,66.01,66.06,63.06,63.06,0,63.06,63.06
root/MiddleEast&NorthAfrica/UnitedArabEmirates,root/MiddleEast&NorthAfrica,0,0,0,0,0,0,0,0,100.0,0,100.0,100.0,100.0,100.0,100.0,0,100.0,100.0,100.0,100.0,100.0,100.0
root/MiddleEast&NorthAfrica/YemenRep,root/MiddleEast&NorthAfrica,0,0,0,0,0,0,0,0,0,0,0,0,0,0,0,0,0,0,0,0,100.0,100.0
root/NorthAmerica,root,199.3,199.3,199.3,199.3,199.3,199.3,199.3,199.32999999999998,199.32999999999998,199.32999999999998,199.32999999999998,199.32999999999998,199.31,199.31,199.31,199.31,199.31,199.39,199.39,199.39,199.39,199.39
root/NorthAmerica/Canada,root/NorthAmerica,99.39,99.39,99.39,99.39,99.39,99.39,99.39,99.41,99.41,99.41,99.41,99.41,99.4,99.4,99.4,99.4,99.4,99.47,99.47,99.47,99.47,99.47
root/NorthAmerica/UnitedStates,root/NorthAmerica,99.91,99.91,99.91,99.91,99.91,99.91,99.91,99.92,99.92,99.92,99.92,99.92,99.91,99.91,99.91,99.91,99.91,99.92,99.92,99.92,99.92,99.92
root/SouthAsia,root,98.42,79.69,148.89999999999998,225.62,235.31,395.82,395.82,325.84000000000003,393.64,493.2199999999999,493.2199999999999,493.2199999999999,402.28999999999996,490.68,490.68,490.68,489.02,485.90999999999997,412.54,354.58000000000004,485.89,412.54
root/SouthAsia/Bangladesh,root/SouthAsia,0,0,0,57.45,57.45,57.45,57.45,57.45,56.44,56.44,56.44,56.44,56.44,55.65,55.65,55.65,55.65,54.28,54.28,0,54.28,54.28
root/SouthAsia/India,root/SouthAsia,0,79.69,79.69,0,79.69,79.69,79.69,79.41,79.41,79.41,79.41,79.41,78.69,78.69,78.69,78.69,77.03,77.03,77.03,0,77.03,77.03
root/SouthAsia/Maldives,root/SouthAsia,0,0,0,0,0,90.76,90.76,90.76,90.42,90.42,90.42,90.42,0,89.21,89.21,89.21,89.21,83.26,83.26,83.26,83.26,83.26
root/SouthAsia/Nepal,root/SouthAsia,0,0,0,0,0,0,0,0,0,99.58,99.58,99.58,99.57,99.57,99.57,99.57,99.57,99.57,99.55,99.55,99.55,99.55
root/SouthAsia/Pakistan,root/SouthAsia,98.42,0,0,98.42,98.17,98.17,98.17,98.22,98.22,98.22,98.22,98.22,98.22,98.19,98.19,98.19,98.19,98.42,98.42,98.42,98.42,98.42
root/SouthAsia/SriLanka,root/SouthAsia,0,0,69.21,69.75,0,69.75,69.75,0,69.15,69.15,69.15,69.15,69.37,69.37,69.37,69.37,69.37,73.35,0,73.35,73.35,0
root/Sub-SaharanAfrica,root,448.54,559.4499999999999,848.45,572.6199999999999,441.71000000000004,872.1300000000001,2117.6400000000003,2043.24,1837.8999999999999,1961.08,2124.7200000000003,2289.59,2128.43,2539.7200000000007,2537.86,2701.3700000000003,2489.96,2297.52,2226.75,1966.63,2196.2799999999997,2091.7599999999998
root/Sub-SaharanAfrica/Angola,root/Sub-SaharanAfrica,0,0,0,0,0,0,0,100.0,0,100.0,100.0,100.0,0,100.0,100.0,100.0,100.0,100.0,100.0,100.0,100.0,100.0
root/Sub-SaharanAfrica/Benin,root/Sub-SaharanAfrica,0,0,0,0,0,0,62.42,62.42,61.36,61.36,61.36,61.36,60.31,60.31,60.31,60.31,60.31,60.31,60.31,60.31,58.56,58.56
root/Sub-SaharanAfrica/Botswana,root/Sub-SaharanAfrica,0,0,0,0,0,0,87.18,86.69,0,86.69,86.69,86.69,85.59,85.59,85.59,85.59,85.59,80.03,80.03,80.03,80.03,80.03
root/Sub-SaharanAfrica/BurkinaFaso,root/Sub-SaharanAfrica,0,0,0,0,0,0,59.2,59.2,58.39,58.39,58.39,58.39,57.64,57.64,57.64,57.64,57.64,57.64,57.64,57.64,56.31,56.31
root/Sub-SaharanAfrica/Burundi,root/Sub-SaharanAfrica,0,0,0,0,0,0,0,55.97,55.97,0,55.0,55.0,55.0,55.0,54.1,54.1,54.1,53.0,53.0,53.0,53.0,53.0
root/Sub-SaharanAfrica/CaboVerde,root/Sub-SaharanAfrica,0,0,0,0,0,0,0,0,0,0,0,0,0,99.91,99.91,99.91,99.91,99.91,99.92,0,99.92,0
root/Sub-SaharanAfrica/Cameroon,root/Sub-SaharanAfrica,54.82,0,0,0,0,0,55.54,55.54,54.58,54.58,54.58,54.58,53.67,53.67,53.67,53.67,54.58,54.58,52.25,52.25,0,0
root/Sub-SaharanAfrica/CentralAfricanRepublic,root/Sub-SaharanAfrica,68.1,0,68.1,0,0,0,68.09,68.09,67.2,67.2,67.2,67.2,66.18,66.18,66.18,66.18,66.18,66.18,63.21,0,63.21,63.21
root/Sub-SaharanAfrica/Chad,root/Sub-SaharanAfrica,0,0,54.74,0,0,0,55.45,55.45,54.49,54.49,54.49,54.49,53.58,53.58,53.58,53.58,53.58,0,52.18,0,53.58,53.58
root/Sub-SaharanAfrica/CongoDemRep,root/Sub-SaharanAfrica,0,0,0,0,0,0,0,0,100.0,0,0,100.0,100.0,100.0,100.0,100.0,0,0,0,100.0,0,0
root/Sub-SaharanAfrica/CongoRep,root/Sub-SaharanAfrica,0,0,55.45,0,0,0,55.45,55.45,54.49,54.49,54.49,54.49,53.58,53.58,53.58,53.58,53.58,0,52.18,52.18,52.18,0
root/Sub-SaharanAfrica/CotedIvoire,root/Sub-SaharanAfrica,0,56.93,0,0,0,0,56.93,56.93,56.19,56.19,56.19,56.19,55.31,55.31,55.31,55.31,55.31,55.31,55.31,55.31,54.43,54.43
root/Sub-SaharanAfrica/Gabon,root/Sub-SaharanAfrica,100.0,0,0,100.0,0,100.0,100.0,100.0,100.0,100.0,100.0,0,100.0,100.0,100.0,100.0,100.0,100.0,100.0,0,100.0,100.0
root/Sub-SaharanAfrica/GambiaThe,root/Sub-SaharanAfrica,0,0,0,0,0,0,0,0,55.18,0,0,0,55.18,55.18,55.18,53.93,53.93,53.93,53.93,0,0,0
root/Sub-SaharanAfrica/Ghana,root/Sub-SaharanAfrica,0,0,0,0,0,55.09,55.8,55.8,55.8,55.8,0,0,54.83,54.83,54.83,53.93,0,0,52.48,0,0,52.48
root/Sub-SaharanAfrica/Guinea,root/Sub-SaharanAfrica,0,0,0,59.21,0,0,0,0,0,59.21,58.39,0,0,58.39,58.39,58.39,0,58.39,0,0,0,0
root/Sub-SaharanAfrica/GuineaBissau,root/Sub-SaharanAfrica,0,0,0,0,0,0,96.51,96.51,96.36,96.36,96.36,96.36,96.38,96.38,96.38,96.38,96.38,96.38,96.38,96.38,0,0
root/Sub-SaharanAfrica/Kenya,root/Sub-SaharanAfrica,0,0,0,0,59.37,59.37,59.37,59.37,0,58.9,58.9,58.9,58.9,58.41,58.41,58.41,58.41,58.41,58.41,58.41,58.41,58.41
root/Sub-SaharanAfrica/Lesotho,root/Sub-SaharanAfrica,0,0,0,0,0,0,100.0,0,0,100.0,100.0,100.0,100.0,100.0,100.0,100.0,100.0,100.0,100.0,100.0,100.0,100.0
root/Sub-SaharanAfrica/Madagascar,root/Sub-SaharanAfrica,55.26,55.97,55.97,55.97,0,55.97,55.97,55.25,55.25,55.25,55.26,55.25,54.44,54.44,54.44,54.44,54.44,53.0,53.0,53.0,53.0,53.0
root/Sub-SaharanAfrica/Malawi,root/Sub-SaharanAfrica,0,65.09,65.09,65.09,0,65.74,65.74,0,65.08,0,0,65.08,0,65.4,65.4,65.4,65.4,65.4,65.4,68.69,68.69,68.69
root/Sub-SaharanAfrica/Mali,root/Sub-SaharanAfrica,59.04,59.02,59.02,59.02,59.02,0,59.02,59.02,59.41,59.41,59.41,59.41,58.41,58.41,58.41,58.41,58.41,58.41,58.41,58.41,56.98,56.98
root/Sub-SaharanAfrica/Mauritania,root/Sub-SaharanAfrica,0,0,0,0,0,0,58.24,0,0,0,0,58.24,58.24,58.24,58.24,58.24,58.24,0,0,58.48,58.48,0
root/Sub-SaharanAfrica/Mauritius,root/Sub-SaharanAfrica,54.74,55.5,54.78,54.78,55.5,55.5,55.5,54.49,0,54.54,54.54,54.49,53.58,53.58,53.58,53.58,53.58,52.18,52.18,52.18,52.18,52.18
root/Sub-SaharanAfrica/Mozambique,root/Sub-SaharanAfrica,0,0,54.74,0,0,0,55.45,54.49,54.49,0,54.49,54.49,54.49,53.58,53.58,53.58,53.58,53.58,0,53.58,0,53.58
root/Sub-SaharanAfrica/Namibia,root/Sub-SaharanAfrica,0,0,0,0,0,0,87.18,86.69,0,86.69,86.69,86.69,85.59,85.59,85.59,85.59,85.59,80.03,80.03,80.03,80.03,80.03
root/Sub-SaharanAfrica/Niger,root/Sub-SaharanAfrica,0,0,0,0,0,0,99.04,99.04,99.07,99.07,99.07,99.07,99.14,99.14,99.14,99.14,99.14,99.14,99.14,99.14,99.25,99.25
root/Sub-SaharanAfrica/Nigeria,root/Sub-SaharanAfrica,56.58,57.28,57.28,57.28,57.28,57.28,57.28,57.28,57.28,0,56.27,56.27,0,56.27,55.31,55.31,55.31,0,55.31,55.31,53.9,53.9
root/Sub-SaharanAfrica/Rwanda,root/Sub-SaharanAfrica,0,0,0,0,0,100.0,100.0,100.0,100.0,0,100.0,100.0,0,100.0,100.0,100.0,100.0,100.0,100.0,100.0,100.0,100.0
root/Sub-SaharanAfrica/Senegal,root/Sub-SaharanAfrica,0,0,0,0,0,0,100.0,100.0,100.0,100.0,100.0,100.0,100.0,100.0,100.0,100.0,100.0,100.0,100.0,100.0,100.0,100.0
root/Sub-SaharanAfrica/Seychelles,root/Sub-SaharanAfrica,0,0,0,0,0,0,0,0,0,0,0,0,0,0,0,0,0,0,0,0,100.0,100.0
root/Sub-SaharanAfrica/SierraLeone,root/Sub-SaharanAfrica,0,0,0,0,0,0,0,0,0,100.0,0,100.0,0,0,0,100.0,100.0,100.0,0,0,0,0
root/Sub-SaharanAfrica/SouthAfrica,root/Sub-SaharanAfrica,0,87.11,87.18,0,87.18,87.18,87.18,86.69,86.69,86.69,86.69,86.69,85.59,85.59,85.59,85.59,85.59,80.03,80.03,80.03,80.03,80.03
root/Sub-SaharanAfrica/Swaziland,root/Sub-SaharanAfrica,0,0,0,0,0,0,87.18,86.69,0,86.69,86.69,86.69,85.59,85.59,85.59,85.59,85.59,80.03,80.03,80.03,80.03,80.03
root/Sub-SaharanAfrica/Tanzania,root/Sub-SaharanAfrica,0,0,55.45,55.45,0,55.45,0,0,55.45,0,54.49,54.49,54.49,53.58,53.58,53.58,53.58,52.18,52.18,52.18,52.18,52.18
root/Sub-SaharanAfrica/Togo,root/Sub-SaharanAfrica,0,57.46,57.46,0,57.54,57.54,57.54,57.54,56.53,56.53,56.53,56.53,55.48,55.48,55.48,55.48,55.48,55.48,55.48,55.48,53.83,53.83
root/Sub-SaharanAfrica/Uganda,root/Sub-SaharanAfrica,0,0,0,0,0,57.19,57.19,56.19,56.19,56.19,56.19,56.19,56.19,55.48,55.48,55.48,55.48,54.58,54.58,54.58,54.58,54.58
root/Sub-SaharanAfrica/Zambia,root/Sub-SaharanAfrica,0,0,57.37,0,0,0,57.37,57.37,57.37,56.36,56.36,56.36,55.39,55.39,55.39,55.39,55.39,53.75,53.75,0,53.75,53.75
root/Sub-SaharanAfrica/Zimbabwe,root/Sub-SaharanAfrica,0,65.09,65.82,65.82,65.82,65.82,65.82,65.08,65.08,0,0,0,65.66,0,0,65.66,65.66,65.66,0,0,69.74,69.74
