root/EastAsia&Pacific,root,73.58,130.78000000000003,61.17,109.11,91.55000000000001,164.55,75.76,133.19,132.33999999999997,158.01999999999995,111.32999999999998,190.35000000000002,176.98,200.17000000000002,171.01,205.14,210.18999999999997,195.46999999999997,229.32999999999998,223.08999999999997,223.95000000000002,182.92,200.0,194.89999999999995,179.76999999999998,181.18,142.17,197.62,195.58
root/EastAsia&Pacific/Australia,root/EastAsia&Pacific,0,0,0,33.93,0,4.6,0,0,4.3,4.24,4.09,3.9,3.66,1.06,1.08,1.08,1.08,1.08,1.03,1.13,3.84,1.12,1.11,1.12,0.99,0.99,0.98,0.98,0.98
root/EastAsia&Pacific/BruneiDarussalam,root/EastAsia&Pacific,0,0,0,0,1.64,0,0,0,5.87,5.84,5.86,5.81,5.67,5.53,5.43,5.33,5.18,5.15,5.21,5.28,0.43,0.56,0.56,0.56,0,0,0.15,0,0.16
root/EastAsia&Pacific/Cambodia,root/EastAsia&Pacific,0,0,0,0,0,0,0,0,0,0,0,0,0,15.97,15.99,15.99,0,14.35,14.35,14.35,14.35,0,12.1,12.05,12.05,0,13.04,0,13.06
root/EastAsia&Pacific/China,root/EastAsia&Pacific,0,0,0,0,36.02,33.32,31.8,0,26.14,18.43,18.36,18.16,18.87,17.81,13.66,12.53,11.69,10.72,11.1,11.2,10.96,10.96,11.0,10.95,0,0,10.41,10.44,10.76
root/EastAsia&Pacific/Fiji,root/EastAsia&Pacific,0,0,0,0,0,0,0,0,0,0,0,0,0,0,0,13.76,14.96,0,17.13,17.89,19.12,18.5,18.26,23.04,17.96,18.94,0,10.87,0
root/EastAsia&Pacific/FrenchPolynesia,root/EastAsia&Pacific,0,0,0,0,0,0,0,0,0,0,0,0,0,0,0,0,0,0,0,0,8.03,8.07,0,8.07,7.19,7.2,7.2,7.2,7.2
root/EastAsia&Pacific/Indonesia,root/EastAsia&Pacific,0,17.57,16.56,0,0,15.61,0,12.41,12.32,17.76,6.71,11.3,6.62,6.59,6.56,6.53,6.52,6.51,6.5,6.66,6.65,6.62,7.86,7.96,7.86,7.25,0,0,6.77
root/EastAsia&Pacific/Japan,root/EastAsia&Pacific,7.65,7.76,7.81,7.96,7.83,7.94,8.02,11.43,11.53,11.43,10.9,12.5,16.34,18.22,17.16,16.08,14.59,13.99,13.43,12.58,11.74,11.69,9.55,12.44,10.86,5.02,11.85,9.69,10.78
root/EastAsia&Pacific/KoreaRep,root/EastAsia&Pacific,20.54,15.71,16.14,0,15.16,0,0,13.6,33.72,32.16,31.6,13.08,30.88,31.67,28.35,29.58,27.97,28.05,28.05,28.3,28.12,27.21,27.96,28.09,30.84,30.89,30.73,33.06,33.06
root/EastAsia&Pacific/LaoPDR,root/EastAsia&Pacific,0,0,0,0,0,0,0,0,0,0,0,0,14.34,14.66,0,0,14.73,14.73,14.73,14.73,14.73,0,0,0,0,0,15.2,15.2,10.22
root/EastAsia&Pacific/Malaysia,root/EastAsia&Pacific,16.31,0,0,18.77,0,14.22,0,0,13.17,11.32,13.09,11.51,10.25,7.33,3.45,7.4,23.01,2.43,4.63,6.97,6.71,7.36,7.08,5.31,5.37,6.04,2.24,0,4.66
root/EastAsia&Pacific/Mongolia,root/EastAsia&Pacific,0,0,0,0,0,0,0,0,0,0,0,0.09,5.02,7.01,7.01,5.03,5.02,5.02,5.02,5.03,5.03,5.03,5.05,5.06,0,5.06,0,5.07,0
root/EastAsia&Pacific/Myanmar,root/EastAsia&Pacific,0,0,0,0,0,0,0,0,6.83,6.83,6.83,6.83,6.83,6.82,6.82,6.82,6.82,6.92,6.92,6.92,6.92,0,7.12,7.12,7.22,7.22,0,7.22,0
root/EastAsia&Pacific/Nauru,root/EastAsia&Pacific,0,0,0,0,0,0,0,0,0,0,0,0,0,0,0,0,0,0,0,0,0,0,0,0,0,0,0,0,20.12
root/EastAsia&Pacific/NewZealand,root/EastAsia&Pacific,0,0,0,0,10.59,8.05,0,0,2.97,2.56,2.08,1.78,1.48,3.88,2.91,3.03,3.12,4.88,4.94,1.46,1.21,1.17,8.54,1.1,1.1,1.09,1.09,1.08,1.09
root/EastAsia&Pacific/Palau,root/EastAsia&Pacific,0,0,0,0,0,0,0,0,0,0,0,0,0,0,0,0,0,2.6,2.6,0,0,0,5.64,5.29,5.08,0,0,5.35,5.46
root/EastAsia&Pacific/PapuaNewGuinea,root/EastAsia&Pacific,0,0,0,0,0,0,0,0,0,31.52,0,33.25,18.21,17.47,15.24,13.85,13.75,13.81,11.57,11.64,11.06,11.09,11.94,0,12.11,12.15,0,0,0
root/EastAsia&Pacific/Philippines,root/EastAsia&Pacific,29.08,29.11,20.66,0,20.31,24.23,22.54,21.81,15.35,15.79,11.68,10.9,8.19,8.11,6.97,6.03,7.16,7.17,7.15,7.13,7.25,7.28,7.27,7.23,7.23,7.62,0,7.59,7.56
root/EastAsia&Pacific/Samoa,root/EastAsia&Pacific,0,0,0,0,0,0,0,0,0,0,0,0,0,0,0,0,0,0,0,0,0,0,0,15.45,13.39,13.38,15.58,15.78,15.09
root/EastAsia&Pacific/Singapore,root/EastAsia&Pacific,0,10.46,0,0,0,0,0,0.91,0.14,0.14,0.13,0.12,0.11,0.09,0.09,0.09,0,0.08,0.1,0.08,0.37,0.37,0.38,0.39,0.35,0.35,0.34,0.35,0.34
root/EastAsia&Pacific/SolomonIslands,root/EastAsia&Pacific,0,0,0,0,0,0,0,34.53,0,0,0,0,0,0,0,0,0,0,16.37,14.03,13.69,0,13.25,13.87,0,13.57,0,16.72,16.8
root/EastAsia&Pacific/Thailand,root/EastAsia&Pacific,0,50.17,0,48.45,0,56.58,0,38.5,0,0,0,43.7,30.51,20.83,0,20.27,12.79,16.22,16.21,14.7,14.59,14.54,14.27,14.26,0,18.24,18.76,18.52,0
root/EastAsia&Pacific/TimorLeste,root/EastAsia&Pacific,0,0,0,0,0,0,0,0,0,0,0,0,0,0,0,0,0,0,0,0,0,0,0,2.5,2.5,2.5,2.5,2.5,2.5
root/EastAsia&Pacific/Tonga,root/EastAsia&Pacific,0,0,0,0,0,0,0,0,0,0,0,0,0,0,0,0,0,0,0,0,0,13.04,13.04,13.04,12.92,11.73,0,11.64,10.08
root/EastAsia&Pacific/Tuvalu,root/EastAsia&Pacific,0,0,0,0,0,0,0,0,0,0,0,0,0,0,0,0,0,0,0,0,0,0,5.95,0,0,0,0,0,0
root/EastAsia&Pacific/Vanuatu,root/EastAsia&Pacific,0,0,0,0,0,0,0,0,0,0,0,0,0,0,23.21,23.98,23.98,24.0,24.53,25.25,25.06,24.94,0,0,12.88,0,0,6.34,6.35
root/EastAsia&Pacific/Vietnam,root/EastAsia&Pacific,0,0,0,0,0,0,13.4,0,0,0,0,17.42,0,17.12,17.08,17.76,17.82,17.76,17.76,17.76,14.09,13.37,12.07,0,11.87,11.94,12.1,12.02,12.54
root/Europe&CentralAsia,root,189.5100000000001,189.0,232.61000000000013,196.29000000000005,197.9100000000001,247.21999999999994,204.06000000000006,582.1800000000002,589.8900000000001,571.8099999999998,523.98,524.03,501.6099999999999,576.7399999999999,504.1400000000002,470.92000000000013,478.52999999999986,528.9300000000002,531.5600000000001,514.6900000000002,502.03999999999985,489.9900000000002,479.1900000000001,486.26999999999987,481.88000000000005,481.2100000000001,448.1500000000001,496.51999999999975,491.86000000000007
root/Europe&CentralAsia/Albania,root/Europe&CentralAsia,0,0,0,0,0,0,0,0,0,14.58,0,0,10.41,10.41,7.6,7.27,6.05,5.54,5.49,5.39,5.41,5.07,5.07,5.07,4.74,4.74,4.71,4.68,4.68
root/Europe&CentralAsia/Armenia,root/Europe&CentralAsia,0,0,0,0,0,0,0,0,0,0,0,0,0,5.0,0,4.97,4.97,4.98,5.05,5.05,5.0,5.13,5.13,5.15,5.64,5.62,5.99,8.15,7.85
root/Europe&CentralAsia/Austria,root/Europe&CentralAsia,6.9,7.0,7.36,7.27,7.33,7.13,7.27,17.54,16.3,15.76,14.19,14.06,12.0,13.08,10.97,11.18,11.34,11.98,11.87,10.85,10.4,10.3,10.37,10.39,10.42,10.24,9.85,10.28,10.31
root/Europe&CentralAsia/Azerbaijan,root/Europe&CentralAsia,0,0,0,0,0,0,0,0,0,0,0,0,0,0,11.62,0,0,12.66,0,11.77,9.77,11.67,0,12.38,11.94,11.66,11.36,10.12,0
root/Europe&CentralAsia/Belarus,root/Europe&CentralAsia,0,0,0,0,0,0,0,0,9.56,10.1,0,0,8.86,8.86,9.86,0,0,0,0,0,9.87,9.82,10.16,10.14,10.31,9.89,8.89,8.36,8.25
root/Europe&CentralAsia/Belgium,root/Europe&CentralAsia,6.9,7.0,7.36,7.27,7.33,7.13,7.27,17.54,16.3,15.76,14.19,14.06,12.0,13.08,10.97,11.18,11.34,11.98,11.87,10.85,10.4,10.3,10.37,10.39,10.42,10.24,9.85,10.28,10.31
root/Europe&CentralAsia/BosniaandHerzegovina,root/Europe&CentralAsia,0,0,0,0,0,0,0,0,0,0,0,0,0,3.64,0,0,0,0,8.54,8.01,8.03,7.79,7.95,7.8,7.11,6.82,6.78,6.82,6.53
root/Europe&CentralAsia/Bulgaria,root/Europe&CentralAsia,6.9,7.0,7.36,7.27,7.33,7.13,7.27,17.54,16.3,15.76,14.19,14.06,12.0,13.08,10.97,11.18,11.34,11.98,11.87,10.85,10.4,10.3,10.37,10.39,10.42,10.24,9.85,10.28,10.31
root/Europe&CentralAsia/Croatia,root/Europe&CentralAsia,6.9,7.0,7.36,7.27,7.33,7.13,7.27,17.54,16.3,15.76,14.19,14.06,12.0,13.08,10.97,11.18,11.34,11.98,11.87,10.85,10.4,10.3,10.37,10.39,10.42,10.24,9.85,10.28,10.31
root/Europe&CentralAsia/Cyprus,root/Europe&CentralAsia,6.9,7.0,7.36,7.27,7.33,7.13,7.27,17.54,16.3,15.76,14.19,14.06,12.0,13.08,10.97,11.18,11.34,11.98,11.87,10.85,10.4,10.3,10.37,10.39,10.42,10.24,9.85,10.28,10.31
root/Europe&CentralAsia/CzechRepublic,root/Europe&CentralAsia,6.9,7.0,7.36,7.27,7.33,7.13,7.27,17.54,16.3,15.76,14.19,14.06,12.0,13.08,10.97,11.18,11.34,11.98,11.87,10.85,10.4,10.3,10.37,10.39,10.42,10.24,9.85,10.28,10.31
root/Europe&CentralAsia/Denmark,root/Europe&CentralAsia,6.9,7.0,7.36,7.27,7.33,7.13,7.27,17.54,16.3,15.76,14.19,14.06,12.0,13.08,10.97,11.18,11.34,11.98,11.87,10.85,10.4,10.3,10.37,10.39,10.42,10.24,9.85,10.28,10.31
root/Europe&CentralAsia/Estonia,root/Europe&CentralAsia,6.9,7.0,7.36,7.27,7.33,7.13,7.27,17.54,16.3,15.76,14.19,14.06,12.0,13.08,10.97,11.18,11.34,11.98,11.87,10.85,10.4,10.3,10.37,10.39,10.42,10.24,9.85,10.28,10.31
root/Europe&CentralAsia/Finland,root/Europe&CentralAsia,6.9,7.0,7.36,7.27,7.33,7.13,7.27,17.54,16.3,15.76,14.19,14.06,12.0,13.08,10.97,11.18,11.34,11.98,11.87,10.85,10.4,10.3,10.37,10.39,10.42,10.24,9.85,10.28,10.31
root/Europe&CentralAsia/France,root/Europe&CentralAsia,6.9,7.0,7.36,7.27,7.33,7.13,7.27,17.54,16.3,15.76,14.19,14.06,12.0,13.08,10.97,11.18,11.34,11.98,11.87,10.85,10.4,10.3,10.37,10.39,10.42,10.24,9.85,10.28,10.31
root/Europe&CentralAsia/Georgia,root/Europe&CentralAsia,0,0,0,0,0,0,0,0,0,0,0,11.87,0,11.79,12.46,10.22,9.66,9.05,9.12,4.05,4.03,4.03,4.03,4.03,4.05,3.84,0,3.84,3.84
root/Europe&CentralAsia/Germany,root/Europe&CentralAsia,6.9,7.0,7.36,7.27,7.33,7.13,7.27,17.54,16.3,15.76,14.19,14.06,12.0,13.08,10.97,11.18,11.34,11.98,11.87,10.85,10.4,10.3,10.37,10.39,10.42,10.24,9.85,10.28,10.31
root/Europe&CentralAsia/Greece,root/Europe&CentralAsia,6.9,7.0,7.36,7.27,7.33,7.13,7.27,17.54,16.3,15.76,14.19,14.06,12.0,13.08,10.97,11.18,11.34,11.98,11.87,10.85,10.4,10.3,10.37,10.39,10.42,10.24,9.85,10.28,10.31
root/Europe&CentralAsia/Hungary,root/Europe&CentralAsia,6.9,7.0,7.36,7.27,7.33,7.13,7.27,17.54,16.3,15.76,14.19,14.06,12.0,13.08,10.97,11.18,11.34,11.98,11.87,10.85,10.4,10.3,10.37,10.39,10.42,10.24,9.85,10.28,10.31
root/Europe&CentralAsia/Iceland,root/Europe&CentralAsia,0,0,0,0,0,2.67,0,0,7.26,0,37.36,30.61,39.01,18.86,0,29.43,33.16,33.98,27.6,30.02,23.44,19.92,17.49,16.59,15.82,15.65,15.9,16.1,16.43
root/Europe&CentralAsia/Ireland,root/Europe&CentralAsia,6.9,7.0,7.36,7.27,7.33,7.13,7.27,17.54,16.3,15.76,14.19,14.06,12.0,13.08,10.97,11.18,11.34,11.98,11.87,10.85,10.4,10.3,10.37,10.39,10.42,10.24,9.85,10.28,10.31
root/Europe&CentralAsia/Italy,root/Europe&CentralAsia,6.9,7.0,7.36,7.27,7.33,7.13,7.27,17.54,16.3,15.76,14.19,14.06,12.0,13.08,10.97,11.18,11.34,11.98,11.87,10.85,10.4,10.3,10.37,10.39,10.42,10.24,9.85,10.28,10.31
root/Europe&CentralAsia/Kazakhstan,root/Europe&CentralAsia,0,0,0,0,0,0,0,0,8.96,0,0,0,0,0,0,0,3.24,0,0,0,7.85,0,9.9,10.1,10.28,9.87,8.89,8.36,7.51
root/Europe&CentralAsia/KyrgyzRepublic,root/Europe&CentralAsia,0,0,0,0,0,0,0,0,0,0,0,0,5.17,5.14,8.02,6.14,0,0,6.13,6.13,6.23,6.23,6.15,6.08,6.08,6.08,6.06,8.29,7.8
root/Europe&CentralAsia/Latvia,root/Europe&CentralAsia,6.9,7.0,7.36,7.27,7.33,7.13,7.27,17.54,16.3,15.76,14.19,14.06,12.0,13.08,10.97,11.18,11.34,11.98,11.87,10.85,10.4,10.3,10.37,10.39,10.42,10.24,9.85,10.28,10.31
root/Europe&CentralAsia/Liechtenstein,root/Europe&CentralAsia,0,0,0,0,0,0,0,0,0,0,0,0,0,0,0,0,0,0,0,0,0,0,0,0,0,0,0,0,23.87
root/Europe&CentralAsia/Lithuania,root/Europe&CentralAsia,6.9,7.0,7.36,7.27,7.33,7.13,7.27,17.54,16.3,15.76,14.19,14.06,12.0,13.08,10.97,11.18,11.34,11.98,11.87,10.85,10.4,10.3,10.37,10.39,10.42,10.24,9.85,10.28,10.31
root/Europe&CentralAsia/Luxembourg,root/Europe&CentralAsia,6.9,7.0,7.36,7.27,7.33,7.13,7.27,17.54,16.3,15.76,14.19,14.06,12.0,13.08,10.97,11.18,11.34,11.98,11.87,10.85,10.4,10.3,10.37,10.39,10.42,10.24,9.85,10.28,10.31
root/Europe&CentralAsia/MacedoniaFYR,root/Europe&CentralAsia,0,0,0,0,0,0,0,0,0,0,0,0,0,15.74,8.74,0,9.72,8.74,8.28,7.88,7.89,7.76,7.76,7.76,7.52,7.46,7.47,7.48,7.47
root/Europe&CentralAsia/Moldova,root/Europe&CentralAsia,0,0,0,0,0,0,0,0,8.91,0,0,0,7.2,6.9,0,7.23,7.25,7.25,7.28,6.29,6.33,6.14,6.32,6.14,6.35,6.77,6.86,7.76,7.71
root/Europe&CentralAsia/Montenegro,root/Europe&CentralAsia,0,0,0,0,0,0,0,0,0,0,0,0,0,0,0,0,0,0,0,6.75,6.74,9.24,6.74,6.77,6.66,0,0,0,0
root/Europe&CentralAsia/Netherlands,root/Europe&CentralAsia,6.9,7.0,7.36,7.27,7.33,7.13,7.27,17.54,16.3,15.76,14.19,14.06,12.0,13.08,10.97,11.18,11.34,11.98,11.87,10.85,10.4,10.3,10.37,10.39,10.42,10.24,9.85,10.28,10.31
root/Europe&CentralAsia/Norway,root/Europe&CentralAsia,3.21,0,0,0,0,3.05,0,49.17,45.18,46.05,49.77,45.36,49.51,44.94,47.85,46.71,46.35,48.32,47.61,46.2,41.1,39.43,42.32,42.17,41.89,41.12,40.28,38.53,36.32
root/Europe&CentralAsia/Poland,root/Europe&CentralAsia,6.9,7.0,7.36,7.27,7.33,7.13,7.27,17.54,16.3,15.76,14.19,14.06,12.0,13.08,10.97,11.18,11.34,11.98,11.87,10.85,10.4,10.3,10.37,10.39,10.42,10.24,9.85,10.28,10.31
root/Europe&CentralAsia/Portugal,root/Europe&CentralAsia,6.9,7.0,7.36,7.27,7.33,7.13,7.27,17.54,16.3,15.76,14.19,14.06,12.0,13.08,10.97,11.18,11.34,11.98,11.87,10.85,10.4,10.3,10.37,10.39,10.42,10.24,9.85,10.28,10.31
root/Europe&CentralAsia/Romania,root/Europe&CentralAsia,6.9,7.0,7.36,7.27,7.33,7.13,7.27,17.54,16.3,15.76,14.19,14.06,12.0,13.08,10.97,11.18,11.34,11.98,11.87,10.85,10.4,10.3,10.37,10.39,10.42,10.24,9.85,10.28,10.31
root/Europe&CentralAsia/RussianFederation,root/Europe&CentralAsia,0,0,0,0,0,4.27,7.77,0,9.62,10.11,0,0,0,9.91,10.1,0,0,10.14,0,10.2,9.93,10.2,10.18,10.18,10.32,9.9,8.9,8.36,8.23
root/Europe&CentralAsia/Serbia,root/Europe&CentralAsia,0,0,0,0,0,0,0,0,0,0,0,0,0,16.43,11.32,0,0,9.61,0,0,0,0,0,0,0,0,0,0,0
root/Europe&CentralAsia/SlovakRepublic,root/Europe&CentralAsia,6.9,7.0,7.36,7.27,7.33,7.13,7.27,17.54,16.3,15.76,14.19,14.06,12.0,13.08,10.97,11.18,11.34,11.98,11.87,10.85,10.4,10.3,10.37,10.39,10.42,10.24,9.85,10.28,10.31
root/Europe&CentralAsia/Slovenia,root/Europe&CentralAsia,6.9,7.0,7.36,7.27,7.33,7.13,7.27,17.54,16.3,15.76,14.19,14.06,12.0,13.08,10.97,11.18,11.34,11.98,11.87,10.85,10.4,10.3,10.37,10.39,10.42,10.24,9.85,10.28,10.31
root/Europe&CentralAsia/Spain,root/Europe&CentralAsia,6.9,7.0,7.36,7.27,7.33,7.13,7.27,17.54,16.3,15.76,14.19,14.06,12.0,13.08,10.97,11.18,11.34,11.98,11.87,10.85,10.4,10.3,10.37,10.39,10.42,10.24,9.85,10.28,10.31
root/Europe&CentralAsia/Sweden,root/Europe&CentralAsia,6.9,7.0,7.36,7.27,7.33,7.13,7.27,17.54,16.3,15.76,14.19,14.06,12.0,13.08,10.97,11.18,11.34,11.98,11.87,10.85,10.4,10.3,10.37,10.39,10.42,10.24,9.85,10.28,10.31
root/Europe&CentralAsia/Switzerland,root/Europe&CentralAsia,0,0,33.89,0,0,36.02,0,40.03,34.28,29.63,27.75,28.71,28.37,28.92,25.19,28.55,23.86,27.49,26.76,23.3,21.04,20.21,16.19,22.3,22.19,21.58,21.85,21.93,23.03
root/Europe&CentralAsia/Tajikistan,root/Europe&CentralAsia,0,0,0,0,0,0,0,0,0,0,0,0,0,0,9.52,0,0,0,10.13,0,0,0,9.19,0,8.96,8.69,8.77,8.75,8.76
root/Europe&CentralAsia/Turkey,root/Europe&CentralAsia,0,0,0,0,0,8.7,0,12.19,26.02,23.77,25.97,27.86,29.08,28.81,29.14,28.54,28.09,27.71,27.8,29.66,27.72,28.58,28.45,27.42,0,29.37,0,31.92,29.54
root/Europe&CentralAsia/Turkmenistan,root/Europe&CentralAsia,0,0,0,0,0,0,0,0,0,0,0,0,0,0,8.26,0,0,0,0,0,0,0,0,0,0,0,0,0,0
root/Europe&CentralAsia/Ukraine,root/Europe&CentralAsia,0,0,0,0,0,0,0,7.21,0,12.05,0,0,0,0,8.27,0,0,0,6.32,6.08,5.99,5.76,6.17,5.66,5.66,5.67,5.66,5.67,5.67
root/Europe&CentralAsia/UnitedKingdom,root/Europe&CentralAsia,6.9,7.0,7.36,7.27,7.33,7.13,7.27,17.54,16.3,15.76,14.19,14.06,12.0,13.08,10.97,11.18,11.34,11.98,11.87,10.85,10.4,10.3,10.37,10.39,10.42,10.24,9.85,10.28,10.31
root/Europe&CentralAsia/Uzbekistan,root/Europe&CentralAsia,0,0,0,0,0,0,0,0,0,0,0,0,0,8.23,0,0,0,0,14.96,14.96,14.87,14.91,0,0,15.02,0,13.83,13.84,0
root/LatinAmerica&Caribbean,root,0,29.68,20.73,73.19,94.92000000000002,68.89999999999999,60.589999999999996,177.05,430.56000000000006,228.51,220.50999999999996,524.8399999999999,400.72999999999996,372.21999999999997,384.9299999999999,342.1599999999999,257.73,222.87,363.21999999999997,362.1399999999999,269.66999999999996,243.85,388.45000000000005,389.8,367.66,395.09,219.12000000000003,341.08000000000004,330.13
root/LatinAmerica&Caribbean/AntiguaandBarbuda,root/LatinAmerica&Caribbean,0,0,0,0,0,0,0,0,23.33,0,0,23.01,11.53,11.94,11.95,11.94,12.0,12.0,11.97,11.97,11.97,12.0,14.58,14.58,15.26,12.94,12.88,12.88,12.88
root/LatinAmerica&Caribbean/Argentina,root/LatinAmerica&Caribbean,0,0,0,0,7.19,5.43,0,8.61,8.62,8.59,11.36,11.33,11.41,10.77,9.9,8.57,9.8,8.49,8.48,8.79,8.88,8.85,8.83,8.88,8.83,8.77,8.93,8.93,8.82
root/LatinAmerica&Caribbean/Aruba,root/LatinAmerica&Caribbean,0,0,0,0,0,0,0,0,0,0,0,0,0,0,0,0,0,0,0,0,0,0,0,6.48,6.36,6.41,0,6.04,6.07
root/LatinAmerica&Caribbean/BahamasThe,root/LatinAmerica&Caribbean,0,0,0,0,0,0,0,0,0,0,0,27.97,0,0,27.42,0,0,0,26.86,0,0,0,28.31,28.31,0,27.48,27.45,26.58,25.66
root/LatinAmerica&Caribbean/Barbados,root/LatinAmerica&Caribbean,0,0,0,0,0,0,0,0,26.35,0,0,26.06,26.02,26.94,26.61,26.47,23.63,0,21.23,22.6,0,0,15.42,15.39,15.97,22.83,0,0,0
root/LatinAmerica&Caribbean/Belize,root/LatinAmerica&Caribbean,0,0,0,0,0,0,0,0,24.16,0,0,23.91,0,14.75,14.76,14.76,0,0,14.75,14.74,14.74,15.67,15.67,14.94,14.94,17.65,17.65,17.65,17.65
root/LatinAmerica&Caribbean/Bolivia,root/LatinAmerica&Caribbean,0,0,0,0,0,9.99,10.0,10.0,9.99,9.99,9.99,9.99,9.91,9.91,10.28,9.99,9.99,9.35,9.33,9.33,9.37,11.13,11.13,11.13,11.13,11.47,11.47,11.47,11.47
root/LatinAmerica&Caribbean/Brazil,root/LatinAmerica&Caribbean,0,29.68,20.73,15.24,20.66,7.87,7.39,8.63,8.73,8.68,11.46,11.44,11.35,10.93,10.02,9.98,9.98,8.6,8.57,8.65,8.69,8.72,8.72,8.74,8.73,8.85,8.87,8.9,8.9
root/LatinAmerica&Caribbean/CaymanIslands,root/LatinAmerica&Caribbean,0,0,0,0,0,0,0,0,0,0,0,0,0,0,0,0,0,0,0,0,0,0,0,0,0,0,0,0,19.33
root/LatinAmerica&Caribbean/Chile,root/LatinAmerica&Caribbean,0,0,0,0,11.0,11.0,11.0,11.0,11.0,11.0,11.0,10.0,9.0,8.0,7.0,6.0,6.06,6.06,5.98,5.98,6.04,6.02,6.03,6.0,6.0,6.0,0,6.0,6.0
root/LatinAmerica&Caribbean/Colombia,root/LatinAmerica&Caribbean,0,0,0,8.97,12.13,0,12.37,12.71,12.52,12.52,12.64,12.64,12.64,12.64,12.69,12.68,13.47,13.54,13.67,13.66,13.85,13.77,13.96,11.69,10.36,10.7,10.56,10.53,9.88
root/LatinAmerica&Caribbean/CostaRica,root/LatinAmerica&Caribbean,0,0,0,0,0,0,0,11.06,12.71,11.87,10.52,10.01,8.67,8.43,8.38,8.85,8.4,8.4,8.75,8.57,8.89,7.98,7.97,7.79,8.39,8.38,8.54,0,8.55
root/LatinAmerica&Caribbean/Cuba,root/LatinAmerica&Caribbean,0,0,0,0,0,8.12,0,0,7.64,7.67,7.64,7.62,7.62,8.22,7.61,8.26,8.25,8.25,8.24,8.1,8.1,8.19,8.19,8.19,8.19,8.0,0,7.96,7.95
root/LatinAmerica&Caribbean/Dominica,root/LatinAmerica&Caribbean,0,0,0,0,0,0,0,0,22.55,16.52,16.56,21.85,21.9,15.48,15.24,15.24,0,0,15.53,15.53,0,0,14.01,16.21,14.64,16.21,0,16.34,16.34
root/LatinAmerica&Caribbean/DominicanRepublic,root/LatinAmerica&Caribbean,0,0,0,0,0,0,0,0,10.09,15.42,10.09,10.09,17.94,10.24,10.41,10.41,10.28,10.54,10.45,9.68,10.87,0,9.65,9.66,10.54,10.58,0,10.58,10.58
root/LatinAmerica&Caribbean/Ecuador,root/LatinAmerica&Caribbean,0,0,0,0,0,9.33,12.39,12.21,12.02,12.02,12.11,14.03,12.13,12.13,12.2,12.18,12.19,12.17,12.17,12.17,11.95,13.63,13.59,13.53,13.54,0,14.68,16.88,16.93
root/LatinAmerica&Caribbean/ElSalvador,root/LatinAmerica&Caribbean,0,0,0,0,0,0,0,11.06,9.5,8.91,9.25,7.41,7.63,8.06,7.4,7.91,8.02,7.9,7.83,8.2,8.35,8.35,8.33,8.32,8.74,8.73,8.72,8.71,0
root/LatinAmerica&Caribbean/Grenada,root/LatinAmerica&Caribbean,0,0,0,0,0,0,0,0,23.33,0,0,23.03,14.36,23.03,14.38,14.38,0,0,14.36,14.36,14.36,0,15.26,15.26,15.26,15.26,0,16.93,16.93
root/LatinAmerica&Caribbean/Guatemala,root/LatinAmerica&Caribbean,0,0,0,0,0,0,0,11.12,0,9.42,7.98,7.24,7.43,7.3,7.04,7.13,7.12,6.86,6.88,7.02,7.01,7.0,7.0,7.01,7.61,7.53,7.53,7.53,0
root/LatinAmerica&Caribbean/Guyana,root/LatinAmerica&Caribbean,0,0,0,0,0,0,0,0,26.38,0,0,26.57,26.58,16.27,16.27,16.27,0,0,16.72,17.29,17.33,17.28,17.33,17.33,17.33,17.16,0,17.33,17.33
root/LatinAmerica&Caribbean/Haiti,root/LatinAmerica&Caribbean,0,0,0,0,0,0,0,0,0,0,0,0,0,3.74,3.73,0,0,0,0,3.73,3.73,3.66,7.19,5.25,3.66,5.36,5.36,5.36,5.54
root/LatinAmerica&Caribbean/Honduras,root/LatinAmerica&Caribbean,0,0,0,0,0,0,0,11.0,7.74,10.09,8.52,8.64,8.1,7.7,7.05,7.02,7.05,7.0,6.97,7.43,7.54,7.4,7.4,7.4,8.05,7.91,0,8.0,0
root/LatinAmerica&Caribbean/Jamaica,root/LatinAmerica&Caribbean,0,0,0,0,0,0,0,0,23.56,0,0,23.34,12.42,12.44,12.45,12.45,13.11,0,13.13,13.82,0,0,13.82,13.82,15.44,15.44,0,16.24,16.22
root/LatinAmerica&Caribbean/Mexico,root/LatinAmerica&Caribbean,0,0,0,12.57,0,0,0,12.58,17.02,16.83,16.89,19.87,20.1,20.06,20.37,20.46,20.15,16.82,13.49,15.86,15.98,14.72,13.52,13.48,13.45,13.31,12.14,11.07,10.6
root/LatinAmerica&Caribbean/Nicaragua,root/LatinAmerica&Caribbean,0,0,0,0,0,0,0,11.17,11.4,7.81,7.26,12.51,5.4,6.74,6.72,6.77,7.32,7.34,7.36,7.62,7.61,7.63,7.74,7.61,8.1,8.21,8.09,8.09,8.18
root/LatinAmerica&Caribbean/Panama,root/LatinAmerica&Caribbean,0,0,0,0,0,0,0,0,0,17.1,10.68,11.7,11.8,11.56,12.33,11.78,11.79,11.64,11.64,11.44,11.49,11.28,10.96,10.74,10.98,10.95,0,10.87,0
root/LatinAmerica&Caribbean/Paraguay,root/LatinAmerica&Caribbean,0,0,0,14.95,0,0,7.44,8.4,9.08,8.89,8.82,11.57,11.17,10.24,9.94,9.84,9.96,8.48,8.33,8.46,8.59,8.59,8.61,8.62,8.62,8.71,8.71,8.71,8.71
root/LatinAmerica&Caribbean/Peru,root/LatinAmerica&Caribbean,0,0,0,0,0,17.16,0,16.24,0,13.83,13.76,13.76,15.14,12.34,12.34,12.32,12.34,11.95,11.75,11.75,7.95,4.9,4.87,2.94,0,2.72,2.72,1.49,0
root/LatinAmerica&Caribbean/StKittsandNevis,root/LatinAmerica&Caribbean,0,0,0,0,0,0,0,0,22.29,0,0,21.91,9.48,9.38,9.64,9.63,0,0,9.57,9.56,9.54,9.53,9.96,9.94,14.47,14.46,9.72,9.73,9.75
root/LatinAmerica&Caribbean/StLucia,root/LatinAmerica&Caribbean,0,0,0,0,0,0,0,0,21.85,0,0,21.68,21.68,12.18,12.18,12.18,0,12.19,12.18,12.18,0,0,13.93,13.93,14.54,14.54,13.2,15.13,15.13
root/LatinAmerica&Caribbean/StVincentandtheGrenadines,root/LatinAmerica&Caribbean,0,0,0,0,0,0,0,0,22.04,0,0,21.64,21.64,13.51,13.61,13.59,0,0,11.98,13.44,0,0,13.85,13.85,14.48,14.48,0,14.1,14.44
root/LatinAmerica&Caribbean/Suriname,root/LatinAmerica&Caribbean,0,0,0,0,0,0,0,0,23.66,0,0,23.28,23.67,0,0,0,0,0,0,13.39,0,15.4,15.42,14.77,15.4,15.4,0,0,0
root/LatinAmerica&Caribbean/TrinidadandTobago,root/LatinAmerica&Caribbean,0,0,0,21.46,22.04,0,0,0,14.25,0,0,26.87,0,13.78,12.4,12.4,14.29,14.13,13.94,14.9,14.69,0,15.81,15.8,16.45,16.35,0,0,0
root/LatinAmerica&Caribbean/Uruguay,root/LatinAmerica&Caribbean,0,0,0,0,6.81,0,0,8.48,8.75,8.69,11.22,11.21,11.33,10.8,9.9,0,9.88,8.52,8.34,8.34,8.35,8.35,8.4,8.41,8.4,8.5,8.52,8.56,8.55
root/LatinAmerica&Caribbean/VenezuelaRB,root/LatinAmerica&Caribbean,0,0,0,0,15.09,0,0,12.78,0,12.66,12.76,12.66,12.68,12.71,12.71,12.7,12.65,12.64,12.77,13.58,13.8,13.8,12.99,13.8,13.8,13.8,13.38,12.49,11.74
root/MiddleEast&NorthAfrica,root,6.9,7.0,36.13,7.27,43.59,91.75,19.2,100.5,53.989999999999995,74.24999999999999,131.04999999999998,153.36,311.9000000000001,199.23,307.44,266.90000000000003,191.4,254.57999999999998,261.14000000000004,199.78000000000003,218.38,233.72000000000003,140.98,200.68,186.85999999999999,155.35999999999999,162.30999999999995,181.7,180.42000000000002
root/MiddleEast&NorthAfrica/Algeria,root/MiddleEast&NorthAfrica,0,0,0,0,0,21.89,0,0,0,23.54,23.72,0,0,21.63,19.79,19.37,0,19.36,19.35,19.6,19.6,19.6,0,0,0,0,20.52,20.54,20.54
root/MiddleEast&NorthAfrica/Bahrain,root/MiddleEast&NorthAfrica,0,0,0,0,0,0,0,0,0,0,0,7.36,7.61,7.43,5.83,5.91,5.91,7.15,6.81,7.08,7.02,6.94,5.96,6.59,6.59,7.76,4.82,5.07,5.09
root/MiddleEast&NorthAfrica/Djibouti,root/MiddleEast&NorthAfrica,0,0,0,0,0,0,0,0,0,0,26.8,28.99,0,0,24.36,0,0,24.61,24.0,0,0,17.59,0,17.37,17.37,0,17.4,0,0
root/MiddleEast&NorthAfrica/EgyptArabRep,root/MiddleEast&NorthAfrica,0,0,0,0,0,0,0,53.1,0,0,35.05,50.7,50.72,50.68,18.55,49.75,41.61,41.08,41.15,39.76,39.67,39.64,39.75,39.73,39.71,39.69,36.4,36.37,36.62
root/MiddleEast&NorthAfrica/IranIslamicRep,root/MiddleEast&NorthAfrica,0,0,0,0,0,0,0,0,0,0,0,0,61.73,0,0,24.49,23.34,0,0,20.83,20.65,0,0,21.51,0,0,0,0,0
root/MiddleEast&NorthAfrica/Israel,root/MiddleEast&NorthAfrica,0,0,0,0,0,4.24,0,0,0,0,0,30.96,16.97,15.52,14.74,14.57,13.52,13.18,13.78,14.2,13.46,13.5,0,11.78,9.73,8.95,8.77,8.87,8.3
root/MiddleEast&NorthAfrica/Jordan,root/MiddleEast&NorthAfrica,0,0,0,0,0,0,0,0,0,0,0,0,21.89,17.85,17.72,15.73,15.69,16.18,14.67,14.72,14.37,13.62,13.86,13.77,13.5,13.33,13.02,12.77,12.77
root/MiddleEast&NorthAfrica/Kuwait,root/MiddleEast&NorthAfrica,0,0,0,0,0,0,0,0,0,0,0,0,0,0,2.37,4.27,4.27,5.64,5.64,4.23,5.49,5.4,4.22,4.22,7.76,7.76,4.82,5.05,5.06
root/MiddleEast&NorthAfrica/Lebanon,root/MiddleEast&NorthAfrica,0,0,0,0,0,0,0,0,0,0,0,8.86,16.99,10.16,23.79,0,9.5,11.18,9.54,11.16,0,0,0,0,0,0,9.49,9.59,9.63
root/MiddleEast&NorthAfrica/Libya,root/MiddleEast&NorthAfrica,0,0,0,0,0,0,0,0,37.69,0,0,0,0,0,35.18,0,0,0,0,0,0,0,0,0,0,0,0,0,0
root/MiddleEast&NorthAfrica/Malta,root/MiddleEast&NorthAfrica,6.9,7.0,7.36,7.27,7.33,7.13,7.27,17.54,16.3,15.76,14.19,14.06,12.0,13.08,10.97,11.18,11.34,11.98,11.87,10.85,10.4,10.3,10.37,10.39,10.42,10.24,9.85,10.28,10.31
root/MiddleEast&NorthAfrica/Morocco,root/MiddleEast&NorthAfrica,0,0,0,0,0,58.49,0,0,0,30.9,0,0,43.71,40.75,40.28,39.36,0,34.81,33.67,32.61,32.49,28.44,27.43,26.32,25.93,0,18.31,18.87,18.87
root/MiddleEast&NorthAfrica/Oman,root/MiddleEast&NorthAfrica,0,0,0,0,7.5,0,0,0,0,4.05,0,0,0,7.97,9.48,15.08,5.74,6.96,6.94,8.44,6.97,8.23,0,0,4.14,4.14,4.14,8.28,8.31
root/MiddleEast&NorthAfrica/Qatar,root/MiddleEast&NorthAfrica,0,0,0,0,0,0,0,0,0,0,0,0,0,0,4.52,5.81,6.8,6.32,6.32,5.49,6.76,6.67,5.57,5.57,5.14,5.14,4.93,5.17,5.19
root/MiddleEast&NorthAfrica/SaudiArabia,root/MiddleEast&NorthAfrica,0,0,0,0,0,0,11.93,0,0,0,0,12.43,12.89,14.16,8.12,6.81,6.93,5.63,5.61,5.59,5.48,5.4,0,4.48,5.12,5.12,4.91,4.37,0
root/MiddleEast&NorthAfrica/SyrianArabRepublic,root/MiddleEast&NorthAfrica,0,0,0,0,0,0,0,0,0,0,0,0,0,0,15.87,0,0,0,0,0,0,15.39,15.39,0,0,16.82,0,0,0
root/MiddleEast&NorthAfrica/Tunisia,root/MiddleEast&NorthAfrica,0,0,28.77,0,28.76,0,0,29.86,0,0,31.29,0,52.53,0,55.87,49.07,46.75,44.79,45.72,0,29.97,26.26,18.43,23.35,24.51,19.47,0,19.51,22.75
root/MiddleEast&NorthAfrica/UnitedArabEmirates,root/MiddleEast&NorthAfrica,0,0,0,0,0,0,0,0,0,0,0,0,0,0,0,5.5,0,5.71,5.69,5.22,6.05,5.97,0,4.83,5.14,5.14,4.93,5.16,5.18
root/MiddleEast&NorthAfrica/YemenRep,root/MiddleEast&NorthAfrica,0,0,0,0,0,0,0,0,0,0,0,0,14.86,0,0,0,0,0,10.38,0,0,10.77,0,10.77,11.8,11.8,0,11.8,11.8
root/NorthAmerica,root,0,8.07,3.54,3.57,3.58,7.86,0,13.76,12.25,12.21,11.629999999999999,12.46,10.34,25.92,10.350000000000001,20.509999999999998,10.02,22.98,9.85,22.94,22.16,21.93,21.869999999999997,21.91,20.439999999999998,20.22,19.96,20.160000000000004,20.41
root/NorthAmerica/Bermuda,root/NorthAmerica,0,0,0,0,0,0,0,0,0,0,0,0,0,15.4,0,0,0,13.06,0,12.74,12.5,12.53,12.68,12.66,11.61,11.41,11.54,11.67,11.92
root/NorthAmerica/Canada,root/NorthAmerica,0,4.47,0,0,0,4.24,0,9.74,8.23,7.87,7.77,8.74,6.68,6.76,6.61,16.9,6.54,6.53,6.51,6.57,6.45,6.23,6.02,6.04,5.86,5.86,5.48,5.5,5.47
root/NorthAmerica/UnitedStates,root/NorthAmerica,0,3.6,3.54,3.57,3.58,3.62,0,4.02,4.02,4.34,3.86,3.72,3.66,3.76,3.74,3.61,3.48,3.39,3.34,3.63,3.21,3.17,3.17,3.21,2.97,2.95,2.94,2.99,3.02
root/SouthAsia,root,0,84.97,111.21000000000001,0,44.88,42.02,112.11,44.95,46.870000000000005,53.83,95.34,82.35,126.64,108.49,116.11000000000001,112.72999999999999,149.68,140.26999999999998,107.61999999999999,123.53,111.53999999999999,99.75999999999999,99.63,100.55999999999999,97.0,77.84,46.9,118.21000000000001,71.73
root/SouthAsia/Afghanistan,root/SouthAsia,0,0,0,0,0,0,0,0,0,0,0,0,0,0,0,0,3.26,0,5.11,5.11,5.23,0,0,0,6.02,6.02,0,0,0
root/SouthAsia/Bangladesh,root/SouthAsia,0,84.97,0,0,0,0,78.42,0,0,0,23.26,20.15,20.15,19.86,19.94,19.29,18.3,15.27,15.27,14.76,15.6,15.19,15.16,15.09,15.87,15.51,0,15.56,15.57
root/SouthAsia/Bhutan,root/SouthAsia,0,0,0,0,0,0,0,0,14.53,0,0,0,0,0,17.03,0,33.78,33.83,0,33.62,0,0,0,0,0,0,0,33.94,0
root/SouthAsia/India,root/SouthAsia,0,0,74.78,0,44.88,0,0,0,32.34,26.01,0,28.79,34.1,34.66,30.9,30.46,31.17,28.36,24.82,27.84,22.93,22.78,22.49,23.29,25.63,25.42,0,24.33,24.39
root/SouthAsia/Maldives,root/SouthAsia,0,0,0,0,0,0,0,0,0,0,0,0,19.84,19.84,19.75,19.67,19.57,19.71,19.71,0,19.52,19.52,19.5,19.52,7.25,7.24,7.4,8.37,8.4
root/SouthAsia/Nepal,root/SouthAsia,0,0,0,0,0,8.78,0,0,0,0,9.14,8.83,11.58,0,11.98,12.06,12.11,11.91,11.81,11.86,19.2,12.2,12.02,12.27,12.08,11.8,11.75,11.86,12.15
root/SouthAsia/Pakistan,root/SouthAsia,0,0,0,0,0,0,0,44.95,0,0,43.04,24.58,24.49,17.93,16.51,16.18,14.7,13.18,13.13,12.72,11.6,12.66,12.53,12.56,11.84,11.85,11.48,10.86,11.22
root/SouthAsia/SriLanka,root/SouthAsia,0,0,36.43,0,0,33.24,33.69,0,0,27.82,19.9,0,16.48,16.2,0,15.07,16.79,18.01,17.77,17.62,17.46,17.41,17.93,17.83,18.31,0,16.27,13.29,0
root/Sub-SaharanAfrica,root,37.74,33.13,39.65,7.18,31.38,136.41000000000003,125.91,234.09,163.07999999999998,248.89,187.32,115.13000000000001,228.28,477.88000000000005,495.5999999999999,403.1,334.6,449.4899999999999,472.72999999999996,449.34000000000003,504.1700000000002,497.46000000000015,530.7000000000002,491.94000000000005,434.8100000000002,475.39000000000004,375.8299999999999,443.52999999999986,400.74
root/Sub-SaharanAfrica/Angola,root/Sub-SaharanAfrica,0,0,0,0,0,0,0,0,0,0,0,0,0,0,11.69,0,11.75,10.04,10.04,0,10.2,10.19,9.97,9.97,9.9,9.9,19.83,19.83,19.83
root/Sub-SaharanAfrica/Benin,root/Sub-SaharanAfrica,0,0,0,0,0,0,0,0,0,0,0,0,0,11.78,11.78,11.79,11.83,11.82,11.82,11.98,11.97,11.98,11.98,11.97,11.97,11.98,11.98,13.28,13.28
root/Sub-SaharanAfrica/Botswana,root/Sub-SaharanAfrica,0,0,0,0,0,0,0,0,0,0,0,0,0,7.82,7.45,0,6.25,6.82,6.71,6.67,6.47,6.38,6.35,6.27,6.25,6.2,6.07,6.27,6.39
root/Sub-SaharanAfrica/BurkinaFaso,root/Sub-SaharanAfrica,0,0,0,0,0,5.0,0,0,0,0,0,0,0,11.78,11.78,11.79,11.83,11.82,11.82,11.98,11.97,11.98,11.98,11.97,11.97,11.98,11.98,13.28,13.28
root/Sub-SaharanAfrica/Burundi,root/Sub-SaharanAfrica,0,0,0,0,0,0,0,0,0,0,0,0,0,0,26.67,26.73,0,21.32,9.09,9.09,9.09,15.61,15.61,15.45,16.55,16.4,16.63,16.59,16.37
root/Sub-SaharanAfrica/CaboVerde,root/Sub-SaharanAfrica,0,0,0,0,0,0,0,0,0,0,0,0,0,0,0,0,0,9.48,9.45,9.91,9.91,9.84,9.91,9.94,9.92,10.84,0,10.84,0
root/Sub-SaharanAfrica/Cameroon,root/Sub-SaharanAfrica,0,0,0,0,0,0,19.82,19.3,0,0,0,0,0,19.17,19.17,19.36,19.36,19.08,19.36,19.18,19.15,18.42,19.15,18.15,18.15,19.73,20.21,0,0
root/Sub-SaharanAfrica/CentralAfricanRepublic,root/Sub-SaharanAfrica,0,0,0,0,0,0,0,19.29,0,19.3,0,0,0,19.17,19.17,19.36,19.36,19.08,19.2,19.18,19.15,19.15,19.15,19.15,19.24,19.73,0,19.76,19.76
root/Sub-SaharanAfrica/Chad,root/Sub-SaharanAfrica,0,0,0,0,0,0,0,19.28,0,19.28,0,0,0,19.17,19.17,19.36,19.36,19.08,19.36,19.18,19.15,19.18,19.15,19.18,0,19.73,0,19.22,19.22
root/Sub-SaharanAfrica/Comoros,root/Sub-SaharanAfrica,0,0,0,0,0,0,0,0,0,0,0,0,0,0,0,0,0,0,0,0,7.73,0,7.73,7.73,9.45,12.78,11.7,12.78,0
root/Sub-SaharanAfrica/CongoDemRep,root/Sub-SaharanAfrica,0,0,0,0,0,0,0,0,0,0,0,0,0,0,0,12.09,0,0,12.03,12.02,12.02,12.02,10.18,0,0,0,10.24,0,0
root/Sub-SaharanAfrica/CongoRep,root/Sub-SaharanAfrica,0,0,0,0,0,0,19.87,0,0,14.62,0,0,0,19.17,19.17,19.36,19.36,19.08,19.36,19.18,19.15,19.15,19.15,19.15,0,20.03,20.02,12.54,0
root/Sub-SaharanAfrica/CotedIvoire,root/Sub-SaharanAfrica,0,0,0,0,0,4.78,0,0,4.75,0,0,0,0,11.78,11.78,11.79,11.83,11.82,11.82,11.98,11.97,11.98,11.98,11.97,11.97,11.98,11.98,13.28,13.28
root/Sub-SaharanAfrica/EquatorialGuinea,root/Sub-SaharanAfrica,0,0,0,0,0,0,0,0,0,0,19.29,0,0,19.17,19.17,0,0,19.08,0,19.18,0,0,0,0,0,0,0,0,0
root/Sub-SaharanAfrica/Eritrea,root/Sub-SaharanAfrica,0,0,0,0,0,0,0,0,0,0,0,0,0,0,8.76,0,0,0,8.76,0,0,0,0,0,0,0,0,0,0
root/Sub-SaharanAfrica/Ethiopia,root/Sub-SaharanAfrica,0,0,0,0,0,0,0,30.39,0,0,0,0,0,17.68,17.68,0,0,0,13.25,0,17.0,16.99,16.99,16.99,17.0,0,0,17.54,0
root/Sub-SaharanAfrica/Gabon,root/Sub-SaharanAfrica,0,0,0,0,0,0,0,19.3,0,0,19.29,0,19.04,19.17,19.17,19.36,19.36,19.08,0,19.18,19.13,19.13,19.15,19.15,18.78,18.78,0,18.78,18.78
root/Sub-SaharanAfrica/GambiaThe,root/Sub-SaharanAfrica,0,0,0,0,0,0,0,0,0,0,0,0,0,0,0,13.61,0,0,0,19.07,19.07,19.03,14.85,15.02,15.02,14.97,0,0,0
root/Sub-SaharanAfrica/Ghana,root/Sub-SaharanAfrica,0,0,0,0,0,17.15,0,0,0,0,0,0,16.97,14.93,14.93,14.93,14.94,0,0,14.68,14.68,14.68,15.0,0,0,14.44,0,0,13.33
root/Sub-SaharanAfrica/Guinea,root/Sub-SaharanAfrica,0,0,0,0,0,0,0,0,0,0,6.77,0,0,0,0,0,6.76,12.09,0,0,11.84,11.83,11.83,0,11.93,0,0,0,0
root/Sub-SaharanAfrica/GuineaBissau,root/Sub-SaharanAfrica,0,0,0,0,0,0,0,0,0,0,0,0,0,11.78,11.78,11.79,11.83,11.82,11.82,11.98,11.97,11.98,11.98,11.97,11.97,11.98,11.98,0,0
root/Sub-SaharanAfrica/Kenya,root/Sub-SaharanAfrica,0,0,0,0,0,0,36.92,0,0,0,0,16.57,16.51,19.54,18.38,0,18.69,15.4,15.03,15.0,15.61,15.61,15.61,15.48,16.55,16.38,16.67,16.54,16.54
root/Sub-SaharanAfrica/Lesotho,root/Sub-SaharanAfrica,0,0,0,0,0,0,0,0,0,0,0,0,0,6.78,0,0,6.1,6.52,6.48,6.52,6.33,6.26,6.24,6.19,6.2,6.15,6.02,6.17,6.24
root/Sub-SaharanAfrica/Liberia,root/Sub-SaharanAfrica,0,0,0,0,0,0,0,0,0,0,0,0,0,0,0,0,0,0,0,0,0,0,0,0,9.53,9.52,9.48,0,0
root/Sub-SaharanAfrica/Madagascar,root/Sub-SaharanAfrica,0,0,0,0,0,0,0,4.63,4.23,4.26,4.3,0,3.86,3.91,3.83,3.83,3.76,16.36,12.78,12.84,12.82,12.74,12.75,12.74,13.37,13.34,13.34,13.48,13.28
root/Sub-SaharanAfrica/Malawi,root/Sub-SaharanAfrica,0,0,0,0,0,0,24.05,0,21.14,21.23,16.68,0,12.36,12.4,0,12.41,0,0,13.15,0,12.69,12.69,14.53,14.94,14.88,15.32,15.64,15.63,14.84
root/Sub-SaharanAfrica/Mali,root/Sub-SaharanAfrica,0,0,0,0,0,0,0,4.24,21.71,21.71,21.71,12.28,0,11.78,11.78,11.79,11.83,11.82,11.82,11.98,11.97,11.98,11.98,11.97,11.97,11.98,11.98,13.28,13.28
root/Sub-SaharanAfrica/Mauritania,root/Sub-SaharanAfrica,0,0,0,0,0,0,0,0,0,0,0,0,0,10.99,0,0,0,0,10.86,10.06,10.09,10.09,10.09,10.09,0,0,11.52,11.52,0
root/Sub-SaharanAfrica/Mauritius,root/Sub-SaharanAfrica,0,0,0,0,0,0,0,19.35,18.93,18.94,21.28,17.03,13.09,13.44,13.1,0,12.94,6.3,4.15,4.25,4.25,0.55,0.55,0.55,0.52,0.5,0.51,0.54,0.52
root/Sub-SaharanAfrica/Mozambique,root/Sub-SaharanAfrica,0,0,0,0,0,0,5.0,0,0,17.17,0,0,0,15.07,13.16,13.16,0,13.17,13.16,11.02,11.3,11.3,11.29,11.28,11.28,0,11.31,0,11.31
root/Sub-SaharanAfrica/Namibia,root/Sub-SaharanAfrica,0,0,0,0,0,0,0,0,0,0,0,0,0,6.8,6.81,0,6.05,6.51,6.47,6.52,6.33,6.25,6.24,6.19,6.2,6.15,6.02,6.17,6.24
root/Sub-SaharanAfrica/Niger,root/Sub-SaharanAfrica,0,0,0,0,0,0,0,0,0,0,0,0,0,11.78,11.78,11.79,11.83,11.82,11.82,11.98,11.97,11.98,11.98,11.97,11.97,11.98,11.98,13.28,13.28
root/Sub-SaharanAfrica/Nigeria,root/Sub-SaharanAfrica,31.03,33.13,33.15,0,31.38,0,0,98.31,26.02,26.03,26.03,26.9,26.9,27.1,39.09,37.89,0,12.61,12.58,0,12.36,12.33,12.35,12.34,0,12.36,12.47,13.2,13.2
root/Sub-SaharanAfrica/Rwanda,root/Sub-SaharanAfrica,0,0,0,0,0,47.03,0,0,0,0,0,0,10.64,10.66,13.81,10.63,0,13.91,13.91,0,14.18,15.61,15.61,15.44,16.55,16.35,16.58,16.58,16.37
root/Sub-SaharanAfrica/SaoTomeandPrincipe,root/Sub-SaharanAfrica,0,0,0,0,0,0,0,0,0,0,0,0,0,0,0,0,0,0,0,0,0,0,0,0,0,10.41,10.4,9.97,9.97
root/Sub-SaharanAfrica/Senegal,root/Sub-SaharanAfrica,0,0,0,0,0,0,0,0,0,0,0,0,0,11.78,11.78,11.79,11.83,11.82,11.82,11.98,11.97,11.98,11.98,11.97,11.97,11.98,11.98,13.28,13.28
root/Sub-SaharanAfrica/Seychelles,root/Sub-SaharanAfrica,0,0,0,0,0,0,0,0,0,0,0,0,38.52,38.74,0,0,0,29.74,21.52,22.39,0,0,0,0,0,0,0,5.39,5.39
root/Sub-SaharanAfrica/SierraLeone,root/Sub-SaharanAfrica,0,0,0,0,0,0,0,0,0,0,0,0,0,0,0,0,13.25,0,13.05,0,0,0,12.66,12.66,12.66,0,0,0,0
root/Sub-SaharanAfrica/SouthAfrica,root/Sub-SaharanAfrica,6.71,0,6.5,7.18,0,8.44,0,0,7.75,7.09,0,7.01,7.15,6.96,6.87,6.76,6.06,6.46,6.48,6.52,6.37,6.0,6.24,6.22,6.23,6.15,6.02,6.17,6.24
root/Sub-SaharanAfrica/Sudan,root/Sub-SaharanAfrica,0,0,0,0,0,0,0,0,8.5,0,0,0,0,0,29.63,0,0,0,25.65,0,26.55,26.55,25.74,25.74,0,27.01,0,0,0
root/Sub-SaharanAfrica/Swaziland,root/Sub-SaharanAfrica,0,0,0,0,0,0,0,0,0,0,0,0,0,6.61,6.74,0,6.05,6.52,6.48,6.52,6.35,6.27,6.26,6.19,6.2,6.15,6.02,6.2,6.33
root/Sub-SaharanAfrica/Tanzania,root/Sub-SaharanAfrica,0,0,0,0,0,24.73,0,0,0,31.62,31.42,0,16.87,0,0,14.42,0,15.4,15.03,15.0,15.61,15.61,15.61,15.47,16.55,16.51,16.65,16.67,16.66
root/Sub-SaharanAfrica/Togo,root/Sub-SaharanAfrica,0,0,0,0,0,0,0,0,11.57,11.6,0,11.84,11.84,11.78,11.78,11.79,11.83,11.82,11.82,11.98,11.97,11.98,11.98,11.97,11.97,11.98,11.98,13.28,13.28
root/Sub-SaharanAfrica/Uganda,root/Sub-SaharanAfrica,0,0,0,0,0,0,20.25,0,0,0,0,0,11.6,11.35,11.21,11.0,10.71,15.4,15.03,15.0,15.61,15.61,15.61,15.46,16.55,16.48,16.64,16.67,16.65
root/Sub-SaharanAfrica/Zambia,root/Sub-SaharanAfrica,0,0,0,0,0,29.28,0,0,0,15.97,0,0,0,18.67,18.09,16.27,19.85,16.4,19.75,18.24,18.22,16.55,16.54,16.52,17.31,17.24,0,17.0,18.24
root/Sub-SaharanAfrica/Zimbabwe,root/Sub-SaharanAfrica,0,0,0,0,0,0,0,0,38.48,20.07,20.55,23.5,22.93,19.17,18.44,18.25,0,0,0,17.1,0,0,16.77,16.53,16.28,0,0,18.52,16.08
