root/EastAsia&Pacific,root,56.23,89.6,43.849999999999994,69.72,76.34,130.29000000000002,63.79,53.29,93.39999999999999,106.53999999999999,78.41,132.32,95.78999999999999,133.01000000000002,121.7,133.22,119.16,116.07000000000001,121.63000000000002,120.71,137.57000000000002,102.28999999999999,98.81000000000003,113.23999999999998,101.65,89.34000000000002,79.37,153.49,131.72999999999996
root/EastAsia&Pacific/Australia,root/EastAsia&Pacific,0,0,0,19.87,0,11.01,0,0,6.91,6.93,6.6,6.21,5.95,4.91,3.99,4.05,4.0,3.3,4.09,4.26,3.88,3.96,3.61,2.47,2.58,2.63,2.69,2.72,2.71
root/EastAsia&Pacific/BruneiDarussalam,root/EastAsia&Pacific,0,0,0,0,4.43,0,0,0,11.41,11.25,11.26,6.35,7.85,11.19,11.09,12.28,6.43,6.2,5.94,5.71,2.02,2.51,2.51,2.45,0,0,1.13,0,1.19
root/EastAsia&Pacific/Cambodia,root/EastAsia&Pacific,0,0,0,0,0,0,0,0,0,0,0,0,0,16.49,16.28,16.47,0,11.08,10.86,11.68,11.42,0,9.5,8.94,9.08,0,8.34,0,9.77
root/EastAsia&Pacific/China,root/EastAsia&Pacific,0,0,0,0,32.17,30.29,27.93,0,19.76,15.82,15.5,14.46,14.67,14.11,7.72,6.48,5.96,4.9,4.4,5.48,4.87,3.97,5.3,6.97,0,0,5.6,5.58,4.29
root/EastAsia&Pacific/Fiji,root/EastAsia&Pacific,0,0,0,0,0,0,0,0,0,0,0,0,0,0,0,9.51,10.44,0,8.92,9.07,9.98,12.15,11.29,19.9,11.75,12.08,0,11.12,0
root/EastAsia&Pacific/FrenchPolynesia,root/EastAsia&Pacific,0,0,0,0,0,0,0,0,0,0,0,0,0,0,0,0,0,0,0,0,8.34,9.0,0,8.44,7.34,7.39,7.39,7.31,7.6
root/EastAsia&Pacific/Indonesia,root/EastAsia&Pacific,0,14.54,15.09,0,0,12.51,0,10.89,7.73,15.06,5.48,6.05,5.16,4.35,5.07,4.86,5.03,5.38,4.85,3.87,4.38,2.55,4.74,4.79,4.83,4.66,0,0,5.4
root/EastAsia&Pacific/Japan,root/EastAsia&Pacific,5.14,5.03,4.43,4.96,5.25,5.46,5.45,5.72,7.06,4.82,4.7,4.93,5.0,6.05,5.83,5.57,4.26,3.87,3.07,3.0,2.76,3.27,2.56,2.68,2.64,1.5,2.7,2.83,3.12
root/EastAsia&Pacific/KoreaRep,root/EastAsia&Pacific,13.94,10.61,9.54,0,8.53,0,0,6.84,15.02,13.45,13.61,5.9,9.55,10.41,9.98,9.72,9.27,7.97,7.46,7.41,8.37,7.89,7.31,7.45,7.72,7.99,7.99,8.42,8.83
root/EastAsia&Pacific/LaoPDR,root/EastAsia&Pacific,0,0,0,0,0,0,0,0,0,0,0,0,14.06,13.09,0,0,12.48,13.67,13.93,13.91,13.15,0,0,0,0,0,12.83,15.92,8.1
root/EastAsia&Pacific/Malaysia,root/EastAsia&Pacific,14.65,0,0,11.26,0,9.73,0,0,6.27,6.23,5.23,5.14,4.81,5.51,4.7,5.29,5.37,4.27,4.36,4.83,5.06,5.19,4.37,4.17,4.41,4.44,3.52,0,4.02
root/EastAsia&Pacific/Mongolia,root/EastAsia&Pacific,0,0,0,0,0,0,0,0,0,0,0,0.09,5.04,6.95,6.98,5.03,5.02,4.29,4.4,5.1,5.1,5.1,5.03,5.03,0,5.03,0,4.57,0
root/EastAsia&Pacific/Myanmar,root/EastAsia&Pacific,0,0,0,0,0,0,0,0,4.13,4.13,4.13,4.13,4.13,4.11,4.11,4.11,4.11,2.93,2.93,2.93,2.93,0,2.95,2.95,5.81,4.07,0,5.24,0
root/EastAsia&Pacific/Nauru,root/EastAsia&Pacific,0,0,0,0,0,0,0,0,0,0,0,0,0,0,0,0,0,0,0,0,0,0,0,0,0,0,0,0,11.69
root/EastAsia&Pacific/NewZealand,root/EastAsia&Pacific,0,0,0,0,11.24,9.09,0,0,6.53,5.64,4.69,4.06,3.09,4.67,4.99,5.57,5.4,5.08,5.17,3.54,2.4,2.29,6.26,2.13,2.36,2.41,2.39,2.56,2.72
root/EastAsia&Pacific/Palau,root/EastAsia&Pacific,0,0,0,0,0,0,0,0,0,0,0,0,0,0,0,0,0,1.76,1.76,0,0,0,6.76,6.54,6.4,0,0,7.69,7.8
root/EastAsia&Pacific/PapuaNewGuinea,root/EastAsia&Pacific,0,0,0,0,0,0,0,0,0,15.6,0,15.66,3.13,3.09,2.95,2.3,2.1,2.13,1.89,1.6,2.77,2.72,2.68,0,2.57,2.59,0,0,0
root/EastAsia&Pacific/Philippines,root/EastAsia&Pacific,22.5,22.51,14.79,0,14.72,15.56,15.22,14.65,8.53,7.56,7.16,6.58,3.77,3.47,2.62,2.44,3.49,3.77,4.51,3.46,5.9,5.12,5.62,5.39,5.54,5.49,0,6.51,6.08
root/EastAsia&Pacific/Samoa,root/EastAsia&Pacific,0,0,0,0,0,0,0,0,0,0,0,0,0,0,0,0,0,0,0,0,0,0,0,9.85,9.86,9.71,9.98,10.28,10.58
root/EastAsia&Pacific/Singapore,root/EastAsia&Pacific,0,3.26,0,0,0,0,0,0.33,0.05,0.05,0.05,0.05,0.04,0.04,0.04,0.04,0,0.03,0.03,0.03,0.15,0.18,0.14,0.16,0.18,0.25,0.24,0.28,0.24
root/EastAsia&Pacific/SolomonIslands,root/EastAsia&Pacific,0,0,0,0,0,0,0,0,0,0,0,0,0,0,0,0,0,0,0,0,14.62,0,0,0,0,0,0,36.09,14.6
root/EastAsia&Pacific/Thailand,root/EastAsia&Pacific,0,33.65,0,33.63,0,36.64,0,14.86,0,0,0,33.51,9.54,9.28,0,9.73,6.03,5.55,5.35,4.32,4.27,4.76,5.0,4.85,0,6.06,6.65,6.86,0
root/EastAsia&Pacific/TimorLeste,root/EastAsia&Pacific,0,0,0,0,0,0,0,0,0,0,0,0,0,0,0,0,0,0,0,0,0,0,0,2.5,2.5,2.5,2.5,2.5,2.5
root/EastAsia&Pacific/Tonga,root/EastAsia&Pacific,0,0,0,0,0,0,0,0,0,0,0,0,0,0,0,0,0,0,0,0,0,4.71,5.12,5.58,5.5,5.17,0,5.72,5.74
root/EastAsia&Pacific/Tuvalu,root/EastAsia&Pacific,0,0,0,0,0,0,0,0,0,0,0,0,0,0,0,0,0,0,0,0,0,0,1.59,0,0,0,0,0,0
root/EastAsia&Pacific/Vanuatu,root/EastAsia&Pacific,0,0,0,0,0,0,0,0,0,0,0,0,0,0,20.27,17.09,17.14,17.16,16.0,19.12,19.08,19.04,0,0,5.6,0,0,5.53,9.0
root/EastAsia&Pacific/Vietnam,root/EastAsia&Pacific,0,0,0,0,0,0,15.19,0,0,0,0,19.2,0,15.29,15.08,12.68,12.63,12.73,11.71,11.39,6.12,7.88,6.47,0,4.98,5.37,5.42,5.76,5.75
root/Europe&CentralAsia,root,132.49000000000007,127.71000000000008,174.41,153.3600000000001,163.62000000000003,200.54,168.31000000000006,232.57999999999996,210.98999999999992,208.13999999999993,151.74,150.20999999999998,136.04000000000005,205.4900000000001,180.42,142.29999999999995,142.73000000000005,156.77000000000004,163.46,165.02999999999992,171.22,174.7699999999999,161.01000000000005,159.27,167.97999999999993,166.44000000000008,162.12000000000006,173.23999999999998,159.00999999999993
root/Europe&CentralAsia/Albania,root/Europe&CentralAsia,0,0,0,0,0,0,0,0,0,14.41,0,0,11.65,11.28,8.35,8.17,7.34,7.36,6.61,5.86,5.14,4.9,4.87,4.59,3.54,3.69,3.69,3.58,3.53
root/Europe&CentralAsia/Armenia,root/Europe&CentralAsia,0,0,0,0,0,0,0,0,0,0,0,0,0,2.43,0,2.27,2.41,2.28,2.99,2.42,2.96,2.69,2.8,3.08,3.14,2.97,3.17,4.5,3.51
root/Europe&CentralAsia/Austria,root/Europe&CentralAsia,4.73,4.73,5.97,5.68,6.06,5.97,5.87,7.38,6.07,5.67,4.86,4.52,3.45,3.8,3.47,3.63,3.48,3.31,3.17,3.07,2.83,3.1,2.84,2.83,2.64,2.84,2.81,2.96,3.16
root/Europe&CentralAsia/Azerbaijan,root/Europe&CentralAsia,0,0,0,0,0,0,0,0,0,0,0,0,0,0,6.75,0,0,6.09,0,5.95,5.78,6.27,0,5.99,6.63,6.58,6.67,6.75,0
root/Europe&CentralAsia/Belarus,root/Europe&CentralAsia,0,0,0,0,0,0,0,0,8.85,9.5,0,0,7.63,7.91,8.8,0,0,0,0,0,7.3,7.01,6.0,5.01,5.68,5.69,4.89,4.29,4.08
root/Europe&CentralAsia/Belgium,root/Europe&CentralAsia,4.73,4.73,5.97,5.68,6.06,5.97,5.87,7.38,6.07,5.67,4.86,4.52,3.45,3.8,3.47,3.63,3.48,3.31,3.17,3.07,2.83,3.1,2.84,2.83,2.64,2.84,2.81,2.96,3.16
root/Europe&CentralAsia/BosniaandHerzegovina,root/Europe&CentralAsia,0,0,0,0,0,0,0,0,0,0,0,0,0,7.46,0,0,0,0,8.88,8.61,8.28,8.73,8.16,7.8,7.78,7.77,7.86,8.07,8.18
root/Europe&CentralAsia/Bulgaria,root/Europe&CentralAsia,4.73,4.73,5.97,5.68,6.06,5.97,5.87,7.38,6.07,5.67,4.86,4.52,3.45,3.8,3.47,3.63,3.48,3.31,3.17,3.07,2.83,3.1,2.84,2.83,2.64,2.84,2.81,2.96,3.16
root/Europe&CentralAsia/Croatia,root/Europe&CentralAsia,4.73,4.73,5.97,5.68,6.06,5.97,5.87,7.38,6.07,5.67,4.86,4.52,3.45,3.8,3.47,3.63,3.48,3.31,3.17,3.07,2.83,3.1,2.84,2.83,2.64,2.84,2.81,2.96,3.16
root/Europe&CentralAsia/Cyprus,root/Europe&CentralAsia,4.73,4.73,5.97,5.68,6.06,5.97,5.87,7.38,6.07,5.67,4.86,4.52,3.45,3.8,3.47,3.63,3.48,3.31,3.17,3.07,2.83,3.1,2.84,2.83,2.64,2.84,2.81,2.96,3.16
root/Europe&CentralAsia/CzechRepublic,root/Europe&CentralAsia,4.73,4.73,5.97,5.68,6.06,5.97,5.87,7.38,6.07,5.67,4.86,4.52,3.45,3.8,3.47,3.63,3.48,3.31,3.17,3.07,2.83,3.1,2.84,2.83,2.64,2.84,2.81,2.96,3.16
root/Europe&CentralAsia/Denmark,root/Europe&CentralAsia,4.73,4.73,5.97,5.68,6.06,5.97,5.87,7.38,6.07,5.67,4.86,4.52,3.45,3.8,3.47,3.63,3.48,3.31,3.17,3.07,2.83,3.1,2.84,2.83,2.64,2.84,2.81,2.96,3.16
root/Europe&CentralAsia/Estonia,root/Europe&CentralAsia,4.73,4.73,5.97,5.68,6.06,5.97,5.87,7.38,6.07,5.67,4.86,4.52,3.45,3.8,3.47,3.63,3.48,3.31,3.17,3.07,2.83,3.1,2.84,2.83,2.64,2.84,2.81,2.96,3.16
root/Europe&CentralAsia/Finland,root/Europe&CentralAsia,4.73,4.73,5.97,5.68,6.06,5.97,5.87,7.38,6.07,5.67,4.86,4.52,3.45,3.8,3.47,3.63,3.48,3.31,3.17,3.07,2.83,3.1,2.84,2.83,2.64,2.84,2.81,2.96,3.16
root/Europe&CentralAsia/France,root/Europe&CentralAsia,4.73,4.73,5.97,5.68,6.06,5.97,5.87,7.38,6.07,5.67,4.86,4.52,3.45,3.8,3.47,3.63,3.48,3.31,3.17,3.07,2.83,3.1,2.84,2.83,2.64,2.84,2.81,2.96,3.16
root/Europe&CentralAsia/Georgia,root/Europe&CentralAsia,0,0,0,0,0,0,0,0,0,0,0,10.12,0,9.67,10.7,9.44,9.43,8.21,8.32,1.49,1.39,1.33,1.38,2.18,1.9,1.89,0,1.67,1.88
root/Europe&CentralAsia/Germany,root/Europe&CentralAsia,4.73,4.73,5.97,5.68,6.06,5.97,5.87,7.38,6.07,5.67,4.86,4.52,3.45,3.8,3.47,3.63,3.48,3.31,3.17,3.07,2.83,3.1,2.84,2.83,2.64,2.84,2.81,2.96,3.16
root/Europe&CentralAsia/Greece,root/Europe&CentralAsia,4.73,4.73,5.97,5.68,6.06,5.97,5.87,7.38,6.07,5.67,4.86,4.52,3.45,3.8,3.47,3.63,3.48,3.31,3.17,3.07,2.83,3.1,2.84,2.83,2.64,2.84,2.81,2.96,3.16
root/Europe&CentralAsia/Hungary,root/Europe&CentralAsia,4.73,4.73,5.97,5.68,6.06,5.97,5.87,7.38,6.07,5.67,4.86,4.52,3.45,3.8,3.47,3.63,3.48,3.31,3.17,3.07,2.83,3.1,2.84,2.83,2.64,2.84,2.81,2.96,3.16
root/Europe&CentralAsia/Iceland,root/Europe&CentralAsia,0,0,0,0,0,5.47,0,0,3.62,0,4.6,3.74,4.81,3.76,0,4.37,4.61,4.31,3.12,3.9,3.38,3.26,2.98,2.99,2.82,3.21,3.32,3.28,3.1
root/Europe&CentralAsia/Ireland,root/Europe&CentralAsia,4.73,4.73,5.97,5.68,6.06,5.97,5.87,7.38,6.07,5.67,4.86,4.52,3.45,3.8,3.47,3.63,3.48,3.31,3.17,3.07,2.83,3.1,2.84,2.83,2.64,2.84,2.81,2.96,3.16
root/Europe&CentralAsia/Italy,root/Europe&CentralAsia,4.73,4.73,5.97,5.68,6.06,5.97,5.87,7.38,6.07,5.67,4.86,4.52,3.45,3.8,3.47,3.63,3.48,3.31,3.17,3.07,2.83,3.1,2.84,2.83,2.64,2.84,2.81,2.96,3.16
root/Europe&CentralAsia/Kazakhstan,root/Europe&CentralAsia,0,0,0,0,0,0,0,0,0,0,0,0,0,0,0,0,1.91,0,0,0,4.75,0,7.17,7.61,7.88,7.3,6.58,5.62,5.39
root/Europe&CentralAsia/KyrgyzRepublic,root/Europe&CentralAsia,0,0,0,0,0,0,0,0,0,0,0,0,2.78,3.33,6.8,4.31,0,0,3.91,3.87,4.32,4.52,4.35,4.0,4.14,4.14,3.91,6.6,5.83
root/Europe&CentralAsia/Latvia,root/Europe&CentralAsia,4.73,4.73,5.97,5.68,6.06,5.97,5.87,7.38,6.07,5.67,4.86,4.52,3.45,3.8,3.47,3.63,3.48,3.31,3.17,3.07,2.83,3.1,2.84,2.83,2.64,2.84,2.81,2.96,3.16
root/Europe&CentralAsia/Lithuania,root/Europe&CentralAsia,4.73,4.73,5.97,5.68,6.06,5.97,5.87,7.38,6.07,5.67,4.86,4.52,3.45,3.8,3.47,3.63,3.48,3.31,3.17,3.07,2.83,3.1,2.84,2.83,2.64,2.84,2.81,2.96,3.16
root/Europe&CentralAsia/Luxembourg,root/Europe&CentralAsia,4.73,4.73,5.97,5.68,6.06,5.97,5.87,7.38,6.07,5.67,4.86,4.52,3.45,3.8,3.47,3.63,3.48,3.31,3.17,3.07,2.83,3.1,2.84,2.83,2.64,2.84,2.81,2.96,3.16
root/Europe&CentralAsia/MacedoniaFYR,root/Europe&CentralAsia,0,0,0,0,0,0,0,0,0,0,0,0,0,13.85,7.74,0,8.09,7.72,7.21,6.07,6.07,6.97,6.42,6.49,6.68,7.14,6.31,6.16,5.95
root/Europe&CentralAsia/Moldova,root/Europe&CentralAsia,0,0,0,0,0,0,0,0,1.89,0,0,0,2.34,2.9,0,3.37,3.08,3.23,3.05,2.7,2.92,3.21,3.19,3.35,3.64,7.52,3.83,4.54,4.99
root/Europe&CentralAsia/Montenegro,root/Europe&CentralAsia,0,0,0,0,0,0,0,0,0,0,0,0,0,0,0,0,0,0,0,5.45,5.74,8.33,6.02,5.95,5.78,0,0,0,0
root/Europe&CentralAsia/Netherlands,root/Europe&CentralAsia,4.73,4.73,5.97,5.68,6.06,5.97,5.87,7.38,6.07,5.67,4.86,4.52,3.45,3.8,3.47,3.63,3.48,3.31,3.17,3.07,2.83,3.1,2.84,2.83,2.64,2.84,2.81,2.96,3.16
root/Europe&CentralAsia/Norway,root/Europe&CentralAsia,4.78,0,0,0,0,4.98,0,6.45,5.71,4.42,4.84,3.95,4.24,4.69,3.76,3.21,3.45,3.47,3.08,3.2,3.07,3.06,3.94,4.24,4.56,4.85,4.76,4.47,4.42
root/Europe&CentralAsia/Poland,root/Europe&CentralAsia,4.73,4.73,5.97,5.68,6.06,5.97,5.87,7.38,6.07,5.67,4.86,4.52,3.45,3.8,3.47,3.63,3.48,3.31,3.17,3.07,2.83,3.1,2.84,2.83,2.64,2.84,2.81,2.96,3.16
root/Europe&CentralAsia/Portugal,root/Europe&CentralAsia,4.73,4.73,5.97,5.68,6.06,5.97,5.87,7.38,6.07,5.67,4.86,4.52,3.45,3.8,3.47,3.63,3.48,3.31,3.17,3.07,2.83,3.1,2.84,2.83,2.64,2.84,2.81,2.96,3.16
root/Europe&CentralAsia/Romania,root/Europe&CentralAsia,4.73,4.73,5.97,5.68,6.06,5.97,5.87,7.38,6.07,5.67,4.86,4.52,3.45,3.8,3.47,3.63,3.48,3.31,3.17,3.07,2.83,3.1,2.84,2.83,2.64,2.84,2.81,2.96,3.16
root/Europe&CentralAsia/RussianFederation,root/Europe&CentralAsia,0,0,0,0,0,6.25,9.82,0,9.93,11.28,0,0,0,10.78,10.8,0,0,10.48,0,8.04,9.35,8.81,7.99,7.98,8.07,7.37,6.43,5.54,4.56
root/Europe&CentralAsia/Serbia,root/Europe&CentralAsia,0,0,0,0,0,0,0,0,0,0,0,0,0,10.69,7.88,0,0,6.03,0,0,0,0,0,0,0,0,0,0,0
root/Europe&CentralAsia/SlovakRepublic,root/Europe&CentralAsia,4.73,4.73,5.97,5.68,6.06,5.97,5.87,7.38,6.07,5.67,4.86,4.52,3.45,3.8,3.47,3.63,3.48,3.31,3.17,3.07,2.83,3.1,2.84,2.83,2.64,2.84,2.81,2.96,3.16
root/Europe&CentralAsia/Slovenia,root/Europe&CentralAsia,4.73,4.73,5.97,5.68,6.06,5.97,5.87,7.38,6.07,5.67,4.86,4.52,3.45,3.8,3.47,3.63,3.48,3.31,3.17,3.07,2.83,3.1,2.84,2.83,2.64,2.84,2.81,2.96,3.16
root/Europe&CentralAsia/Spain,root/Europe&CentralAsia,4.73,4.73,5.97,5.68,6.06,5.97,5.87,7.38,6.07,5.67,4.86,4.52,3.45,3.8,3.47,3.63,3.48,3.31,3.17,3.07,2.83,3.1,2.84,2.83,2.64,2.84,2.81,2.96,3.16
root/Europe&CentralAsia/Sweden,root/Europe&CentralAsia,4.73,4.73,5.97,5.68,6.06,5.97,5.87,7.38,6.07,5.67,4.86,4.52,3.45,3.8,3.47,3.63,3.48,3.31,3.17,3.07,2.83,3.1,2.84,2.83,2.64,2.84,2.81,2.96,3.16
root/Europe&CentralAsia/Switzerland,root/Europe&CentralAsia,0,0,13.22,0,0,14.75,0,16.77,11.39,5.86,5.35,5.02,4.46,4.38,4.33,4.82,4.3,4.37,4.41,3.92,3.92,3.97,3.44,4.07,2.67,4.07,4.11,2.92,2.89
root/Europe&CentralAsia/Tajikistan,root/Europe&CentralAsia,0,0,0,0,0,0,0,0,0,0,0,0,0,0,0,0,0,0,6.98,0,0,0,8.02,0,7.27,7.58,7.48,7.81,7.55
root/Europe&CentralAsia/Turkey,root/Europe&CentralAsia,0,0,0,0,0,7.9,0,6.74,5.71,5.65,5.73,5.34,4.98,3.93,3.95,4.33,4.15,3.85,3.72,4.06,3.93,4.42,4.7,5.11,0,5.21,0,5.8,5.37
root/Europe&CentralAsia/Turkmenistan,root/Europe&CentralAsia,0,0,0,0,0,0,0,0,0,0,0,0,0,0,2.88,0,0,0,0,0,0,0,0,0,0,0,0,0,0
root/Europe&CentralAsia/Ukraine,root/Europe&CentralAsia,0,0,0,0,0,0,0,3.36,0,3.93,0,0,0,0,3.99,0,0,0,4.13,4.69,4.69,2.47,2.9,2.42,2.57,2.78,2.65,2.46,2.46
root/Europe&CentralAsia/UnitedKingdom,root/Europe&CentralAsia,4.73,4.73,5.97,5.68,6.06,5.97,5.87,7.38,6.07,5.67,4.86,4.52,3.45,3.8,3.47,3.63,3.48,3.31,3.17,3.07,2.83,3.1,2.84,2.83,2.64,2.84,2.81,2.96,3.16
root/Europe&CentralAsia/Uzbekistan,root/Europe&CentralAsia,0,0,0,0,0,0,0,0,0,0,0,0,0,5.83,0,0,0,0,11.46,11.91,11.82,11.12,0,0,11.95,0,10.59,9.26,0
root/LatinAmerica&Caribbean,root,0,31.92,18.95,59.91,87.13000000000001,81.53,65.28,172.91,371.0399999999999,217.56000000000003,213.37000000000003,423.85999999999996,334.98,324.9800000000001,341.21000000000004,297.77,217.79999999999998,194.79000000000002,310.99,313.63999999999993,231.33000000000004,207.74,305.75,302.95,281.5699999999999,306.99999999999994,174.22000000000003,280.53,277.35999999999996
root/LatinAmerica&Caribbean/AntiguaandBarbuda,root/LatinAmerica&Caribbean,0,0,0,0,0,0,0,0,22.64,0,0,20.3,15.39,12.8,12.8,12.36,12.11,12.18,13.34,14.9,14.62,14.8,11.56,11.56,13.66,16.72,11.43,13.81,13.44
root/LatinAmerica&Caribbean/Argentina,root/LatinAmerica&Caribbean,0,0,0,0,12.66,12.53,0,11.41,13.4,13.93,15.67,14.76,14.49,13.51,12.01,12.87,12.21,11.74,11.92,12.17,10.43,12.21,12.52,12.03,11.92,11.01,11.5,11.53,12.32
root/LatinAmerica&Caribbean/Aruba,root/LatinAmerica&Caribbean,0,0,0,0,0,0,0,0,0,0,0,0,0,0,0,0,0,0,0,0,0,0,0,9.97,9.52,9.69,0,10.02,10.16
root/LatinAmerica&Caribbean/BahamasThe,root/LatinAmerica&Caribbean,0,0,0,0,0,0,0,0,0,0,0,28.58,0,0,25.02,0,0,0,23.88,0,0,0,20.22,19.46,0,14.05,19.83,19.03,18.95
root/LatinAmerica&Caribbean/Barbados,root/LatinAmerica&Caribbean,0,0,0,0,0,0,0,0,23.64,0,0,22.78,21.01,20.34,20.78,21.45,20.2,0,17.12,19.23,0,0,15.77,13.15,8.69,15.39,0,0,0
root/LatinAmerica&Caribbean/Belize,root/LatinAmerica&Caribbean,0,0,0,0,0,0,0,0,15.63,0,0,11.19,0,10.72,11.65,11.35,0,0,10.02,9.67,9.25,12.06,12.05,8.9,8.88,11.01,10.24,11.15,11.49
root/LatinAmerica&Caribbean/Bolivia,root/LatinAmerica&Caribbean,0,0,0,0,0,9.44,9.95,9.49,9.31,9.31,9.04,9.14,8.46,8.71,9.25,8.56,8.96,8.67,8.44,8.43,8.48,8.59,8.96,8.8,8.92,8.55,8.56,8.89,8.89
root/LatinAmerica&Caribbean/Brazil,root/LatinAmerica&Caribbean,0,31.92,18.95,16.55,15.71,13.02,13.27,12.69,13.8,14.0,15.94,13.85,12.69,10.47,10.01,9.53,9.06,8.54,8.46,8.62,8.58,9.92,10.09,10.1,10.12,10.08,9.92,10.32,10.19
root/LatinAmerica&Caribbean/CaymanIslands,root/LatinAmerica&Caribbean,0,0,0,0,0,0,0,0,0,0,0,0,0,0,0,0,0,0,0,0,0,0,0,0,0,0,0,0,16.72
root/LatinAmerica&Caribbean/Chile,root/LatinAmerica&Caribbean,0,0,0,0,10.95,10.94,10.93,10.93,10.95,10.97,10.94,9.96,9.0,8.0,6.96,5.77,5.99,5.95,5.89,5.92,5.91,5.94,5.94,5.92,5.83,5.89,0,5.9,5.89
root/LatinAmerica&Caribbean/Colombia,root/LatinAmerica&Caribbean,0,0,0,6.45,10.55,0,11.64,12.21,11.19,11.31,11.18,10.69,10.98,10.83,11.28,11.06,11.39,11.42,12.01,12.27,11.62,11.13,11.82,8.99,7.65,7.18,7.0,6.54,6.98
root/LatinAmerica&Caribbean/CostaRica,root/LatinAmerica&Caribbean,0,0,0,0,0,0,0,8.81,9.04,9.06,7.36,5.25,4.59,4.44,4.23,4.47,4.58,4.14,4.08,4.21,4.39,3.76,3.86,4.09,4.17,4.1,4.4,0,5.25
root/LatinAmerica&Caribbean/Cuba,root/LatinAmerica&Caribbean,0,0,0,0,0,11.06,0,0,8.88,8.82,8.88,8.78,8.45,9.15,8.79,9.01,8.53,8.22,10.09,10.05,10.05,10.1,10.16,9.57,9.6,9.04,0,9.81,9.54
root/LatinAmerica&Caribbean/Dominica,root/LatinAmerica&Caribbean,0,0,0,0,0,0,0,0,18.61,15.98,16.0,15.96,13.82,13.51,14.82,14.2,0,0,12.94,13.01,0,0,11.11,14.32,12.21,14.32,0,14.0,14.0
root/LatinAmerica&Caribbean/DominicanRepublic,root/LatinAmerica&Caribbean,0,0,0,0,0,0,0,0,7.87,12.29,7.87,7.87,15.86,8.11,9.2,8.91,8.92,8.56,8.95,8.13,8.94,0,6.58,6.29,6.2,6.37,0,7.71,7.71
root/LatinAmerica&Caribbean/Ecuador,root/LatinAmerica&Caribbean,0,0,0,0,0,8.15,11.47,11.05,10.95,10.39,10.7,11.11,9.58,11.16,10.67,9.9,9.91,9.53,8.94,8.87,7.8,6.84,6.83,6.21,6.38,0,7.03,8.65,9.51
root/LatinAmerica&Caribbean/ElSalvador,root/LatinAmerica&Caribbean,0,0,0,0,0,0,0,9.15,7.72,7.37,6.34,6.38,6.84,6.89,7.09,7.38,7.27,7.48,9.25,7.0,7.06,7.35,6.85,6.81,6.98,6.92,6.75,7.16,0
root/LatinAmerica&Caribbean/Grenada,root/LatinAmerica&Caribbean,0,0,0,0,0,0,0,0,18.58,0,0,16.2,11.31,15.81,12.04,11.43,0,0,11.8,12.63,12.72,0,12.51,12.46,13.32,12.16,0,12.23,13.13
root/LatinAmerica&Caribbean/Guatemala,root/LatinAmerica&Caribbean,0,0,0,0,0,0,0,8.66,0,6.8,6.98,5.94,5.81,6.52,6.11,6.53,6.16,5.82,5.39,5.4,5.17,5.48,5.32,5.16,6.7,5.15,4.76,4.76,0
root/LatinAmerica&Caribbean/Guyana,root/LatinAmerica&Caribbean,0,0,0,0,0,0,0,0,18.71,0,0,15.2,15.54,11.61,11.84,11.5,0,0,11.15,11.08,10.51,11.58,11.27,11.13,10.67,11.92,0,11.39,11.32
root/LatinAmerica&Caribbean/Haiti,root/LatinAmerica&Caribbean,0,0,0,0,0,0,0,0,0,0,0,0,0,3.59,3.8,0,0,0,0,4.75,4.81,3.5,6.97,6.58,4.44,6.52,7.18,6.55,6.52
root/LatinAmerica&Caribbean/Honduras,root/LatinAmerica&Caribbean,0,0,0,0,0,0,0,8.97,7.8,9.76,8.05,7.7,8.35,8.8,7.18,7.18,6.85,6.01,5.92,6.51,6.47,6.71,6.65,6.35,6.31,5.77,0,6.02,0
root/LatinAmerica&Caribbean/Jamaica,root/LatinAmerica&Caribbean,0,0,0,0,0,0,0,0,17.85,0,0,16.67,9.85,9.53,9.83,10.08,9.43,0,8.98,8.92,0,0,9.7,9.51,12.19,11.67,0,10.52,10.84
root/LatinAmerica&Caribbean/Mexico,root/LatinAmerica&Caribbean,0,0,0,11.91,0,0,0,11.35,14.02,13.08,13.05,15.78,15.15,15.24,15.57,15.44,13.85,12.75,11.78,11.42,10.83,8.26,5.64,5.37,5.17,4.87,4.64,4.45,4.35
root/LatinAmerica&Caribbean/Nicaragua,root/LatinAmerica&Caribbean,0,0,0,0,0,0,0,8.42,8.26,5.94,5.94,11.0,4.69,5.6,5.22,5.09,5.81,5.46,4.82,5.77,5.34,5.65,5.27,5.38,5.34,5.3,5.55,5.67,5.84
root/LatinAmerica&Caribbean/Panama,root/LatinAmerica&Caribbean,0,0,0,0,0,0,0,0,0,10.62,8.69,7.83,7.19,6.86,7.46,7.89,7.63,7.16,8.0,8.01,8.14,7.04,6.93,5.76,6.13,6.12,0,5.41,0
root/LatinAmerica&Caribbean/Paraguay,root/LatinAmerica&Caribbean,0,0,0,11.85,0,0,8.02,10.71,10.45,11.28,11.46,11.11,10.93,10.74,10.34,9.85,10.31,8.38,5.16,6.57,6.55,6.77,7.14,7.38,7.37,7.56,7.39,7.83,7.71
root/LatinAmerica&Caribbean/Peru,root/LatinAmerica&Caribbean,0,0,0,0,0,16.39,0,15.34,0,12.7,12.71,12.65,12.82,11.32,9.92,9.5,9.82,9.12,6.82,6.63,2.65,2.83,2.83,1.88,0,1.86,1.86,1.8,0
root/LatinAmerica&Caribbean/StKittsandNevis,root/LatinAmerica&Caribbean,0,0,0,0,0,0,0,0,21.57,0,0,17.87,13.11,12.61,13.68,13.71,0,0,13.91,14.0,15.18,15.11,14.57,14.2,14.04,14.03,14.04,14.05,14.07
root/LatinAmerica&Caribbean/StLucia,root/LatinAmerica&Caribbean,0,0,0,0,0,0,0,0,18.52,0,0,16.3,16.34,12.22,12.69,12.78,0,13.76,12.04,11.56,0,0,5.92,5.8,7.0,10.94,9.58,11.2,6.24
root/LatinAmerica&Caribbean/StVincentandtheGrenadines,root/LatinAmerica&Caribbean,0,0,0,0,0,0,0,0,17.45,0,0,15.83,15.04,12.5,11.68,11.76,0,0,5.96,12.09,0,0,10.8,10.25,11.75,11.75,0,11.06,12.98
root/LatinAmerica&Caribbean/Suriname,root/LatinAmerica&Caribbean,0,0,0,0,0,0,0,0,16.7,0,0,14.0,12.17,0,0,0,0,0,0,11.94,0,10.78,10.79,9.8,10.88,10.88,0,0,0
root/LatinAmerica&Caribbean/TrinidadandTobago,root/LatinAmerica&Caribbean,0,0,0,13.15,15.09,0,0,0,7.18,0,0,17.85,0,6.56,4.92,5.46,6.23,8.3,12.49,10.65,14.29,0,8.61,8.62,9.06,9.03,0,0,0
root/LatinAmerica&Caribbean/Uruguay,root/LatinAmerica&Caribbean,0,0,0,0,5.81,0,0,10.62,10.32,10.55,12.88,12.31,12.15,12.37,10.67,0,9.31,8.0,7.26,7.68,6.55,7.72,8.51,8.64,7.96,8.64,8.63,8.59,9.42
root/LatinAmerica&Caribbean/VenezuelaRB,root/LatinAmerica&Caribbean,0,0,0,0,16.36,0,0,13.1,0,13.4,13.69,13.02,13.37,14.46,13.7,12.75,13.27,13.6,14.18,15.55,14.99,13.61,12.0,12.51,12.51,12.51,13.93,14.48,13.9
root/MiddleEast&NorthAfrica,root,4.73,4.73,31.84,5.68,39.51,71.84,16.59,51.79,41.7,44.4,118.68,278.78999999999996,164.45999999999998,117.02,239.93,136.73999999999998,96.91999999999999,140.64999999999998,139.1,105.03,107.13,126.01999999999998,72.27000000000001,110.87999999999998,95.80999999999997,83.3,93.13999999999999,95.58000000000001,91.36999999999999
root/MiddleEast&NorthAfrica/Algeria,root/MiddleEast&NorthAfrica,0,0,0,0,0,15.5,0,0,0,16.93,17.26,0,0,15.16,12.99,11.97,0,11.66,11.93,11.47,11.37,11.93,0,0,0,0,12.52,12.02,12.6
root/MiddleEast&NorthAfrica/Bahrain,root/MiddleEast&NorthAfrica,0,0,0,0,0,0,0,0,0,0,0,10.72,10.36,8.51,5.79,5.76,5.77,5.53,5.41,5.71,5.31,5.3,5.15,5.92,5.92,4.49,3.99,4.23,4.16
root/MiddleEast&NorthAfrica/Djibouti,root/MiddleEast&NorthAfrica,0,0,0,0,0,0,0,0,0,0,56.72,217.78,0,0,28.49,0,0,26.31,27.72,0,0,17.27,0,17.7,17.7,0,17.56,0,0
root/MiddleEast&NorthAfrica/EgyptArabRep,root/MiddleEast&NorthAfrica,0,0,0,0,0,0,0,17.05,0,0,14.17,16.68,16.82,16.72,19.89,15.04,10.63,10.01,10.05,8.92,8.85,9.0,11.76,9.69,9.82,11.1,10.61,10.51,11.47
root/MiddleEast&NorthAfrica/IranIslamicRep,root/MiddleEast&NorthAfrica,0,0,0,0,0,0,0,0,0,0,0,0,22.74,0,0,16.74,13.84,0,0,17.55,14.31,0,0,15.23,0,0,0,0,0
root/MiddleEast&NorthAfrica/Israel,root/MiddleEast&NorthAfrica,0,0,0,0,0,4.93,0,0,0,0,0,6.0,3.83,3.66,3.47,3.28,2.91,2.94,3.03,2.86,3.11,3.49,0,2.94,2.9,2.77,2.85,3.31,3.38
root/MiddleEast&NorthAfrica/Jordan,root/MiddleEast&NorthAfrica,0,0,0,0,0,0,0,0,0,0,0,0,18.92,12.32,12.66,11.44,11.23,12.04,9.38,9.21,8.5,8.67,8.46,8.06,8.1,8.08,8.7,8.65,9.22
root/MiddleEast&NorthAfrica/Kuwait,root/MiddleEast&NorthAfrica,0,0,0,0,0,0,0,0,0,0,0,0,0,0,4.3,4.52,4.52,4.71,4.54,4.33,4.32,3.9,3.94,3.94,4.26,4.07,3.87,3.78,3.78
root/MiddleEast&NorthAfrica/Lebanon,root/MiddleEast&NorthAfrica,0,0,0,0,0,0,0,0,0,0,0,11.59,16.94,8.36,27.31,0,5.33,6.13,5.69,6.53,0,0,0,0,0,0,5.05,5.46,5.47
root/MiddleEast&NorthAfrica/Libya,root/MiddleEast&NorthAfrica,0,0,0,0,0,0,0,0,35.63,0,0,0,0,0,30.73,0,0,0,0,0,0,0,0,0,0,0,0,0,0
root/MiddleEast&NorthAfrica/Malta,root/MiddleEast&NorthAfrica,4.73,4.73,5.97,5.68,6.06,5.97,5.87,7.38,6.07,5.67,4.86,4.52,3.45,3.8,3.47,3.63,3.48,3.31,3.17,3.07,2.83,3.1,2.84,2.83,2.64,2.84,2.81,2.96,3.16
root/MiddleEast&NorthAfrica/Morocco,root/MiddleEast&NorthAfrica,0,0,0,0,0,45.44,0,0,0,17.31,0,0,23.81,24.64,24.49,24.88,0,19.81,18.21,17.95,16.2,14.53,13.01,11.71,9.88,0,9.03,10.78,10.78
root/MiddleEast&NorthAfrica/Oman,root/MiddleEast&NorthAfrica,0,0,0,0,7.43,0,0,0,0,4.49,0,0,0,12.73,13.65,5.07,4.68,4.76,4.9,4.66,4.6,4.54,0,0,4.32,4.53,4.53,4.41,4.35
root/MiddleEast&NorthAfrica/Qatar,root/MiddleEast&NorthAfrica,0,0,0,0,0,0,0,0,0,0,0,0,0,0,4.28,4.98,5.12,5.02,5.03,4.76,4.36,4.49,4.42,4.42,4.08,4.23,4.18,4.27,4.27
root/MiddleEast&NorthAfrica/SaudiArabia,root/MiddleEast&NorthAfrica,0,0,0,0,0,0,10.72,0,0,0,0,11.5,12.48,11.12,6.53,7.28,7.01,4.35,4.41,4.06,3.56,3.44,0,4.16,3.96,3.96,3.84,4.45,0
root/MiddleEast&NorthAfrica/SyrianArabRepublic,root/MiddleEast&NorthAfrica,0,0,0,0,0,0,0,0,0,0,0,0,0,0,15.5,0,0,0,0,0,0,8.16,8.92,0,0,16.92,0,0,0
root/MiddleEast&NorthAfrica/Tunisia,root/MiddleEast&NorthAfrica,0,0,25.87,0,26.02,0,0,27.36,0,0,25.67,0,23.38,0,26.38,22.15,22.4,19.65,19.17,0,15.93,18.61,13.77,14.46,12.58,11.28,0,11.26,9.35
root/MiddleEast&NorthAfrica/UnitedArabEmirates,root/MiddleEast&NorthAfrica,0,0,0,0,0,0,0,0,0,0,0,0,0,0,0,0,0,4.42,0,3.95,3.88,3.88,0,3.87,3.6,3.69,3.6,3.34,3.18
root/MiddleEast&NorthAfrica/YemenRep,root/MiddleEast&NorthAfrica,0,0,0,0,0,0,0,0,0,0,0,0,11.73,0,0,0,0,0,6.46,0,0,5.71,0,5.95,6.05,5.34,0,6.15,6.2
root/NorthAmerica,root,0,12.64,4.66,4.73,4.8,11.690000000000001,0,11.2,9.71,8.86,7.550000000000001,7.62,6.83,7.07,7.0,9.31,6.53,6.359999999999999,6.29,24.660000000000004,25.1,24.990000000000002,24.38,22.709999999999997,23.11,23.009999999999998,20.990000000000002,24.57,24.73
root/NorthAmerica/Bermuda,root/NorthAmerica,0,0,0,0,0,0,0,0,0,0,0,0,0,0,0,0,0,0,0,18.75,18.98,18.68,18.61,17.06,17.44,17.23,15.27,18.67,18.73
root/NorthAmerica/Canada,root/NorthAmerica,0,8.08,0,0,0,6.98,0,6.93,5.6,5.19,3.95,3.73,3.43,3.61,3.67,6.11,3.54,3.4,3.38,3.49,3.36,3.49,2.96,2.84,2.88,2.97,2.94,3.11,3.2
root/NorthAmerica/UnitedStates,root/NorthAmerica,0,4.56,4.66,4.73,4.8,4.71,0,4.27,4.11,3.67,3.6,3.89,3.4,3.46,3.33,3.2,2.99,2.96,2.91,2.42,2.76,2.82,2.81,2.81,2.79,2.81,2.78,2.79,2.8
root/SouthAsia,root,0,88.43,85.34,0,27.01,47.25,108.44,44.95,38.269999999999996,46.1,92.86999999999999,84.2,108.83000000000001,92.13,109.64,100.25,119.64999999999999,115.79,93.24,89.92000000000002,479.51,68.48,69.17,68.54,63.23,57.67999999999999,36.79,81.95,54.85
root/SouthAsia/Afghanistan,root/SouthAsia,0,0,0,0,0,0,0,0,0,0,0,0,0,0,0,0,4.01,0,7.79,7.81,6.51,0,0,0,7.17,7.09,0,0,0
root/SouthAsia/Bangladesh,root/SouthAsia,0,88.43,0,0,0,0,77.19,0,0,0,22.15,18.52,18.11,17.89,18.31,19.06,15.8,22.7,21.64,9.25,7.71,10.71,9.94,9.63,12.84,12.09,0,12.32,11.03
root/SouthAsia/Bhutan,root/SouthAsia,0,0,0,0,0,0,0,0,14.55,0,0,0,0,0,15.54,0,21.49,21.54,0,27.53,0,0,0,0,0,0,0,21.7,0
root/SouthAsia/India,root/SouthAsia,0,0,56.36,0,27.01,0,0,0,23.72,20.14,0,28.54,23.36,26.65,23.08,21.45,22.97,14.06,8.99,11.99,6.13,7.04,7.34,7.33,6.32,6.34,0,7.49,7.57
root/SouthAsia/Maldives,root/SouthAsia,0,0,0,0,0,0,0,0,0,0,0,0,20.45,20.22,19.87,20.68,19.84,21.1,21.24,0,20.37,20.05,19.71,20.75,6.56,7.1,7.85,11.66,11.86
root/SouthAsia/Nepal,root/SouthAsia,0,0,0,0,0,15.96,0,0,0,0,20.09,14.01,16.84,0,15.45,15.86,15.49,15.49,13.26,13.46,421.5,12.9,13.35,12.8,12.87,15.65,11.31,13.08,13.07
root/SouthAsia/Pakistan,root/SouthAsia,0,0,0,0,0,0,0,44.95,0,0,40.69,23.13,23.12,20.62,17.39,16.72,13.02,13.01,12.77,12.23,9.7,9.88,10.2,9.74,9.79,9.41,9.91,10.66,11.32
root/SouthAsia/SriLanka,root/SouthAsia,0,0,28.98,0,0,31.29,31.25,0,0,25.96,9.94,0,6.95,6.75,0,6.48,7.03,7.89,7.55,7.65,7.59,7.9,8.63,8.29,7.68,0,7.72,5.04,0
root/Sub-SaharanAfrica,root,37.19,24.69,35.33,11.32,25.32,92.18,90.16999999999999,204.77999999999997,138.73000000000002,188.46000000000004,145.94,97.8,180.92000000000002,406.3999999999999,399.23,333.22999999999996,297.69,415.36000000000007,452.13000000000005,395.81999999999994,412.32000000000005,422.84999999999997,447.06000000000006,399.77,355.8500000000001,354.7,296.46000000000004,344.15000000000003,317.74999999999994
root/Sub-SaharanAfrica/Angola,root/Sub-SaharanAfrica,0,0,0,0,0,0,0,0,0,0,0,0,0,0,8.44,0,6.16,7.08,7.08,0,9.17,8.29,8.14,8.57,8.54,8.21,10.3,10.24,9.38
root/Sub-SaharanAfrica/Benin,root/Sub-SaharanAfrica,0,0,0,0,0,0,0,0,0,0,0,0,0,12.62,12.7,12.58,12.6,13.01,12.6,16.48,12.56,12.6,12.64,11.73,11.73,15.83,11.0,17.22,12.46
root/Sub-SaharanAfrica/Botswana,root/Sub-SaharanAfrica,0,0,0,0,0,0,0,0,0,0,0,0,0,11.34,9.3,0,8.41,9.45,8.48,8.53,7.97,8.02,7.68,7.13,4.98,5.45,5.66,5.01,6.08
root/Sub-SaharanAfrica/BurkinaFaso,root/Sub-SaharanAfrica,0,0,0,0,0,5.0,0,0,0,0,0,0,0,11.16,11.45,11.3,11.38,11.03,10.56,10.42,10.5,10.42,10.63,10.18,9.65,9.65,9.65,9.59,9.32
root/Sub-SaharanAfrica/Burundi,root/Sub-SaharanAfrica,0,0,0,0,0,0,0,0,0,0,0,0,0,0,21.13,20.79,0,21.1,17.49,14.64,13.38,19.5,19.5,15.46,15.16,12.39,13.03,10.84,10.25
root/Sub-SaharanAfrica/CaboVerde,root/Sub-SaharanAfrica,0,0,0,0,0,0,0,0,0,0,0,0,0,0,0,0,0,13.75,13.19,11.16,12.23,11.93,11.05,10.3,10.6,10.89,0,10.89,0
root/Sub-SaharanAfrica/Cameroon,root/Sub-SaharanAfrica,0,0,0,0,0,0,13.7,14.54,0,0,0,0,0,13.49,13.9,14.27,14.27,14.45,13.81,15.73,15.7,13.88,14.86,12.74,11.93,15.55,12.9,0,0
root/Sub-SaharanAfrica/CentralAfricanRepublic,root/Sub-SaharanAfrica,0,0,0,0,0,0,0,14.86,0,16.78,0,0,0,18.3,16.86,29.86,29.86,29.49,29.87,17.63,17.62,17.62,17.62,17.43,17.44,11.64,0,13.88,14.51
root/Sub-SaharanAfrica/Chad,root/Sub-SaharanAfrica,0,0,0,0,0,0,0,17.31,0,17.31,0,0,0,13.07,14.38,14.05,12.69,13.63,14.52,13.27,14.51,14.27,14.71,15.16,0,14.16,0,13.92,16.36
root/Sub-SaharanAfrica/Comoros,root/Sub-SaharanAfrica,0,0,0,0,0,0,0,0,0,0,0,0,0,0,0,0,0,0,0,0,4.93,0,6.39,6.39,6.5,6.72,8.21,7.71,0
root/Sub-SaharanAfrica/CongoDemRep,root/Sub-SaharanAfrica,0,0,0,0,0,0,0,0,0,0,0,0,0,0,0,12.65,0,0,11.26,11.57,11.07,12.04,11.03,0,0,0,10.19,0,0
root/Sub-SaharanAfrica/CongoRep,root/Sub-SaharanAfrica,0,0,0,0,0,0,16.35,0,0,15.19,0,0,0,11.89,11.89,11.79,11.79,11.93,11.79,14.6,15.85,15.34,15.87,15.29,0,16.21,16.41,11.82,0
root/Sub-SaharanAfrica/CotedIvoire,root/Sub-SaharanAfrica,0,0,0,0,0,4.89,0,0,4.1,0,0,0,0,7.22,9.69,9.61,8.54,7.61,7.38,6.65,6.65,7.57,7.23,7.07,6.74,6.74,6.44,8.37,8.37
root/Sub-SaharanAfrica/EquatorialGuinea,root/Sub-SaharanAfrica,0,0,0,0,0,0,0,0,0,0,15.16,0,0,14.43,15.8,0,0,15.24,0,15.63,0,0,0,0,0,0,0,0,0
root/Sub-SaharanAfrica/Eritrea,root/Sub-SaharanAfrica,0,0,0,0,0,0,0,0,0,0,0,0,0,0,5.8,0,0,0,5.8,0,0,0,0,0,0,0,0,0,0
root/Sub-SaharanAfrica/Ethiopia,root/Sub-SaharanAfrica,0,0,0,0,0,0,0,18.15,0,0,0,0,0,12.11,13.48,0,0,0,12.03,0,10.09,10.38,10.27,10.51,9.98,0,0,12.16,0
root/Sub-SaharanAfrica/Gabon,root/Sub-SaharanAfrica,0,0,0,0,0,0,0,16.38,0,0,15.43,0,14.59,16.15,14.72,16.78,16.78,16.29,0,14.25,14.45,14.75,14.99,15.11,15.18,14.36,0,14.54,16.93
root/Sub-SaharanAfrica/GambiaThe,root/Sub-SaharanAfrica,0,0,0,0,0,0,0,0,0,0,0,0,0,0,0,11.09,0,0,0,14.72,14.77,13.46,12.02,12.5,12.5,12.66,0,0,0
root/Sub-SaharanAfrica/Ghana,root/Sub-SaharanAfrica,0,0,0,0,0,10.0,0,0,0,0,0,0,16.2,9.05,9.05,9.05,0,0,0,8.99,8.6,9.98,10.06,0,0,10.06,0,0,11.16
root/Sub-SaharanAfrica/Guinea,root/Sub-SaharanAfrica,0,0,0,0,0,0,0,0,0,0,5.97,0,0,0,0,0,6.11,12.53,0,0,11.91,11.75,11.91,0,11.91,0,0,0,0
root/Sub-SaharanAfrica/GuineaBissau,root/Sub-SaharanAfrica,0,0,0,0,0,0,0,0,0,0,0,0,0,12.8,12.8,13.28,13.94,11.62,13.81,13.36,13.38,11.62,13.85,13.22,12.28,12.79,12.69,0,0
root/Sub-SaharanAfrica/Kenya,root/Sub-SaharanAfrica,0,0,0,0,0,0,20.99,0,0,0,0,12.86,16.52,15.0,12.23,0,10.44,7.55,7.02,8.15,8.19,10.23,8.71,7.95,13.08,10.62,11.53,13.15,13.35
root/Sub-SaharanAfrica/Lesotho,root/Sub-SaharanAfrica,0,0,0,0,0,0,0,0,0,0,0,0,0,12.31,0,0,16.72,16.85,15.99,13.62,12.36,11.61,10.94,13.53,13.41,10.73,11.02,11.99,11.77
root/Sub-SaharanAfrica/Liberia,root/Sub-SaharanAfrica,0,0,0,0,0,0,0,0,0,0,0,0,0,0,0,0,0,0,0,0,0,0,0,0,13.11,12.2,12.18,0,0
root/Sub-SaharanAfrica/Madagascar,root/Sub-SaharanAfrica,0,0,0,0,0,0,0,5.18,4.6,5.31,4.73,0,4.5,3.47,2.72,3.32,1.74,6.54,10.27,9.78,9.59,8.72,7.7,7.57,7.31,7.28,7.03,9.71,8.43
root/Sub-SaharanAfrica/Malawi,root/Sub-SaharanAfrica,0,0,0,0,0,0,22.31,0,19.09,20.77,14.72,0,12.39,11.55,0,11.13,0,0,20.67,0,8.02,9.63,8.76,8.59,7.62,7.44,7.91,7.9,8.23
root/Sub-SaharanAfrica/Mali,root/Sub-SaharanAfrica,0,0,0,0,0,0,0,2.94,10.35,10.35,10.35,6.68,0,10.64,10.77,11.1,10.96,10.41,10.62,10.6,10.6,10.35,10.35,10.1,9.78,9.78,9.78,10.5,10.36
root/Sub-SaharanAfrica/Mauritania,root/Sub-SaharanAfrica,0,0,0,0,0,0,0,0,0,0,0,0,0,9.92,0,0,0,0,9.9,9.46,9.29,8.68,7.94,8.05,0,0,8.62,8.67,0
root/Sub-SaharanAfrica/Mauritius,root/Sub-SaharanAfrica,0,0,0,0,0,0,0,24.15,18.36,19.24,24.08,20.44,12.12,12.01,12.94,0,12.53,5.43,2.03,2.55,2.69,1.28,1.24,1.29,1.03,1.04,0.84,0.85,0.97
root/Sub-SaharanAfrica/Mozambique,root/Sub-SaharanAfrica,0,0,0,0,0,0,0,0,0,0,0,0,0,11.71,8.69,8.71,0,8.46,7.92,8.04,7.07,7.08,7.13,7.09,7.08,0,7.23,0,6.93
root/Sub-SaharanAfrica/Namibia,root/Sub-SaharanAfrica,0,0,0,0,0,0,0,0,0,0,0,0,0,10.88,9.19,0,10.81,11.19,10.73,9.53,9.23,9.84,9.55,9.4,8.19,7.72,7.55,7.61,7.82
root/Sub-SaharanAfrica/Niger,root/Sub-SaharanAfrica,0,0,0,0,0,0,0,0,0,0,0,0,0,13.66,12.81,12.67,11.69,11.99,11.54,10.59,10.2,10.59,11.11,10.74,11.05,11.96,10.82,11.77,10.85
root/Sub-SaharanAfrica/Nigeria,root/Sub-SaharanAfrica,23.8,24.69,24.83,0,25.32,0,0,91.27,16.06,16.21,16.21,19.77,19.99,21.47,18.45,20.62,0,9.34,9.4,0,9.79,9.83,10.7,10.15,0,10.07,11.34,8.33,11.36
root/Sub-SaharanAfrica/Rwanda,root/Sub-SaharanAfrica,0,0,0,0,0,25.33,0,0,0,0,0,0,9.03,8.98,20.12,10.25,0,19.12,18.06,0,17.44,14.49,16.3,13.76,14.92,13.69,13.88,16.02,13.32
root/Sub-SaharanAfrica/SaoTomeandPrincipe,root/Sub-SaharanAfrica,0,0,0,0,0,0,0,0,0,0,0,0,0,0,0,0,0,0,0,0,0,0,0,0,0,8.02,8.24,9.07,10.44
root/Sub-SaharanAfrica/Senegal,root/Sub-SaharanAfrica,0,0,0,0,0,0,0,0,0,0,0,0,0,9.4,8.26,9.12,9.25,9.2,9.7,8.83,8.83,9.36,9.11,8.9,8.49,8.48,8.79,11.64,9.43
root/Sub-SaharanAfrica/Seychelles,root/Sub-SaharanAfrica,0,0,0,0,0,0,0,0,0,0,0,0,26.92,32.53,0,0,0,32.6,32.58,30.07,0,0,0,0,0,0,0,4.65,5.94
root/Sub-SaharanAfrica/SierraLeone,root/Sub-SaharanAfrica,0,0,0,0,0,0,0,0,0,0,0,0,0,0,0,0,15.32,0,14.33,0,0,0,10.31,9.91,10.41,0,0,0,0
root/Sub-SaharanAfrica/SouthAfrica,root/Sub-SaharanAfrica,13.39,0,10.5,11.32,0,13.45,0,0,8.55,5.99,0,5.47,5.36,5.27,5.12,5.34,5.54,6.16,5.93,5.64,4.76,5.36,5.71,5.58,5.51,5.77,5.44,6.06,6.49
root/Sub-SaharanAfrica/Sudan,root/Sub-SaharanAfrica,0,0,0,0,0,0,0,0,4.15,0,0,0,0,0,17.02,0,0,0,13.91,0,11.1,18.54,16.7,15.08,0,0,0,0,0
root/Sub-SaharanAfrica/Swaziland,root/Sub-SaharanAfrica,0,0,0,0,0,0,0,0,0,0,0,0,0,11.02,8.96,0,10.53,9.79,9.47,8.47,7.49,12.52,7.43,11.17,6.3,8.97,8.62,8.36,8.71
root/Sub-SaharanAfrica/Tanzania,root/Sub-SaharanAfrica,0,0,0,0,0,15.62,0,0,0,18.29,19.48,0,13.07,0,0,8.79,0,9.13,8.97,8.13,8.62,9.45,9.52,8.1,9.55,8.89,8.84,8.07,10.2
root/Sub-SaharanAfrica/Togo,root/Sub-SaharanAfrica,0,0,0,0,0,0,0,0,13.79,14.58,0,14.99,11.36,10.91,10.2,10.13,10.79,10.4,11.11,10.96,10.96,11.02,11.11,11.52,9.7,9.67,9.66,11.41,10.99
root/Sub-SaharanAfrica/Uganda,root/Sub-SaharanAfrica,0,0,0,0,0,0,16.82,0,0,0,0,0,7.3,7.21,7.07,6.64,6.26,12.54,10.75,11.01,11.14,12.12,11.88,10.54,11.02,10.49,10.66,10.4,9.84
root/Sub-SaharanAfrica/Zambia,root/Sub-SaharanAfrica,0,0,0,0,0,17.89,0,0,0,11.33,0,0,0,14.28,10.68,10.98,12.58,10.45,11.56,9.63,9.61,8.73,7.81,8.47,8.41,8.57,0,8.94,16.88
root/Sub-SaharanAfrica/Zimbabwe,root/Sub-SaharanAfrica,0,0,0,0,0,0,0,0,39.68,17.11,19.81,17.59,11.57,10.55,22.61,17.33,0,0,0,13.13,0,0,16.6,13.49,14.76,0,0,12.86,10.62
