root/EastAsia&Pacific,root,338.21751800600003,381.73703139699995,386.299534084,406.464541363,441.98600154999997,484.93604415,542.7788140499999,571.2937228,630.555224257,682.828615045,626.36370663,686.27729902,821.81576438,756.45910305,770.14247634,799.71478329,829.13124545,881.9497270399999,880.0310642500001,978.05510863,3500.0,3543.4650667900005,3892.8462213999996,4024.8171585699997,4244.129838170001,4504.427941418999,4630.672849930001,4981.271841760001,4899.994333963999,4436.490796245999,5119.163597752,5878.394418833,6486.046867522999,6433.253232162,6906.406248103002,7280.432178700999,7913.120498486
root/EastAsia&Pacific/AmericanSamoa,root/EastAsia&Pacific,0,0,0,0,0,0,0,0,0,0,0,0,0,0,0,0,0,0,0,0,100.0,95.89934906,121.5987433,119.72493459999998,105.4388904,89.71602429,63.71284429,45.28172424,41.92387815,62.85463803,37.92486528,33.41134607,46.58415033,42.77757448,41.49530182,44.39806068,44.99974113
root/EastAsia&Pacific/Australia,root/EastAsia&Pacific,0,0,0,0,0,0,0,0,0,0,0,0,0,0,0,0,0,0,0,0,100.0,101.0880545,101.7933968,100.25540490000002,104.9607077,108.6348581,110.8923233,113.6509216,120.14640320000001,114.16811909999998,128.7302852,129.8834781,132.624004,140.91651059999998,149.4135084,153.71199199999998,165.1456124
root/EastAsia&Pacific/BruneiDarussalam,root/EastAsia&Pacific,0,0,0,0,0,0,0,0,0,0,0,0,0,0,0,0,0,0,0,0,100.0,94.33187324,108.36228740000001,107.92997749999999,102.7160427,87.96545141,85.98040937,80.87886845,74.63921997,79.21834014,86.42563256,90.96243037,88.51025839,81.94960598,80.95595024,75.66683459999999,86.75829904
root/EastAsia&Pacific/Cambodia,root/EastAsia&Pacific,0,0,0,0,0,0,0,0,0,0,0,0,0,0,0,0,0,0,0,0,100.0,109.7972081,139.85083740000002,152.6692093,198.228146,218.0166355,257.1581267,280.95982260000005,307.8441919,273.118043,317.6481604,378.94071260000004,439.2926244,388.5385392,409.47568010000003,523.1560059,616.2048262
root/EastAsia&Pacific/China,root/EastAsia&Pacific,7.190964397999999,8.743517899,9.428373444,10.25153246,12.34004595,12.61492904,15.52047929,18.40145453,21.66725703,22.42809652,25.686424399999996,29.44489072,34.0846619,37.95357331,48.55720035,56.85936289,56.64713312,67.91726097,70.88444114,77.44729803,100.0,109.69418799999998,138.65824880000002,182.785201,226.8347239,283.64419310000005,346.1719795,414.85602850000004,450.29588210000003,403.19296099999997,516.4926068,561.8922874,596.8391727000001,647.4202795,683.7496354,677.894392,677.6427467
root/EastAsia&Pacific/Fiji,root/EastAsia&Pacific,46.57567785,47.04628296,49.37885066,41.31788388,48.37451666,52.79422577,42.32535654,38.41417492,45.31388716,55.79186314,0,0,0,0,0,0,0,0,0,0,100.0,92.90362614,92.32287277,115.32888200000001,114.54941950000001,99.23754094,82.52018311,87.172863,93.32139334,63.5527063,75.88968344,78.797278,90.35695967,85.98636429,108.22126019999999,81.60753731,85.55174554
root/EastAsia&Pacific/FrenchPolynesia,root/EastAsia&Pacific,0,0,0,0,0,0,0,0,0,0,0,0,0,0,0,0,0,0,0,0,100.0,89.34123453,85.55166286,71.76586824,89.15270874,94.83928463,98.87900523,78.81783269,75.49981867,59.04563951,59.3820529,58.91910783,48.71396902,54.14868378,59.0973416,47.12285199,48.23428211
root/EastAsia&Pacific/Guam,root/EastAsia&Pacific,0,0,0,0,0,0,0,0,0,0,0,0,0,0,0,0,0,0,0,0,100.0,85.76555275,72.24252987,55.73935777,59.97690046,49.43025971,45.85999894,73.18144811,71.16397635,40.58750592,31.3297995,24.33307869,25.93366388,25.95174429,23.92218488,23.24905072,26.18046847
root/EastAsia&Pacific/HongKongSARChina,root/EastAsia&Pacific,10.63570749,12.14937041,11.82502725,13.42991659,16.50683934,17.38874974,20.17968525,26.38984913,33.6458037,36.97248244,40.29844231,46.95609676,56.37429053,63.80848584,70.75658639,78.24955189,81.40205183,86.26211419,82.88398662,85.28850012,100.0,96.68157635,104.94576440000002,119.41612990000002,137.22080880000001,151.8029511,165.124498,176.4199964,179.3077501,155.24885890000002,182.6420636,187.12592619999998,186.91771430000003,191.8947105,194.8315949,191.4655017,194.1284229
root/EastAsia&Pacific/Indonesia,root/EastAsia&Pacific,24.55536841,25.80107916,23.49086352,25.02821681,26.09834095,25.79240851,30.94983054,36.29413499,42.96738065,46.93499249,44.43939038,49.90362446,58.79153936,65.13559199,71.6362973,70.97924414,73.56402909,82.71917703,97.07188570000001,120.5182687,100.0,90.88450455,94.69465181,93.2835627,89.87677989,95.37943321,98.15972841,100.186539,94.6039158,95.10306848,109.12501040000001,114.6951523,112.3220774,116.5436541,114.93356750000001,113.50391540000001,113.2170344
root/EastAsia&Pacific/Japan,root/EastAsia&Pacific,0,0,0,0,0,0,0,0,0,0,0,0,0,0,0,0,0,0,0,0,100.0,89.86439666,97.37414344,102.2296857,112.9531291,113.81628219999999,122.7056274,129.9162628,127.8117512,94.00669151,116.65807290000001,112.1619541,106.7485529,105.130622,105.7447101,104.6583902,104.9625178
root/EastAsia&Pacific/Kiribati,root/EastAsia&Pacific,0,0,0,0,0,0,0,0,0,0,0,0,0,0,0,0,0,0,0,0,100.0,136.0831459,105.70194140000001,86.97214179999999,69.55463295,117.59770209999999,160.52933280000002,200.7413142,134.0819997,115.9177912,65.67125572,132.5402977,92.47431393,104.9557017,152.0018606,169.5506706,161.03412419999998
root/EastAsia&Pacific/KoreaDemPeople’sRep,root/EastAsia&Pacific,0,0,0,0,0,0,0,0,0,0,0,0,0,0,0,0,0,0,0,0,100.0,123.4082754,157.4306236,162.6411306,177.7085362,168.25847530000001,170.60618449999998,182.09403369999998,179.89909269999998,189.5627598,222.02611940000003,268.502743,306.2780286,327.89078,401.6455974,435.7121965,466.07125880000007
root/EastAsia&Pacific/KoreaRep,root/EastAsia&Pacific,7.9418867220000005,9.352993442,9.910578492,11.53720489,13.36736523,14.40862816,16.12148583,20.03383053,22.585691,22.77326337,24.19321349,26.57336214,29.07460379,32.47446645,36.91066813,44.81200479,53.40341093,61.75188806,75.30091512,83.40831384,100.0,100.8009247,114.0907922,133.6193375,159.195797,169.2002905,195.85067869999997,221.39887689999998,231.74250580000003,231.62946069999998,282.612812,321.8394703,339.75712250000004,356.0638818,371.3532349,380.56641260000004,384.2969017
root/EastAsia&Pacific/LaoPDR,root/EastAsia&Pacific,0,0,0,0,0,0,0,0,0,0,0,0,0,0,0,0,0,0,0,0,100.0,99.70772908,93.78147654,99.48968247,103.09083340000001,146.03079509999998,189.335568,189.40033280000003,203.98673689999998,218.27109249999998,287.8117413,309.5041559,349.7322863,367.7543473,438.4332363,529.7005631,667.7097566000001
root/EastAsia&Pacific/MacaoSARChina,root/EastAsia&Pacific,0,0,0,0,0,0,0,0,0,0,0,0,0,0,0,0,0,0,0,0,100.0,91.85331606,94.33265116,102.6940166,110.1438697,96.32373829,97.37714172,95.10713684,71.71478257,33.55034254,30.03169633,28.07978182,33.61813795,38.18047195,42.00775013,48.7264751,46.14187004
root/EastAsia&Pacific/Malaysia,root/EastAsia&Pacific,17.57079637,16.87607527,17.74972775,19.94236591,20.46352709,21.35883426,22.84660341,23.74205396,24.38865196,26.01929716,26.53392464,29.38600169,34.5896167,42.08832099,50.34117234,59.24920519,61.33820714,67.36255399,69.69692561,83.63771534,100.0,93.18497919,102.6425912,110.94477749999999,127.55556409999998,134.85276149999999,147.48223149999998,152.3049885,144.55672909999998,125.3984801,137.96904719999998,145.2279314,139.57493300000002,145.365815,152.93105469999998,162.16076040000002,167.1296066
root/EastAsia&Pacific/MarshallIslands,root/EastAsia&Pacific,0,0,0,0,0,0,0,0,0,0,0,0,0,0,0,0,0,0,0,0,100.0,155.720196,174.6224919,183.0235207,231.88095319999996,315.2478276,201.74178669999998,183.2543063,162.5152805,157.0574751,217.5674676,321.2143161,661.087669,495.91912930000007,418.52032010000005,362.62834039999996,382.6093457
root/EastAsia&Pacific/MicronesiaFedSts,root/EastAsia&Pacific,0,0,0,0,0,0,0,0,0,0,0,0,0,0,0,0,0,0,0,0,100.0,126.84258840000001,130.2826489,138.35615869999998,84.0353915,83.59917485,71.33781459,84.58666265,96.16886426,88.36597940000001,102.6262329,226.67283450000002,165.6985947,109.9108737,97.53149964,122.9397495,222.86961980000004
root/EastAsia&Pacific/Mongolia,root/EastAsia&Pacific,0,0,0,0,0,0,0,0,0,0,0,0,0,0,0,0,0,0,0,0,100.0,101.08810679999999,97.66062885,105.06561049999999,117.0214207,123.10365800000001,119.37881270000001,130.367153,141.52831669999998,128.9859348,146.1686586,201.9013407,198.42880459999998,211.93446769999997,317.27162119999997,323.9536638,355.5243599
root/EastAsia&Pacific/Myanmar,root/EastAsia&Pacific,0,20.65120826,22.86825406,22.74954218,18.08670725,13.37564693,15.35511517,14.13514646,8.755471417,9.628348505,14.66173879,20.25708611,31.67082677,37.47708675,38.40162791,34.8311762,32.24566454,41.51021412,55.47688223,63.32098162,100.0,144.49528480000004,199.73304140000002,145.2973175,128.93162759999998,170.8179388,173.80263190000002,228.001431,191.2962867,219.47349219999998,280.0326893,252.9685704,236.10344680000003,309.35508139999996,328.05865589999996,396.1324401,425.0412076
root/EastAsia&Pacific/Nauru,root/EastAsia&Pacific,0,0,0,0,0,0,0,0,0,0,0,0,0,0,0,0,0,0,0,0,100.0,49.92333203,32.7151586,53.82553241,39.49940284,8.807001749,11.06754854,30.16228708,93.32915832,36.57098679999999,71.14977977,71.35364734,100.349319,61.69144508,41.87391629,42.74352596,30.8028148
root/EastAsia&Pacific/NewCaledonia,root/EastAsia&Pacific,0,0,0,0,0,0,0,0,0,0,0,0,0,0,0,0,0,0,0,0,100.0,81.41183941,88.28598977,115.54179769999999,110.2042491,113.4671902,108.2832031,132.61047299999998,77.46586996,60.38090863,71.01543882,70.79659908,67.80483508,69.69262662,87.93096724,86.17265136,105.20700079999999
root/EastAsia&Pacific/NewZealand,root/EastAsia&Pacific,0,0,0,0,0,0,0,0,0,0,0,0,0,0,0,0,0,0,0,0,100.0,103.5252106,110.4582338,113.5134436,118.21386059999999,117.03879040000001,120.7990695,128.5545601,123.6192108,133.9600465,136.19265269999997,139.48306719999997,149.58856200000002,149.58856200000002,152.8789765,157.10912030000003,162.4846443
root/EastAsia&Pacific/NorthernMarianaIslands,root/EastAsia&Pacific,0,0,0,0,0,0,0,0,0,0,0,0,0,0,0,0,0,0,0,0,100.0,95.72453055,82.32481392,82.16394972,79.33238634,65.41572877,46.80806934,28.66669067,9.029198134,0.7194347459999999,0.345533052,0.12404350300000001,0.255422933,0.263890762,0.131292283,0.14388658099999999,0.302185696
root/EastAsia&Pacific/Palau,root/EastAsia&Pacific,0,0,0,0,0,0,0,0,0,0,0,0,0,0,0,0,0,0,0,0,100.0,148.789862,183.9618066,74.25496082,49.41237808,105.5626576,100.6760608,77.79760007,66.96956538,42.28289829,39.64638473,36.89994167,56.67964532,43.51724426,68.41547144,39.67441687,39.29572297
root/EastAsia&Pacific/PapuaNewGuinea,root/EastAsia&Pacific,158.75569330000002,166.5775865,167.1707073,176.2501632,184.97821509999997,128.0342124,145.0229386,149.7463084,155.2104092,186.15375559999998,147.5653053,172.55978190000002,227.3303242,283.0034753,257.14700600000003,182.89797119999997,176.4194981,136.30034030000002,98.34465092,92.26343881,100.0,96.03414882,79.39495459999999,93.81665528,87.07027827,92.50406163,87.21637537,85.2547327,86.91998237,76.51171387,76.93272055,69.8559566,67.62447796,70.34938486,106.3960507,131.5931294,119.20259750000001
root/EastAsia&Pacific/Philippines,root/EastAsia&Pacific,4.28224453,6.153088296,5.975864037999999,7.730522992999999,12.38856309,14.31028763,16.77751105,18.06159173,20.05670535,22.70070949,24.58154767,26.02666525,30.63670412,34.96782545,41.28601366,54.3125468,59.64800905,70.27449758,76.22330525,85.92478683,100.0,101.7774391,120.12278020000001,121.0625041,140.0398653,130.19007539999998,143.1148985,149.4603898,143.20068730000003,116.5958466,150.63421430000002,132.4607092,144.4413773,162.2638587,177.9714419,178.4728927,177.9415696
root/EastAsia&Pacific/Samoa,root/EastAsia&Pacific,0,0,0,0,0,98.96121139,95.8560897,93.28490242,93.8654282,80.08371795,102.1687293,75.7254527,55.11675563,59.6213868,31.67195057,75.54827299,94.69500994,118.77147579999999,97.54178918,116.59159299999999,100.0,98.32979154,112.63208130000001,130.5700937,123.15388689999999,117.7933409,82.37158997,116.6783094,81.47642511,55.54571671,79.17408215,68.23215082,80.61675614,66.43655623,54.10550684,68.49463111,65.79322959
root/EastAsia&Pacific/Singapore,root/EastAsia&Pacific,11.43092829,11.7948107,12.1654786,13.20268884,15.32185046,15.32792952,17.36586098,20.81659458,27.42572785,30.57459788,33.27328165,37.53487664,40.7604696,47.95352457,62.17975871,71.51945275,76.23420329999999,80.98005138,82.21373431,86.68713051,100.0,95.32264133,100.1189916,116.48222179999999,155.3518013,173.4862666,191.8067444,207.86826259999998,217.1077509,194.6613677,235.1613207,246.79239959999998,247.36854480000002,255.75910069999998,261.8779983,260.8668046,270.397893
root/EastAsia&Pacific/SolomonIslands,root/EastAsia&Pacific,39.56652313,45.76031041,44.21960862,54.04610129,60.80769036,56.24789938,87.76568846,91.7574037,109.83319920000001,111.83658490000002,108.1650208,130.7430585,177.2852456,0,0,0,0,0,0,0,100.0,69.72142885,81.97896218,93.46327316,109.69738810000001,113.5041663,123.3199405,142.1314727,168.04511630000002,156.8353105,187.5417361,305.31195319999995,377.21344710000005,366.61835010000004,308.5114647,351.5233369,381.0766089
root/EastAsia&Pacific/Thailand,root/EastAsia&Pacific,9.711727516,10.83070809,12.11620035,10.97840232,13.25234007,14.32108142,16.69216923,20.21627745,24.83961154,30.930905600000003,34.796687899999995,41.16640215,46.10072618,51.9753656,61.25419498,70.45599445,63.53402841,68.10015362,74.39254817,82.96708183,100.0,100.3577871,104.218239,116.36605970000001,133.2029018,143.07927719999998,159.0201623,177.7168642,186.24660500000002,159.8101979,186.1535283,202.3321314,206.85566210000002,207.5407071,209.5958421,205.70151030000002,207.0678772
root/EastAsia&Pacific/Tonga,root/EastAsia&Pacific,0,0,0,0,0,0,0,0,0,0,0,0,0,0,0,0,0,0,0,0,100.0,77.30424995,167.52973559999998,184.82349069999998,150.6363445,96.84711404,87.42751165,73.56137986,68.36385818,59.70874467,56.95284455,90.81479504,99.66670642,110.6437532,117.4599949,115.4973187,142.7059466
root/EastAsia&Pacific/Vanuatu,root/EastAsia&Pacific,0,0,0,0,0,0,0,0,0,0,0,0,0,0,0,0,0,0,0,0,100.0,85.0656066,79.18809243,104.808386,138.9772355,138.9639271,169.36933630000001,160.67584580000002,155.0105216,157.6734457,122.7200195,160.6432931,129.2271375,94.17820958,148.1276675,95.46954272,123.23368700000002
root/EastAsia&Pacific/Vietnam,root/EastAsia&Pacific,0,0,0,0,0,0,0,0,0,0,0,0,0,0,0,0,0,0,0,0,100.0,110.7410887,122.2423558,134.8928824,158.310976,170.25306730000003,194.7854323,221.55443050000002,229.1616089,236.9247974,270.7773892,303.7195376,360.7584895,426.12070439999997,479.53409139999997,578.4636066,646.1549729
root/Europe&CentralAsia,root,8.731264559,10.64917873,9.667169742999999,7.781968476,5.931552152999999,21.38191666,20.65146257,24.78905463,29.36192301,38.04841454,38.88192817,41.12745408,44.14837377,46.82040992,57.18245042,60.38858184,67.98118919,80.81175671,86.71112613,91.16555904,5000.0,5363.599466579999,5774.029412339999,6306.669968009999,7137.146028759999,7827.932871770003,8460.814888500001,9392.256266420001,10014.04410284,8857.81090001,9680.611097089999,10547.794223450004,10791.236041639999,11494.375746509997,11729.867384140001,11870.94919013,12397.55928647
root/Europe&CentralAsia/Albania,root/Europe&CentralAsia,0,0,0,0,0,0,0,0,0,0,0,0,0,0,0,0,0,0,0,0,100.0,118.74379540000001,132.26529490000001,170.6522145,217.43826030000002,224.79575350000002,257.4695899,325.5786314,360.3430818,317.07113219999997,404.8925167,448.0366919,458.6814949,554.6157724999999,591.4920447000001,533.2290728999999,556.6603641
root/Europe&CentralAsia/Andorra,root/Europe&CentralAsia,0,0,0,0,0,0,0,0,0,0,0,0,0,0,0,0,0,0,0,0,100.0,117.6798335,144.3635413,200.5384974,270.36217039999997,289.02257099999997,292.8025409,257.665705,227.09704309999998,167.9158272,153.21429550000002,183.32417719999998,172.2491099,164.91985649999998,159.3634405,155.2933934,149.8840596
root/Europe&CentralAsia/Armenia,root/Europe&CentralAsia,0,0,0,0,0,0,0,0,0,0,0,0,0,0,0,0,0,0,0,0,100.0,119.70505259999999,178.07290509999999,229.3414554,209.93530619999999,268.0539966,224.0403068,242.40011919999998,190.5787683,142.6789448,168.3899712,199.6829862,219.3260244,249.67064559999997,262.8672464,287.2098131,355.6565539
root/Europe&CentralAsia/Austria,root/Europe&CentralAsia,0,0,0,0,0,0,0,0,0,0,0,0,0,0,0,0,0,0,0,0,100.0,106.49171270000001,112.8453039,118.0939227,129.4198895,132.4585635,138.2596685,146.8232044,146.961326,120.1657459,138.121547,146.1325967,145.9944751,148.34254140000002,151.3812155,152.07182319999998,149.8618785
root/Europe&CentralAsia/Azerbaijan,root/Europe&CentralAsia,0,0,0,0,0,0,0,0,0,0,0,0,0,0,0,0,0,0,0,0,100.0,149.5153882,140.2829251,145.94119469999998,160.62348740000002,253.6731184,360.65925889999994,537.536517,571.0603615,600.4482969,595.7488465,572.9922253,533.8400816000001,537.4160084,519.1892515,500.4467376,496.94265779999995
root/Europe&CentralAsia/Belarus,root/Europe&CentralAsia,0,0,0,0,0,0,0,0,0,0,0,0,0,0,0,0,0,0,0,0,100.0,105.2682395,115.52284650000001,131.1167868,158.2418858,153.3778197,166.01313190000002,174.843335,175.9878771,155.9779454,160.4092282,213.293643,236.2494065,195.0674959,202.8660103,207.3542128,206.95073159999998
root/Europe&CentralAsia/Belgium,root/Europe&CentralAsia,0,0,0,0,0,0,0,0,0,0,0,0,0,0,0,0,0,0,0,0,100.0,102.8277635,110.9254499,110.9254499,119.40874040000001,123.5218509,129.4344473,135.98971719999997,133.4190231,118.50899740000001,128.5347044,133.6760925,132.6478149,135.6041131,138.3033419,140.10282780000003,144.7300771
root/Europe&CentralAsia/BosniaandHerzegovina,root/Europe&CentralAsia,0,0,0,0,0,0,0,0,0,0,0,0,0,0,0,0,0,0,0,0,100.0,98.50213826,96.69904042,119.401393,145.44171730000002,180.37642590000002,226.8718266,263.8312261,287.31481210000004,247.36194280000004,276.12651739999995,292.2257017,267.6531591,301.8126375,315.57632060000003,297.68408650000003,318.57160980000003
root/Europe&CentralAsia/Bulgaria,root/Europe&CentralAsia,0,0,0,0,0,0,0,0,0,0,0,0,0,0,0,0,0,0,0,0,100.0,111.15973740000001,119.9124726,134.13566740000002,149.2341357,165.2078775,182.2757112,196.06126909999998,211.37855580000002,182.0568928,218.8183807,263.0196937,261.7067834,293.21663019999994,296.93654269999996,311.8161926,328.4463895
root/Europe&CentralAsia/Croatia,root/Europe&CentralAsia,0,0,0,0,0,0,0,0,0,0,0,0,0,0,0,0,0,0,0,0,100.0,106.0165975,112.6556017,120.5267354,139.220678,149.0595952,165.9497364,165.45779050000002,166.7696461,142.828281,163.9819529,165.62177250000002,161.8501875,168.4094657,185.9555346,212.6845929,235.31410240000002
root/Europe&CentralAsia/Cyprus,root/Europe&CentralAsia,0,0,0,0,0,0,0,0,0,0,0,0,0,0,0,0,0,0,0,0,100.0,110.9223301,107.5242718,104.6116505,189.0776699,285.19417480000004,245.14563109999997,229.36893199999997,228.88349509999998,223.78640780000003,242.7184466,280.8252427,287.3786408,334.9514563,314.3203883,412.8640777,448.0582524
root/Europe&CentralAsia/CzechRepublic,root/Europe&CentralAsia,0,0,0,0,0,0,0,0,0,0,0,0,0,0,0,0,0,0,0,0,100.0,113.21695759999999,121.44638400000001,128.6783042,160.0997506,176.0598504,205.2369077,236.40897760000001,251.12219449999998,211.2219451,249.3765586,273.5660848,278.3042394,280.798005,300.7481297,315.4613466,325.6857855
root/Europe&CentralAsia/Denmark,root/Europe&CentralAsia,0,0,0,0,0,0,0,0,0,0,0,0,0,0,0,0,0,0,0,0,100.0,102.3419204,109.1334895,107.9625293,110.8899297,117.68149879999999,122.9508197,127.51756440000001,128.9227166,114.6370023,117.09601869999999,121.42857140000001,120.37470729999998,120.4918033,122.9508197,123.8875878,124.5901639
root/Europe&CentralAsia/Estonia,root/Europe&CentralAsia,0,0,0,0,0,0,0,0,0,0,0,0,0,0,0,0,0,0,0,0,100.0,101.1185682,105.5928412,119.68680090000001,141.6107383,178.5234899,216.1073826,214.54138700000001,216.77852349999998,179.19463090000002,223.71364649999998,282.77404920000004,289.0380313,287.6957494,286.35346760000004,279.1946309,288.590604
root/Europe&CentralAsia/FaroeIslands,root/Europe&CentralAsia,0,0,0,0,0,0,0,0,0,0,0,0,0,0,0,0,0,0,0,0,100.0,109.3144398,110.51870559999999,120.3393774,121.5623415,112.1813101,105.9796301,116.74161720000001,124.0277112,114.32465049999999,112.87765959999999,127.82600020000001,121.1815878,137.118172,138.8898132,131.74588310000001,150.41282009999998
root/Europe&CentralAsia/Finland,root/Europe&CentralAsia,0,0,0,0,0,0,0,0,0,0,0,0,0,0,0,0,0,0,0,0,100.0,98.59287054,98.31144465,101.40712950000001,106.6604128,106.3789869,117.91744840000001,118.48030020000002,119.043152,87.89868668,93.80863039,94.93433396,94.37148218,94.37148218,95.40337711,93.33958724,93.43339587
root/Europe&CentralAsia/France,root/Europe&CentralAsia,0,0,0,0,0,0,0,0,0,0,0,0,0,0,0,0,0,0,0,0,100.0,99.62616822,96.35514019,96.63551402,99.90654206,99.62616822,101.21495329999999,101.12149529999999,99.90654206,85.23364486,93.45794393,95.98130841,95.70093458,94.85981308,95.32710279999999,97.10280374,97.38317757
root/Europe&CentralAsia/Georgia,root/Europe&CentralAsia,0,0,0,0,0,0,0,0,0,0,0,0,0,0,0,0,0,0,0,0,100.0,101.35520279999999,109.2196585,133.1868454,159.4521687,196.95141730000003,181.33779840000003,215.79561850000002,208.2415884,167.2215405,224.48456430000002,261.7934523,292.8742191,371.21329280000003,369.5369675,320.15052119999996,312.5064774
root/Europe&CentralAsia/Germany,root/Europe&CentralAsia,0,0,0,0,0,0,0,0,0,0,0,0,0,0,0,0,0,0,0,0,100.0,104.09026800000001,106.3469676,109.87306059999999,120.7334274,128.067701,140.3385049,149.7884344,149.3653032,122.7080395,141.0437236,149.7884344,149.2242595,148.2369535,150.9167842,155.00705219999998,155.99435830000002
root/Europe&CentralAsia/Gibraltar,root/Europe&CentralAsia,0,0,0,0,0,0,0,0,0,0,0,0,0,0,0,0,0,0,0,0,100.0,103.9578875,130.0591752,127.76754950000002,167.02443080000003,163.4569005,175.2590253,200.7471378,165.07757949999998,194.1471993,161.57753540000002,126.54908940000001,125.4777041,148.07862,146.2384518,198.7030604,223.56185930000004
root/Europe&CentralAsia/Greece,root/Europe&CentralAsia,0,0,0,0,0,0,0,0,0,0,0,0,0,0,0,0,0,0,0,0,100.0,101.2482663,95.83911234,100.9708738,103.4674064,112.6213592,121.3592233,132.7323162,136.75450759999998,128.84882109999998,138.6962552,143.27323159999997,158.2524272,161.58113730000002,166.99029130000002,177.1151179,186.962552
root/Europe&CentralAsia/Greenland,root/Europe&CentralAsia,0,0,0,0,0,0,0,0,0,0,0,0,0,0,0,0,0,0,0,0,100.0,111.82100659999999,135.3866837,154.9801641,160.99285680000003,161.9022174,149.5415865,155.5009109,162.1612743,126.0450382,122.40921540000001,136.7027451,130.74119309999998,144.49812419999998,142.0987198,110.7330503,146.3924669
root/Europe&CentralAsia/Hungary,root/Europe&CentralAsia,0,0,0,0,0,0,0,0,0,0,0,0,0,0,0,0,0,0,0,0,100.0,111.16173119999999,121.64009109999998,128.7015945,150.7972665,170.8428246,202.7334852,233.7129841,242.5968109,201.594533,227.79043280000002,243.0523918,238.7243736,239.1799544,247.83599089999998,260.5922551,271.070615
root/Europe&CentralAsia/Iceland,root/Europe&CentralAsia,0,0,0,0,0,0,0,0,0,0,0,0,0,0,0,0,0,0,0,0,100.0,107.093826,113.8699889,112.85733,121.32555970000001,123.49792,122.19301580000001,150.7340572,170.47753909999997,170.7009735,168.0562335,180.0355898,182.0894181,184.97189530000003,184.2681619,188.9928139,179.2051304
root/Europe&CentralAsia/Ireland,root/Europe&CentralAsia,0,0,0,0,0,0,0,0,0,0,0,0,0,0,0,0,0,0,0,0,100.0,109.3247588,113.29046090000001,104.71597,109.8606645,109.6463023,106.96677379999998,110.7181136,106.75241159999999,106.75241159999999,107.1811361,108.7888532,106.1093248,102.357985,108.5744909,124.00857450000001,130.3322615
root/Europe&CentralAsia/Italy,root/Europe&CentralAsia,0,0,0,0,0,0,0,0,0,0,0,0,0,0,0,0,0,0,0,0,100.0,102.2110553,99.89949749,98.09045226,103.1155779,104.321608,110.25125630000001,115.97989950000002,111.959799,90.85427136,100.50251259999999,105.02512560000001,105.02512560000001,104.22110550000001,105.5276382,106.93467340000002,108.5427136
root/Europe&CentralAsia/Kazakhstan,root/Europe&CentralAsia,0,0,0,0,0,0,0,0,0,0,0,0,0,0,0,0,0,0,0,0,100.0,108.48663140000001,121.4614498,141.05907050000002,170.2030613,175.0929605,190.8547574,212.99611780000004,238.736177,203.2442449,224.74741009999997,242.27922560000002,250.89490759999998,252.7244066,255.1846233,229.45726159999998,213.58371110000002
root/Europe&CentralAsia/KyrgyzRepublic,root/Europe&CentralAsia,0,0,0,0,0,0,0,0,0,0,0,0,0,0,0,0,0,0,0,0,100.0,93.52804732,94.26714196,99.04529066,111.37789950000001,95.36191749,113.1171413,153.65187869999997,184.9055078,168.24403859999998,152.1547908,143.0938155,137.746915,162.52897430000002,160.150834,134.527955,135.59104209999998
root/Europe&CentralAsia/Latvia,root/Europe&CentralAsia,0,0,0,0,0,0,0,0,0,0,0,0,0,0,0,0,0,0,0,0,100.0,110.0591716,118.0473373,131.0650888,156.5088757,201.183432,225.73964500000002,253.25443790000003,276.6272189,247.04142009999998,295.85798819999997,361.53846150000004,408.2840237,404.14201180000003,412.1301775,419.5266272,427.8106509
root/Europe&CentralAsia/Lithuania,root/Europe&CentralAsia,0,0,0,0,0,0,0,0,0,0,0,0,0,0,0,0,0,0,0,0,100.0,126.4516129,147.0967742,162.9032258,194.516129,234.8387097,258.70967740000003,269.67741939999996,318.06451610000005,271.93548389999995,322.5806452,365.8064516,397.7419355,430.0,437.74193550000007,430.96774189999996,444.8387097
root/Europe&CentralAsia/Luxembourg,root/Europe&CentralAsia,0,0,0,0,0,0,0,0,0,0,0,0,0,0,0,0,0,0,0,0,100.0,121.54398559999998,119.0305206,136.80430880000003,156.3734291,183.1238779,215.7989228,197.8456014,211.8491921,202.69299819999998,179.53321359999998,179.3536804,172.7109515,164.9910233,174.3267504,181.86714540000003,177.3788151
root/Europe&CentralAsia/MacedoniaFYR,root/Europe&CentralAsia,0,0,0,0,0,0,0,0,0,0,0,0,0,0,0,0,0,0,0,0,100.0,90.95953583,89.02842912,103.0093128,112.8215666,125.66151210000001,138.5585399,180.1824736,179.3796403,124.4698785,144.4689331,172.6541793,159.6395086,174.594279,200.9844824,198.132328,217.1318855
root/Europe&CentralAsia/Moldova,root/Europe&CentralAsia,0,0,0,0,0,0,0,0,0,0,0,0,0,0,0,0,0,0,0,0,100.0,125.35310729999999,143.5613194,169.3344516,197.3544655,212.18856839999998,196.65947849999998,230.21018560000002,241.6254475,223.9030056,261.1813894,351.0307881,352.9251139,404.5043778,417.6979003,423.1003948,457.3441166
root/Europe&CentralAsia/Netherlands,root/Europe&CentralAsia,0,0,0,0,0,0,0,0,0,0,0,0,0,0,0,0,0,0,0,0,100.0,103.7037037,105.55555559999999,110.0308642,119.2901235,131.1728395,140.27777780000002,149.0740741,154.6296296,138.117284,154.3209877,155.70987649999998,159.25925930000002,159.8765432,161.11111110000002,165.4320988,171.1419753
root/Europe&CentralAsia/Norway,root/Europe&CentralAsia,0,0,0,0,0,0,0,0,0,0,0,0,0,0,0,0,0,0,0,0,100.0,105.04978009999999,107.22504520000001,107.0254611,107.90040549999999,106.92466100000001,105.1253801,106.2755087,106.60008490000001,103.0247071,100.80005,97.62505002,98.57509049,94.25006275,96.15004289,99.85000953,99.0000635
root/Europe&CentralAsia/Poland,root/Europe&CentralAsia,0,0,0,0,0,0,0,0,0,0,0,0,0,0,0,0,0,0,0,0,100.0,112.25626740000001,121.44846799999999,136.76880219999998,165.45961,188.85793869999998,222.56267409999998,248.189415,267.6880223,242.3398329,278.551532,298.6072423,310.8635097,333.14763230000005,359.0529248,382.1727019,392.7576602
root/Europe&CentralAsia/Portugal,root/Europe&CentralAsia,0,0,0,0,0,0,0,0,0,0,0,0,0,0,0,0,0,0,0,0,100.0,100.7556675,102.6448363,107.80856419999999,107.80856419999999,116.2468514,127.0780856,133.7531486,132.61964740000002,112.59445840000001,125.94458440000001,135.76826200000002,139.42065490000002,145.8438287,148.6146096,153.6523929,157.43073049999998
root/Europe&CentralAsia/Romania,root/Europe&CentralAsia,0,0,0,0,0,0,0,0,0,0,0,0,0,0,0,0,0,0,0,0,100.0,109.81912140000001,126.35658909999998,136.9509044,157.10594319999998,173.126615,189.9224806,217.8294574,234.88372090000001,216.79586559999998,258.39793280000004,285.2713178,277.51937979999997,311.627907,332.2997416,341.8604651,362.27390180000003
root/Europe&CentralAsia/RussianFederation,root/Europe&CentralAsia,0,0,0,0,0,0,0,0,0,0,0,0,0,0,0,0,0,0,0,0,100.0,101.8927465,111.54907639999999,125.721056,139.0062271,146.57603730000002,153.36192250000002,160.44237090000001,158.5015114,155.19835559999999,166.4846243,163.22449630000003,162.88375200000002,167.81627360000002,169.42443669999997,175.83262380000002,170.0043244
root/Europe&CentralAsia/Serbia,root/Europe&CentralAsia,0,0,0,0,0,0,0,0,0,0,0,0,0,0,0,0,0,0,0,0,0,0,0,0,0,0,0,0,356.0115145,292.74397610000005,319.3985996,340.2473375,332.641679,443.80535269999996,455.3377065,447.3565927,511.0732406
root/Europe&CentralAsia/SlovakRepublic,root/Europe&CentralAsia,0,0,0,0,0,0,0,0,0,0,0,0,0,0,0,0,0,0,0,0,100.0,110.0977199,121.4983713,148.20846909999997,159.2833876,172.9641694,222.14983709999998,281.4332248,314.00651469999997,272.6384365,325.73289900000003,364.82084689999994,399.0228013,416.61237789999996,435.83061889999993,445.276873,451.46579800000006
root/Europe&CentralAsia/Slovenia,root/Europe&CentralAsia,0,0,0,0,0,0,0,0,0,0,0,0,0,0,0,0,0,0,0,0,100.0,106.0165975,112.6556017,117.01244809999999,131.5352697,161.20331950000002,185.89211619999998,213.2780083,218.67219920000002,184.8547718,207.46887969999997,221.99170120000002,218.67219920000002,227.593361,244.6058091,259.33609959999995,271.57676349999997
root/Europe&CentralAsia/Spain,root/Europe&CentralAsia,0,0,0,0,0,0,0,0,0,0,0,0,0,0,0,0,0,0,0,0,100.0,103.0150754,105.15075379999999,109.1708543,113.5678392,114.8241206,120.4773869,126.0050251,126.2562814,112.56281409999998,125.62814070000002,136.3065327,137.18592959999998,149.4974874,154.8994975,160.8040201,166.33165830000002
root/Europe&CentralAsia/Sweden,root/Europe&CentralAsia,0,0,0,0,0,0,0,0,0,0,0,0,0,0,0,0,0,0,0,0,100.0,91.77142857,92.8,98.97142857,108.22857140000002,112.22857140000002,119.6571429,123.42857140000001,122.5142857,98.4,114.2857143,121.6,117.82857140000002,112.8,112.57142859999999,115.2,116.57142859999999
root/Europe&CentralAsia/Switzerland,root/Europe&CentralAsia,0,0,0,0,0,0,0,0,0,0,0,0,0,0,0,0,0,0,0,0,100.0,99.94342412,105.95332890000002,105.0444571,110.9051388,116.2290571,127.8044915,136.7108807,139.2985139,117.7709351,128.4311098,138.5221859,192.13195980000003,217.5108736,183.4765011,182.9667887,186.9790157
root/Europe&CentralAsia/Tajikistan,root/Europe&CentralAsia,0,0,0,0,0,0,0,0,0,0,0,0,0,0,0,0,0,0,0,0,100.0,85.78853731,101.2679571,95.39070674,94.14582466,86.42974164,104.05399229999999,105.26522220000001,90.12798862,85.43918865,76.53835589,68.16385009,89.25742089,79.45105123,68.89549819,70.75955977,75.67918839
root/Europe&CentralAsia/Turkey,root/Europe&CentralAsia,8.731264559,10.64917873,9.667169742999999,7.781968476,5.931552152999999,21.38191666,20.65146257,24.78905463,29.36192301,38.04841454,38.88192817,41.12745408,44.14837377,46.82040992,57.18245042,60.38858184,67.98118919,80.81175671,86.71112613,91.16555904,100.0,115.7747753,135.72393269999998,157.85620600000001,180.91530830000002,198.5180581,223.31093540000003,248.47199890000002,264.718298,244.22499330000002,263.380792,279.9407503,325.2460539,323.4688744,340.61172880000004,343.95635530000004,357.068064
root/Europe&CentralAsia/Turkmenistan,root/Europe&CentralAsia,0,0,0,0,0,0,0,0,0,0,0,0,0,0,0,0,0,0,0,0,100.0,103.18468399999999,137.3484938,138.8061606,134.0300905,114.3290455,125.2736174,153.91520219999998,135.0119497,80.61321499,95.70999092,146.6398737,170.8353726,184.0094148,203.6313551,227.41824390000002,262.9855634
root/Europe&CentralAsia/Ukraine,root/Europe&CentralAsia,0,0,0,0,0,0,0,0,0,0,0,0,0,0,0,0,0,0,0,0,100.0,115.0912487,126.4500126,146.6291868,172.24869619999998,159.8656506,166.88540890000002,187.6762686,207.2386762,168.2159679,172.7554377,182.91836719999998,186.6517842,173.4992479,154.17465190000001,130.8558974,130.6527167
root/Europe&CentralAsia/UnitedKingdom,root/Europe&CentralAsia,0,0,0,0,0,0,0,0,0,0,0,0,0,0,0,0,0,0,0,0,100.0,97.48110831,95.63392107,90.68010076,90.51217464,95.54995802,103.5264484,92.27539882,89.33669186,75.48278757,83.96305626,90.84802687,86.565911,96.97732997,91.26784215,97.98488665,89.75650714
root/Europe&CentralAsia/Uzbekistan,root/Europe&CentralAsia,0,0,0,0,0,0,0,0,0,0,0,0,0,0,0,0,0,0,0,0,100.0,102.267973,94.2952023,100.23508570000001,120.14441299999999,118.93395729999999,115.70736770000002,154.3371155,151.7592294,195.07843799999998,169.26556589999998,153.4818196,141.665151,159.4023392,159.78363259999998,158.9283383,165.39069740000002
root/LatinAmerica&Caribbean,root,1242.6829504129998,1255.6872733620003,1180.3769344569998,1188.69308716,1094.4977689200002,1137.4202442600001,1081.1494215099997,1143.17092631,1118.9399515799998,1201.00198667,1281.4403330900002,1231.53596393,1337.73375621,1457.78323221,1543.5017868199998,1639.6511299,1739.9632229299998,1898.75183875,1968.3018375100003,1871.68853937,3700.0,3684.09356885,3791.5490714399994,4066.23802376,4432.460419139999,4895.75149491,4903.21553328,5026.603795,5142.991601840001,4742.333118980001,4965.108410563001,5271.144963929999,5566.31339323,5910.12262094,5975.728528025,6079.665886785001,6040.264613130999
root/LatinAmerica&Caribbean/AntiguaandBarbuda,root/LatinAmerica&Caribbean,0,0,0,0,0,0,0,0,0,0,0,0,0,0,0,0,0,0,0,0,100.0,86.57098172,83.14954948,96.25449117,118.4709963,167.3910665,135.23891030000001,97.22242793,88.27458807,72.54696602,64.27802332,72.15917348,81.39054351,106.8209209,156.6779264,115.39398899999999,145.573063
root/LatinAmerica&Caribbean/Argentina,root/LatinAmerica&Caribbean,35.82605511,43.936895799999995,42.56895424,40.75161748,42.74810287,39.84330511,30.96837991,29.09111866,44.46027885,47.85065907,62.5261,48.89470726,47.88466258,50.81586942,56.72769261,73.01242107,77.92591594,92.05588386,101.3651952,97.23945998,100.0,106.13497530000001,106.25440400000001,111.68764879999999,111.5726587,124.59330420000002,130.2692903,138.0010875,136.6048393,121.9611558,138.7093374,141.9039521,133.59013059999998,128.6749652,118.67984779999999,116.7196074,124.3660983
root/LatinAmerica&Caribbean/Aruba,root/LatinAmerica&Caribbean,0,0,0,0,0,0,0,0,0,0,0,0,0,0,0,0,0,0,0,0,100.0,104.792744,67.65712020000001,79.10688295,104.124335,91.29136314,82.21463826,82.29618513,65.82652547,35.61832904,4.2225751030000005,61.52241939,16.16122192,3.13226774,3.029629525,6.036663295,5.797836151
root/LatinAmerica&Caribbean/BahamasThe,root/LatinAmerica&Caribbean,0,0,0,0,0,0,0,0,0,0,0,0,0,0,0,0,0,0,0,0,100.0,80.63065624,88.45197834,76.33921571,78.09059259,81.90478977,95.46485493,101.80595109999999,99.77267918,89.98862133,76.23084534,72.73416605,84.07786501,96.58692088,85.91102543,60.96016337,56.43372692
root/LatinAmerica&Caribbean/Barbados,root/LatinAmerica&Caribbean,0,0,0,0,0,0,0,0,0,0,0,0,0,0,0,0,0,0,0,0,100.0,98.78677562,94.69894391,87.88207392,84.80641831,89.31375356,114.1580813,110.09128909999998,88.06992424,72.48114179999999,77.37212258,73.06098320000001,88.61551268,75.58989727,78.93417968,88.2331085,96.87612219
root/LatinAmerica&Caribbean/Belize,root/LatinAmerica&Caribbean,0,0,0,0,0,0,0,0,0,0,0,0,0,0,0,0,0,0,0,0,100.0,84.62002275,149.7020114,169.5326232,155.17150149999998,147.9909827,166.7634991,159.4949615,159.1027092,139.9346795,154.2595109,162.93024309999998,172.38897450000002,178.5254024,171.9508515,175.75451940000002,132.78043770000002
root/LatinAmerica&Caribbean/Bolivia,root/LatinAmerica&Caribbean,51.08851837,50.48233201,45.48651946,43.873816299999994,39.2842619,35.70671692,49.879563299999994,44.97052634,48.33325952,64.89179831,74.57591631,74.21278866,73.10782916,74.89923351,89.32882248,88.63781864,83.3195945,86.25087804,89.78121187,89.06059374,100.0,109.12868279999999,109.4241768,125.3563692,133.35723570000002,155.5948873,182.24176780000002,184.1310659,212.9397747,193.6347487,216.6377816,225.6893414,271.760182,288.4657712,329.0810225,305.284662,278.6782929
root/LatinAmerica&Caribbean/Brazil,root/LatinAmerica&Caribbean,31.50582441,38.79366798,35.90668299,42.29201191,50.53989824,51.71547152,44.5839578,51.74555206,59.61132293,61.79868826,57.60327765,56.83395794,64.97705389,72.90698477,74.5753573,72.15855752,74.08314568,80.84331515,82.89031072,88.93653603,100.0,109.4759541,118.8981838,137.53536709999997,163.7173982,179.10545980000003,185.42579890000002,195.60240180000002,190.77426430000003,170.2736416,185.8977934,191.50725930000002,191.0356366,196.7391668,192.6975629,208.40629819999998,215.5356645
root/LatinAmerica&Caribbean/BritishVirginIslands,root/LatinAmerica&Caribbean,0,0,0,0,0,0,0,0,0,0,0,0,0,0,0,0,0,0,0,0,100.0,110.2516826,122.89342820000002,124.0767267,117.33526850000001,132.5197871,128.0720041,126.8060605,113.79031140000001,109.37558590000002,104.31945470000001,95.52956891,96.06642709,67.63225351,64.92757046,61.62890325,63.30965578
root/LatinAmerica&Caribbean/CaymanIslands,root/LatinAmerica&Caribbean,0,0,0,0,0,0,0,0,0,0,0,0,0,0,0,0,0,0,0,0,100.0,92.87665059,81.42147455,94.1605612,137.1439532,360.7187508,128.9807815,131.0482043,66.34424142,77.94723591,48.23107594,75.73228793,68.12237955,136.3252256,120.18732790000001,149.91884330000002,163.9096817
root/LatinAmerica&Caribbean/Chile,root/LatinAmerica&Caribbean,16.7764596,15.85004539,18.19827591,19.17290764,19.19530016,21.76087656,22.26271684,26.14633015,33.07065987,33.91325856,37.57278558,41.19056891,48.23511924,49.36516284,54.91419612,59.15930959,70.87094808,82.46958594,90.39255426,98.17363888,100.0,107.4038315,107.4246756,117.4319855,134.8355999,137.9824707,143.229089,152.58516740000002,149.3232201,145.00300359999997,144.7502696,150.7235342,153.8434815,159.6980509,162.5290767,159.8714618,159.2633659
root/LatinAmerica&Caribbean/Colombia,root/LatinAmerica&Caribbean,35.81751332,29.03715009,28.26981725,29.493479999999998,32.76456301,34.46747527,41.60936299,46.82985053,48.88294655,53.44768167,66.50236186,71.08571509,73.64892320000001,74.73421771,72.51990496,83.80281197,83.67846319,90.14245644,98.22577379,100.8476661,100.0,104.3435497,104.1563551,113.0693572,122.26584809999999,131.38888889999998,137.73082050000002,148.87127990000002,153.8906339,155.8825116,158.6395076,179.51884640000003,197.17558219999998,208.15280159999998,221.15616469999998,227.87787930000002,226.35446409999997
root/LatinAmerica&Caribbean/CostaRica,root/LatinAmerica&Caribbean,20.63127117,20.76308722,18.59924441,19.12436448,20.98085497,19.86263846,19.34831157,22.75978786,23.66123239,27.48004171,30.56398165,31.7587346,34.96475603,47.74749314,49.69951839,52.12293088,59.49023027,66.15876516,85.87231358,108.46954299999999,100.0,106.4755851,111.12873370000001,118.7520449,129.38960840000001,140.7222315,159.4672939,171.9851492,184.3005115,172.81726559999998,199.5004509,214.59884449999998,231.8179279,233.86280750000003,250.91052009999999,263.8181992,287.1274329
root/LatinAmerica&Caribbean/Cuba,root/LatinAmerica&Caribbean,0,0,0,0,0,0,0,0,0,0,0,0,0,0,0,0,0,0,0,0,100.0,90.58225286,88.41138803,84.18689124,97.67388624,90.94733774,96.38291359,101.96571159999999,94.96699115,72.70223973,97.89386656,117.95535579999999,116.3963013,110.8254254,101.827835,79.98342468,65.55143547
root/LatinAmerica&Caribbean/Dominica,root/LatinAmerica&Caribbean,0,0,0,0,0,0,0,0,0,0,0,0,0,0,0,0,0,0,0,0,100.0,74.7409676,75.06884951,73.52780722,66.20313443,62.83990964,57.924115500000006,48.73410595,45.60348475,37.42748431,40.33521394,28.80271853,34.09610168,37.59869079,39.26747879,35.31876262,25.81051251
root/LatinAmerica&Caribbean/DominicanRepublic,root/LatinAmerica&Caribbean,82.2776608,91.76443508,69.09900119,67.72412841,78.81526515,67.94086987,65.1536983,70.78551268,74.26383067,74.16875178,78.37889892,70.97759147,66.90853197,57.49399792,66.65942141,85.15123731,93.20153875,99.341971,91.10179579,84.18397085,100.0,94.19935486,92.12416212,96.00676854,100.45275550000001,99.98613626,103.42377370000001,103.252566,91.79371137,80.20419577,94.95711262,107.86463290000002,116.42805530000001,128.4501955,130.28381729999998,133.9091849,142.84436430000002
root/LatinAmerica&Caribbean/Ecuador,root/LatinAmerica&Caribbean,30.70502237,31.29526045,30.47900918,32.19900099,36.93742459,43.67460935,48.43730308,39.52649401,54.27095375,51.93298002,57.39157279,65.77369145,75.36465049,75.56464646,90.16023924,100.4933441,105.80857759999998,112.48297340000002,105.32356499999999,108.8531534,100.0,103.62907879999999,110.65152959999999,124.9444183,144.0335561,160.5960854,177.4504072,179.9398086,185.6726534,178.8662978,183.286809,190.83126069999997,202.41462040000002,209.4735453,217.7397804,218.7665531,216.58305730000004
root/LatinAmerica&Caribbean/ElSalvador,root/LatinAmerica&Caribbean,93.03363953,84.21738115,76.08070167,98.55137732,91.25546875,89.4113991,59.02230479,64.28242758,66.2208864,52.59357692,68.19738422,74.80373561,73.52009283,85.81130845,76.31516835,68.72298508,72.53734852,95.28912685,86.51659164,87.43905239,100.0,96.42989523,95.64468095,97.00272247,101.3735924,129.3311406,153.57287409999998,189.25560149999998,207.307222,192.11142969999997,213.0261213,242.91560330000001,252.1945951,261.9886841,248.78894649999998,258.8250331,255.46582420000001
root/LatinAmerica&Caribbean/Grenada,root/LatinAmerica&Caribbean,59.49228466,78.54588009,88.49083018,89.25148587,99.14105268,105.10332700000001,75.98547201,66.5841721,0,0,0,0,95.57428711,107.4686877,101.5063536,83.61816054,88.58185465,0,0,0,100.0,101.2883195,89.57616291,89.38952494,67.71764013,60.63170676,50.82643516,60.50605592,48.95995495,50.42091687,39.06933642,42.26277521,47.41386085,52.79881629,51.26047195,47.48269783,45.11267851
root/LatinAmerica&Caribbean/Guatemala,root/LatinAmerica&Caribbean,51.72649687,45.94468202,41.54325568,40.94149902,43.15929893,45.59540612,32.53980031,48.83677103,30.56653854,51.37909927,44.02374542,52.46851078,50.58106388,52.34339001,54.27291769,63.97091557,67.86835804,78.34255089,88.67674619,89.83963391,100.0,112.4987451,116.17506809999999,124.4982055,130.01700359999998,128.7434589,136.59554640000002,147.95345030000001,151.13142969999998,145.4542032,156.8597924,172.5906336,175.41426669999998,184.1684549,202.859554,224.4503633,214.46012000000002
root/LatinAmerica&Caribbean/Guyana,root/LatinAmerica&Caribbean,48.2208245,46.71443701,32.46021257,28.25245721,30.89056108,27.470659299999998,38.34046562,44.17078449,36.60277523,38.08695205,40.65823349,31.05671473,43.96331762,81.00265939,90.58870585,91.37982989,62.35560148,133.3711438,106.0678857,0,100.0,99.60134040000001,102.7961322,101.7563489,108.6065005,88.29599535,76.51013245,88.18393911,81.85980492,76.94710057,75.99418608,81.83028686,102.0315748,111.27083,101.67326949999999,113.62303590000002,132.1902155
root/LatinAmerica&Caribbean/Haiti,root/LatinAmerica&Caribbean,48.77121127,39.41404966,46.61021395,40.5081281,38.37465354,33.76495939,38.70683414,49.06620491,40.60138422,46.27443574,39.72329033,50.91074239,26.2565212,28.71404574,27.53760928,33.70720241,28.63336039,67.53085042,94.14342574,103.1530439,100.0,93.50095168,84.06873457,100.2599985,107.7936919,126.40647690000002,133.51631940000001,136.6746549,123.9859995,126.6946538,130.4558257,174.1988382,159.27299580000002,198.64952130000003,204.7099771,229.50167180000003,234.1839923
root/LatinAmerica&Caribbean/Honduras,root/LatinAmerica&Caribbean,58.35317074,58.02581714,51.38582386,54.69674287,52.56045158,58.87930576,51.58100428,59.12018497,78.21271816,76.80097847,84.81138346,74.57018392,77.43793009,77.61082234,74.40630046,84.20796925,100.3792061,92.70671877,100.97277199999999,83.53958154,100.0,126.1618564,142.30790980000003,144.0963154,162.6426017,166.13640519999998,166.9774599,174.309407,172.97030690000003,144.8355652,166.34783330000002,170.8265824,205.055477,209.4838227,217.8492889,242.2934376,234.1179406
root/LatinAmerica&Caribbean/Jamaica,root/LatinAmerica&Caribbean,63.0902338,63.58695809,54.2251846,55.47080811,52.76118116,55.77987111,57.49448002,67.33364863,55.88190248,66.49090889,77.85299309,91.82377698,89.70652914,95.92355188,105.64864159999999,99.55195176,105.59681599999999,104.05399859999999,107.9565071,102.5529743,100.0,98.45848662,94.79928783,95.52836889,97.34175193,93.72000147,93.60271197,104.9556864,105.85807390000001,72.2371115,61.19399689,63.65490181,71.15327107,69.34875829,64.12359687,65.51768839,65.36377783
root/LatinAmerica&Caribbean/Mexico,root/LatinAmerica&Caribbean,6.338062503,7.491780382000001,9.209628977000001,11.06380762,12.67518128,13.40274814,15.98266366,17.64843401,21.961916100000003,25.16746539,25.75839781,28.19643345,29.53960157,33.17837813,38.93097662,48.78665719,58.28643537,67.04843187,75.10951499,86.29684594,100.0,97.72211216,96.78382321,94.33263976,96.36269111,101.479541,110.04936550000001,113.92050479999999,111.1852827,102.50317209999999,118.69563000000001,121.3345899,132.2399883,135.9260811,148.5652666,155.2192249,160.01844530000002
root/LatinAmerica&Caribbean/Nicaragua,root/LatinAmerica&Caribbean,58.42237420000001,68.16205184,56.84100843,66.05014118,50.8467193,49.37465323,36.276906,45.63538983,34.80994934,50.88127615,41.47835377,40.36064997,43.38603184,46.15397381,51.04162777,62.49509133,68.45308474,82.31269346,82.56548333,86.69205357,100.0,117.4105456,121.8652124,140.7368179,172.1239044,191.6769076,182.4775617,199.1667822,197.91085880000003,202.055669,239.08687940000002,249.2894338,283.1008612,306.80967250000003,331.05523389999996,316.2830119,325.3381884
root/LatinAmerica&Caribbean/Panama,root/LatinAmerica&Caribbean,0,54.53841632,72.717556,58.26268413,50.97672533,55.09318244,54.80423967,57.00979642,52.50613507,55.20032817,59.95194452,57.92263219,60.15539885,68.47024416,70.69101205,75.76543137,85.83548114,84.94201361,91.22884378,94.70333967,100.0,102.8271168,91.19805447,88.81657047,103.35703840000001,121.7251106,137.1389816,145.2200998,152.9670399,182.0092736,186.0679744,232.21785580000002,255.1397557,234.2945605,205.64920980000002,184.0573238,173.38185990000002
root/LatinAmerica&Caribbean/Paraguay,root/LatinAmerica&Caribbean,39.64985737,35.04770425,43.6058657,39.69616317,38.09562423,56.38370978,57.15380745,58.06899,77.16656657,118.06714960000001,119.8634128,95.26522417,88.84899778,92.68861896,87.81118606,96.12086634,109.11893390000002,113.83504690000001,107.006905,84.37981463,100.0,94.510245,97.3450373,96.22313837,105.97971909999998,124.8732719,151.39164330000003,172.6192389,188.9480739,171.134159,220.10965860000002,237.1340402,214.36391609999998,253.8080071,247.2088995,225.90074380000001,238.3915267
root/LatinAmerica&Caribbean/Peru,root/LatinAmerica&Caribbean,33.56350229,32.2768747,33.95474189,30.74719466,33.02923093,38.581855600000004,39.12452165,38.64430694,33.47920068,44.778231700000006,41.11070293,46.02586795,43.94749568,46.34560675,55.31431564,59.81625451,65.51213571,74.90517902,75.93829923,89.31467269,100.0,104.9394601,109.83827099999999,118.80947479999999,132.4175665,151.545601,152.58376859999998,157.72409299999998,167.7982648,167.7208785,170.0798865,181.2469917,189.4917843,181.63987619999997,179.8676438,184.0587524,205.77047040000002
root/LatinAmerica&Caribbean/StKittsandNevis,root/LatinAmerica&Caribbean,0,0,0,0,0,0,0,0,0,0,0,0,0,0,0,0,0,0,0,0,100.0,94.29733693,125.31005970000001,131.45948529999998,128.39115990000002,105.8615265,120.4366314,100.3361429,146.3987634,109.5942869,92.98042585,126.0217561,126.4433981,163.642067,169.2838961,172.8420057,162.24198940000002
root/LatinAmerica&Caribbean/StLucia,root/LatinAmerica&Caribbean,134.4349466,98.90571356,89.94362427,103.6444094,0,0,0,0,0,0,0,0,0,0,0,0,0,0,0,0,100.0,93.51399029,98.15149267,146.6649573,155.9842951,99.84307242,128.0639326,127.0207907,184.5947467,214.8808124,260.84615099999996,159.5394466,181.4466535,178.9290062,169.03042480000002,242.25919219999997,179.5150696
root/LatinAmerica&Caribbean/StVincentandtheGrenadines,root/LatinAmerica&Caribbean,0,0,0,0,0,0,0,0,0,0,0,0,0,0,0,0,0,0,0,0,100.0,90.62065991,83.54757755,85.10481284,77.20933876,87.22836521,75.41950666,84.78715706,73.95005554,63.81276127,49.32885435,42.21699167,46.54077665,59.74058216,59.44545605,60.93985082,65.40230239
root/LatinAmerica&Caribbean/Suriname,root/LatinAmerica&Caribbean,80.13982899,64.30940987,59.31090895,51.74619415,56.00002872,65.08466794,65.70694264,62.072183100000004,55.370165500000006,0,0,0,0,0,0,0,0,0,0,0,100.0,107.745278,129.9294981,164.19192080000002,193.2263871,199.58783369999998,182.8574996,198.1490228,218.911108,192.5060584,226.03349469999998,224.01630649999998,238.43469419999997,237.9061312,223.18343829999998,195.1178145,167.93564369999999
root/LatinAmerica&Caribbean/TrinidadandTobago,root/LatinAmerica&Caribbean,78.55695346,65.70830151,56.06920903,43.258386200000004,40.21284757,42.30368407,41.35297288,41.62675965,45.18108549,44.19228714,45.86553603,0,0,0,0,0,0,0,0,0,100.0,104.445018,100.2368133,113.22314820000001,121.4063904,137.2834372,156.57520309999998,141.1016522,143.0583425,98.49431209,106.7269666,107.34349879999999,89.09847433,132.1488064,107.0277358,103.6747593,92.30940837
root/LatinAmerica&Caribbean/TurksandCaicosIslands,root/LatinAmerica&Caribbean,0,0,0,0,0,0,0,0,0,0,0,0,0,0,0,0,0,0,0,0,100.0,94.62773878,119.4351325,123.895822,151.54302819999998,181.76688159999998,216.78453540000004,191.8827728,269.83876760000004,235.869687,173.88939580000002,188.1481366,241.5451355,266.60522349999997,297.33275660000004,357.1379234,403.3564768
root/LatinAmerica&Caribbean/Uruguay,root/LatinAmerica&Caribbean,38.12414306,43.41401105,39.80056528,45.09314835,39.12862751,42.14151203,47.8837268,46.27122126,51.86971008,57.58148403,63.05499965,60.28509474,65.08132011,66.38889292,75.80313529,75.22680559999999,87.78723936,101.52342879999999,103.1995319,94.65035724,100.0,91.77035534,89.03258248,99.03240833,127.72035840000001,149.0927059,161.8829834,173.0733062,182.4773394,187.9944622,217.68091459999997,215.20740640000002,222.672338,232.349343,235.5832107,233.10948480000002,228.9422014
root/LatinAmerica&Caribbean/VenezuelaRB,root/LatinAmerica&Caribbean,46.13709542,47.460930700000006,39.52009879,36.82713259,44.12444544,44.07734019,46.94998579999999,44.9444791,51.95453319,58.02395377,63.97506081,67.11864167,64.64364195,72.1554462,79.04868405,81.74257798,90.63895352,93.14482677,103.9666107,93.36260761,100.0,97.08037087,91.99057606,81.36411024,92.60101294,95.63485009,91.51440116,85.9300131,85.82910328,78.39150167,71.11333617,76.08430059,77.87863229,72.06006801,65.43863417,59.48964803,49.97127021
root/MiddleEast&NorthAfrica,root,847.7203567600002,685.2369626699999,643.57463626,647.4287914300002,660.4661404299999,658.6847035799999,570.81549453,687.01036846,821.8070939,643.1694224800001,530.40006966,516.33588221,593.800214,576.96575614,659.4935898,674.28561613,681.75567034,745.9067983200001,758.6687679300001,756.7087535900001,2100.0,2126.5281453200005,2207.4374428899996,2321.894438,2528.81888457,2600.96097486,2733.05975796,2898.4356042899994,2866.4445987900003,2677.2401172800005,2859.17661347,2804.946344030001,2935.60078062,2869.7558290700003,2785.48578738,2774.1098117300003,2976.3112384499996
root/MiddleEast&NorthAfrica/Algeria,root/MiddleEast&NorthAfrica,48.17239403,47.49587595,52.44086963,55.35317443,57.97672418,60.61648678,64.62598348,67.29436845,62.79520226,72.638124,77.19399538,74.99014251,77.92532717,77.20021318,74.09669969,78.22800756,84.37659338,90.26635874,93.13457905,91.80688442,100.0,95.74929516,122.7933203,160.70266750000002,193.7106918,210.4315767,205.4218174,271.84992410000007,182.3682498,162.00390369999997,153.76274130000002,151.3771416,175.3632618,161.3532856,135.0900022,139.27564519999999,144.9360226
root/MiddleEast&NorthAfrica/Bahrain,root/MiddleEast&NorthAfrica,0,0,0,0,0,0,0,0,0,0,0,0,0,0,0,0,0,0,0,0,100.0,95.32987057,103.2353934,107.1301554,102.93449090000001,109.82778859999999,106.63269950000002,111.15666370000001,115.7550966,103.96093979999999,107.54337949999999,118.8527773,124.98077579999999,142.8890649,135.2885196,125.4382653,118.09238529999999
root/MiddleEast&NorthAfrica/Djibouti,root/MiddleEast&NorthAfrica,0,0,0,0,0,0,0,0,0,0,0,0,0,0,0,0,0,0,0,0,100.0,104.34378829999999,118.17565049999999,112.6068957,105.4942973,102.7005696,131.97310149999998,129.4854957,128.6207586,158.1567435,164.118878,149.04306430000003,191.5524082,205.82418230000002,224.43058230000003,289.09556089999995,324.0592754
root/MiddleEast&NorthAfrica/EgyptArabRep,root/MiddleEast&NorthAfrica,60.70889797,56.97810519,55.45129485,61.205775100000004,66.29890133,80.82596243,78.21890128,136.4691832,169.01727169999998,197.6156887,127.3561114,83.18103912,65.32191679,48.02499414,77.20809075,73.56998145,75.48335501,79.62945473,67.43405995,81.62054162,100.0,97.2025167,113.96303059999998,135.1393779,148.52191169999998,157.5569476,173.7468961,186.5720159,195.9460903,205.1638283,211.26945849999998,198.9903919,191.94064269999998,194.4186227,184.2052731,174.4502263,216.4486733
root/MiddleEast&NorthAfrica/IranIslamicRep,root/MiddleEast&NorthAfrica,35.66493873,32.07383521,66.06524595,74.99018179,60.70761498,50.0088199,51.71799394,65.30314428,68.54613098,78.97248951,0,0,0,0,0,0,0,0,0,0,100.0,87.65749137,84.00609903,96.15199422,107.7000241,96.07976888,95.38560308,98.98082016,97.82922719,96.54120857,103.6433673,101.7976085,84.34315063,48.76815665,44.50686141,43.37934355,77.10857877
root/MiddleEast&NorthAfrica/Iraq,root/MiddleEast&NorthAfrica,119.25618700000001,39.20667057,41.1120328,37.95404235,44.88537819,50.52176867,67.11540597,78.7550125,94.75355945,0,0,0,0,0,0,0,0,0,0,0,100.0,83.84155309,73.2718894,19.05088734,71.08540053,72.17374252,71.95803509999999,80.54711246,90.95009315,93.44053339,92.65614276,106.1868811,118.80576529999999,117.18795959999999,123.3209138,147.3134621,186.4643593
root/MiddleEast&NorthAfrica/Israel,root/MiddleEast&NorthAfrica,0,0,0,0,0,0,0,0,0,0,0,0,0,0,0,0,0,0,0,0,100.0,95.94365735,96.93650735,100.0267265,116.03497730000001,119.0492509,124.1151145,136.38191909999998,133.77013090000003,112.24245970000001,132.3094347,144.2000836,128.4389868,113.68238329999998,139.22260269999998,136.5512752,132.13319860000001
root/MiddleEast&NorthAfrica/Jordan,root/MiddleEast&NorthAfrica,31.82324919,39.40387606,39.60422052,34.29454212,43.50191243,48.28377116,45.92787681,60.70702574,63.13504768,67.7658371,62.93599601,61.95516921,69.0331537,71.29037006,78.11361965,83.92515003,81.76379720000001,84.77498471,88.69029908,91.85788474,100.0,119.1431443,143.42625969999997,159.29739809999998,178.97488059999998,172.49735280000002,188.75526530000002,177.92459540000002,159.6376263,138.3521125,178.32608080000003,180.27382219999998,164.8766478,179.50001899999998,187.4001993,183.1299908,185.8668767
root/MiddleEast&NorthAfrica/Kuwait,root/MiddleEast&NorthAfrica,93.49143484,65.30931128,47.70171185,58.52280006,63.2299691,54.5225355,50.73257172,69.95114963,85.43674589,0,0,0,0,0,0,0,0,0,0,0,100.0,98.65117413,92.46770131,100.99130579999999,114.9670919,134.13504509999999,140.03412690000002,131.0554969,141.2610709,109.5311611,116.19403590000002,147.5583002,168.1969611,167.2625335,162.08661740000002,159.5677257,172.92597709999998
root/MiddleEast&NorthAfrica/Lebanon,root/MiddleEast&NorthAfrica,0,0,0,0,0,0,0,0,0,0,0,0,0,0,0,0,0,0,0,0,100.0,153.1226498,172.6437937,239.3753006,265.9499909,268.9276445,291.9906857,334.5161079,359.59337630000005,350.2442738,395.0710397,391.8765665,392.77075460000003,372.815646,329.36362169999995,315.40990239999996,311.1985766
root/MiddleEast&NorthAfrica/Libya,root/MiddleEast&NorthAfrica,144.49913480000004,92.41658184,93.54368822,94.88625947,87.85562298,97.04468437,0,0,0,0,0,0,0,0,0,0,0,0,0,0,100.0,98.26865672,97.87064677,112.08955220000001,127.8109453,129.98009950000002,141.85074630000003,137.0945274,139.64179099999998,116.41791040000001,111.24378109999999,29.85074627,95.72139303,58.61691542,31.74129353,26.08955224,25.34328358
root/MiddleEast&NorthAfrica/Malta,root/MiddleEast&NorthAfrica,0,0,0,0,0,0,0,0,0,0,0,0,0,0,0,0,0,0,0,0,100.0,80.12879485,81.60073597,81.50873965,87.30450782,87.12051518,94.02023919,102.6678933,91.90432383,75.43698252,91.99632015,95.86016559,109.5676173,90.98436063,76.17295308,79.66881325,96.41214351
root/MiddleEast&NorthAfrica/Morocco,root/MiddleEast&NorthAfrica,31.88212891,34.62054205,32.91604076,35.57770929,39.48066681,39.87466599,40.17252946,43.36133832,52.08353386,48.41599745,57.26247669,59.75600321,54.87971849,45.23739201,81.43889159,86.71470517,83.06893647,92.68453596,95.14197785,98.90671816,100.0,101.8326059,106.5541678,102.1167912,104.95746740000001,117.50952649999999,127.33485060000001,138.0873496,132.7649673,112.120778,132.2467106,138.2033884,142.2812127,147.59877269999998,163.0522803,174.3862921,199.9975506
root/MiddleEast&NorthAfrica/Oman,root/MiddleEast&NorthAfrica,17.43031619,20.71127416,20.53510877,24.03718275,25.32998781,34.44842302,32.43033591,33.86243746,42.88724129999999,0,0,0,73.23106518,81.80538351,85.94547525,87.88870083,88.905666,96.30380840000001,108.14941780000001,98.38088157,100.0,113.65082759999999,108.5377864,98.93307184,91.48794346,87.78365671,82.58521627,89.44641731,88.09084473,115.3262396,112.7171676,107.95673500000001,112.2701075,124.1437261,115.96569790000001,145.6223228,148.58313130000002
root/MiddleEast&NorthAfrica/Qatar,root/MiddleEast&NorthAfrica,45.77247013,39.17051687,32.00046282,28.64838135,39.16848621,29.92822129,0,0,0,0,0,0,0,0,0,0,0,0,0,0,100.0,98.04080311,91.93652850000001,87.54857513,87.87240933,109.66645079999999,100.4371762,99.59520725,113.8439119,104.7603627,94.88341969,95.20725389,95.25582902,96.93976684,96.42163212,79.45272021,81.50906736
root/MiddleEast&NorthAfrica/SaudiArabia,root/MiddleEast&NorthAfrica,131.0992372,128.4003055,81.17791152,60.39795405,49.44596029,33.14167947,51.07640558,36.96326347,49.15721274,50.85296897,66.65700188,91.88001218,98.33691388,94.33903484,98.21301812,104.1691387,105.91611470000001,111.9758392,111.3448602,100.6499857,100.0,96.52652284,84.51168221,104.31465990000001,108.95555800000001,115.2852185,112.4146423,111.33837620000001,117.0891238,100.2382818,106.2512994,115.4307463,120.848859,121.0711487,114.399258,114.55598020000001,119.3551998
root/MiddleEast&NorthAfrica/SyrianArabRepublic,root/MiddleEast&NorthAfrica,13.82757425,12.40133865,13.71081359,13.83494326,13.07344138,11.78099455,12.99523439,14.21783533,42.67823362,76.32565449,82.64830147,83.18001922,89.01595586,93.03305395,83.24300346,77.6914227,82.99753093,103.0843713,103.962987,99.68140904,100.0,126.23902620000001,156.65788590000003,119.94203600000002,126.6524611,117.2264375,129.880699,122.3630605,132.2441567,114.0321773,115.63038,77.94045266,28.76471212,22.10085586,17.42520843,14.79230779,16.60634124
root/MiddleEast&NorthAfrica/Tunisia,root/MiddleEast&NorthAfrica,34.67463538,43.16007783,37.62809501,39.04806493,38.87772217,38.0864659,34.57166488,39.31449603,40.93365127,50.58266226,56.34618683,61.39349676,66.05616293,66.03531445,81.23479129,82.09850969,79.24367665,87.18744528,90.810587,93.80444834,100.0,115.54283490000002,117.4332382,115.71453400000001,123.5543756,124.99771100000001,131.5126433,152.00304230000003,165.66368669999997,142.0451195,155.7659292,147.2889847,146.9743762,142.87838689999998,140.469233,145.2997568,142.54603280000003
root/MiddleEast&NorthAfrica/UnitedArabEmirates,root/MiddleEast&NorthAfrica,39.41775814,33.88865151,29.68713997,28.67778048,30.63375257,29.60022455,41.23059111,40.81111405,50.38326315,0,0,0,0,0,0,0,0,0,0,0,100.0,98.44619538,88.93051959,112.8436828,119.6760152,120.9433027,133.3572098,129.0814921,128.6241666,107.6092347,115.87415279999999,128.381729,134.7291862,148.8456664,137.5668081,134.5253182,132.6684666
root/MiddleEast&NorthAfrica/WestBankandGaza,root/MiddleEast&NorthAfrica,0,0,0,0,0,0,0,0,0,0,0,0,0,0,0,0,0,0,0,0,100.0,72.65118447,60.56338313,67.09557151,69.18879055,71.6538749,74.91304886,94.24461205,93.41557241,90.9988446,94.70096459999999,112.7588142,153.64997230000003,156.3001195,170.6776814,135.85728799999998,132.92621090000003
root/MiddleEast&NorthAfrica/YemenRep,root/MiddleEast&NorthAfrica,0,0,0,0,0,0,0,0,0,0,0,0,0,0,0,0,0,0,0,0,100.0,94.21555258,91.92122313,89.31451471,75.98465378,75.41449437,74.73994106,64.04347496,57.43033378,68.6170218,72.97192987,65.91069082,54.26816052,56.57425647,56.67854801,10.24806269,11.12988709
root/NorthAmerica,root,35.65398037,35.87237515,35.24289345,35.76714989,39.02608008,40.80327686,41.324974,43.28696502,46.53623648,49.57600023,52.20047888,53.45482127,55.79053933,58.45691231,63.61763596,69.33152518,73.15375868,80.10629007,84.16506632,87.53119814,300.0,263.19963535,300.63828205,292.76143794,345.21541650000006,307.69676914,269.3208911,274.82965816,264.39220954999996,249.35358698999997,246.68105714,258.45621127,265.37715812,269.03754906999995,291.80420728,296.61014022999996,293.14516072
root/NorthAmerica/Bermuda,root/NorthAmerica,0,0,0,0,0,0,0,0,0,0,0,0,0,0,0,0,0,0,0,0,100.0,73.16531063,113.7523098,104.8041147,143.90788930000002,97.38018754,47.4794524,43.56295086,30.55705925,48.92714551,22.42096814,19.75405551,17.39700624,15.48281877,26.94360388,28.61439643,24.17183282
root/NorthAmerica/Canada,root/NorthAmerica,0,0,0,0,0,0,0,0,0,0,0,0,0,0,0,0,0,0,0,0,100.0,95.99762199,96.59669822,95.01806375,100.2030457,102.48959620000001,103.294462,104.7679151,100.053048,85.38546668,91.4620204,96.40371336,99.92225728,101.6682673,107.9105501,112.71230619999999,113.9342388
root/NorthAmerica/UnitedStates,root/NorthAmerica,35.65398037,35.87237515,35.24289345,35.76714989,39.02608008,40.80327686,41.324974,43.28696502,46.53623648,49.57600023,52.20047888,53.45482127,55.79053933,58.45691231,63.61763596,69.33152518,73.15375868,80.10629007,84.16506632,87.53119814,100.0,94.03670273,90.28927403,92.93925949,101.10448149999999,107.8269854,118.5469767,126.4987922,133.7821023,115.04097479999999,132.7980686,142.2984424,148.0578946,151.886463,156.9500533,155.28343759999998,155.03908909999998
root/SouthAsia,root,93.03244162,99.77202395,100.90952343000001,105.89911907999999,107.74680339,114.22326140000001,120.00518905000001,135.34689588,141.21174113,151.22668683999999,176.14210891,192.35472045,218.67441362999998,231.68271893000002,254.24559788,281.21933972,309.19182274,314.7066954,315.81824465,337.98900561000005,800.0,745.7136128499999,809.92457057,915.24635509,1083.9602273,1198.5227916000001,1351.4402540400001,1523.83501027,1521.8608619399997,1341.8596227299997,1497.2894255299998,1626.14133316,1589.53893084,1757.1785197699999,1813.7005271999997,1826.3882122499997,1906.69450259
root/SouthAsia/Afghanistan,root/SouthAsia,0,0,0,0,0,0,0,0,0,0,0,0,0,0,0,0,0,0,0,0,100.0,44.11670925,66.91053448,96.60633083,172.49638230000002,201.69537739999998,194.2543138,189.79677180000002,190.0386467,147.3553211,125.620029,104.588705,123.29717609999999,152.46192230000003,170.20927030000001,179.3476898,185.0455137
root/SouthAsia/Bangladesh,root/SouthAsia,14.45517115,16.04577006,16.47122858,16.17390559,20.21603323,18.14873811,18.83641117,21.94137348,24.90639363,25.1743682,32.24453665,31.04887959,39.02738279,43.41149883,51.97431854,68.63555559,68.84976,78.78479423,81.15714754,85.29668691,100.0,96.43923317,98.29732382,111.4399884,130.69954099999998,144.9457836,184.4184423,191.7112919,227.95566459999998,219.46511119999997,271.55100489999995,316.3116377,319.05510810000004,382.22261460000004,403.39384889999997,437.2656295,475.7667992
root/SouthAsia/Bhutan,root/SouthAsia,0,0,0,0,0,0,0,0,0,0,0,0,0,0,0,0,0,0,0,0,100.0,97.03834979,103.774677,114.3525602,126.4287308,152.2709409,216.78020279999998,349.5869102,203.0664085,235.95399669999998,268.034225,241.0360508,214.3876745,231.3715442,254.2097341,278.2114832,283.7153464
root/SouthAsia/India,root/SouthAsia,21.102922500000002,21.50982741,23.49069354,22.96318792,23.23104971,22.00621915,22.63080209,26.92828858,26.02194153,30.44802188,35.04186211,35.75120663,39.58451656,45.44755846,51.79167039,66.92208486,75.84097375,70.60393398,73.73772741,83.32738945,100.0,108.5010192,126.52659080000001,133.9342968,155.48911819999998,189.03715290000002,211.28831980000004,242.0687267,283.2102519,266.3532423,334.7919187,384.89813119999997,377.9317846,409.89251260000003,424.40189569999995,415.4914018,443.97092829999997
root/SouthAsia/Maldives,root/SouthAsia,0,0,0,0,0,0,0,0,0,0,0,0,0,0,0,0,0,0,0,0,100.0,103.17500109999999,122.8652355,141.1040529,160.0814314,131.4358169,168.2889262,163.7668394,224.84256380000002,117.8145719,123.32765990000001,201.45175690000002,185.23900680000003,192.5343185,169.7946258,140.2875642,144.59219950000002
root/SouthAsia/Nepal,root/SouthAsia,0,0,0,0,0,0,0,0,0,0,0,0,0,0,0,0,0,0,0,0,100.0,95.11847603,74.04089575,82.09322032,88.8728482,94.0312929,82.07576904,78.69120557,78.25940604,71.65872603,71.37085943,66.26728676,66.02464964,65.48042147,65.8258316,54.93112215,55.30399669
root/SouthAsia/Pakistan,root/SouthAsia,28.71617563,30.40941854,27.65311203,36.64227156,29.21268424,35.70279256,37.85718009,44.43223792,49.10773208,53.77536041,61.90420279999999,76.11464109,88.09254886,82.31265416,84.10678262,75.01655344,90.56540496,83.96034592,80.41157591,85.60007,100.0,108.9981057,122.18852659999999,137.3004501,143.85724390000001,171.8336909,176.882929,180.3492079,182.3636147,167.9364987,180.700275,181.0999518,174.5086136,182.6773357,174.20755459999998,163.7462637,161.8831075
root/SouthAsia/SriLanka,root/SouthAsia,28.75817234,31.80700794,33.29448928,30.11975401,35.08703621,38.36551158,40.680795700000004,42.044995899999996,41.17567389,41.82893635,46.95150735,49.43999314,51.96996542,60.51100748,66.37282633,70.64514583,73.93568403,81.35762127,80.51179379,83.76485925,100.0,92.32671861,95.32078662,98.41545554,106.0349315,113.2727361,117.4513511,127.8640568,132.1243057,115.32215479999999,121.89345359999999,130.487813,129.0949175,140.5378504,151.65776619999997,157.1070579,156.4166113
root/Sub-SaharanAfrica,root,2436.79812779,2710.7281914799996,2984.2473674840003,2548.23425699,2945.39436166,2935.7425170640013,3375.792061791001,3263.713576674,2998.812824737,3165.89510758,3084.0166728579993,3213.3668316089997,3296.355758996001,3669.5729625319996,3720.79198612,3688.4301540599995,4046.958568009999,4008.91009745,4038.215214319999,4183.97201247,4700.0,5476.587651849998,6103.6331076,6911.381855430002,8213.650294569998,8387.898447119998,8790.8476469,8997.517726979997,8659.01566308,9155.989564939997,10105.771257309998,11042.245060500003,15341.27279849,19495.81971541,20574.74510785,15223.90748587,15795.618339960001
root/Sub-SaharanAfrica/Angola,root/Sub-SaharanAfrica,0,0,0,0,0,46.11178736,29.29901051,47.28315126,49.15910316,51.42181664,59.79847027,45.36235809,100.81166970000001,63.13653787,79.34368678,74.60249926,71.47226841,91.61014496,104.021389,103.33629499999999,100.0,92.69302698,113.45177659999999,109.938552,125.6879508,126.489447,134.95858940000002,154.63531930000002,139.52711730000001,236.44135719999997,224.8196634,206.1180871,222.1880844,223.00293880000004,214.78760350000002,228.5466204,223.09644669999997
root/Sub-SaharanAfrica/Benin,root/Sub-SaharanAfrica,28.08580619,17.86057118,8.560490364,25.68821432,65.34214379,61.61923417,37.32714363,35.43925954,19.11523102,66.93628068,68.59490926,85.81654783,123.91023829999999,116.35835379999999,111.4253659,82.95734689,119.0799531,96.61493152,91.09537872,96.06060567,100.0,108.77420359999998,135.011493,132.3224447,125.8617228,118.19955630000001,136.3719773,176.27505269999997,171.214355,180.7905782,155.87854309999997,134.69832350000001,159.5048091,230.78192489999998,306.1374697,238.5054113,174.7485012
root/Sub-SaharanAfrica/Botswana,root/Sub-SaharanAfrica,22.95222363,19.55306549,27.78193179,38.8919773,46.91679109,58.33923318,61.97876413,85.2121223,73.64868739,75.09508553,62.65002721,67.26980107,63.73055293,64.76852193,66.12749115,72.4371612,89.04217787,96.97853954,71.08750315,95.54577452,100.0,95.45665979,94.90735398,107.37090890000002,124.71633929999999,151.05168840000002,136.7848825,139.71222350000002,142.5497603,107.0574134,132.0077136,150.522142,152.82923259999998,207.7117917,217.3168918,170.0914216,202.3603936
root/Sub-SaharanAfrica/BurkinaFaso,root/Sub-SaharanAfrica,56.68937295,55.63329844,41.37261686,37.93602936,46.54480477,42.17488038,47.03645477,67.53153545,54.70906004,34.04075979,52.19235138,39.30121286,34.17870007,37.75396912,41.49258957,89.38025346,78.96738946,86.22306294,125.16628759999999,111.9353848,100.0,120.15210049999999,136.50800149999998,137.1835396,203.1963961,215.9170014,248.8679508,232.72189550000002,218.71819469999997,294.64155919999996,386.71545069999996,446.3320375,411.3604483,491.1359038,551.1207299,543.8877919,561.9129429999999
root/Sub-SaharanAfrica/Burundi,root/Sub-SaharanAfrica,18.62086237,29.02213403,32.49143407,27.70430266,33.78531936,37.2093093,39.12669508,32.73922398,38.91664269,27.42438032,33.99711077,40.68883669,50.98412593,41.95254676,58.48724824,47.99911749,29.52800169,65.53630712,62.6580581,82.91609655,100.0,96.40015505,73.98135032,84.55902631,93.23668264,87.9597732,77.95133774,72.28178821,60.007706299999995,72.5929187,88.788843,84.66686999,98.14191159,81.05045464,115.11218829999999,111.019774,98.23888469
root/Sub-SaharanAfrica/CaboVerde,root/Sub-SaharanAfrica,50.93100927,18.32682279,32.03287536,53.82146533,38.7353088,108.74950770000001,61.15075622,83.66194858,33.27255687,72.43536685,51.97867135,37.47798749,36.87366983,34.146704799999995,36.13799005,62.16870229999999,96.10233392,111.07409740000001,83.17886278,92.06710186,100.0,92.54936801,98.94679053,117.4841795,136.90815519999998,131.0864885,139.016579,121.760846,186.3375508,206.71548810000002,235.7042503,320.66663439999996,261.08243219999997,347.2761564,409.8613046,366.90923460000005,332.02959330000004
root/Sub-SaharanAfrica/Cameroon,root/Sub-SaharanAfrica,58.591574,58.08455598,33.78707968,41.29351848,46.95434109,44.83132618,49.01950706,51.93407102,57.54689454,85.52714522,125.49379420000001,100.4663032,112.1204116,110.5929794,96.88795599,94.04919118,102.6451492,108.80801129999999,131.64191029999998,127.53737579999999,100.0,100.4161598,96.81168166,111.695637,101.38456740000001,94.34698476,101.4365442,109.58103870000001,107.6149275,84.04559369,74.21238418,70.81451907,70.14123306,76.87768655,89.11465405,84.18546443,98.24900328
root/Sub-SaharanAfrica/CentralAfricanRepublic,root/Sub-SaharanAfrica,20.92674489,17.48268502,19.4745053,14.47510174,17.66232351,16.644413,11.27980265,21.07141827,20.63688343,19.90900468,17.13922484,22.08660772,17.57214331,19.18532037,44.35662971,43.05355956,42.099488,61.28755303,66.81095651,75.91625752,100.0,92.41574936,98.27177337,76.97915359,74.41206391,69.74660572,82.9079473,85.38062494,69.30332131,59.43037182,61.19053353,73.87133402,83.68741375,47.38536001,37.45327593,39.23206609,43.81696612
root/Sub-SaharanAfrica/Chad,root/Sub-SaharanAfrica,37.32733205,52.42663049,47.11150679,82.82309403,97.04596077,49.00658966,72.86047305,72.10626386,86.55173427,110.3524328,98.88223014,102.7537423,99.68119603,82.86288362,97.49515311,117.5740547,105.08200649999999,115.5469078,119.30541200000002,121.9253217,100.0,121.86408610000001,122.39529830000001,311.11326660000003,889.4829596000001,902.2083931,822.0934486000001,813.3553198,683.7152017000001,703.3515160000001,707.7019129,690.2259245,687.6102493,561.7319448,614.2634402000001,734.8824032000001,514.9147636
root/Sub-SaharanAfrica/Comoros,root/Sub-SaharanAfrica,117.34910740000001,249.35754530000003,300.5057847,244.6749751,140.71872150000002,264.999793,267.4822642,134.1643396,228.6125545,205.78443190000002,170.8861889,265.0949227,225.195192,265.5258176,182.3616869,120.4061803,67.30778855,70.12802105,51.71405639,58.974905500000006,100.0,201.87588490000002,236.5957809,278.5528599,204.137629,134.27023069999998,99.26928559,115.46078429999999,46.47305736,105.8101752,123.1856794,109.5742696,80.68513940000001,87.07147907,82.67893968,55.94065704,114.9616685
root/Sub-SaharanAfrica/CongoDemRep,root/Sub-SaharanAfrica,84.09933284,71.91839534,65.83059211,87.68462659,147.49082009999998,156.2921727,145.2883706,154.90430619999998,188.18849450000002,170.98189019999998,136.0233918,119.21631000000001,70.66696915,66.9005848,62.59968102,80.96032993,86.94736842,73.7959285,56.25476735,110.59743950000001,100.0,110.8073655,146.6844256,169.76341100000002,210.9438083,222.0523517,200.2839894,205.6512385,220.78068489999998,256.3760433,287.21725469999996,308.7326526,321.6862384,336.8717628,374.3253106,412.8243833,399.4041782
root/Sub-SaharanAfrica/CongoRep,root/Sub-SaharanAfrica,39.76603315,34.30532799,44.30419017,32.95554713,60.14200376,57.47992270000001,65.01208923,63.04359743,73.84184867,82.10650729,53.2602241,56.67106332,65.77097219,89.44976089,64.20757453,73.60754561,70.18151285,95.74429620000001,112.13982890000001,93.54224407,100.0,93.09159268,103.198865,104.5678985,105.1244408,105.36941200000001,111.982003,93.68178643,103.36198809999999,104.3595135,128.3231281,123.8931011,106.48760120000001,98.98046212,106.77559140000001,82.55219178,77.2784275
root/Sub-SaharanAfrica/CotedIvoire,root/Sub-SaharanAfrica,55.99386439,56.17034335,56.83341363,53.23572699,62.16208272,63.11881043,63.90730953,62.48633634,58.87758858,69.42994956,76.71302521,67.07308166,63.20528263,67.479467,69.14676468,80.23491906,89.33764194,99.55409636,99.5612607,102.4733137,100.0,97.20963409999999,100.8493083,106.2095578,119.2356121,115.5963446,114.482453,103.9478094,97.83049481,116.2699183,98.49116908,94.29941496,99.84707271,106.6648624,107.9231184,107.2173754,112.8705119
root/Sub-SaharanAfrica/EquatorialGuinea,root/Sub-SaharanAfrica,0,0,0,0,0,4.097908374,3.42131603,4.973643832,5.120552837,5.13112183,6.5426236079999995,4.256843319,5.037115179,7.718816852000001,12.84758517,16.39974833,25.78330278,65.47937859,76.97042219,81.87259915,100.0,179.02972739999998,213.7440466,247.4214171,314.06440519999995,347.752614,336.812269,384.75077430000005,411.11584960000005,372.82323710000003,339.0158516,345.3223582,382.45939960000004,375.668711,344.73225089999994,301.98344310000004,277.1673704
root/Sub-SaharanAfrica/Eritrea,root/Sub-SaharanAfrica,0,0,0,0,0,0,0,0,0,0,0,0,0,184.5035612,306.10753389999996,359.9902808,440.50914910000006,253.82190950000003,146.983445,92.68296873,100.0,50.43856293,152.4673956,18.77596227,30.21099157,29.33406393,29.63728535,27.84184103,21.64300506,21.509184899999997,22.77403591,606.8296756,660.9075958,469.06664670000004,971.8229124,877.9019206,641.1348797
root/Sub-SaharanAfrica/Ethiopia,root/Sub-SaharanAfrica,0,69.03030309,71.63700185,71.45098657,73.97621489,59.11629256,80.74252043,63.04089532,76.19437602,78.15800861,52.80615043,34.06980447,28.97986006,40.13575328,69.72158348,55.42424846,69.31978679,91.54159339,78.52784401,80.16993181,100.0,104.7112819,107.8932159,100.86710670000001,120.35252820000001,139.8539824,150.1258805,161.5591991,172.2776597,182.1335825,230.5298708,230.72579869999998,244.66612859999998,277.31368599999996,294.7983833,310.3842637,302.0200567
root/Sub-SaharanAfrica/Gabon,root/Sub-SaharanAfrica,35.58310196,37.8732495,40.07024756,41.44734704,50.74093403,46.348786700000005,47.78061479,38.74044952,37.06731035,49.9077108,53.918275699999995,60.32419281,57.13616433,85.50670657,75.75939258,77.06633620000001,76.97074346,82.43730119,74.10256886,93.48030247,100.0,108.98448379999999,102.64272640000002,113.7974756,110.01642269999999,110.0163418,99.08724496,102.39025670000001,114.49933840000001,94.72997837,121.37642930000001,103.7193851,100.2654522,105.49710449999999,108.74649860000001,127.6644541,133.36988870000002
root/Sub-SaharanAfrica/GambiaThe,root/Sub-SaharanAfrica,220.9754949,289.446775,497.4064043000001,56.19769598,584.4642104,260.4456984,563.1672766,491.0594255,320.8910014,298.0905263,190.62801480000002,244.2143484,344.68029069999994,394.1428887,209.86216180000002,93.15503438,121.8369837,84.29064809,123.42125520000002,98.61212817,100.0,56.64622179,103.79347,27.23741917,96.62018599,38.2989881,54.82872695,55.97296306,45.98916699,247.1793816,232.40513199999998,290.3060333,369.3666273,326.4769153,316.384979,383.5792396,380.271138
root/Sub-SaharanAfrica/Ghana,root/Sub-SaharanAfrica,171.0257875,245.06974169999998,348.4759625,341.3537845,47.84523874,49.89074353,39.71026101,47.12809598,53.92515175,66.2002706,54.40955556,36.55841347,77.24308549999999,64.03403897,87.02841999,92.12298025,87.61640787,85.85099793,91.01776059999999,99.93434546,100.0,99.71675525,85.53258129,102.66939670000001,107.77950020000002,114.39849840000002,135.53012090000001,130.635331,126.32712620000001,135.27460580000002,158.4580244,221.28980609999996,241.06003019999997,262.9829628,253.9812785,240.99493419999996,273.0701325
root/Sub-SaharanAfrica/Guinea,root/Sub-SaharanAfrica,0,0,0,0,0,0,43.29044309,51.40726503,52.2572387,54.49957064,55.960754099999996,69.66836466,62.22808247,72.51864333,62.81869741,76.32661743,82.50982516,79.01518513,89.65600041,86.72476786,100.0,116.5223595,115.57022179999998,90.92349545,92.99357385,95.02279438,87.92040612,96.12523896,98.24808813,98.02360866,114.92299609999999,93.00068727,130.39883429999998,140.3132451,159.8709342,170.00728,237.5807307
root/Sub-SaharanAfrica/GuineaBissau,root/Sub-SaharanAfrica,27.10750578,20.17255717,20.55159143,17.85909442,18.80603762,11.90438513,23.63484207,16.76188799,18.51738496,15.84847465,22.11005711,28.31943077,9.381930917,36.9375452,119.4358138,63.0118443,39.38039852,73.51495438,48.36297351,80.61277393,100.0,108.4129097,100.3411894,150.73099950000002,131.1351494,140.7690362,99.03507183,142.5921402,137.6686782,131.6483978,130.11498459999999,222.2642275,119.87077690000001,147.5308212,159.6033261,242.6782676,244.5381505
root/Sub-SaharanAfrica/Kenya,root/Sub-SaharanAfrica,51.6679453,52.11528832,53.24298865,47.28907567,54.34508759,54.14118009,61.76929795,54.31663178,57.50905662,54.85281735,63.32545129,66.55396313,82.1717859,107.1159688,102.83241459999999,101.2546402,113.5628737,97.08333058,94.94184909,98.7917977,100.0,121.71120220000002,136.6141164,143.8118513,145.14032680000003,163.63443940000002,156.0622067,173.3206404,182.9201155,163.6371251,177.5694416,171.7187701,185.1976004,189.6622394,199.9578876,191.5641097,193.1628915
root/Sub-SaharanAfrica/Lesotho,root/Sub-SaharanAfrica,20.12238029,19.69819749,16.64962894,13.36467147,14.759469699999999,16.11522367,17.03489305,36.47531348,30.71186603,33.13416583,27.48400178,27.7614876,40.38063562,50.95223421,55.72455322,58.70491202,73.87747036,77.50395257,83.86623377,74.67748918,100.0,128.6621579,164.3195711,219.2474417,325.9449118,300.64810530000005,319.1939861,346.5329307,385.2243583,320.86406610000006,376.37255489999995,447.3180711,363.36049219999995,325.67581060000003,318.8600267,336.0290167,360.0273161
root/Sub-SaharanAfrica/Liberia,root/Sub-SaharanAfrica,150.7553789,159.87327119999998,133.0703514,127.5324596,136.7347168,132.40121580000002,126.41384840000002,124.1646798,0,0,0,0,0,0,0,0,0,0,0,0,100.0,43.84459029,57.97328059,34.52748414,31.45865192,41.0961102,42.79844504,48.27926804,46.297492299999995,27.9206526,31.07785954,42.45553646,58.55504481,79.05850127,73.37082172,51.26853866,33.54242314
root/Sub-SaharanAfrica/Madagascar,root/Sub-SaharanAfrica,88.61799403,67.56480174,64.04815166,57.27059016,64.02451561,59.44150509,58.52056366,59.98309788,50.37296673,70.92092604,56.70196993,65.61324674,61.96456233,64.46713378,74.85552981,74.99847069,73.60372081,75.48860266,72.59379218,80.56334276,100.0,129.8649038,71.23334113,117.4892426,132.59433959999998,111.90078319999999,122.8543622,143.5766352,139.89186709999998,116.43975220000002,114.6515452,130.8228675,126.12362150000001,166.1234211,178.354703,182.75616259999998,206.83205680000003
root/Sub-SaharanAfrica/Malawi,root/Sub-SaharanAfrica,79.43441554,60.64809585,55.15582074,56.86781819,77.46622885,78.94279862,77.11624138,79.26619411,78.28124109,67.02016278,87.21943291,90.28447099,90.82108285,86.97097409,98.03286734,95.38539575,107.373554,115.0418709,113.65669650000001,114.74351709999999,100.0,120.488868,118.68392649999998,152.8967152,135.06938430000002,134.8243873,161.0437862,191.2192263,172.5649233,205.4123419,174.2338736,202.87914650000002,176.1250109,181.6769543,196.3402724,162.27131119999999,161.81590490000002
root/Sub-SaharanAfrica/Mali,root/Sub-SaharanAfrica,25.02792103,23.40920238,23.64155186,27.01229867,22.73500764,21.81013793,34.34769577,23.73114671,27.83198437,33.98405225,42.04523547,38.8370883,45.77813942,68.34278365,53.36710106,58.57236296,58.67286698,89.46217973,89.42776188,101.6898413,100.0,142.875683,161.42214840000003,136.0038345,138.392056,156.2726624,180.7460303,160.80222460000002,177.749022,144.71231709999998,127.2593918,118.0854564,133.83606699999999,135.033691,175.8894082,190.3827816,167.1850469
root/Sub-SaharanAfrica/Mauritania,root/Sub-SaharanAfrica,54.74529332,69.96919528,64.50224593,86.44479049,88.65532321,101.4360485,87.86460212,99.51380198,81.02773198,89.78206528,86.04461892,80.08612562,70.60961490000001,66.32916951,103.76284240000001,100.27133309999999,101.55155500000001,80.87485124,78.70310523,94.70768349,100.0,102.7411055,99.14626568,92.21515664,117.32043519999999,121.06275829999998,229.9642887,225.4611735,199.43735780000003,182.40822230000003,203.1039875,232.26025440000004,250.1471713,248.16893259999998,205.2887025,180.08354169999998,178.76995019999998
root/Sub-SaharanAfrica/Mauritius,root/Sub-SaharanAfrica,37.72710519,28.40858503,36.75924113,37.33589268,39.20052074,49.56649509,64.76491081,70.62984770000001,74.44416837,75.34800699,87.10170653,79.03334364,88.02839748,86.8713241,95.0249155,98.75693446,108.1267558,96.44334098,108.9045942,107.3434949,100.0,113.9679362,119.2982544,145.1055019,139.9791851,152.8466062,168.69760280000003,152.123575,151.489732,139.0020784,161.30863119999998,164.3156539,166.2054309,176.04213959999998,197.73662009999998,192.55668909999997,168.65378710000002
root/Sub-SaharanAfrica/Mozambique,root/Sub-SaharanAfrica,44.58632408,40.388355100000005,38.62199151,22.87731256,18.90629694,15.03139717,13.66715046,15.22762951,16.45157168,17.27314602,20.6043956,25.003086800000002,27.27629513,27.68224142,32.42894324,32.45105247,52.3582996,52.13534329,56.32334184,63.90523194,100.0,203.270056,247.28975219999998,294.96959460000005,362.31906860000004,378.8919937,415.1851213,402.26200980000004,387.70415210000004,402.16386669999997,464.02058660000006,488.985921,566.7026948,626.8265235,746.8107884,638.0232078,651.226943
root/Sub-SaharanAfrica/Namibia,root/Sub-SaharanAfrica,0,0,0,0,0,0,0,0,0,0,64.2327848,85.09397325,89.90427729,91.16945188,86.91882452,93.62553215,95.00763896,88.90506222,89.72557972,94.39256976,100.0,90.49665896,82.90674468,94.02695614,125.00363290000001,131.9940644,131.5091679,128.7037593,138.3055546,150.9797081,175.6040624,172.56791619999998,174.3402488,193.86740600000002,191.8967517,184.17201640000002,186.3390583
root/Sub-SaharanAfrica/Niger,root/Sub-SaharanAfrica,105.7602814,120.8310248,93.12451609,85.16817472,78.79319178,87.29067869,81.06627216,68.97116761,66.63542049,63.75764666,72.88283062,86.79907425,89.19593618,110.134353,75.10835981,85.54079371,109.3965237,99.94979654,117.9887992,104.4817303,100.0,99.07827134,100.6517041,115.4809719,119.3746369,107.1582527,90.79768967,78.82894429,113.57494640000002,143.0196653,152.15507250000002,133.101175,145.5686999,164.95550569999997,163.68678549999998,139.3893735,148.5807305
root/Sub-SaharanAfrica/Nigeria,root/Sub-SaharanAfrica,140.7820695,87.75011020000001,79.86734255,108.7602196,164.5886465,187.6372109,92.33021629999999,67.36634997,83.25401496,70.13763765,83.85069167,94.95096832,70.168603,91.22823589,97.19467271,96.40754384,104.431514,113.10699609999999,124.6153136,105.8781717,100.0,101.1578735,90.52557390000001,108.9156263,118.6065244,117.09625449999999,113.18968989999999,107.9389851,105.62323799999999,108.7394281,124.04349579999999,119.6637133,119.21063229999999,110.4007249,106.7307692,106.423681,87.49496577
root/Sub-SaharanAfrica/Rwanda,root/Sub-SaharanAfrica,232.2370224,292.60929469999996,211.1880662,205.78145930000002,248.4928069,309.5973483,343.3003431,348.0358003,265.02695159999996,263.1040461,296.98047149999996,242.8178696,193.1095291,175.5617383,64.26234290000001,90.78758754,120.29414799999999,129.7120107,118.6404345,137.55884650000002,100.0,185.30584919999998,139.8876119,123.308732,152.0406678,146.6980961,149.744305,157.7925955,174.57476090000003,181.2927642,187.9487669,271.6809675,381.1975599,463.42517369999996,482.69027539999996,500.0071158,529.9951501
root/Sub-SaharanAfrica/SaoTomeandPrincipe,root/Sub-SaharanAfrica,0,0,0,0,0,0,194.6274754,154.1868342,170.5930584,177.1749215,161.8494603,214.6734349,207.8602271,176.975578,173.27028909999999,164.3559784,124.7825384,131.29624579999998,147.53200800000002,68.9027057,100.0,85.51535481,117.93997279999999,155.7930895,120.1596229,151.96257849999998,168.5629965,133.1832517,162.93370280000002,120.52676340000001,156.1104074,150.8956334,184.9482543,105.6666723,137.9186477,121.37969059999999,146.80329619999998
root/Sub-SaharanAfrica/Senegal,root/Sub-SaharanAfrica,32.40740992,35.3009065,46.53438148,57.91440405,56.03485436,48.49123743,47.54590031,40.69541318,40.1691365,45.66601312,44.51977906,42.32853126,39.32348149,45.21365684,57.70511583,61.70628924,65.49253028,81.95518612,87.67034777,96.26268398,100.0,114.5348638,123.2366771,131.6653389,140.6938117,132.004922,121.79541470000001,114.5873558,120.9022342,131.1763662,123.47350990000001,113.68862920000001,112.2611412,120.9546527,127.5043797,142.4445817,148.5300774
root/Sub-SaharanAfrica/Seychelles,root/Sub-SaharanAfrica,0,0,0,0,0,12.42416955,10.85527751,11.79989641,16.12051872,21.51992516,32.02123657,30.86835316,25.77909079,27.50032287,26.84845667,25.00050485,65.52499031,56.25378754,61.36253353,67.5316153,100.0,123.0609091,134.0824904,152.7418498,144.7826544,145.7003628,154.673797,140.70172649999998,149.91296780000002,153.7190267,141.36418369999998,144.4793301,140.4042523,176.377528,167.320543,151.7236676,161.6889361
root/Sub-SaharanAfrica/SierraLeone,root/Sub-SaharanAfrica,0,0,0,0,0,0,0,0,0,0,0,0,0,0,0,0,0,0,0,0,100.0,250.6044594,413.41042450000003,745.0567902,1003.797467,1095.934725,1473.429809,1419.262808,1089.3479,1288.2633529999998,1689.2960859999998,1585.044298,5614.427675,9500.498953,9589.121141,4429.294134000001,5267.423000000001
root/Sub-SaharanAfrica/Somalia,root/Sub-SaharanAfrica,0,0,0,0,0,0,0,0,0,0,0,0,0,0,0,0,0,0,0,0,100.0,149.0498806,160.98327350000002,109.0400182,79.76386632,105.90496040000001,107.6626279,120.4434457,125.6452148,132.8406557,136.2033074,142.114431,142.5578679,133.5289306,134.6565574,143.992434,140.1968985
root/Sub-SaharanAfrica/SouthAfrica,root/Sub-SaharanAfrica,59.15444847,54.99327176,53.96157294,54.21858128,57.24244154,62.60374312,60.68073938,57.55153707,60.62905374,65.94390223,65.50549319,65.24568563,65.6963672,70.86449322,71.53301457,75.52646117,84.74886449,91.57877941,85.36310283,89.0733292,100.0,101.8600868,99.88316427,98.31212299,103.8024532,108.8373385,111.9021792,122.5868169,129.5951142,101.58653050000001,122.6211365,129.4935,126.63977479999998,132.7364195,141.88629319999998,148.78028500000002,156.2443961
root/Sub-SaharanAfrica/Sudan,root/Sub-SaharanAfrica,20.85908624,21.63903144,21.70682268,28.52275758,23.67197834,11.24717537,8.501994241,9.026523532,16.87265862,20.65699895,15.80630537,17.58500766,32.13291939,32.07966643,35.66496786,28.47425939,39.01513055,30.73709541,30.53192951,47.44245625,100.0,104.31607509999999,121.53614479999999,135.0312727,159.4683316,148.02784440000002,146.1174882,207.80736509999997,201.81733290000003,204.282825,223.0490029,143.3483111,0,0,0,0,0
root/Sub-SaharanAfrica/Swaziland,root/Sub-SaharanAfrica,41.79848996,41.1897095,36.65163966,34.4342721,30.52420605,33.97609244,46.23038824,53.70305153,67.54895483,73.24230453,71.22853543,75.53321682,74.69449409,77.96320037,86.75248398,82.82997119,87.16843797,94.46785094,103.82093959999999,101.9802122,100.0,114.94281840000001,108.0481809,164.81342949999998,169.6203178,148.2241299,131.5948606,133.622121,105.6910822,96.99844016,98.19156716,93.11510888,98.50935371,99.09140133,93.66073424,95.00651474,89.44024249
root/Sub-SaharanAfrica/Tanzania,root/Sub-SaharanAfrica,0,0,0,0,0,0,0,51.33607598,45.14876195,50.90746283,49.41351448,48.24328558,64.06461957,67.18897406,71.19017872,105.97975759999999,117.0819865,75.65423015,72.22360025,75.81651551,100.0,121.5850409,137.3775872,155.7982049,168.7405214,175.48299509999998,164.66691200000002,171.43329939999998,205.3439416,196.104244,223.1593981,208.7050401,248.02820469999997,223.04746400000002,235.1680931,273.0268466,278.6199785
root/Sub-SaharanAfrica/Togo,root/Sub-SaharanAfrica,75.66419982,54.17270287,49.067539000000004,46.87739706,52.39578737,53.44321564,50.12895674,55.94582255,52.19751686,53.18617631,52.73781604,53.2693604,54.51480648,39.45500932,94.2597566,92.24994922,111.4089148,110.2271642,99.83129100000001,95.46289731,100.0,168.8813362,201.0029075,259.0790482,198.6338886,256.791542,123.161455,117.0890933,110.29668249999999,129.34518899999998,129.17878829999998,132.95259209999998,151.3007284,188.62727280000001,171.8347419,154.7859466,200.247691
root/Sub-SaharanAfrica/Uganda,root/Sub-SaharanAfrica,0,0,66.53081707,61.73761322,31.49201048,27.73926844,30.53420243,21.41651978,20.5109302,24.96483622,19.59060607,30.53418368,25.11019325,32.90299854,64.337445,47.891170200000005,72.88084412,77.25470746,78.32846674,96.30088007,100.0,125.4088623,127.7423321,134.3309083,152.52499509999998,166.6052089,180.4082869,227.32975269999997,254.2870471,239.1994696,219.4740605,240.7768863,288.54986180000003,315.2186461,280.9734522,312.88329480000004,350.4000998
root/Sub-SaharanAfrica/Zambia,root/Sub-SaharanAfrica,99.05526794,104.3033375,117.43425690000001,84.44347273,71.91200587,97.34788590000001,76.15285737,95.01402001,87.21526967,113.46257720000001,93.17805809,81.39293991,59.42903222,70.92826213,78.68008468,71.02080825,92.19708683,84.35695938,136.0438145,181.4708668,100.0,119.95818020000002,118.33902309999999,109.6387642,131.40783090000002,123.6368284,158.39657780000002,180.16593469999998,191.524435,201.3711835,245.84685699999997,261.73946800000004,296.76434700000004,356.0107335,342.7586467,297.35855960000004,267.8411004
root/Sub-SaharanAfrica/Zimbabwe,root/Sub-SaharanAfrica,30.36994119,34.12980796,34.26081263,34.88750832,34.08600845,36.67769487,39.82232033,40.6669846,43.20969565,40.57458169,45.707226500000004,44.16796154,48.95401539,56.06379006,67.38582024,73.71049457,76.68064556,70.56688761,82.4417376,98.07619975,100.0,65.23633971,110.49989240000001,81.91820123,79.50962727,74.91990093,67.30456685,66.14931682,61.15721532,62.77910674,74.61983221,72.16310085,86.06435176,81.75119732,77.51698423,67.31538693,71.52177037
