root/EastAsia&PacificAustralia,root,0,0,0,14.52,0,9.91,0,0,7.7,7.58,6.91,6.73,6.53,5.91,5.61,5.64,5.7,4.65,4.19,4.27,4.27,4.42,3.07,3.02,2.99,3.01,3.07,2.67,2.46
root/EastAsia&PacificBruneiDarussalam,root,0,0,0,0,3.46,0,0,0,4.54,4.54,4.51,4.3,4.2,4.04,3.62,3.49,3.56,3.67,3.68,3.57,3.48,3.1,4.38,2.56,0,0,1.38,0,1.39
root/EastAsia&PacificCambodia,root,0,0,0,0,0,0,0,0,0,0,0,0,0,16.54,16.0,16.1,0,13.75,13.46,12.08,12.17,0,13.01,11.97,11.97,0,7.74,0,12.0
root/EastAsia&PacificChina,root,0,0,0,0,40.75,38.27,34.13,0,21.7,16.59,17.15,16.29,16.23,15.29,12.14,10.68,9.82,9.31,8.9,8.95,8.71,8.1,8.07,8.16,0,0,7.78,7.83,7.84
root/EastAsia&PacificFiji,root,0,0,0,0,0,0,0,0,0,0,0,0,0,0,0,8.62,9.31,0,9.63,10.35,12.05,12.47,12.8,14.35,12.95,12.86,0,11.61,0
root/EastAsia&PacificFrenchPolynesia,root,0,0,0,0,0,0,0,0,0,0,0,0,0,0,0,0,0,0,0,0,7.22,7.25,0,7.1,6.24,6.12,6.11,7.96,7.93
root/EastAsia&PacificIndonesia,root,0,25.88,24.2,0,0,16.89,0,14.32,10.6,21.05,8.24,9.72,8.32,6.15,6.19,5.79,5.97,6.02,6.08,5.79,6.81,5.12,5.07,5.18,5.21,5.23,0,0,6.21
root/EastAsia&PacificJapan,root,3.96,3.76,3.25,3.21,3.26,3.32,3.39,2.89,3.16,2.55,2.46,2.34,2.26,2.45,2.41,2.33,2.38,2.36,2.84,2.77,2.65,2.62,2.57,2.44,2.44,1.88,2.3,2.15,2.09
root/EastAsia&PacificKoreaRep,root,18.81,15.08,12.87,0,10.92,0,0,7.81,8.17,8.14,8.5,8.14,8.05,8.0,7.85,7.65,7.28,7.25,7.33,6.49,7.31,7.27,7.31,7.41,7.22,7.17,3.05,2.67,7.29
root/EastAsia&PacificLaoPDR,root,0,0,0,0,0,0,0,0,0,0,0,0,8.6,8.87,0,0,7.85,6.26,5.61,5.17,8.43,0,0,0,0,0,4.15,7.46,1.96
root/EastAsia&PacificMalaysia,root,18.88,0,0,16.21,0,12.96,0,0,9.98,8.07,14.08,9.3,8.92,8.12,8.07,7.92,9.5,8.3,6.96,6.4,6.21,6.08,5.02,6.27,6.3,6.12,3.7,0,5.83
root/EastAsia&PacificMongolia,root,0,0,0,0,0,0,0,0,0,0,0,0,4.85,6.79,6.8,4.86,4.88,4.09,4.08,4.88,4.88,4.88,4.91,4.91,0,4.91,0,4.91,0
root/EastAsia&PacificMyanmar,root,0,0,0,0,0,0,0,0,4.37,4.37,4.37,4.37,4.37,4.2,4.2,4.16,4.03,3.98,3.93,3.77,3.71,0,3.3,3.07,4.9,4.41,0,3.87,0
root/EastAsia&PacificNauru,root,0,0,0,0,0,0,0,0,0,0,0,0,0,0,0,0,0,0,0,0,0,0,0,0,0,0,0,0,10.01
root/EastAsia&PacificNewZealand,root,0,0,0,0,15.17,10.0,0,0,6.85,6.17,5.06,4.12,3.43,3.86,4.54,5.1,5.64,4.24,4.06,4.0,2.99,2.71,2.76,3.0,3.1,2.49,2.29,2.29,2.24
root/EastAsia&PacificPalau,root,0,0,0,0,0,0,0,0,0,0,0,0,0,0,0,0,0,3.19,3.19,0,0,0,4.47,4.36,4.35,0,0,3.69,4.16
root/EastAsia&PacificPapuaNewGuinea,root,0,0,0,0,0,0,0,0,0,18.55,0,18.5,5.7,5.7,5.76,4.9,5.06,5.07,4.15,3.72,3.65,3.72,3.56,0,3.12,3.12,0,0,0
root/EastAsia&PacificPhilippines,root,28.09,28.09,19.32,0,19.33,21.59,20.92,19.41,13.94,12.19,10.13,9.22,7.02,6.71,5.05,4.25,4.98,4.95,4.88,4.86,4.65,4.67,4.59,3.7,3.68,3.71,0,3.85,4.86
root/EastAsia&PacificSamoa,root,0,0,0,0,0,0,0,0,0,0,0,0,0,0,0,0,0,0,0,0,0,0,0,11.49,11.4,11.42,11.41,11.35,11.4
root/EastAsia&PacificSingapore,root,0,0.48,0,0,0,0,0,0,0,0,0,0,0,0,0,0,0,0,0,0,0,0,0,0,0,0,0,0,0
root/EastAsia&PacificSolomonIslands,root,0,0,0,0,0,0,0,0,0,0,0,0,0,0,0,0,0,0,0,0,9.57,0,0,0,0,0,0,8.55,8.51
root/EastAsia&PacificThailand,root,0,41.1,0,42.12,0,43.6,0,20.44,0,0,0,43.11,16.15,14.5,0,13.34,11.21,10.15,10.43,9.95,10.23,10.42,10.31,10.72,0,11.02,7.75,7.28,0
root/EastAsia&PacificTimorLeste,root,0,0,0,0,0,0,0,0,0,0,0,0,0,0,0,0,0,0,0,0,0,0,0,2.5,2.5,2.5,2.5,2.5,2.5
root/EastAsia&PacificTonga,root,0,0,0,0,0,0,0,0,0,0,0,0,0,0,0,0,0,0,0,0,0,10.62,10.75,10.66,11.0,11.0,0,11.2,11.21
root/EastAsia&PacificTuvalu,root,0,0,0,0,0,0,0,0,0,0,0,0,0,0,0,0,0,0,0,0,0,0,7.37,0,0,0,0,0,0
root/EastAsia&PacificVanuatu,root,0,0,0,0,0,0,0,0,0,0,0,0,0,0,16.46,16.21,16.23,16.21,15.81,16.53,16.7,16.69,0,0,10.32,0,0,9.08,8.98
root/EastAsia&PacificVietnam,root,0,0,0,0,0,0,9.85,0,0,0,0,12.0,0,13.34,13.02,12.23,12.04,11.24,11.36,11.76,7.57,7.53,7.08,0,6.93,6.5,6.43,6.03,6.14
root/Europe&CentralAsiaAlbania,root,0,0,0,0,0,0,0,0,0,17.08,0,0,11.68,11.63,8.26,8.05,7.18,6.18,6.19,5.48,2.09,5.51,5.56,1.9,1.32,1.35,1.04,1.03,1.25
root/Europe&CentralAsiaArmenia,root,0,0,0,0,0,0,0,0,0,0,0,0,0,2.82,0,3.34,3.51,3.48,3.38,3.6,3.49,3.88,3.9,3.96,4.57,4.5,4.48,6.26,4.85
root/Europe&CentralAsiaAustria,root,2.55,2.84,5.86,4.32,3.3,3.14,3.95,4.23,2.82,2.23,2.86,3.31,2.24,2.99,1.72,1.65,1.69,1.67,1.74,1.63,1.53,1.54,1.85,1.48,1.49,1.48,2.06,2.03,1.88
root/Europe&CentralAsiaAzerbaijan,root,0,0,0,0,0,0,0,0,0,0,0,0,0,0,10.53,0,0,10.52,0,8.41,8.05,8.33,0,8.22,8.62,8.54,9.21,8.44,0
root/Europe&CentralAsiaBelarus,root,0,0,0,0,0,0,0,0,12.46,13.23,0,0,10.88,10.74,11.65,0,0,0,0,0,9.47,9.48,7.49,7.5,7.47,7.45,6.76,6.04,5.05
root/Europe&CentralAsiaBelgium,root,2.55,2.84,5.86,4.32,3.3,3.14,3.95,4.23,2.82,2.23,2.86,3.31,2.24,2.99,1.72,1.65,1.69,1.67,1.74,1.63,1.53,1.54,1.85,1.48,1.49,1.48,2.06,2.03,1.88
root/Europe&CentralAsiaBosniaandHerzegovina,root,0,0,0,0,0,0,0,0,0,0,0,0,0,5.48,0,0,0,0,8.13,7.22,6.97,3.97,3.56,3.18,3.07,2.96,2.99,2.53,2.61
root/Europe&CentralAsiaBulgaria,root,2.55,2.84,5.86,4.32,3.3,3.14,3.95,4.23,2.82,2.23,2.86,3.31,2.24,2.99,1.72,1.65,1.69,1.67,1.74,1.63,1.53,1.54,1.85,1.48,1.49,1.48,2.06,2.03,1.88
root/Europe&CentralAsiaCroatia,root,2.55,2.84,5.86,4.32,3.3,3.14,3.95,4.23,2.82,2.23,2.86,3.31,2.24,2.99,1.72,1.65,1.69,1.67,1.74,1.63,1.53,1.54,1.85,1.48,1.49,1.48,2.06,2.03,1.88
root/Europe&CentralAsiaCyprus,root,2.55,2.84,5.86,4.32,3.3,3.14,3.95,4.23,2.82,2.23,2.86,3.31,2.24,2.99,1.72,1.65,1.69,1.67,1.74,1.63,1.53,1.54,1.85,1.48,1.49,1.48,2.06,2.03,1.88
root/Europe&CentralAsiaCzechRepublic,root,2.55,2.84,5.86,4.32,3.3,3.14,3.95,4.23,2.82,2.23,2.86,3.31,2.24,2.99,1.72,1.65,1.69,1.67,1.74,1.63,1.53,1.54,1.85,1.48,1.49,1.48,2.06,2.03,1.88
root/Europe&CentralAsiaDenmark,root,2.55,2.84,5.86,4.32,3.3,3.14,3.95,4.23,2.82,2.23,2.86,3.31,2.24,2.99,1.72,1.65,1.69,1.67,1.74,1.63,1.53,1.54,1.85,1.48,1.49,1.48,2.06,2.03,1.88
root/Europe&CentralAsiaEstonia,root,2.55,2.84,5.86,4.32,3.3,3.14,3.95,4.23,2.82,2.23,2.86,3.31,2.24,2.99,1.72,1.65,1.69,1.67,1.74,1.63,1.53,1.54,1.85,1.48,1.49,1.48,2.06,2.03,1.88
root/Europe&CentralAsiaFinland,root,2.55,2.84,5.86,4.32,3.3,3.14,3.95,4.23,2.82,2.23,2.86,3.31,2.24,2.99,1.72,1.65,1.69,1.67,1.74,1.63,1.53,1.54,1.85,1.48,1.49,1.48,2.06,2.03,1.88
root/Europe&CentralAsiaFrance,root,2.55,2.84,5.86,4.32,3.3,3.14,3.95,4.23,2.82,2.23,2.86,3.31,2.24,2.99,1.72,1.65,1.69,1.67,1.74,1.63,1.53,1.54,1.85,1.48,1.49,1.48,2.06,2.03,1.88
root/Europe&CentralAsiaGeorgia,root,0,0,0,0,0,0,0,0,0,0,0,9.46,0,9.44,9.39,7.07,6.91,6.38,5.3,0.15,0.14,0.12,0.15,0.78,0.86,0.82,0,0.31,0.81
root/Europe&CentralAsiaGermany,root,2.55,2.84,5.86,4.32,3.3,3.14,3.95,4.23,2.82,2.23,2.86,3.31,2.24,2.99,1.72,1.65,1.69,1.67,1.74,1.63,1.53,1.54,1.85,1.48,1.49,1.48,2.06,2.03,1.88
root/Europe&CentralAsiaGreece,root,2.55,2.84,5.86,4.32,3.3,3.14,3.95,4.23,2.82,2.23,2.86,3.31,2.24,2.99,1.72,1.65,1.69,1.67,1.74,1.63,1.53,1.54,1.85,1.48,1.49,1.48,2.06,2.03,1.88
root/Europe&CentralAsiaHungary,root,2.55,2.84,5.86,4.32,3.3,3.14,3.95,4.23,2.82,2.23,2.86,3.31,2.24,2.99,1.72,1.65,1.69,1.67,1.74,1.63,1.53,1.54,1.85,1.48,1.49,1.48,2.06,2.03,1.88
root/Europe&CentralAsiaIceland,root,0,0,0,0,0,3.61,0,0,5.02,0,4.77,4.78,5.1,5.16,0,5.11,4.97,4.94,2.52,2.43,2.36,1.77,1.67,1.64,1.67,1.55,1.44,1.18,0.56
root/Europe&CentralAsiaIreland,root,2.55,2.84,5.86,4.32,3.3,3.14,3.95,4.23,2.82,2.23,2.86,3.31,2.24,2.99,1.72,1.65,1.69,1.67,1.74,1.63,1.53,1.54,1.85,1.48,1.49,1.48,2.06,2.03,1.88
root/Europe&CentralAsiaItaly,root,2.55,2.84,5.86,4.32,3.3,3.14,3.95,4.23,2.82,2.23,2.86,3.31,2.24,2.99,1.72,1.65,1.69,1.67,1.74,1.63,1.53,1.54,1.85,1.48,1.49,1.48,2.06,2.03,1.88
root/Europe&CentralAsiaKazakhstan,root,0,0,0,0,0,0,0,0,0,0,0,0,0,0,0,0,2.29,0,0,0,4.18,0,7.52,7.43,7.51,7.68,7.07,6.94,5.15
root/Europe&CentralAsiaKyrgyzRepublic,root,0,0,0,0,0,0,0,0,0,0,0,0,4.43,4.28,8.16,3.87,0,0,2.76,2.65,2.94,2.87,3.07,3.15,3.11,3.11,3.1,5.61,4.68
root/Europe&CentralAsiaLatvia,root,2.55,2.84,5.86,4.32,3.3,3.14,3.95,4.23,2.82,2.23,2.86,3.31,2.24,2.99,1.72,1.65,1.69,1.67,1.74,1.63,1.53,1.54,1.85,1.48,1.49,1.48,2.06,2.03,1.88
root/Europe&CentralAsiaLithuania,root,2.55,2.84,5.86,4.32,3.3,3.14,3.95,4.23,2.82,2.23,2.86,3.31,2.24,2.99,1.72,1.65,1.69,1.67,1.74,1.63,1.53,1.54,1.85,1.48,1.49,1.48,2.06,2.03,1.88
root/Europe&CentralAsiaLuxembourg,root,2.55,2.84,5.86,4.32,3.3,3.14,3.95,4.23,2.82,2.23,2.86,3.31,2.24,2.99,1.72,1.65,1.69,1.67,1.74,1.63,1.53,1.54,1.85,1.48,1.49,1.48,2.06,2.03,1.88
root/Europe&CentralAsiaMacedoniaFYR,root,0,0,0,0,0,0,0,0,0,0,0,0,0,9.91,9.17,0,10.62,3.52,5.11,8.41,4.8,3.91,3.16,2.77,2.8,7.91,3.05,2.59,6.47
root/Europe&CentralAsiaMoldova,root,0,0,0,0,0,0,0,0,4.59,0,0,0,4.31,4.55,0,4.68,4.76,4.78,3.98,4.35,4.11,4.78,4.26,4.64,4.21,8.36,4.21,4.97,4.94
root/Europe&CentralAsiaMontenegro,root,0,0,0,0,0,0,0,0,0,0,0,0,0,0,0,0,0,0,0,4.55,1.95,1.6,2.67,2.62,2.23,0,0,0,0
root/Europe&CentralAsiaNetherlands,root,2.55,2.84,5.86,4.32,3.3,3.14,3.95,4.23,2.82,2.23,2.86,3.31,2.24,2.99,1.72,1.65,1.69,1.67,1.74,1.63,1.53,1.54,1.85,1.48,1.49,1.48,2.06,2.03,1.88
root/Europe&CentralAsiaNorway,root,2.08,0,0,0,0,2.97,0,7.14,1.43,5.45,2.9,1.35,2.28,1.65,0.7,0.54,0.51,0.41,0.43,0.46,0.43,0.34,0.38,0.37,0.36,0.31,0.37,0.35,0.38
root/Europe&CentralAsiaPoland,root,2.55,2.84,5.86,4.32,3.3,3.14,3.95,4.23,2.82,2.23,2.86,3.31,2.24,2.99,1.72,1.65,1.69,1.67,1.74,1.63,1.53,1.54,1.85,1.48,1.49,1.48,2.06,2.03,1.88
root/Europe&CentralAsiaPortugal,root,2.55,2.84,5.86,4.32,3.3,3.14,3.95,4.23,2.82,2.23,2.86,3.31,2.24,2.99,1.72,1.65,1.69,1.67,1.74,1.63,1.53,1.54,1.85,1.48,1.49,1.48,2.06,2.03,1.88
root/Europe&CentralAsiaRomania,root,2.55,2.84,5.86,4.32,3.3,3.14,3.95,4.23,2.82,2.23,2.86,3.31,2.24,2.99,1.72,1.65,1.69,1.67,1.74,1.63,1.53,1.54,1.85,1.48,1.49,1.48,2.06,2.03,1.88
root/Europe&CentralAsiaRussianFederation,root,0,0,0,0,0,9.5,11.86,0,12.39,14.59,0,0,0,12.09,11.78,0,0,11.51,0,10.12,10.1,10.13,6.99,8.46,8.15,8.0,7.35,5.42,5.31
root/Europe&CentralAsiaSerbia,root,0,0,0,0,0,0,0,0,0,0,0,0,0,8.89,9.61,0,0,7.76,0,0,0,0,0,0,0,0,0,0,0
root/Europe&CentralAsiaSlovakRepublic,root,2.55,2.84,5.86,4.32,3.3,3.14,3.95,4.23,2.82,2.23,2.86,3.31,2.24,2.99,1.72,1.65,1.69,1.67,1.74,1.63,1.53,1.54,1.85,1.48,1.49,1.48,2.06,2.03,1.88
root/Europe&CentralAsiaSlovenia,root,2.55,2.84,5.86,4.32,3.3,3.14,3.95,4.23,2.82,2.23,2.86,3.31,2.24,2.99,1.72,1.65,1.69,1.67,1.74,1.63,1.53,1.54,1.85,1.48,1.49,1.48,2.06,2.03,1.88
root/Europe&CentralAsiaSpain,root,2.55,2.84,5.86,4.32,3.3,3.14,3.95,4.23,2.82,2.23,2.86,3.31,2.24,2.99,1.72,1.65,1.69,1.67,1.74,1.63,1.53,1.54,1.85,1.48,1.49,1.48,2.06,2.03,1.88
root/Europe&CentralAsiaSweden,root,2.55,2.84,5.86,4.32,3.3,3.14,3.95,4.23,2.82,2.23,2.86,3.31,2.24,2.99,1.72,1.65,1.69,1.67,1.74,1.63,1.53,1.54,1.85,1.48,1.49,1.48,2.06,2.03,1.88
root/Europe&CentralAsiaSwitzerland,root,0,0,3.72,0,0,4.37,0,6.59,1.89,1.52,1.41,1.09,1.2,1.71,1.72,1.67,1.2,1.27,1.87,1.06,1.07,1.09,0.89,0.95,1.74,0.98,0.9,0.91,0.89
root/Europe&CentralAsiaTajikistan,root,0,0,0,0,0,0,0,0,0,0,0,0,0,0,0,0,0,0,4.73,0,0,0,4.64,0,4.89,5.21,4.97,5.87,5.22
root/Europe&CentralAsiaTurkey,root,0,0,0,0,0,7.47,0,8.57,3.32,5.76,3.2,6.18,2.34,2.1,2.03,1.73,2.28,1.4,1.27,1.4,1.39,1.22,1.2,1.18,0,1.1,0,1.2,1.07
root/Europe&CentralAsiaTurkmenistan,root,0,0,0,0,0,0,0,0,0,0,0,0,0,0,3.8,0,0,0,0,0,0,0,0,0,0,0,0,0,0
root/Europe&CentralAsiaUkraine,root,0,0,0,0,0,0,0,7.23,0,7.8,0,0,0,0,7.66,0,0,0,4.84,5.38,4.96,4.01,4.31,4.0,4.03,4.56,4.14,3.95,4.32
root/Europe&CentralAsiaUnitedKingdom,root,2.55,2.84,5.86,4.32,3.3,3.14,3.95,4.23,2.82,2.23,2.86,3.31,2.24,2.99,1.72,1.65,1.69,1.67,1.74,1.63,1.53,1.54,1.85,1.48,1.49,1.48,2.06,2.03,1.88
root/Europe&CentralAsiaUzbekistan,root,0,0,0,0,0,0,0,0,0,0,0,0,0,10.66,0,0,0,0,11.98,12.24,12.77,12.01,0,0,12.26,0,12.33,13.52,0
root/LatinAmerica&CaribbeanAntiguaandBarbuda,root,0,0,0,0,0,0,0,0,22.03,0,0,18.11,15.83,12.66,12.66,13.13,13.14,13.14,10.95,11.16,11.07,12.93,12.97,12.97,11.56,11.61,11.46,11.57,11.52
root/LatinAmerica&CaribbeanArgentina,root,0,0,0,0,14.81,13.87,0,13.09,14.92,14.93,17.15,15.59,15.61,13.47,15.15,15.22,12.14,10.87,10.94,11.87,11.54,12.09,11.86,11.73,11.53,12.62,13.05,12.93,13.05
root/LatinAmerica&CaribbeanAruba,root,0,0,0,0,0,0,0,0,0,0,0,0,0,0,0,0,0,0,0,0,0,0,0,10.97,10.97,10.97,0,11.12,11.1
root/LatinAmerica&CaribbeanBahamasThe,root,0,0,0,0,0,0,0,0,0,0,0,30.75,0,0,30.03,0,0,0,29.34,0,0,0,35.53,35.28,0,29.26,32.54,30.22,28.5
root/LatinAmerica&CaribbeanBarbados,root,0,0,0,0,0,0,0,0,22.05,0,0,18.97,18.94,12.97,12.95,13.08,14.02,0,13.77,13.42,0,0,12.28,12.32,10.87,9.79,0,0,0
root/LatinAmerica&CaribbeanBelize,root,0,0,0,0,0,0,0,0,20.15,0,0,17.56,0,11.65,11.93,11.86,0,0,11.17,11.04,11.16,11.63,11.63,11.02,10.57,10.8,10.34,10.7,10.2
root/LatinAmerica&CaribbeanBolivia,root,0,0,0,0,0,9.71,9.96,9.64,9.57,9.57,9.56,9.46,9.16,9.21,9.81,8.98,7.72,7.16,6.48,6.21,6.22,7.49,9.85,9.22,9.44,10.16,10.24,10.24,10.24
root/LatinAmerica&CaribbeanBrazil,root,0,44.42,34.91,28.74,23.88,16.64,15.29,13.84,15.67,15.0,17.73,16.47,17.21,15.35,15.15,14.79,13.61,12.74,12.56,12.58,13.63,13.87,13.9,14.01,14.31,15.34,14.31,14.21,14.13
root/LatinAmerica&CaribbeanCaymanIslands,root,0,0,0,0,0,0,0,0,0,0,0,0,0,0,0,0,0,0,0,0,0,0,0,0,0,0,0,0,21.4
root/LatinAmerica&CaribbeanChile,root,0,0,0,0,10.99,10.99,10.99,10.67,10.99,10.99,10.99,9.99,9.0,8.0,6.99,5.89,4.93,4.91,2.3,2.97,2.78,2.74,2.73,2.7,2.68,5.99,0,1.16,5.99
root/LatinAmerica&CaribbeanColombia,root,0,0,0,5.86,12.04,0,12.51,13.96,12.17,12.3,12.28,12.38,12.73,12.77,12.79,12.74,11.76,11.94,11.33,10.88,10.86,10.77,11.28,6.72,5.39,5.49,4.99,4.51,4.6
root/LatinAmerica&CaribbeanCostaRica,root,0,0,0,0,0,0,0,9.39,11.46,7.8,6.01,5.32,4.64,5.6,6.66,5.92,6.09,6.61,5.95,5.8,5.71,4.33,4.38,4.39,4.27,4.21,4.1,0,3.68
root/LatinAmerica&CaribbeanCuba,root,0,0,0,0,0,13.97,0,0,12.13,12.06,12.13,12.0,11.85,12.1,11.94,12.1,11.33,11.18,11.14,11.16,11.08,10.66,10.53,10.57,10.56,10.1,0,9.65,10.01
root/LatinAmerica&CaribbeanDominica,root,0,0,0,0,0,0,0,0,20.78,15.07,15.11,17.4,14.62,12.5,13.02,13.17,0,0,10.9,10.59,0,0,12.16,9.32,10.0,9.73,0,11.66,9.17
root/LatinAmerica&CaribbeanDominicanRepublic,root,0,0,0,0,0,0,0,0,9.8,15.29,9.8,9.8,19.83,9.88,10.49,10.54,10.5,9.99,9.24,7.33,8.65,0,7.53,8.64,8.83,8.71,0,7.5,7.14
root/LatinAmerica&CaribbeanEcuador,root,0,0,0,0,0,9.31,11.89,12.54,11.72,11.4,11.88,13.63,11.72,12.06,12.01,11.85,11.65,11.88,9.89,10.13,9.14,8.04,9.16,7.47,7.27,0,6.97,10.66,11.16
root/LatinAmerica&CaribbeanElSalvador,root,0,0,0,0,0,0,0,9.63,8.29,7.66,5.24,6.56,6.9,7.0,5.56,6.82,5.82,6.18,4.97,4.86,3.7,3.62,4.66,4.83,4.01,4.2,3.93,3.74,0
root/LatinAmerica&CaribbeanGrenada,root,0,0,0,0,0,0,0,0,20.89,0,0,17.64,11.72,17.53,11.96,11.9,0,0,10.02,10.03,10.07,0,8.95,11.06,10.54,10.27,0,9.88,10.01
root/LatinAmerica&CaribbeanGuatemala,root,0,0,0,0,0,0,0,9.29,0,8.01,7.4,6.83,6.56,6.87,6.57,6.08,4.93,6.46,6.29,5.21,4.38,4.93,4.02,3.9,3.75,3.73,3.43,3.24,0
root/LatinAmerica&CaribbeanGuyana,root,0,0,0,0,0,0,0,0,19.92,0,0,17.13,17.28,10.88,10.92,10.9,0,0,10.59,11.08,9.6,10.93,9.56,8.92,8.92,9.87,0,8.85,8.78
root/LatinAmerica&CaribbeanHaiti,root,0,0,0,0,0,0,0,0,0,0,0,0,0,2.59,2.9,0,0,0,0,2.69,2.58,2.94,6.55,6.1,2.47,5.69,5.72,5.38,5.79
root/LatinAmerica&CaribbeanHonduras,root,0,0,0,0,0,0,0,9.13,6.79,8.74,7.52,7.4,7.58,7.36,6.29,6.27,5.35,6.34,6.17,5.19,4.57,6.14,6.12,6.07,5.92,5.92,0,4.12,0
root/LatinAmerica&CaribbeanJamaica,root,0,0,0,0,0,0,0,0,20.55,0,0,17.3,8.27,8.3,8.7,8.81,8.7,0,8.34,8.46,0,0,7.69,7.63,10.52,10.32,0,8.64,9.17
root/LatinAmerica&CaribbeanMexico,root,0,0,0,14.45,0,0,0,12.51,14.51,14.67,14.65,16.06,17.89,18.02,15.47,18.27,10.29,9.27,8.13,6.31,6.11,5.11,7.41,7.03,6.32,6.06,2.82,5.72,5.8
root/LatinAmerica&CaribbeanNicaragua,root,0,0,0,0,0,0,0,7.55,8.53,6.07,4.46,8.61,2.79,3.98,4.08,4.35,5.02,6.33,5.35,5.13,5.2,4.14,4.02,4.19,4.2,3.71,3.72,3.59,3.47
root/LatinAmerica&CaribbeanPanama,root,0,0,0,0,0,0,0,0,0,11.54,7.96,7.88,7.7,7.52,7.49,7.32,7.34,6.95,7.17,6.97,6.87,7.34,7.08,6.93,6.82,6.42,0,7.06,0
root/LatinAmerica&CaribbeanParaguay,root,0,0,0,15.43,0,0,8.77,9.9,11.61,12.15,12.04,10.88,13.59,13.66,13.51,13.54,9.93,8.57,7.31,8.18,8.6,8.1,8.46,8.53,8.48,8.33,8.25,8.22,8.45
root/LatinAmerica&CaribbeanPeru,root,0,0,0,0,0,17.89,0,16.23,0,13.1,13.03,12.98,12.97,11.79,10.11,9.44,9.65,9.06,8.5,8.43,4.6,4.62,4.82,3.22,0,2.96,2.89,2.89,0
root/LatinAmerica&CaribbeanStKittsandNevis,root,0,0,0,0,0,0,0,0,21.77,0,0,18.08,13.98,13.82,13.94,14.39,0,0,12.54,12.14,12.2,13.55,11.93,11.57,10.86,10.86,11.43,11.43,11.43
root/LatinAmerica&CaribbeanStLucia,root,0,0,0,0,0,0,0,0,21.71,0,0,17.7,17.77,11.38,12.12,11.97,0,11.85,9.3,8.78,0,0,12.2,12.18,10.46,11.05,9.25,7.45,8.99
root/LatinAmerica&CaribbeanStVincentandtheGrenadines,root,0,0,0,0,0,0,0,0,21.01,0,0,17.19,17.56,12.24,12.24,12.19,0,0,1.87,10.22,0,0,11.97,11.81,9.71,9.71,0,9.22,8.71
root/LatinAmerica&CaribbeanSuriname,root,0,0,0,0,0,0,0,0,20.19,0,0,16.26,11.3,0,0,0,0,0,0,10.22,0,11.02,11.02,10.83,10.11,10.11,0,0,0
root/LatinAmerica&CaribbeanTrinidadandTobago,root,0,0,0,17.48,17.78,0,0,0,11.12,0,0,18.11,0,8.78,8.96,8.9,9.35,9.3,9.04,7.69,7.64,0,10.75,10.75,10.55,10.55,0,0,0
root/LatinAmerica&CaribbeanUruguay,root,0,0,0,0,6.85,0,0,12.86,13.23,13.45,15.61,15.73,13.62,13.5,14.92,0,11.87,10.16,9.96,9.82,9.91,9.88,9.93,10.08,10.04,10.13,10.1,10.08,10.22
root/LatinAmerica&CaribbeanVenezuelaRB,root,0,0,0,0,17.23,0,0,12.92,0,12.78,12.92,13.27,13.21,13.34,13.59,13.29,12.51,12.7,12.44,11.89,12.29,12.25,13.14,11.85,11.86,11.68,11.04,11.93,11.21
root/MiddleEast&NorthAfricaAlgeria,root,0,0,0,0,0,21.55,0,0,0,24.9,24.23,0,0,22.19,18.93,18.34,0,16.37,16.05,16.21,16.07,14.2,0,0,0,0,11.82,11.9,12.0
root/MiddleEast&NorthAfricaBahrain,root,0,0,0,0,0,0,0,0,0,0,0,8.38,8.31,8.34,5.07,5.01,5.01,4.31,4.22,3.81,3.8,3.83,4.69,3.85,3.85,4.11,3.87,3.77,3.75
root/MiddleEast&NorthAfricaDjibouti,root,0,0,0,0,0,0,0,0,0,0,31.49,31.49,0,0,32.68,0,0,28.8,30.8,0,0,20.04,0,20.62,20.62,0,20.13,0,0
root/MiddleEast&NorthAfricaEgyptArabRep,root,0,0,0,0,0,0,0,24.12,0,0,19.17,21.62,21.63,21.65,43.72,19.85,14.07,11.37,13.59,11.1,9.45,9.32,8.21,7.77,7.27,7.37,5.84,5.5,5.34
root/MiddleEast&NorthAfricaIranIslamicRep,root,0,0,0,0,0,0,0,0,0,0,0,0,38.62,0,0,19.32,19.05,0,0,21.69,20.96,0,0,21.41,0,0,0,0,0
root/MiddleEast&NorthAfricaIsrael,root,0,0,0,0,0,7.89,0,0,0,0,0,10.12,8.29,5.67,5.56,5.49,2.39,2.12,4.48,2.08,2.15,5.5,0,4.45,1.61,1.28,1.33,3.69,3.52
root/MiddleEast&NorthAfricaJordan,root,0,0,0,0,0,0,0,0,0,0,0,0,23.26,15.64,15.89,13.65,13.3,11.86,10.37,10.16,10.03,9.03,10.41,10.44,10.19,10.27,5.42,5.36,5.08
root/MiddleEast&NorthAfricaKuwait,root,0,0,0,0,0,0,0,0,0,0,0,0,0,0,3.99,4.94,4.94,4.28,4.35,4.16,4.15,3.62,4.73,4.73,4.34,4.37,4.01,3.97,3.97
root/MiddleEast&NorthAfricaLebanon,root,0,0,0,0,0,0,0,0,0,0,0,14.12,18.98,7.53,7.9,0,6.15,7.72,5.57,6.83,0,0,0,0,0,0,4.93,4.81,4.16
root/MiddleEast&NorthAfricaLibya,root,0,0,0,0,0,0,0,0,22.6,0,0,0,0,0,19.53,0,0,0,0,0,0,0,0,0,0,0,0,0,0
root/MiddleEast&NorthAfricaMalta,root,2.55,2.84,5.86,4.32,3.3,3.14,3.95,4.23,2.82,2.23,2.86,3.31,2.24,2.99,1.72,1.65,1.69,1.67,1.74,1.63,1.53,1.54,1.85,1.48,1.49,1.48,2.06,2.03,1.88
root/MiddleEast&NorthAfricaMorocco,root,0,0,0,0,0,65.27,0,0,0,20.11,0,0,28.66,28.67,28.12,27.92,0,18.81,15.12,12.64,11.0,8.23,16.07,13.01,4.0,0,3.77,1.81,3.79
root/MiddleEast&NorthAfricaOman,root,0,0,0,0,5.15,0,0,0,0,4.9,0,0,0,4.95,7.66,4.7,4.85,3.8,3.88,3.67,3.64,3.57,0,0,3.52,3.39,3.33,3.29,3.18
root/MiddleEast&NorthAfricaQatar,root,0,0,0,0,0,0,0,0,0,0,0,0,0,0,4.01,4.94,4.93,4.11,4.09,3.91,4.04,4.28,4.66,4.66,4.29,4.31,4.0,3.8,3.8
root/MiddleEast&NorthAfricaSaudiArabia,root,0,0,0,0,0,0,12.39,0,0,0,0,12.36,12.56,12.55,6.63,6.71,6.67,4.28,4.28,4.1,3.62,3.55,0,4.85,4.2,4.2,4.11,5.17,0
root/MiddleEast&NorthAfricaSyrianArabRepublic,root,0,0,0,0,0,0,0,0,0,0,0,0,0,0,14.71,0,0,0,0,0,0,11.44,12.09,0,0,15.14,0,0,0
root/MiddleEast&NorthAfricaTunisia,root,0,0,28.33,0,28.75,0,0,29.77,0,0,29.67,0,27.09,0,28.73,24.48,24.9,12.1,22.16,0,21.32,21.27,18.15,15.69,14.94,6.16,0,5.97,9.32
root/MiddleEast&NorthAfricaUnitedArabEmirates,root,0,0,0,0,0,0,0,0,0,0,0,0,0,0,0,0,0,4.37,0,4.17,4.2,4.2,0,4.7,4.29,4.32,4.05,4.03,4.04
root/MiddleEast&NorthAfricaYemenRep,root,0,0,0,0,0,0,0,0,0,0,0,0,12.97,0,0,0,0,0,6.28,0,0,5.19,0,5.07,5.0,5.07,0,5.3,5.27
root/NorthAmericaBermuda,root,0,0,0,0,0,0,0,0,0,0,0,0,0,0,0,0,0,0,0,19.8,19.79,19.74,19.35,19.41,18.96,19.11,18.8,19.09,18.81
root/NorthAmericaCanada,root,0,10.64,0,0,0,9.83,0,9.51,7.99,6.86,5.11,4.8,4.67,5.11,4.75,4.33,4.12,4.12,3.99,3.98,3.99,3.93,3.18,3.1,2.98,2.81,2.77,2.86,2.65
root/NorthAmericaUnitedStates,root,0,5.78,5.68,5.8,5.72,5.59,0,4.89,4.67,4.53,4.64,4.01,4.02,3.94,4.11,3.63,3.4,3.33,3.23,3.03,3.2,3.09,3.07,3.14,3.11,2.98,3.04,2.97,2.96
root/SouthAsiaAfghanistan,root,0,0,0,0,0,0,0,0,0,0,0,0,0,0,0,0,4.2,0,5.83,5.83,6.09,0,0,0,6.24,6.24,0,0,0
root/SouthAsiaBangladesh,root,0,109.33,0,0,0,0,85.32,0,0,0,27.86,22.38,22.3,20.81,20.97,19.52,18.22,15.33,15.14,14.19,13.46,13.94,13.75,13.7,13.31,12.67,0,11.82,12.88
root/SouthAsiaBhutan,root,0,0,0,0,0,0,0,0,16.77,0,0,0,0,0,17.0,0,18.27,18.24,0,9.44,0,0,0,0,0,0,0,10.58,0
root/SouthAsiaIndia,root,0,0,82.13,0,56.95,0,0,0,37.64,29.04,0,32.68,33.58,31.62,28.62,25.13,28.26,15.2,12.94,13.3,8.91,9.22,7.78,9.37,9.43,9.3,0,8.51,7.84
root/SouthAsiaMaldives,root,0,0,0,0,0,0,0,0,0,0,0,0,22.26,21.94,22.16,22.08,22.11,22.19,22.25,0,22.55,22.61,23.05,23.19,12.09,11.93,11.85,13.19,13.02
root/SouthAsiaNepal,root,0,0,0,0,0,22.54,0,0,0,0,23.23,14.87,14.12,0,14.71,14.95,14.86,14.8,12.74,12.69,13.78,12.18,12.29,12.38,12.13,11.21,12.12,12.07,11.89
root/SouthAsiaPakistan,root,0,0,0,0,0,0,0,51.29,0,0,46.51,24.77,24.21,20.63,17.49,17.12,16.36,14.74,14.89,14.99,14.22,14.78,14.87,14.46,14.28,14.74,13.9,13.02,12.71
root/SouthAsiaSriLanka,root,0,0,25.37,0,0,22.91,23.31,0,0,19.25,10.02,0,8.82,8.8,0,8.89,9.79,11.0,10.68,10.25,10.14,9.99,8.79,8.79,8.56,0,8.22,7.29,0
root/Sub-SaharanAfricaAngola,root,0,0,0,0,0,0,0,0,0,0,0,0,0,0,7.61,0,7.57,7.33,7.33,0,7.25,6.91,6.98,6.95,6.85,6.85,9.39,8.84,9.19
root/Sub-SaharanAfricaBenin,root,0,0,0,0,0,0,0,0,0,0,0,0,0,14.07,14.08,13.87,13.87,14.14,13.55,13.31,13.2,13.1,13.16,13.06,13.06,12.87,12.89,12.37,11.66
root/Sub-SaharanAfricaBotswana,root,0,0,0,0,0,0,0,0,0,0,0,0,0,7.02,8.17,0,7.69,7.4,7.45,7.45,7.4,7.3,7.92,7.5,6.74,4.72,7.39,7.9,8.57
root/Sub-SaharanAfricaBurkinaFaso,root,0,0,0,0,0,5.0,0,0,0,0,0,0,0,13.36,13.29,13.52,13.51,13.42,12.69,12.51,12.48,12.51,12.38,12.46,12.48,12.48,12.51,11.75,11.31
root/Sub-SaharanAfricaBurundi,root,0,0,0,0,0,0,0,0,0,0,0,0,0,0,21.15,21.26,0,20.2,15.91,13.66,12.92,10.26,9.89,9.8,10.15,9.4,9.42,10.04,10.13
root/Sub-SaharanAfricaCaboVerde,root,0,0,0,0,0,0,0,0,0,0,0,0,0,0,0,0,0,15.38,15.22,15.09,15.15,15.34,14.6,14.74,14.48,14.83,0,14.49,0
root/Sub-SaharanAfricaCameroon,root,0,0,0,0,0,0,18.01,17.64,0,0,0,0,0,18.22,18.02,18.67,18.67,18.66,18.67,17.86,17.82,17.9,17.64,18.53,18.44,17.82,18.34,0,0
root/Sub-SaharanAfricaCentralAfricanRepublic,root,0,0,0,0,0,0,0,16.9,0,16.9,0,0,0,18.03,18.2,18.87,18.87,19.15,18.77,17.37,17.31,17.31,17.31,16.48,17.92,16.85,0,16.27,17.69
root/Sub-SaharanAfricaChad,root,0,0,0,0,0,0,0,16.48,0,16.48,0,0,0,17.18,17.0,16.96,16.71,17.51,17.52,16.56,16.72,16.84,16.87,16.78,0,17.16,0,17.0,17.94
root/Sub-SaharanAfricaComoros,root,0,0,0,0,0,0,0,0,0,0,0,0,0,0,0,0,0,0,0,0,10.02,0,10.11,10.11,7.28,12.52,9.92,12.64,0
root/Sub-SaharanAfricaCongoDemRep,root,0,0,0,0,0,0,0,0,0,0,0,0,0,0,0,12.84,0,0,12.82,12.7,12.69,12.65,11.83,0,0,0,11.56,0,0
root/Sub-SaharanAfricaCongoRep,root,0,0,0,0,0,0,19.92,0,0,17.37,0,0,0,19.01,18.99,19.28,19.28,19.41,19.28,18.53,18.52,18.13,18.26,17.96,0,17.93,18.09,12.42,0
root/Sub-SaharanAfricaCotedIvoire,root,0,0,0,0,0,4.88,0,0,4.82,0,0,0,0,13.2,13.28,13.3,13.24,13.29,13.14,12.9,12.9,12.82,12.68,12.58,12.62,12.62,12.68,12.67,12.67
root/Sub-SaharanAfricaEquatorialGuinea,root,0,0,0,0,0,0,0,0,0,0,18.33,0,0,18.5,18.55,0,0,18.44,0,18.13,0,0,0,0,0,0,0,0,0
root/Sub-SaharanAfricaEritrea,root,0,0,0,0,0,0,0,0,0,0,0,0,0,0,10.03,0,0,0,9.61,0,0,0,0,0,0,0,0,0,0
root/Sub-SaharanAfricaEthiopia,root,0,0,0,0,0,0,0,29.01,0,0,0,0,0,19.31,19.42,0,0,0,18.66,0,18.05,18.08,18.03,18.08,17.97,0,0,17.81,0
root/Sub-SaharanAfricaGabon,root,0,0,0,0,0,0,0,19.66,0,0,19.23,0,19.16,19.04,18.27,19.3,19.3,19.17,0,18.35,18.39,18.07,18.13,18.18,18.26,18.29,0,17.81,18.66
root/Sub-SaharanAfricaGambiaThe,root,0,0,0,0,0,0,0,0,0,0,0,0,0,0,0,13.82,0,0,0,19.19,19.2,19.27,15.52,15.53,15.53,15.57,0,0,0
root/Sub-SaharanAfricaGhana,root,0,0,0,0,0,13.08,0,0,0,0,0,0,13.34,11.88,11.88,11.88,0,0,0,12.49,12.45,12.45,12.29,0,0,11.93,0,0,11.82
root/Sub-SaharanAfricaGuinea,root,0,0,0,0,0,0,0,0,0,0,6.2,0,0,0,0,0,6.23,13.76,0,0,13.24,12.99,13.23,0,13.25,0,0,0,0
root/Sub-SaharanAfricaGuineaBissau,root,0,0,0,0,0,0,0,0,0,0,0,0,0,15.03,15.03,13.59,13.78,13.56,13.29,13.48,13.23,12.97,12.86,12.78,13.02,13.43,12.99,0,0
root/Sub-SaharanAfricaKenya,root,0,0,0,0,0,0,31.15,0,0,0,0,17.58,21.01,20.22,16.41,0,16.26,12.06,11.98,11.78,11.65,11.68,12.01,11.92,11.36,11.08,11.22,11.4,11.5
root/Sub-SaharanAfricaLesotho,root,0,0,0,0,0,0,0,0,0,0,0,0,0,0.96,0,0,9.99,9.91,9.47,9.02,9.18,9.24,9.28,8.75,8.31,2.99,3.66,3.86,3.38
root/Sub-SaharanAfricaLiberia,root,0,0,0,0,0,0,0,0,0,0,0,0,0,0,0,0,0,0,0,0,0,0,0,0,9.89,9.81,9.74,0,0
root/Sub-SaharanAfricaMadagascar,root,0,0,0,0,0,0,0,7.63,7.77,7.75,6.55,0,6.14,5.28,5.54,5.04,3.54,10.86,13.2,11.9,11.9,10.47,10.29,10.66,10.68,10.63,10.38,10.51,9.85
root/Sub-SaharanAfricaMalawi,root,0,0,0,0,0,0,31.75,0,25.94,27.02,19.9,0,15.61,13.0,0,15.41,0,0,12.9,0,12.02,12.51,11.4,12.07,11.24,8.81,9.08,9.06,9.05
root/Sub-SaharanAfricaMali,root,0,0,0,0,0,0,0,3.4,14.77,14.77,14.77,10.87,0,13.3,13.47,13.4,13.47,13.25,12.26,12.89,12.89,12.64,12.64,12.6,12.35,12.35,12.35,11.71,11.85
root/Sub-SaharanAfricaMauritania,root,0,0,0,0,0,0,0,0,0,0,0,0,0,12.88,0,0,0,0,11.46,12.66,9.21,9.27,9.19,9.08,0,0,12.41,12.45,0
root/Sub-SaharanAfricaMauritius,root,0,0,0,0,0,0,0,35.93,33.24,33.97,32.14,32.29,23.01,24.56,24.23,0,23.84,8.38,4.54,4.63,4.59,2.49,2.46,1.98,3.02,3.17,1.91,1.87,1.87
root/Sub-SaharanAfricaMozambique,root,0,0,0,0,0,0,0,0,0,0,0,0,0,14.23,12.29,12.68,0,12.51,11.78,10.53,10.39,8.64,8.59,10.35,8.63,0,7.1,0,6.78
root/Sub-SaharanAfricaNamibia,root,0,0,0,0,0,0,0,0,0,0,0,0,0,6.24,5.32,0,7.31,6.7,6.46,6.78,6.5,6.71,6.92,6.64,6.77,7.04,7.04,7.15,7.71
root/Sub-SaharanAfricaNiger,root,0,0,0,0,0,0,0,0,0,0,0,0,0,14.23,14.07,14.15,13.9,14.05,12.73,12.47,12.85,12.47,12.51,12.89,12.94,13.11,13.05,12.19,11.77
root/Sub-SaharanAfricaNigeria,root,25.12,27.2,27.39,0,27.57,0,0,86.48,22.58,22.63,22.63,24.32,24.21,23.67,23.68,23.62,0,10.26,10.31,0,10.67,9.68,10.81,10.94,0,11.09,11.54,11.09,12.14
root/Sub-SaharanAfricaRwanda,root,0,0,0,0,0,35.64,0,0,0,0,0,0,11.04,9.99,24.4,9.4,0,19.64,19.98,0,19.25,11.1,10.76,10.06,10.25,10.57,10.5,10.62,11.05
root/Sub-SaharanAfricaSaoTomeandPrincipe,root,0,0,0,0,0,0,0,0,0,0,0,0,0,0,0,0,0,0,0,0,0,0,0,0,0,9.87,9.86,9.87,9.83
root/Sub-SaharanAfricaSenegal,root,0,0,0,0,0,0,0,0,0,0,0,0,0,13.79,13.71,13.82,13.82,13.85,13.37,13.32,13.32,13.31,13.29,13.17,12.98,12.98,13.03,12.49,12.76
root/Sub-SaharanAfricaSeychelles,root,0,0,0,0,0,0,0,0,0,0,0,0,25.19,25.36,0,0,0,8.46,4.9,4.79,0,0,0,0,0,0,0,1.79,2.05
root/Sub-SaharanAfricaSierraLeone,root,0,0,0,0,0,0,0,0,0,0,0,0,0,0,0,0,14.29,0,13.84,0,0,0,12.37,12.35,12.4,0,0,0,0
root/Sub-SaharanAfricaSouthAfrica,root,13.98,0,12.23,11.89,0,17.3,0,0,16.09,11.05,0,9.93,9.59,9.85,8.47,8.6,9.63,9.1,8.67,8.23,7.82,7.81,7.52,7.31,7.33,6.67,6.61,6.6,6.74
root/Sub-SaharanAfricaSudan,root,0,0,0,0,0,0,0,0,4.49,0,0,0,0,0,21.78,0,0,0,11.17,0,13.89,13.81,12.24,12.13,0,0,0,0,0
root/Sub-SaharanAfricaSwaziland,root,0,0,0,0,0,0,0,0,0,0,0,0,0,0.63,8.96,0,11.36,11.18,9.75,10.02,9.78,10.79,10.22,10.71,7.96,3.81,4.16,4.85,4.76
root/Sub-SaharanAfricaTanzania,root,0,0,0,0,0,14.82,0,0,0,21.4,20.71,0,17.72,0,0,15.06,0,12.21,11.98,12.08,12.53,12.45,12.49,12.3,12.53,12.52,12.43,11.32,11.59
root/Sub-SaharanAfricaTogo,root,0,0,0,0,0,0,0,0,15.45,15.72,0,15.65,14.18,14.19,14.13,14.01,14.44,14.46,14.11,13.87,13.87,13.84,13.41,13.48,12.88,12.55,12.55,12.26,12.16
root/Sub-SaharanAfricaUganda,root,0,0,0,0,0,0,16.27,0,0,0,0,0,8.1,7.89,7.64,7.25,6.86,11.95,11.72,11.64,11.7,11.81,11.78,11.46,11.54,11.37,11.48,11.17,11.22
root/Sub-SaharanAfricaZambia,root,0,0,0,0,0,24.71,0,0,0,15.14,0,0,0,16.34,13.62,14.61,16.59,14.49,15.89,15.21,11.41,11.22,11.4,10.68,11.1,10.11,0,10.5,14.92
root/Sub-SaharanAfricaZimbabwe,root,0,0,0,0,0,0,0,0,41.15,25.14,20.94,25.34,21.7,19.0,17.47,16.28,0,0,0,18.6,0,0,16.48,12.09,17.17,0,0,12.97,9.78
