root/EastAsia&Pacific,root,1602.646,1531.5179999999998,1408.895,1287.4830000000002,1294.441,1324.395,1150.253,1228.304,1309.4759999999999,1332.4689999999998,1188.0,1193.6292,1169.769,1063.0,1123.0,1225.0,1214.0,1182.0,1107.0,1104.0,3500.0,3338.792689939999,3300.761020120001,3522.2039261600007,3854.48307566,4190.406114859999,4761.949026449999,5208.433084079998,6253.377484360003,5522.26583057,6260.539846910002,7301.815908959999,7106.26096203,6764.53452815,6657.854657759999,5765.5017504,5529.479102960001
root/EastAsia&Pacific/AmericanSamoa,root/EastAsia&Pacific,0,0,0,0,0,0,0,0,0,0,0,0,0,0,0,0,0,0,0,0,100.0,95.66411628,92.164159,110.8277243,122.0370957,120.31417169999999,198.742209,210.82756949999998,231.984058,222.12971389999998,243.65394080000002,259.28344619999996,261.3796273,262.2150012,264.443062,247.15369330000001,250.26614280000004
root/EastAsia&Pacific/Australia,root/EastAsia&Pacific,0,0,0,0,0,0,0,0,0,0,0,0,0,0,0,0,0,0,0,0,100.0,98.17495785,100.0263787,109.906485,129.1259349,152.9096711,174.2792415,194.73719599999998,244.02083399999998,211.64540860000002,258.61444720000003,327.5584727,303.0133755,281.0776981,252.7878637,191.1985745,181.2225222
root/EastAsia&Pacific/BruneiDarussalam,root/EastAsia&Pacific,0,0,0,0,0,0,0,0,0,0,0,0,0,0,0,0,0,0,0,0,100.0,98.87047682,87.53504396,104.9547582,126.1474216,182.0212501,227.560025,242.92329069999997,354.2403023,232.8862847,264.0800555,351.11693019999996,376.35796160000007,357.91146580000003,332.60549460000004,215.1165808,154.2763832
root/EastAsia&Pacific/Cambodia,root/EastAsia&Pacific,0,0,0,0,0,0,0,0,0,0,0,0,0,0,0,0,0,0,0,0,100.0,98.29471622,98.96230647,99.84586761,101.58696529999999,102.0552177,103.3383998,104.7305184,110.0682365,110.57639270000001,116.531682,127.328965,128.4140489,123.47541149999999,120.32769099999999,117.5184385,117.6064554
root/EastAsia&Pacific/China,root/EastAsia&Pacific,101.0,101.0,95.0,87.0,85.0,87.0,80.0,86.0,88.0,94.0,97.0,98.0,100.0,97.0,100.0,105.0,107.0,108.0,104.0,101.0,100.0,97.34299999999999,94.228024,96.2068125,104.9616324,107.7955965,112.32301159999999,118.0514852,127.495604,119.5908765,122.58064840000002,135.5741972,137.7433843,136.916924,137.4645917,134.5778353,124.21534199999999
root/EastAsia&Pacific/Fiji,root/EastAsia&Pacific,173.65599999999998,146.312,131.345,127.324,118.333,100.0,136.72799999999998,170.222,141.472,136.477,0,0,0,0,0,0,0,0,0,0,100.0,98.80655428,95.35468881,99.01078742,103.41522370000001,120.7497271,143.7988531,147.9988925,168.86977180000002,169.36585,189.5150785,232.00745030000002,230.9173696,220.2674826,216.91300069999997,187.5057237,184.99884790000002
root/EastAsia&Pacific/FrenchPolynesia,root/EastAsia&Pacific,0,0,0,0,0,0,0,0,0,0,0,0,0,0,0,0,0,0,0,0,100.0,98.76211648,96.78997122,98.35906264,101.0011363,103.55933459999999,107.6643781,112.82101259999999,117.16368670000001,113.6255798,116.7308828,129.0487788,129.0188985,126.5896076,130.2439833,125.0160432,125.2486253
root/EastAsia&Pacific/Guam,root/EastAsia&Pacific,0,0,0,0,0,0,0,0,0,0,0,0,0,0,0,0,0,0,0,0,100.0,95.82849431,93.01251591,104.8097298,119.01203490000002,141.8077638,156.06546719999997,168.6921406,199.11759750000002,170.7288808,196.7041858,240.85775930000003,240.46278650000002,235.69211969999998,233.1207114,188.07510119999998,170.31471090000002
root/EastAsia&Pacific/HongKongSARChina,root/EastAsia&Pacific,92.0,89.0,88.0,81.0,85.0,86.0,87.0,91.0,93.0,98.0,101.0,104.0,105.0,105.0,106.0,110.0,110.0,108.0,104.0,101.0,100.0,97.50398485,94.93223382,94.49340811,95.47666627,94.94285057,96.41134223,97.71018548,101.8753435,104.69037929999999,108.24119009999998,120.1177124,130.1060872,137.69445530000002,132.7279262,131.5738402,131.32898500000002
root/EastAsia&Pacific/Indonesia,root/EastAsia&Pacific,157.0,157.0,153.0,136.0,135.0,116.0,77.0,76.0,72.0,76.0,93.0,94.0,93.0,91.0,90.0,103.0,109.0,104.0,81.0,65.0,100.0,96.50041929,95.53204798,105.07742809999999,120.3880051,139.45920890000002,161.2584984,180.10377150000002,225.63023790000003,192.3561095,221.4827091,271.27793189999994,258.6804302,239.49685040000003,234.52532030000003,202.55468359999998,195.6047386
root/EastAsia&Pacific/Japan,root/EastAsia&Pacific,0,0,0,0,0,0,0,0,0,0,0,0,0,0,0,0,0,0,0,0,100.0,93.68019075,89.29006569,96.2925648,104.4876386,109.0600271,109.9642216,114.7175238,127.5573761,128.8852635,137.6716575,153.1254655,156.07950480000002,141.8200962,136.18029730000003,124.5530057,128.1899945
root/EastAsia&Pacific/Kiribati,root/EastAsia&Pacific,0,0,0,0,0,0,0,0,0,0,0,0,0,0,0,0,0,0,0,0,100.0,92.20339016,90.47059558,92.79652689,98.86317692,102.0096672,109.3611926,140.6742934,156.0920291,150.7288931,165.0761375,180.5980976,175.0922614,177.05528940000002,185.80903130000002,180.6162601,190.16843889999998
root/EastAsia&Pacific/KoreaDemPeople’sRep,root/EastAsia&Pacific,0,0,0,0,0,0,0,0,0,0,0,0,0,0,0,0,0,0,0,0,100.0,94.53715017,90.43531566,92.57496622,101.575579,112.3171065,121.2856993,130.6985987,161.7353637,148.6471611,162.5375011,194.8974818,182.3884729,165.19728510000002,153.4998585,134.52875469999998,130.91763970000002
root/EastAsia&Pacific/KoreaRep,root/EastAsia&Pacific,128.0,132.0,128.0,123.0,127.0,122.0,125.0,137.0,156.0,159.0,156.0,157.0,153.0,147.0,151.0,162.0,141.0,128.0,102.0,100.0,100.0,86.63458713,82.66480511,84.20113414,92.56193061,97.57821944,96.46607304,97.40156466,105.70844450000001,91.10581589,95.79595801,100.14205340000001,93.60614040000002,91.2368626,89.51752357,80.34788015,74.83543714
root/EastAsia&Pacific/LaoPDR,root/EastAsia&Pacific,0,0,0,0,0,0,0,0,0,0,0,0,0,0,0,0,0,0,0,0,100.0,97.01388759999999,97.04309419,102.08311690000001,106.7017247,114.6625992,141.03582,147.48686830000003,162.0537978,146.008597,183.698679,214.17395679999998,196.56064709999998,186.3740212,183.81718999999998,158.2592965,151.9887379
root/EastAsia&Pacific/MacaoSARChina,root/EastAsia&Pacific,0,0,0,0,0,0,0,0,0,0,0,0,0,0,0,0,0,0,0,0,100.0,98.62120292,98.36725336,98.98745607,100.5523639,101.2405767,103.432866,105.2965618,109.69727340000001,112.8144244,114.07063070000001,121.9512297,119.65234879999998,117.42205870000001,116.3875896,108.23162479999999,107.26392340000001
root/EastAsia&Pacific/Malaysia,root/EastAsia&Pacific,75.0,71.0,69.0,72.0,82.0,73.0,61.0,77.0,88.0,98.0,113.0,119.0,120.0,114.0,119.0,127.0,130.0,119.0,107.0,103.0,100.0,96.105,93.29104559999999,96.07858204,101.07658990000002,106.9157845,110.9604086,117.6180331,140.43593149999998,127.6562618,146.5493885,159.88538290000002,165.9610274,159.9051095,155.7203928,125.0294606,115.3771862
root/EastAsia&Pacific/MarshallIslands,root/EastAsia&Pacific,0,0,0,0,0,0,0,0,0,0,0,0,0,0,0,0,0,0,0,0,100.0,89.84431479,89.51482647,91.05299648,93.49704591,88.16470213,97.24603246,109.4489562,136.2297285,145.1508045,162.7133884,170.9454541,177.04439680000002,143.6538333,144.0326211,142.05314030000002,134.6347001
root/EastAsia&Pacific/MicronesiaFedSts,root/EastAsia&Pacific,0,0,0,0,0,0,0,0,0,0,0,0,0,0,0,0,0,0,0,0,100.0,96.69436231,95.45936247,94.54288684,96.3690668,102.43672190000001,114.20333889999999,117.65828229999998,131.4056668,130.4368151,135.56044730000002,148.7069169,145.6648595,146.8115414,152.545857,148.8026092,155.7744855
root/EastAsia&Pacific/Mongolia,root/EastAsia&Pacific,0,0,0,0,0,0,0,0,0,0,0,0,0,0,0,0,0,0,0,0,100.0,96.1911132,100.14033990000001,109.40745259999998,138.7079632,161.4640867,241.2013118,270.43386019999997,334.8636155,275.2976016,370.1870356,445.327804,412.41310689999995,376.2687045,339.6940731,269.0201277,258.1395999
root/EastAsia&Pacific/Myanmar,root/EastAsia&Pacific,0,137.0,105.0,102.0,102.0,139.0,115.0,95.0,116.0,134.0,136.0,127.0,103.0,96.0,127.0,150.0,142.0,128.0,118.0,109.0,100.0,100.7240599,93.16150174,104.43176020000001,112.76111709999998,136.4550697,161.19617390000002,169.2656131,222.0544761,187.3406314,190.8985952,225.3993637,232.0592601,224.11461880000002,215.47445809999996,178.0736405,163.2204941
root/EastAsia&Pacific/Nauru,root/EastAsia&Pacific,0,0,0,0,0,0,0,0,0,0,0,0,0,0,0,0,0,0,0,0,100.0,96.7,94.8627,96.0959151,113.4892757,117.4614004,124.62654579999999,171.486127,406.4221211,235.72483019999996,242.32512549999998,338.2858751,326.44586949999996,273.88808450000005,247.0470522,233.95355849999999,223.89355550000002
root/EastAsia&Pacific/NewCaledonia,root/EastAsia&Pacific,0,0,0,0,0,0,0,0,0,0,0,0,0,0,0,0,0,0,0,0,100.0,89.83531878,92.00348257,112.16606670000002,154.8192737,159.04344730000003,206.102503,261.9552721,276.98035519999996,271.57588010000006,346.98535219999997,387.694013,322.8910912,289.6510082,299.55637260000003,233.47103450000003,208.65472549999998
root/EastAsia&Pacific/NewZealand,root/EastAsia&Pacific,0,0,0,0,0,0,0,0,0,0,0,0,0,0,0,0,0,0,0,0,100.0,99.73711888,97.92279248,109.491179,129.4196886,139.6253466,139.5066082,157.6148345,186.0311355,139.9666929,173.36367090000002,203.09081899999998,187.5424287,198.3004783,204.74283390000002,164.44096159999998,156.15913999999998
root/EastAsia&Pacific/NorthernMarianaIslands,root/EastAsia&Pacific,0,0,0,0,0,0,0,0,0,0,0,0,0,0,0,0,0,0,0,0,100.0,98.46161362,98.53897228,100.2863344,102.3784562,103.8663596,106.92422250000001,112.8489142,125.23557220000001,123.00709099999999,142.2851106,158.5386,153.98526030000002,149.04412140000002,149.7855233,136.6748957,130.1562824
root/EastAsia&Pacific/Palau,root/EastAsia&Pacific,0,0,0,0,0,0,0,0,0,0,0,0,0,0,0,0,0,0,0,0,100.0,96.75438977,96.10150193,98.4288263,103.4402142,110.4200993,117.3332764,122.86456070000001,129.754571,123.30669250000001,131.5066777,141.2946498,137.96447560000001,139.7773495,144.7940361,139.8242418,144.5993034
root/EastAsia&Pacific/PapuaNewGuinea,root/EastAsia&Pacific,31.0,24.0,22.0,22.0,23.0,34.0,34.0,37.0,43.0,36.0,37.0,37.0,38.0,42.0,49.0,69.0,68.0,75.0,86.0,97.0,100.0,90.80384703,99.85467671,113.6396426,141.5928579,170.9628006,230.7582759,265.2697462,317.550581,277.4639724,360.56080069999996,477.77469510000003,452.05440769999996,408.6791229,397.79234110000004,310.32849369999997,284.5328397
root/EastAsia&Pacific/Philippines,root/EastAsia&Pacific,337.0,231.0,209.0,159.0,107.0,81.0,72.0,79.0,88.0,86.0,83.0,85.0,80.0,80.0,81.0,81.0,86.0,89.0,97.0,107.0,100.0,82.95740892,76.97310387,78.59477722,74.41297871,83.2182148,86.99798612,88.67338854,90.00377026,86.57168818,89.7786124,95.76967856,94.72416503,91.76328645,91.63561529,86.56238074,84.72348793
root/EastAsia&Pacific/Samoa,root/EastAsia&Pacific,0,0,0,0,0,115.0,77.0,89.0,113.0,113.0,61.0,60.0,74.0,76.0,80.0,82.0,75.0,89.0,105.0,123.0,100.0,98.05307538,97.61940646,102.65514809999999,106.72950870000001,113.8499777,121.67563340000001,128.5150869,135.93549850000002,127.3407058,136.5054323,149.40847409999998,145.23035359999997,143.82258000000002,144.7911767,132.3562469,131.03990359999997
root/EastAsia&Pacific/Singapore,root/EastAsia&Pacific,123.0,129.0,124.0,120.0,114.0,108.0,94.0,100.0,104.0,106.0,115.0,114.0,113.0,112.0,113.0,120.0,119.0,112.0,97.0,96.0,100.0,92.68610783,90.72902592,99.61676314,92.78590974,96.05890542,102.8335762,104.4884288,113.0331053,100.5894535,108.580275,120.41036869999999,119.80425220000001,116.40063570000001,113.41874409999998,96.42633341,90.73125579
root/EastAsia&Pacific/SolomonIslands,root/EastAsia&Pacific,287.99,220.206,201.55,174.15900000000002,235.108,191.395,114.525,107.08200000000001,114.00399999999999,101.992,100.0,98.6292,88.76899999999999,0,0,0,0,0,0,0,100.0,97.69728353,102.53602729999999,114.74708000000001,128.448225,132.06180619999998,142.76285869999998,167.7891285,181.1659788,152.2921244,172.9037351,198.533971,192.06824459999999,192.37396619999998,215.1955355,165.1886946,157.828967
root/EastAsia&Pacific/Thailand,root/EastAsia&Pacific,97.0,94.0,83.0,84.0,81.0,72.0,77.0,84.0,93.0,94.0,96.0,100.0,102.0,103.0,107.0,116.0,127.0,122.0,106.0,102.0,100.0,93.8718602,94.76356709,100.09303059999999,104.7769937,112.43056990000001,118.2898485,125.54663870000002,138.41263940000002,138.3027621,150.57749019999997,159.5144358,160.60364199999998,159.6537884,157.40938390000002,151.10467230000003,150.8538444
root/EastAsia&Pacific/Tonga,root/EastAsia&Pacific,0,0,0,0,0,0,0,0,0,0,0,0,0,0,0,0,0,0,0,0,100.0,99.10362925,98.97955097,108.22924109999998,113.2130396,117.4338809,124.4010121,131.437973,154.95524939999999,149.76947280000002,165.2438535,180.6708966,178.24798149999998,176.771723,183.97443080000002,174.75240259999998,175.7536151
root/EastAsia&Pacific/Vanuatu,root/EastAsia&Pacific,0,0,0,0,0,0,0,0,0,0,0,0,0,0,0,0,0,0,0,0,100.0,90.42794144,97.1397019,99.08191304,103.15745890000001,104.4847802,110.76839309999998,119.3085365,140.7274199,138.29215119999998,152.83068469999998,161.2028324,162.8825537,159.2725118,163.58030630000002,157.1181716,156.0512364
root/EastAsia&Pacific/Vietnam,root/EastAsia&Pacific,0,0,0,0,0,0,0,0,0,0,0,0,0,0,0,0,0,0,0,0,100.0,93.705,94.360935,103.13650200000001,115.51288219999999,131.5691728,141.1737224,151.3382304,188.8701116,166.39456830000003,184.1987871,220.3017494,219.20024069999997,213.93943489999998,216.29276869999998,193.4933479,188.9075556
root/Europe&CentralAsia,root,120.0,159.0,214.0,265.0,433.0,134.0,130.0,148.0,143.0,110.0,120.0,119.0,120.0,118.0,114.0,129.0,123.0,117.0,112.0,105.0,5000.0,4858.414387120001,4931.743611939999,5620.002175919999,6256.618194589999,6744.26134951,7422.0858838899985,8212.91004334,9726.934030280001,8285.833458469999,8971.713609150002,10399.0662377,10049.414672199999,10000.108079299998,9797.8023479,8068.666033730001,7729.229756909998
root/Europe&CentralAsia/Albania,root/Europe&CentralAsia,0,0,0,0,0,0,0,0,0,0,0,0,0,0,0,0,0,0,0,0,100.0,98.93675716,98.17916945,100.3873838,106.47998359999998,111.9436116,118.532781,126.5771033,143.7904821,131.5437789,145.895353,166.5386368,164.0865452,160.7757461,157.1563314,138.3960368,134.8012417
root/Europe&CentralAsia/Andorra,root/Europe&CentralAsia,0,0,0,0,0,0,0,0,0,0,0,0,0,0,0,0,0,0,0,0,100.0,98.27174533,97.42311358,99.17912121,100.5360634,108.950678,124.60384350000001,129.1519839,135.12542050000002,132.00861129999998,132.9275812,137.2129418,135.6956624,132.4003629,131.2053237,126.05513130000001,124.126798
root/Europe&CentralAsia/Armenia,root/Europe&CentralAsia,0,0,0,0,0,0,0,0,0,0,0,0,0,0,0,0,0,0,0,0,100.0,97.39551759999999,96.42473239,101.6121349,117.04424740000002,123.49501029999999,149.45535890000002,161.5809155,188.55583230000002,169.1913325,204.16295359999998,227.1275179,213.89921370000002,201.4754886,196.4555913,175.78112439999998,171.2347126
root/Europe&CentralAsia/Austria,root/Europe&CentralAsia,0,0,0,0,0,0,0,0,0,0,0,0,0,0,0,0,0,0,0,0,100.0,98.36378251,103.2190762,121.79117790000001,135.4187779,139.9201377,146.43804440000002,164.9911641,182.63594619999998,168.7801603,163.5294445,179.759538,168.9605438,174.80515380000003,174.30506069999998,148.69217769999997,150.3720586
root/Europe&CentralAsia/Azerbaijan,root/Europe&CentralAsia,0,0,0,0,0,0,0,0,0,0,0,0,0,0,0,0,0,0,0,0,100.0,88.69150626,88.53985875,101.7687445,128.9887611,172.795578,206.7947023,226.75148489999998,306.93761010000003,201.3490822,254.6795991,344.9933547,350.3194137,338.89372169999996,311.9218353,178.4772342,152.34138769999998
root/Europe&CentralAsia/Belarus,root/Europe&CentralAsia,0,0,0,0,0,0,0,0,0,0,0,0,0,0,0,0,0,0,0,0,100.0,96.611,94.76862823,103.5337787,118.8060463,142.1989569,162.2490098,189.5068434,252.61262230000003,186.42811530000003,215.138045,265.05007140000004,266.1102717,260.521956,243.06698500000002,175.49436310000002,154.43503959999998
root/Europe&CentralAsia/Belgium,root/Europe&CentralAsia,0,0,0,0,0,0,0,0,0,0,0,0,0,0,0,0,0,0,0,0,100.0,98.51415502,103.6902345,122.63582579999999,136.76420249999998,144.0727353,150.7901601,168.6482726,188.2072632,166.20964009999997,168.799556,189.37069259999998,178.9100243,183.9137509,181.82243490000002,150.7263839,146.3383274
root/Europe&CentralAsia/BosniaandHerzegovina,root/Europe&CentralAsia,0,0,0,0,0,0,0,0,0,0,0,0,0,0,0,0,0,0,0,0,100.0,98.00682811,97.25003466,104.9826907,115.3014107,124.46686729999999,137.01624730000003,147.214227,163.4788896,149.5261976,162.71838369999998,187.2688811,180.4063632,176.2968132,174.6844825,160.138625,154.6601913
root/Europe&CentralAsia/Bulgaria,root/Europe&CentralAsia,0,0,0,0,0,0,0,0,0,0,0,0,0,0,0,0,0,0,0,0,100.0,94.89151036,98.54235781,115.90657970000001,137.17919730000003,146.4547186,170.3414302,194.6757912,218.0498066,184.7452494,194.31820019999998,221.0511306,210.16989669999998,207.92861580000002,203.0032468,167.70323280000002,162.93730019999998
root/Europe&CentralAsia/Croatia,root/Europe&CentralAsia,0,0,0,0,0,0,0,0,0,0,0,0,0,0,0,0,0,0,0,0,100.0,99.31396452,98.21999778,115.82710349999999,130.05746409999998,132.8090402,141.102496,168.6249212,190.942135,165.4739042,162.4554791,181.7291979,172.4745032,169.7241849,167.88431609999998,137.1272114,132.4914084
root/Europe&CentralAsia/Cyprus,root/Europe&CentralAsia,0,0,0,0,0,0,0,0,0,0,0,0,0,0,0,0,0,0,0,0,100.0,92.51807127,82.43597925,92.77209920000001,52.69546172,54.00633225,57.18033387,63.90353054,75.02123328,59.07678277,60.74222255,68.0697048,63.6495581,63.387336600000005,105.4898253,83.66137882,69.51914748
root/Europe&CentralAsia/CzechRepublic,root/Europe&CentralAsia,0,0,0,0,0,0,0,0,0,0,0,0,0,0,0,0,0,0,0,0,100.0,101.1677566,108.9389521,130.0874241,148.1055747,152.49170039999998,158.9793938,178.1001186,200.9263354,183.8088905,183.2880917,204.7206964,193.950867,198.69032119999997,200.0265494,172.01732280000002,171.8075887
root/Europe&CentralAsia/Denmark,root/Europe&CentralAsia,0,0,0,0,0,0,0,0,0,0,0,0,0,0,0,0,0,0,0,0,100.0,98.74112558,102.965319,120.40648329999999,135.8522349,141.3669988,147.13044169999998,158.1281554,177.2512855,160.2320556,160.9668489,180.04863500000002,171.2422072,179.9644767,177.22965359999998,150.59198669999998,149.6319565
root/Europe&CentralAsia/Estonia,root/Europe&CentralAsia,0,0,0,0,0,0,0,0,0,0,0,0,0,0,0,0,0,0,0,0,100.0,103.6786861,107.22341740000002,122.6533541,109.3892513,112.85420309999999,117.10509240000002,134.0011598,150.05772,131.84429479999997,135.2846331,154.28988940000002,145.3262223,148.0839851,146.286301,119.9855345,119.1672267
root/Europe&CentralAsia/FaroeIslands,root/Europe&CentralAsia,0,0,0,0,0,0,0,0,0,0,0,0,0,0,0,0,0,0,0,0,100.0,99.19898848,102.3176739,104.1358684,106.90630359999999,112.64916409999998,129.59261329999998,134.85549819999997,144.940217,140.56940869999997,156.8037592,166.31323899999998,165.7353406,167.31494809999998,171.46005390000002,162.8334794,165.8799626
root/Europe&CentralAsia/Finland,root/Europe&CentralAsia,0,0,0,0,0,0,0,0,0,0,0,0,0,0,0,0,0,0,0,0,100.0,95.35857059,99.85193515,114.0135668,125.41934609999998,133.8810045,142.3710289,165.22117830000002,176.1859957,155.4901667,161.139777,181.27397240000002,168.3791783,171.53558080000002,169.419972,139.3514707,133.644911
root/Europe&CentralAsia/France,root/Europe&CentralAsia,0,0,0,0,0,0,0,0,0,0,0,0,0,0,0,0,0,0,0,0,100.0,99.32392224,105.3443149,124.1389815,138.471869,142.3390814,149.9120761,169.33974619999998,188.74323700000002,174.0403824,171.4894066,190.16006299999998,181.83973730000002,187.3673871,186.2573827,159.309952,157.38731719999998
root/Europe&CentralAsia/Georgia,root/Europe&CentralAsia,0,0,0,0,0,0,0,0,0,0,0,0,0,0,0,0,0,0,0,0,100.0,97.13562764,98.07826218,107.16107720000001,125.60479309999998,135.97356200000002,159.83238740000002,176.7668459,222.30966439999997,209.8771195,231.2831834,258.8716304,251.1671111,242.74687519999998,239.69775819999998,213.2004116,209.40573999999998
root/Europe&CentralAsia/Germany,root/Europe&CentralAsia,0,0,0,0,0,0,0,0,0,0,0,0,0,0,0,0,0,0,0,0,100.0,99.77015774,105.20117340000002,124.2672962,136.912847,137.72909380000002,143.446189,160.24305049999998,175.8953515,165.823114,162.15485759999999,178.7718362,170.5760116,177.08168830000002,179.8703851,155.4331986,155.8059427
root/Europe&CentralAsia/Gibraltar,root/Europe&CentralAsia,0,0,0,0,0,0,0,0,0,0,0,0,0,0,0,0,0,0,0,0,100.0,91.21665538,89.53135749,90.68149682,93.53658794,96.26783074,108.1909913,119.1457818,134.881626,107.0071459,125.80134890000001,153.20382759999998,157.68660069999999,147.9369152,143.5924745,98.98967583,87.98259057
root/Europe&CentralAsia/Greece,root/Europe&CentralAsia,0,0,0,0,0,0,0,0,0,0,0,0,0,0,0,0,0,0,0,0,100.0,95.65215566,92.70328829,113.06732,126.21936129999999,130.8873589,145.8621312,151.5466675,164.57945959999998,135.5292312,171.9234208,201.3790632,191.06274130000003,191.3226051,183.9433066,138.2541414,128.4332654
root/Europe&CentralAsia/Greenland,root/Europe&CentralAsia,0,0,0,0,0,0,0,0,0,0,0,0,0,0,0,0,0,0,0,0,100.0,87.79074805,81.97926705,82.01451319,86.77881433,91.04215482,96.99973662,101.5270309,110.1151328,104.6343821,113.7341942,131.661571,133.21847879999999,137.28685,144.20016850000002,134.6560858,138.18942009999998
root/Europe&CentralAsia/Hungary,root/Europe&CentralAsia,0,0,0,0,0,0,0,0,0,0,0,0,0,0,0,0,0,0,0,0,100.0,97.11645364,100.6531658,118.76874740000001,130.70385729999998,130.6688742,131.66768259999998,144.7877565,158.6455566,146.0524943,148.68108480000004,163.9049904,153.8875295,159.4277526,158.3234509,134.1059804,133.3884632
root/Europe&CentralAsia/Iceland,root/Europe&CentralAsia,0,0,0,0,0,0,0,0,0,0,0,0,0,0,0,0,0,0,0,0,100.0,99.17215894,102.988241,110.9807121,123.11382959999999,131.6610291,148.6510832,166.91575880000002,166.0856118,125.00875549999999,144.1227465,156.24641699999998,146.2842115,142.12936409999998,144.23803769999998,131.9885005,130.79606470000002
root/Europe&CentralAsia/Ireland,root/Europe&CentralAsia,0,0,0,0,0,0,0,0,0,0,0,0,0,0,0,0,0,0,0,0,100.0,98.11927991,100.891863,114.7056871,123.5175132,129.5098963,131.6260857,142.1581618,152.50469019999997,140.62717769999998,140.7516307,149.6744032,142.5111213,147.4944793,145.2735517,129.3319817,128.0821628
root/Europe&CentralAsia/Italy,root/Europe&CentralAsia,0,0,0,0,0,0,0,0,0,0,0,0,0,0,0,0,0,0,0,0,100.0,99.45241637,105.8892903,126.87649409999999,142.6475051,148.7114434,157.2083812,179.1997376,201.5529612,186.2109943,185.04437,207.1456301,198.4552291,206.69052390000002,208.7354325,177.6807899,176.78081269999998
root/Europe&CentralAsia/Kazakhstan,root/Europe&CentralAsia,0,0,0,0,0,0,0,0,0,0,0,0,0,0,0,0,0,0,0,0,100.0,90.36555169,90.34770841,103.99256899999999,133.96619840000002,180.4914251,227.42809,254.4267769,338.30336789999996,241.17847090000004,302.8034375,395.0135213,391.0054198,380.315804,353.34819439999995,227.26951980000004,195.39076
root/Europe&CentralAsia/KyrgyzRepublic,root/Europe&CentralAsia,0,0,0,0,0,0,0,0,0,0,0,0,0,0,0,0,0,0,0,0,100.0,99.61601922,100.80753409999998,114.9553877,126.3202983,137.92989169999998,154.1920987,168.2913968,196.4258375,194.6347374,225.8802423,270.6868024,269.1016301,247.8682364,231.78628769999997,209.71817740000003,216.96619840000002
root/Europe&CentralAsia/Latvia,root/Europe&CentralAsia,0,0,0,0,0,0,0,0,0,0,0,0,0,0,0,0,0,0,0,0,100.0,97.2908554,103.6020817,118.1145446,137.097629,137.3031399,145.9221024,175.5786855,196.2629585,166.8581616,172.4391448,194.37297560000002,184.9814749,191.716925,188.6815487,154.7441139,151.3870436
root/Europe&CentralAsia/Lithuania,root/Europe&CentralAsia,0,0,0,0,0,0,0,0,0,0,0,0,0,0,0,0,0,0,0,0,100.0,95.14633061,97.71191721,115.41737490000001,125.5356456,131.9838425,143.50039950000001,166.8924608,195.1696875,158.8462438,168.8527632,201.3018388,195.44413909999997,199.0878528,193.8188281,154.6812876,147.60953590000003
root/Europe&CentralAsia/Luxembourg,root/Europe&CentralAsia,0,0,0,0,0,0,0,0,0,0,0,0,0,0,0,0,0,0,0,0,100.0,96.0735484,102.6805854,116.3040903,124.34283980000001,122.82513020000002,126.9942568,135.4172666,145.1266634,125.9707137,131.6216837,139.2111629,130.4810978,133.90158689999998,131.8786261,113.2858488,106.39440729999998
root/Europe&CentralAsia/MacedoniaFYR,root/Europe&CentralAsia,0,0,0,0,0,0,0,0,0,0,0,0,0,0,0,0,0,0,0,0,100.0,96.25542997,94.73652669,100.335302,112.30929640000002,122.80205590000001,131.01583109999999,142.5968709,168.20330880000003,164.5233578,175.3963179,196.1111395,190.1751079,186.1569625,186.7435986,172.86820569999998,166.6950759
root/Europe&CentralAsia/Moldova,root/Europe&CentralAsia,0,0,0,0,0,0,0,0,0,0,0,0,0,0,0,0,0,0,0,0,100.0,96.0,95.04,98.8416,105.760512,108.9333274,113.2906605,123.4868199,139.5401065,121.3998926,125.0418894,133.7948217,129.780977,127.1853575,118.6639385,98.49106898,94.74840836
root/Europe&CentralAsia/Netherlands,root/Europe&CentralAsia,0,0,0,0,0,0,0,0,0,0,0,0,0,0,0,0,0,0,0,0,100.0,95.72398422,99.42344255,115.6834564,128.83886270000002,133.21599609999998,142.1209754,158.86648359999998,177.39775659999998,155.0109096,160.0121345,184.22630759999998,176.9540114,180.6300634,179.4671775,148.0444785,143.0737457
root/Europe&CentralAsia/Norway,root/Europe&CentralAsia,0,0,0,0,0,0,0,0,0,0,0,0,0,0,0,0,0,0,0,0,100.0,93.81922332,92.64732268,106.2914693,127.35156459999999,161.577239,193.5639521,213.63230380000002,268.2914119,188.7345239,215.8253963,273.5904845,271.87126539999997,275.6350244,250.542096,173.1080355,150.50005869999998
root/Europe&CentralAsia/Poland,root/Europe&CentralAsia,0,0,0,0,0,0,0,0,0,0,0,0,0,0,0,0,0,0,0,0,100.0,101.0107318,106.6820978,123.8173625,142.86742990000002,149.1687787,156.7848601,177.8660128,200.5776433,177.4233615,180.61676640000002,199.0478611,187.83359099999998,193.855627,193.04626930000003,164.11848490000003,162.4151735
root/Europe&CentralAsia/Portugal,root/Europe&CentralAsia,0,0,0,0,0,0,0,0,0,0,0,0,0,0,0,0,0,0,0,0,100.0,98.45277,103.85545440000001,121.2066676,136.5856378,135.0355696,140.3053615,161.5163872,177.2729634,161.5642389,161.4121234,180.67767949999998,171.43839419999998,177.1698235,176.7325409,147.9800944,145.5151773
root/Europe&CentralAsia/Romania,root/Europe&CentralAsia,0,0,0,0,0,0,0,0,0,0,0,0,0,0,0,0,0,0,0,0,100.0,99.64570477,105.47517240000002,123.86491799999999,143.9872675,153.598507,164.1384334,178.5165151,202.54694019999997,179.7171744,184.2791129,212.22320159999998,200.17434740000002,202.96314819999998,201.5225553,170.2045585,168.4185778
root/Europe&CentralAsia/RussianFederation,root/Europe&CentralAsia,0,0,0,0,0,0,0,0,0,0,0,0,0,0,0,0,0,0,0,0,100.0,95.2,91.5824,102.9386176,125.4821749,158.35850469999997,188.4466206,210.3064285,283.2827592,186.1167728,229.1097473,304.4868542,309.3586439,296.0562222,279.1810175,184.8932125,157.7508889
root/Europe&CentralAsia/Serbia,root/Europe&CentralAsia,0,0,0,0,0,0,0,0,0,0,0,0,0,0,0,0,0,0,0,0,0,0,0,0,0,0,0,0,178.8709126,165.44629709999998,177.9773332,200.9305775,195.9201661,191.07134399999998,189.196447,173.57307580000003,168.659186
root/Europe&CentralAsia/SlovakRepublic,root/Europe&CentralAsia,0,0,0,0,0,0,0,0,0,0,0,0,0,0,0,0,0,0,0,0,100.0,96.68468288,100.2075087,124.52931699999999,147.2164448,155.8241711,159.2631002,175.72846230000002,191.4848337,173.8522871,167.7815206,184.94180459999998,170.7441676,173.9913023,167.6524796,142.8032924,145.30658369999998
root/Europe&CentralAsia/Slovenia,root/Europe&CentralAsia,0,0,0,0,0,0,0,0,0,0,0,0,0,0,0,0,0,0,0,0,100.0,99.6682955,104.9195966,124.3996078,141.8368121,136.1497637,142.4942697,160.9374814,177.9623052,161.47401609999997,160.48824390000001,178.14641630000003,167.71425119999998,170.38786069999998,167.6149281,140.3922293,138.0744743
root/Europe&CentralAsia/Spain,root/Europe&CentralAsia,0,0,0,0,0,0,0,0,0,0,0,0,0,0,0,0,0,0,0,0,100.0,98.50288456,103.9700789,124.4100104,139.87154080000002,145.9328196,154.29890690000002,174.8527119,193.92979350000002,175.6740035,176.1529084,195.6209624,187.201933,184.84555559999998,182.23785959999998,152.68734740000002,150.97562250000001
root/Europe&CentralAsia/Sweden,root/Europe&CentralAsia,0,0,0,0,0,0,0,0,0,0,0,0,0,0,0,0,0,0,0,0,100.0,94.83437398,101.0411795,118.69361470000001,131.0381333,134.25652639999998,142.1047041,157.3599717,172.1607306,152.9122916,159.61228789999998,176.89530580000002,168.28335719999998,170.853972,168.2728724,139.84349450000002,137.59088
root/Europe&CentralAsia/Switzerland,root/Europe&CentralAsia,0,0,0,0,0,0,0,0,0,0,0,0,0,0,0,0,0,0,0,0,100.0,102.1,107.5113,123.96052890000001,137.5961871,139.93532230000002,143.713576,156.3603706,179.0326244,181.92400130000001,189.20096130000002,210.58067000000003,202.0247773,204.3743255,210.70175460000002,196.77015459999998,201.23880480000003
root/Europe&CentralAsia/Tajikistan,root/Europe&CentralAsia,0,0,0,0,0,0,0,0,0,0,0,0,0,0,0,0,0,0,0,0,100.0,96.51936070000001,92.835623,106.4345426,123.79494380000001,133.9772353,171.27315990000002,177.652567,199.1082149,150.63419840000003,198.9427577,234.8780338,194.05690790000003,186.278215,180.7038465,160.33484330000002,164.50601269999999
root/Europe&CentralAsia/Turkey,root/Europe&CentralAsia,120.0,159.0,214.0,265.0,433.0,134.0,130.0,148.0,143.0,110.0,120.0,119.0,120.0,118.0,114.0,129.0,123.0,117.0,112.0,105.0,100.0,97.44271779,95.65435323,107.7743027,125.70785929999998,133.2579056,137.9054294,155.43735869999998,179.56716830000002,150.5789808,155.6765261,173.50637509999999,168.7704169,168.96405149999998,166.59888899999999,150.5637505,143.7185041
root/Europe&CentralAsia/Turkmenistan,root/Europe&CentralAsia,0,0,0,0,0,0,0,0,0,0,0,0,0,0,0,0,0,0,0,0,100.0,104.41609790000001,82.8018218,104.41335040000001,115.21992479999999,172.5602725,227.9447778,231.5746375,353.0384202,247.5042699,271.00357189999994,353.76120760000003,385.4118633,364.3243266,342.93540989999997,245.652771,166.9089826
root/Europe&CentralAsia/Ukraine,root/Europe&CentralAsia,0,0,0,0,0,0,0,0,0,0,0,0,0,0,0,0,0,0,0,0,100.0,96.979,97.45031794,107.9525387,130.1389445,146.9255669,157.7672045,180.24745349999998,221.70436769999998,162.2875972,204.4823725,256.8298598,251.95009249999998,254.46959339999998,241.2371745,198.5381946,190.9937433
root/Europe&CentralAsia/UnitedKingdom,root/Europe&CentralAsia,0,0,0,0,0,0,0,0,0,0,0,0,0,0,0,0,0,0,0,0,100.0,98.25851466,102.9034595,118.3753087,134.8406947,141.32574019999998,152.20910769999998,167.128383,180.75551930000003,165.1318548,173.9977354,195.84176090000003,191.824659,195.56909530000001,194.19527490000002,164.7530861,160.1151167
root/Europe&CentralAsia/Uzbekistan,root/Europe&CentralAsia,0,0,0,0,0,0,0,0,0,0,0,0,0,0,0,0,0,0,0,0,100.0,93.99876869,94.60542587,112.94003190000001,126.460048,141.7455564,172.3282838,184.6733519,240.8856493,195.346634,245.27045930000003,306.5510813,280.9073967,267.2389204,255.4928219,223.3632965,214.63575699999998
root/LatinAmerica&Caribbean,root,2925.833,2923.3696999999997,2762.1105999999995,2665.6868,2579.4923,2364.9374,2339.7344000000003,2305.4718,2272.1205,2093.3675000000003,2137.736,1972.3624,1989.9292,1936.926,2121.04,2364.697,2369.5605,2230.7088999999996,2089.5949,1911.4087,3700.0,3510.9709756800003,3503.39484766,3703.74909,4106.049852259999,5097.94743373,5733.18049002,6173.942217400001,7128.18529267,6333.8306173,7072.10850913,8271.532329749998,8284.24487456,7887.567699549999,7674.7350999,6511.97908151,6248.20752521
root/LatinAmerica&Caribbean/AntiguaandBarbuda,root/LatinAmerica&Caribbean,0,0,0,0,0,0,0,0,0,0,0,0,0,0,0,0,0,0,0,0,100.0,91.07688544,90.19892527,89.91388640000001,92.52508043,95.35478083,105.2268848,117.39931200000001,142.5991884,134.6872844,136.7706364,149.64513459999998,148.75806790000001,124.1566368,121.1322991,110.4276771,103.3101418
root/LatinAmerica&Caribbean/Argentina,root/LatinAmerica&Caribbean,85.0,79.0,68.0,73.0,72.0,80.0,84.0,83.0,78.0,76.0,75.0,93.0,97.0,98.0,106.0,109.0,116.0,109.0,99.0,91.0,100.0,94.94218572,91.64487252,100.4974786,117.6470227,122.94966229999999,135.6463336,153.44558590000003,194.58672969999998,173.2941147,186.62316,224.86230189999998,227.2939097,224.1178058,218.8233841,184.7057271,176.233454
root/LatinAmerica&Caribbean/Aruba,root/LatinAmerica&Caribbean,0,0,0,0,0,0,0,0,0,0,0,0,0,0,0,0,0,0,0,0,100.0,91.63014891,87.14258225,102.7834794,130.713924,191.6957078,227.31130019999998,250.6912338,328.46014289999994,217.1462586,248.35117549999998,333.6560413,340.58022239999997,353.0338901,338.76101669999997,219.30279810000002,205.0447084
root/LatinAmerica&Caribbean/BahamasThe,root/LatinAmerica&Caribbean,0,0,0,0,0,0,0,0,0,0,0,0,0,0,0,0,0,0,0,0,100.0,91.09469674,87.55485423,96.67054293,106.0651186,116.3900798,126.2682071,136.772873,166.34444919999999,137.13605080000002,159.9951024,198.9848729,203.2199522,171.6692436,168.54582240000002,150.0557236,136.7069211
root/LatinAmerica&Caribbean/Barbados,root/LatinAmerica&Caribbean,0,0,0,0,0,0,0,0,0,0,0,0,0,0,0,0,0,0,0,0,100.0,96.26614352,93.63638092,104.346484,120.47004479999998,147.7722094,163.94897659999998,174.7045544,203.3678709,191.75147809999999,203.57675680000003,238.7859125,234.1227391,224.7802284,220.67080389999998,200.96222659999998,195.9505186
root/LatinAmerica&Caribbean/Belize,root/LatinAmerica&Caribbean,0,0,0,0,0,0,0,0,0,0,0,0,0,0,0,0,0,0,0,0,100.0,101.79458290000001,93.73904026,91.22400083,100.386549,110.13192360000001,128.4312205,133.3271952,150.6038375,139.0537757,158.3333455,189.24553280000003,185.83920980000002,174.1724378,174.8583649,156.2818441,176.9415804
root/LatinAmerica&Caribbean/Bolivia,root/LatinAmerica&Caribbean,150.0,147.0,148.0,140.0,150.0,142.0,104.0,103.0,101.0,103.0,101.0,93.0,79.0,79.0,94.0,101.0,111.0,110.0,100.0,96.0,100.0,95.75422389,96.53335182,103.64134320000001,132.0932577,147.7605419,176.35609730000002,198.9564911,249.23217730000002,208.3536881,240.3508588,301.2133858,336.8146183,328.663796,303.9918547,221.1050074,204.298971
root/LatinAmerica&Caribbean/Brazil,root/LatinAmerica&Caribbean,116.0,109.0,102.0,94.0,97.0,90.0,91.0,92.0,102.0,101.0,99.0,101.0,100.0,96.0,106.0,117.0,117.0,119.0,112.0,98.0,100.0,96.59384233,92.22302256,96.56397469,107.13500220000002,120.0646761,134.8343599,149.0058439,188.24247519999997,163.01535180000002,197.0578802,242.561498,230.37550499999998,223.1948884,211.93390319999997,166.3900313,155.9583393
root/LatinAmerica&Caribbean/BritishVirginIslands,root/LatinAmerica&Caribbean,0,0,0,0,0,0,0,0,0,0,0,0,0,0,0,0,0,0,0,0,100.0,94.06088079999999,90.41257349,93.43083831,101.32408640000001,97.81907481,104.1081025,110.98897020000001,126.2881716,124.9517116,134.20315549999998,149.2653994,154.21427930000002,142.38220859999998,142.6090518,138.22278300000002,134.5532275
root/LatinAmerica&Caribbean/CaymanIslands,root/LatinAmerica&Caribbean,0,0,0,0,0,0,0,0,0,0,0,0,0,0,0,0,0,0,0,0,100.0,93.11973024,92.94314073,91.85001171,94.59383858,88.86162414,98.06614984,108.06834199999999,121.23498700000002,133.1462015,149.28134730000002,155.026883,161.87084330000002,120.4086642,118.25405690000001,115.81371909999999,112.04850420000001
root/LatinAmerica&Caribbean/Chile,root/LatinAmerica&Caribbean,146.0,126.0,106.0,104.0,99.0,91.0,98.0,104.0,111.0,124.0,116.0,113.0,108.0,97.0,110.0,141.0,115.0,113.0,94.0,91.0,100.0,88.55889006,88.0958968,96.03246931,125.549742,155.6839282,213.2678882,231.88956519999996,224.88811830000003,199.1084243,255.722043,281.2619935,263.2171258,250.240398,240.60272909999998,202.473227,198.06306940000002
root/LatinAmerica&Caribbean/Colombia,root/LatinAmerica&Caribbean,84.0,77.0,82.0,78.0,81.0,79.0,94.0,76.0,79.0,82.0,78.0,78.0,72.0,73.0,89.0,92.0,97.0,98.0,85.0,88.0,100.0,90.30229595,87.67483713,88.68878328,101.73067009999998,123.6473558,135.77129530000002,154.4537576,187.45076840000002,161.5808806,191.9276466,243.0685346,233.7844781,216.6593451,190.1706878,121.055986,106.3345506
root/LatinAmerica&Caribbean/CostaRica,root/LatinAmerica&Caribbean,83.0,83.0,80.0,78.0,82.0,84.0,99.0,87.0,90.0,88.0,81.0,86.0,90.0,94.0,99.0,114.0,108.0,112.0,110.0,105.0,100.0,80.61327997,80.97592564,87.84392789,83.25472305,85.35649284,87.90399923,92.80744515,88.15208403,86.88739391,80.95934871,82.91307094,84.31304689,83.92376594,76.64786423,61.04620323,57.35857587
root/LatinAmerica&Caribbean/Cuba,root/LatinAmerica&Caribbean,0,0,0,0,0,0,0,0,0,0,0,0,0,0,0,0,0,0,0,0,100.0,109.40886189999999,95.89850895,119.66216509999998,142.460573,152.11089719999998,195.53669299999999,232.93120840000003,248.6385215,253.7672179,299.48158689999997,325.74796569999995,302.4140825,284.4246219,284.59520530000003,249.902613,263.962223
root/LatinAmerica&Caribbean/Dominica,root/LatinAmerica&Caribbean,0,0,0,0,0,0,0,0,0,0,0,0,0,0,0,0,0,0,0,0,100.0,109.86773649999999,106.901774,101.5378635,118.3846108,124.09099979999999,133.6233199,141.0523437,163.67148730000002,166.9740006,170.3816477,187.80884469999998,185.28069130000003,176.1757801,171.117313,159.6325541,163.3918441
root/LatinAmerica&Caribbean/DominicanRepublic,root/LatinAmerica&Caribbean,121.0,134.0,115.0,120.0,114.0,112.0,114.0,104.0,124.0,129.0,97.0,96.0,87.0,92.0,100.0,106.0,105.0,106.0,100.0,99.0,100.0,97.6274641,97.72640547,99.32990331,103.002363,107.12658259999999,111.3986856,120.8758247,128.1283147,119.1594217,123.9734558,137.23066880000002,135.7755896,130.96558770000001,132.4376946,122.9021783,120.3212037
root/LatinAmerica&Caribbean/Ecuador,root/LatinAmerica&Caribbean,164.0,159.0,155.0,148.0,144.0,135.0,91.0,99.0,82.0,92.0,96.0,88.0,81.0,78.0,86.0,87.0,94.0,95.0,81.0,83.0,100.0,91.62808979,92.49014757,101.09073620000001,109.25718119999999,127.6546008,145.5905609,161.5459756,205.7231065,157.3187366,193.6897842,237.43263259999998,238.309598,240.7740261,239.80491209999997,170.0771586,157.4252825
root/LatinAmerica&Caribbean/ElSalvador,root/LatinAmerica&Caribbean,78.0,71.0,69.0,56.0,59.0,57.0,96.0,69.0,69.0,71.0,64.0,59.0,61.0,64.0,83.0,109.0,106.0,108.0,109.0,101.0,100.0,100.98719140000001,106.5089153,109.6447386,110.84097849999999,89.86155431,82.05326717,72.12531041,76.12222424,68.42835313,71.81691072,74.30277311,71.98421217,71.26590341,72.06156037,72.05607112,71.01281174
root/LatinAmerica&Caribbean/Grenada,root/LatinAmerica&Caribbean,112.40899999999999,93.1387,80.6286,81.5346,70.5693,81.6344,145.77700000000002,182.49099999999999,0,0,0,0,80.3363,73.0353,90.2362,100.0,86.8385,0,0,0,100.0,88.44389341,88.98619240000001,97.11708398,97.13741728,94.9894916,103.9936203,115.0401376,129.9446321,120.6014034,133.1606952,154.42076310000002,152.0476615,145.2644625,150.14818190000003,142.7800787,136.5146533
root/LatinAmerica&Caribbean/Guatemala,root/LatinAmerica&Caribbean,109.0,99.0,100.0,105.0,97.0,86.0,119.0,75.0,124.0,80.0,98.0,85.0,95.0,95.0,104.0,125.0,111.0,111.0,108.0,99.0,100.0,80.85071005,132.14113079999998,132.11489440000003,142.8757445,154.15964240000002,162.69368830000002,171.95612450000002,188.83335209999998,182.923813,198.98735980000004,222.2757795,209.82029730000002,200.76993080000003,196.4292517,175.46169819999997,179.9880559
root/LatinAmerica&Caribbean/Guyana,root/LatinAmerica&Caribbean,162.132,148.77100000000002,149.356,134.27,136.592,121.63799999999999,116.536,121.272,125.991,119.931,126.851,159.422,133.459,102.64299999999999,101.184,100.0,166.56,97.0529,91.7167,0,100.0,95.68258344,94.45443753,100.51387790000001,108.86954340000001,124.8937435,153.21263249999998,153.417881,193.5142956,197.5980676,230.81125649999998,275.0986841,276.5957247,246.39003190000003,228.88043430000005,205.3003321,217.282088
root/LatinAmerica&Caribbean/Haiti,root/LatinAmerica&Caribbean,146.0,121.0,120.0,129.0,147.0,157.0,150.0,137.0,139.0,98.0,127.0,103.0,88.0,88.0,94.0,103.0,99.0,99.0,107.0,102.0,100.0,92.24829088,104.844902,108.80829540000002,114.2692032,117.0822097,119.9388057,120.1706108,121.8002074,143.1855049,139.72814230000003,138.5835294,161.1146989,140.3169467,130.1118188,141.2644886,133.7285685
root/LatinAmerica&Caribbean/Honduras,root/LatinAmerica&Caribbean,103.0,95.0,93.0,89.0,100.0,96.0,120.0,97.0,78.0,81.0,71.0,77.0,75.0,76.0,82.0,105.0,95.0,113.0,110.0,101.0,100.0,81.14280749999999,78.70852197,77.92139369,83.37680366,90.87980042,94.51605559,99.24050924,107.1836524,99.67817687,112.6353321,139.6678511,121.93007730000001,111.84074509999999,111.44409479999999,101.0798074,100.1675184
root/LatinAmerica&Caribbean/Jamaica,root/LatinAmerica&Caribbean,117.846,118.292,109.291,99.9822,103.139,78.355,79.1038,80.9769,121.62899999999999,115.88,114.885,92.9404,90.1339,86.2477,88.6198,110.697,101.162,102.656,93.8782,93.4087,100.0,95.69307392,90.75152819,95.35653457,111.2301918,126.19976470000002,160.7381398,165.8524034,177.9212457,140.6959378,167.5455544,196.8897168,185.79304199999999,174.7391394,174.8714789,148.8248818,141.9919836
root/LatinAmerica&Caribbean/Mexico,root/LatinAmerica&Caribbean,171.0,187.0,157.0,141.0,138.0,120.0,82.0,94.0,84.0,84.0,95.0,91.0,94.0,94.0,94.0,98.0,99.0,99.0,94.0,95.0,100.0,97.52038065,99.79175469,105.3884989,117.25569650000001,126.8777209,136.5256101,143.4206389,157.4602423,134.70298469999997,151.0623082,173.17235,168.5279198,168.0460103,160.58567649999998,147.3656197,140.4627517
root/LatinAmerica&Caribbean/Nicaragua,root/LatinAmerica&Caribbean,120.0,116.0,111.0,101.0,118.0,95.0,106.0,93.0,104.0,95.0,124.0,105.0,80.0,90.0,102.0,116.0,106.0,109.0,108.0,98.0,100.0,86.5930022,85.20749281,85.20743848,90.31992705,97.99889147,120.2379187,124.65057949999999,145.24303469999998,134.3560398,154.4077824,188.2479736,187.9713586,177.42469340000002,175.82164939999998,173.7530697,166.9092506
root/LatinAmerica&Caribbean/Panama,root/LatinAmerica&Caribbean,0,70.0,60.0,64.0,63.0,71.0,74.0,73.0,68.0,67.0,66.0,72.0,97.0,94.0,96.0,96.0,98.0,99.0,100.0,101.0,100.0,103.07784790000001,107.92931329999999,113.21265829999999,106.22908989999999,673.8505131000001,681.5873654,706.6848406,746.6528745,685.0490278,686.9836897000001,729.2320252999999,739.4238286,728.3392428999999,745.9465562999999,694.8926996,675.0702163999999
root/LatinAmerica&Caribbean/Paraguay,root/LatinAmerica&Caribbean,90.0,97.0,87.0,78.0,101.0,62.0,47.0,70.0,76.0,98.0,92.0,89.0,85.0,90.0,107.0,110.0,110.0,110.0,109.0,101.0,100.0,113.3318452,108.7372476,122.08502220000001,123.2800863,114.7505763,104.2517689,124.37775479999999,154.1273741,134.9129582,134.3247836,148.797506,154.42089719999998,169.3455272,177.1661358,167.55575380000002,161.9436493
root/LatinAmerica&Caribbean/Peru,root/LatinAmerica&Caribbean,167.0,145.0,138.0,141.0,137.0,111.0,93.0,99.0,116.0,112.0,113.0,104.0,114.0,105.0,115.0,132.0,129.0,131.0,109.0,98.0,100.0,96.26338211,100.97847370000001,110.01608059999998,139.08429990000002,164.7811237,224.55669790000002,256.1063313,265.79229449999997,231.13673140000003,302.6745651,367.9006931,359.744047,339.2781609,316.01793349999997,268.83860930000003,258.6778705
root/LatinAmerica&Caribbean/StKittsandNevis,root/LatinAmerica&Caribbean,0,0,0,0,0,0,0,0,0,0,0,0,0,0,0,0,0,0,0,0,100.0,100.9046978,95.52736314,95.72845490000002,96.21604727,99.46746529,101.19211159999999,105.16832520000001,107.2778729,105.5122631,105.6778487,109.32374440000001,111.66338600000002,104.4405113,103.0666368,99.70894336,97.31468339
root/LatinAmerica&Caribbean/StLucia,root/LatinAmerica&Caribbean,100.0,107.384,116.631,123.29700000000001,0,0,0,0,0,0,0,0,0,0,0,0,0,0,0,0,100.0,109.4227517,104.25270019999999,98.30981387,118.947574,149.5835751,170.2383717,179.4249395,206.6399605,179.6084917,191.251468,233.3574332,233.8223288,226.66518760000002,220.9276136,173.09060730000002,155.01322180000003
root/LatinAmerica&Caribbean/StVincentandtheGrenadines,root/LatinAmerica&Caribbean,0,0,0,0,0,0,0,0,0,0,0,0,0,0,0,0,0,0,0,0,100.0,97.38984381,96.77248127,95.40176008,100.88626359999999,97.27706266,107.50365120000001,119.7341112,150.20488480000003,163.59030280000002,179.06743640000002,193.69028799999998,196.7709394,175.18295830000002,171.97241640000001,159.8087831,152.06374680000002
root/LatinAmerica&Caribbean/Suriname,root/LatinAmerica&Caribbean,127.009,145.86,143.01,140.347,125.726,100.0,100.90899999999999,97.5293,146.38,0,0,0,0,0,0,0,0,0,0,0,100.0,94.3948901,91.09756461,98.06422046,114.1528303,126.06739499999999,162.16860269999998,173.0888955,200.94225559999998,183.7788042,226.1598452,277.9128757,285.2323464,256.31199469999996,242.5871285,213.71434059999999,217.48402180000002
root/LatinAmerica&Caribbean/TrinidadandTobago,root/LatinAmerica&Caribbean,121.43700000000001,133.924,128.194,127.256,126.46600000000001,118.31,78.4086,82.2026,73.1205,83.5565,100.0,0,0,0,0,0,0,0,0,0,100.0,95.87856429,90.56699467,106.994041,125.5986922,169.43630149999998,211.5159721,222.13473009999998,305.0289263,216.7870897,240.7465437,325.7269465,340.9439458,331.88150299999995,318.4288669,243.82432020000002,198.8423855
root/LatinAmerica&Caribbean/TurksandCaicosIslands,root/LatinAmerica&Caribbean,0,0,0,0,0,0,0,0,0,0,0,0,0,0,0,0,0,0,0,0,100.0,87.05667834,82.42681897,89.86792382,91.11615314,91.54275946,91.85266839,95.7933429,103.7906021,99.50868449,104.0390393,120.19309640000002,117.0283716,112.9283631,113.86047549999999,101.7273479,99.71408051
root/LatinAmerica&Caribbean/Uruguay,root/LatinAmerica&Caribbean,121.0,122.0,112.0,101.0,104.0,94.0,99.0,112.0,118.0,121.0,117.0,116.0,114.0,108.0,110.0,122.0,119.0,117.0,117.0,103.0,100.0,97.82253012,91.09016459,97.07384944,100.006856,100.0193695,107.3920114,113.74888659999999,141.9025469,125.28690559999998,134.6145375,160.20994869999998,170.4459857,170.05344169999998,168.9266692,143.52680039999998,133.6746921
root/LatinAmerica&Caribbean/VenezuelaRB,root/LatinAmerica&Caribbean,131.0,139.0,132.0,119.0,114.0,103.0,58.0,74.0,62.0,72.0,86.0,71.0,69.0,64.0,64.0,71.0,80.0,73.0,52.0,68.0,100.0,81.92607209999998,86.82861031,99.81462075,127.7626662,173.7573352,213.72145609999998,242.88934249999997,330.1903835,219.15708619999998,275.734479,363.8176787,372.7798466,367.33962080000003,340.52355689999996,187.047371,142.4481599
root/MiddleEast&NorthAfrica,root,1783.232,1945.739,1787.5210000000002,1599.972,1568.48,1546.0,943.693,998.6806,801.8044,637.4371,670.0,635.0,681.0,640.0,642.0,727.0,783.0,734.0,627.0,680.0,2000.0,1857.7938252399997,1910.8321991899998,2286.3897808399997,2525.9203934499997,3134.5443143700004,3722.5204217999994,4202.2080835,5587.412482199999,4370.5500359,5266.774807600002,6823.913778600001,7000.2896243999985,7155.4927529,7043.5098657,5017.7068973,4148.6563391400005
root/MiddleEast&NorthAfrica/Algeria,root/MiddleEast&NorthAfrica,133.0,140.0,116.0,106.0,102.0,98.0,59.0,65.0,62.0,65.0,88.0,82.0,72.0,65.0,62.0,66.0,77.0,75.0,55.0,63.0,100.0,90.70006642,69.48965001,65.42320874,73.35105455,99.22696317,120.67285449999999,100.4526833,197.3663561,126.56792720000001,168.41638480000003,220.35461809999998,186.01371980000002,182.77715369999999,211.2958085,112.9831628,90.45364674
root/MiddleEast&NorthAfrica/Bahrain,root/MiddleEast&NorthAfrica,0,0,0,0,0,0,0,0,0,0,0,0,0,0,0,0,0,0,0,0,100.0,94.44341746,90.60453306,99.9332127,118.5343071,150.547225,184.7010989,198.01032619999998,241.49464680000003,184.3801223,224.7369406,266.9060527,255.34151830000002,247.764848,240.2054645,182.3643165,165.0005637
root/MiddleEast&NorthAfrica/Djibouti,root/MiddleEast&NorthAfrica,0,0,0,0,0,0,0,0,0,0,0,0,0,0,0,0,0,0,0,0,100.0,97.05016889,95.39275834,104.6797193,113.93320870000001,121.71305430000001,132.2934523,141.9175616,169.153454,154.8055666,164.1543198,196.8274044,194.9428488,183.9255655,182.1249435,146.2230722,137.183771
root/MiddleEast&NorthAfrica/EgyptArabRep,root/MiddleEast&NorthAfrica,107.0,121.0,120.0,112.0,101.0,98.0,80.0,68.0,72.0,73.0,83.0,95.0,100.0,100.0,96.0,100.0,100.0,105.0,99.0,93.0,100.0,94.07447859999999,92.23671986,103.89662940000001,123.29510390000002,155.3290729,182.484373,195.2960108,253.66143480000002,213.05157999999997,237.1837739,290.775691,290.4105469,282.891912,276.29467850000003,231.95413480000002,223.0160049
root/MiddleEast&NorthAfrica/IranIslamicRep,root/MiddleEast&NorthAfrica,121.948,130.025,109.21600000000001,101.181,99.2993,100.0,48.9172,64.3754,55.1175,58.4371,0,0,0,0,0,0,0,0,0,0,100.0,101.9733082,116.9596563,122.1360383,134.71543469999997,203.72032769999998,280.9337523,311.93382060000005,404.2946026,284.1234914,340.1456086,451.1954415,429.05391280000003,588.6348297000001,694.2475314,506.1447438,311.36854689999996
root/MiddleEast&NorthAfrica/Iraq,root/MiddleEast&NorthAfrica,107.23899999999999,125.53,118.449,104.365,100.749,100.0,53.9855,59.8118,49.2212,0,0,0,0,0,0,0,0,0,0,0,100.0,75.33252715,81.82652249,250.11778019999997,122.93606979999998,161.10535009999998,200.20992019999997,251.39591349999998,330.57038450000005,220.1766693,277.9309715,384.5771315,389.8447159,375.75787210000004,336.23787430000004,164.55334169999998,115.4956342
root/MiddleEast&NorthAfrica/Israel,root/MiddleEast&NorthAfrica,0,0,0,0,0,0,0,0,0,0,0,0,0,0,0,0,0,0,0,0,100.0,96.40781315,96.40256949,101.18330490000001,105.9784639,114.4007602,120.04251049999999,126.2942709,146.00881569999999,135.9902656,140.5824705,149.7107291,156.53964319999997,186.56933909999998,156.688624,148.5463803,144.9804985
root/MiddleEast&NorthAfrica/Jordan,root/MiddleEast&NorthAfrica,95.0,98.0,100.0,89.0,91.0,86.0,84.0,81.0,85.0,86.0,89.0,96.0,93.0,92.0,96.0,111.0,117.0,114.0,107.0,105.0,100.0,101.33879350000001,101.69318,101.87431090000001,114.23846280000001,131.3120176,145.18034340000003,169.43613169999998,261.81288390000003,242.62876040000003,207.5287447,233.8557253,251.86643569999998,232.32792569999998,235.5938878,225.22054190000003,212.72841839999998
root/MiddleEast&NorthAfrica/Kuwait,root/MiddleEast&NorthAfrica,109.196,128.412,118.225,101.75399999999999,99.9237,100.0,73.5367,60.7839,46.7195,0,0,0,0,0,0,0,0,0,0,0,100.0,84.50575439,85.51625207,105.34590370000001,127.9883415,172.1045693,205.8126622,246.1184359,318.5409715,253.6964026,309.8635562,356.0135284,363.74750869999997,354.0650313,324.128333,175.1557913,137.6765892
root/MiddleEast&NorthAfrica/Lebanon,root/MiddleEast&NorthAfrica,0,0,0,0,0,0,0,0,0,0,0,0,0,0,0,0,0,0,0,0,100.0,99.89180692,100.3503328,105.9906634,115.71093229999998,121.61087340000002,134.866547,149.515651,173.3355618,167.2942678,177.854218,202.2660967,200.059768,194.0524716,193.2386388,176.65458030000002,176.7326093
root/MiddleEast&NorthAfrica/Libya,root/MiddleEast&NorthAfrica,119.495,132.782,117.81200000000001,102.499,100.0,100.0,0,0,0,0,0,0,0,0,0,0,0,0,0,0,100.0,88.07620835,78.71094052,102.6862052,125.4883808,189.58328669999997,223.03621969999998,269.23343930000004,349.4658537,249.42110699999998,343.8251337,500.07644000000005,500.3386133,583.169569,519.9040864,307.2289267,186.0445382
root/MiddleEast&NorthAfrica/Malta,root/MiddleEast&NorthAfrica,0,0,0,0,0,0,0,0,0,0,0,0,0,0,0,0,0,0,0,0,100.0,92.6844118,101.29855090000001,112.6513392,117.5293939,112.2518123,121.21305520000001,122.20134909999999,154.4264014,154.419061,158.9050142,186.5054791,158.1385556,162.7751656,156.75582849999998,131.684023,127.48099930000001
root/MiddleEast&NorthAfrica/Morocco,root/MiddleEast&NorthAfrica,110.0,99.0,90.0,81.0,79.0,78.0,87.0,93.0,100.0,99.0,107.0,103.0,104.0,97.0,98.0,114.0,119.0,109.0,108.0,107.0,100.0,94.397,99.11685,115.66936399999999,127.23977040000001,128.13044879999998,134.6651017,149.4782629,206.1933054,168.6661238,180.81008469999998,210.8245588,202.8132256,200.3003697,197.39200830000001,172.331119,153.21098130000001
root/MiddleEast&NorthAfrica/Oman,root/MiddleEast&NorthAfrica,121.0,137.0,129.0,113.0,107.0,101.0,50.0,65.0,51.0,0,0,0,67.0,58.0,57.0,61.0,73.0,70.0,45.0,65.0,100.0,86.08732324,90.93804061,104.2049305,128.8392189,188.1242344,230.9197371,243.8937134,378.3002981,211.83502740000003,286.8888908,385.3921915,410.2970161,394.95993599999997,386.40490919999996,211.4982199,145.4120347
root/MiddleEast&NorthAfrica/Qatar,root/MiddleEast&NorthAfrica,108.624,127.066,118.745,102.573,100.85799999999999,100.0,0,0,0,0,0,0,0,0,0,0,0,0,0,0,100.0,95.63774765,102.9916058,131.8374054,183.3935377,202.61541880000001,292.41663880000004,363.8976042,509.93879069999997,395.253361,681.4467061,1036.825871,1203.929824,1217.660668,1174.160835,839.0635502,605.8475551
root/MiddleEast&NorthAfrica/SaudiArabia,root/MiddleEast&NorthAfrica,100.0,113.0,118.0,98.0,98.0,107.0,51.0,81.0,64.0,72.0,86.0,67.0,66.0,58.0,56.0,62.0,74.0,70.0,45.0,65.0,100.0,90.88751666,110.50320020000001,115.2165946,149.05420969999997,202.043272,242.28208130000002,270.12019560000005,345.0659453,247.29252769999997,304.6634222,407.23631580000006,414.2580843,400.15914169999996,385.6696202,229.02719580000002,196.8739635
root/MiddleEast&NorthAfrica/SyrianArabRepublic,root/MiddleEast&NorthAfrica,329.0,366.0,319.0,300.0,306.0,300.0,220.0,205.0,68.0,85.0,110.0,89.0,75.0,73.0,79.0,99.0,104.0,82.0,60.0,75.0,100.0,89.72952165,90.05732929,103.12610500000001,125.7361562,160.33488169999998,181.4630335,203.6598766,251.51350490000002,205.4671392,238.858723,304.624566,300.14777030000005,292.9863077,284.8951242,248.05509320000002,233.95574240000002
root/MiddleEast&NorthAfrica/Tunisia,root/MiddleEast&NorthAfrica,110.0,99.0,90.0,81.0,79.0,78.0,87.0,93.0,100.0,99.0,107.0,103.0,104.0,97.0,98.0,114.0,119.0,109.0,108.0,107.0,100.0,98.1,100.06200000000001,118.57347,133.9880211,143.5011706,151.99930990000001,170.5432257,199.34797659999998,173.8314356,180.2631987,207.12241530000003,197.8019066,204.1078314,203.8976003,165.5648514,162.750249
root/MiddleEast&NorthAfrica/UnitedArabEmirates,root/MiddleEast&NorthAfrica,111.73,128.924,123.074,107.6,104.65,100.0,49.2536,62.7095,48.7462,0,0,0,0,0,0,0,0,0,0,0,100.0,98.68116536,117.6995995,119.38094040000001,152.5749403,194.595057,219.06387469999999,277.68636349999997,373.1853593,358.02630810000005,370.5872347,472.02714749999996,519.7888924,510.9357242,546.9918572,404.2299772,402.1738994
root/MiddleEast&NorthAfrica/YemenRep,root/MiddleEast&NorthAfrica,0,0,0,0,0,0,0,0,0,0,0,0,0,0,0,0,0,0,0,0,100.0,87.79479585,88.98190795,102.462655,131.3953852,182.29451840000002,218.2638556,241.1232477,323.7359351,223.6228919,272.1294109,360.7963749,374.95511810000005,359.6710909,337.3822121,239.2238753,220.27009339999998
root/NorthAmerica,root,88.0,86.0,83.0,81.0,79.0,78.0,89.0,99.0,105.0,105.0,114.0,113.0,115.0,108.0,112.0,123.0,120.0,112.0,108.0,106.0,300.0,293.49399745,289.16165735000004,300.78805328,316.8217306,332.68823038,358.0413042,382.9281101,442.00934140000004,366.126483,404.6611106,436.39081039999996,422.3244015,447.9431958,451.71608349999997,405.9916616,390.8032254
root/NorthAmerica/Bermuda,root/NorthAmerica,0,0,0,0,0,0,0,0,0,0,0,0,0,0,0,0,0,0,0,0,100.0,96.47773608,96.52895996,97.28700501,99.4644947,98.66322278,111.5033426,121.68102040000001,154.0031164,114.8967218,128.3812257,133.901519,123.97896029999998,151.9711114,160.1020231,150.75367749999998,146.96249840000002
root/NorthAmerica/Canada,root/NorthAmerica,0,0,0,0,0,0,0,0,0,0,0,0,0,0,0,0,0,0,0,0,100.0,97.85809331,94.45781115,103.7677024,114.280804,127.15012759999999,135.85476359999998,145.1638354,164.93162130000002,133.8298312,153.15493569999998,169.2489648,164.8294545,162.96802580000002,159.5651244,131.48690290000002,123.85123229999999
root/NorthAmerica/UnitedStates,root/NorthAmerica,88.0,86.0,83.0,81.0,79.0,78.0,89.0,99.0,105.0,105.0,114.0,113.0,115.0,108.0,112.0,123.0,120.0,112.0,108.0,106.0,100.0,99.15816806,98.17488624,99.73334587,103.0764319,106.87488,110.683198,116.08325430000001,123.0746037,117.39993,123.1249492,133.24032659999997,133.5159867,133.00405859999998,132.048936,123.75108119999999,119.9894947
root/SouthAsia,root,347.0,336.0,320.0,322.0,342.0,333.0,325.0,340.0,369.0,369.0,377.0,371.0,380.0,371.0,380.0,410.0,410.0,433.0,433.0,411.0,800.0,795.67566356,778.9414711100001,814.97533039,900.1029293000001,961.9623666999998,1041.7778266,1095.944559,1250.1545762,1164.6891180999999,1285.3386932,1470.508971,1421.8064389,1385.6951843000002,1389.4425254,1284.8676216,1250.5989210999999
root/SouthAsia/Afghanistan,root/SouthAsia,0,0,0,0,0,0,0,0,0,0,0,0,0,0,0,0,0,0,0,0,100.0,112.2528328,108.842124,108.554645,128.7690096,138.6522069,155.96033730000002,174.2041668,206.9647652,199.3910754,225.21937799999998,261.7112739,253.33632200000002,245.98789269999997,244.11239280000004,232.027252,234.7419081
root/SouthAsia/Bangladesh,root/SouthAsia,82.0,77.0,73.0,70.0,72.0,86.0,73.0,76.0,81.0,81.0,81.0,85.0,84.0,82.0,80.0,85.0,91.0,96.0,99.0,100.0,100.0,98.67722839,97.91064481,98.17552435,99.45638882,100.3932136,100.1675852,101.6717692,105.53081399999999,107.56826670000001,110.63441370000001,120.9313571,123.2659875,119.21891140000001,117.9737982,115.89918270000001,115.04976880000001
root/SouthAsia/Bhutan,root/SouthAsia,0,0,0,0,0,0,0,0,0,0,0,0,0,0,0,0,0,0,0,0,100.0,106.0535567,105.44129099999999,112.8192061,140.52968959999998,164.62734790000002,185.5608668,187.329002,249.2919233,204.0244668,232.29536000000002,271.741166,242.3746423,228.09805809999997,222.68842059999997,191.63836669999998,179.5553959
root/SouthAsia/India,root/SouthAsia,96.0,91.0,94.0,94.0,96.0,98.0,98.0,99.0,120.0,123.0,121.0,117.0,117.0,112.0,114.0,108.0,103.0,117.0,107.0,101.0,100.0,94.3,91.8482,103.8803142,116.31894299999999,124.34495009999999,136.03337539999998,146.3719119,162.3264503,146.0938053,159.5344354,185.6980828,185.3266866,181.2494995,179.4152546,151.88581000000002,140.5261389
root/SouthAsia/Maldives,root/SouthAsia,0,0,0,0,0,0,0,0,0,0,0,0,0,0,0,0,0,0,0,0,100.0,98.08185224,98.83604759999999,99.10020564,104.0178977,113.1092398,123.10715719999999,128.07941499999998,135.595236,131.9648143,147.3252086,158.18936399999998,156.1422919,158.141023,163.0125991,157.1941608,163.0032995
root/SouthAsia/Nepal,root/SouthAsia,0,0,0,0,0,0,0,0,0,0,0,0,0,0,0,0,0,0,0,0,100.0,96.37104219,95.4158718,100.29854859999999,108.0133351,114.18396299999999,126.9695006,137.2579686,149.1982848,142.7780551,149.1330818,172.530406,171.6165169,166.912525,167.9685072,163.17789309999998,156.5182014
root/SouthAsia/Pakistan,root/SouthAsia,101.0,105.0,96.0,93.0,97.0,85.0,99.0,104.0,102.0,97.0,100.0,95.0,92.0,90.0,97.0,118.0,114.0,115.0,117.0,109.0,100.0,93.87847235,89.86315968,96.24440440000001,103.0146342,103.46674399999999,106.01824450000001,109.55362520000001,123.44081170000001,115.57738159999998,131.2365236,155.247558,155.93654980000002,152.3196712,157.0848693,149.42196869999998,139.823483
root/SouthAsia/SriLanka,root/SouthAsia,68.0,63.0,57.0,65.0,77.0,64.0,55.0,61.0,66.0,68.0,75.0,74.0,87.0,87.0,89.0,99.0,102.0,105.0,110.0,101.0,100.0,96.06067889,90.78413222,95.9024821,99.98303128,103.18470140000001,107.96075959999999,111.4767003,117.8062909,117.2912529,129.96029209999998,144.4597632,133.8074419,133.76760339999998,137.18668359999998,123.62298759999999,121.38072549999998
root/Sub-SaharanAfrica,root,5454.052,5006.603999999999,4896.054,4716.911,4715.503000000001,4846.0,5572.1891,5949.5614000000005,6053.0,5737.0,5957.0,5620.0,5401.0,5118.0,5210.0,5903.0,5560.0,5380.0,4912.0,4494.0,4700.0,4329.50685832,4412.197122630001,4793.81415709,5468.470793819998,6318.844424760001,7390.270233159998,8284.491949589998,10080.7994883,8513.43649793,10105.974247690001,12297.4986422,11513.6323095,10959.774528100002,10642.408132599998,8760.31146226,8410.021838459998
root/Sub-SaharanAfrica/Angola,root/Sub-SaharanAfrica,0,0,0,0,0,63.0,58.0,62.0,64.0,74.0,82.0,96.0,48.0,58.0,48.0,63.0,90.0,69.0,43.0,63.0,100.0,88.99222232,92.6721848,109.1840368,135.3490198,240.6272955,298.0541793,362.45749989999996,578.3055542999999,217.99854019999998,284.11386969999995,412.27348989999996,403.9502634,386.35799039999995,347.78552260000004,183.2889816,154.5213879
root/Sub-SaharanAfrica/Benin,root/Sub-SaharanAfrica,57.0,48.0,71.0,66.0,65.0,62.0,71.0,82.0,94.0,83.0,107.0,98.0,69.0,84.0,91.0,129.0,113.0,110.0,114.0,112.0,100.0,87.71212299999999,84.64887823,104.29840859999999,115.2398473,124.79630049999999,137.6786534,151.4995249,191.0504918,172.8136888,209.74107149999998,267.06431000000003,230.72476239999997,219.0737719,213.59212730000002,190.1841214,197.6766928
root/Sub-SaharanAfrica/Botswana,root/Sub-SaharanAfrica,81.0,75.0,63.0,61.0,59.0,53.0,62.0,82.0,90.0,91.0,105.0,101.0,101.0,100.0,103.0,109.0,105.0,108.0,101.0,102.0,100.0,98.29777819,95.51863139,97.83537277,105.30339709999998,109.52111629999999,123.77787479999999,138.4538907,129.835023,120.6693597,132.90749820000002,146.0813553,146.06113530000002,142.3789046,146.44551230000002,138.9257667,135.9939358
root/Sub-SaharanAfrica/BurkinaFaso,root/Sub-SaharanAfrica,76.0,64.0,65.0,73.0,81.0,80.0,84.0,110.0,124.0,133.0,139.0,129.0,89.0,88.0,123.0,148.0,141.0,129.0,122.0,109.0,100.0,88.80291243,86.48458105,111.79937140000001,112.8582632,103.7081117,113.04778780000001,128.086841,151.6357724,146.2312024,196.85218830000002,257.1718127,253.820519,229.48354369999998,212.93497549999998,191.4579174,204.3712352
root/Sub-SaharanAfrica/Burundi,root/Sub-SaharanAfrica,702.0,516.0,540.0,577.0,608.0,603.0,785.0,548.0,682.0,568.0,440.0,446.0,286.0,295.0,413.0,440.0,270.0,264.0,206.0,131.0,100.0,79.88061811,81.06471712,89.07600665,100.57353509999999,131.8322572,149.4715877,162.7223178,191.35520290000002,185.58674630000002,227.83736290000002,291.5897523,271.9376767,232.3763154,229.2374094,217.1940699,222.4690201
root/Sub-SaharanAfrica/CaboVerde,root/Sub-SaharanAfrica,78.0,157.0,95.0,62.0,58.0,56.0,74.0,88.0,93.0,89.0,102.0,104.0,113.0,107.0,113.0,126.0,124.0,119.0,118.0,117.0,100.0,98.22767337,96.83808975,98.59741468,100.2264486,122.16084620000001,135.0460247,143.4929106,156.031596,154.45031730000002,171.62108080000002,194.3309589,196.2389619,180.3987422,178.7877533,165.5698063,163.49035590000003
root/Sub-SaharanAfrica/Cameroon,root/Sub-SaharanAfrica,154.0,124.0,205.0,154.0,123.0,105.0,104.0,104.0,105.0,97.0,104.0,119.0,107.0,111.0,100.0,113.0,102.0,101.0,91.0,78.0,100.0,95.02190563,101.5464061,111.48682,133.2753888,165.4491563,192.3497405,210.59802630000001,265.6916673,230.57789640000001,285.11327860000006,347.9909965,332.4299779,320.41481339999996,316.71826880000003,243.6683514,220.2321175
root/Sub-SaharanAfrica/CentralAfricanRepublic,root/Sub-SaharanAfrica,344.0,280.0,343.0,320.0,299.0,343.0,366.0,385.0,392.0,420.0,437.0,355.0,379.0,356.0,212.0,247.0,217.0,165.0,141.0,120.0,100.0,95.43693404,92.91004395,103.2787474,111.70715890000001,113.9884942,118.05804669999999,129.322982,134.4346852,125.4142608,142.10780119999998,159.7540155,150.7554701,152.02693259999998,158.6539936,135.1774824,132.4623746
root/Sub-SaharanAfrica/Chad,root/Sub-SaharanAfrica,104.0,87.0,67.0,69.0,74.0,69.0,74.0,83.0,91.0,77.0,104.0,103.0,100.0,87.0,83.0,113.0,124.0,112.0,120.0,109.0,100.0,84.74907727,82.59540815,105.5613295,134.60266399999998,186.6061672,222.80503230000002,246.31314799999998,333.1649564,217.5376906,277.9719934,380.0133734,381.4589475,369.6607878,338.0475861,193.3322966,169.7983825
root/Sub-SaharanAfrica/Comoros,root/Sub-SaharanAfrica,139.0,96.0,95.0,116.0,73.0,90.0,111.0,126.0,137.0,129.0,153.0,137.0,143.0,120.0,90.0,137.0,133.0,117.0,111.0,115.0,100.0,61.91012878,59.03965821,70.46944792,67.09811646,65.84193406,73.51912929999999,87.95301632,103.1597272,103.9236256,122.9907601,173.05753090000002,177.7436768,173.25919130000003,208.6982012,222.7670437,195.9685355
root/Sub-SaharanAfrica/CongoDemRep,root/Sub-SaharanAfrica,355.0,307.0,320.0,253.0,172.0,156.0,167.0,154.0,172.0,186.0,225.0,182.0,232.0,225.0,264.0,268.0,250.0,212.0,276.0,111.0,100.0,98.50384583,95.68471509,100.6125944,112.6788537,134.1541242,167.4228189,186.8840111,247.0776048,169.25144530000003,228.7742421,265.0349534,242.80065240000002,231.8556708,218.5931378,174.18246609999997,171.5256244
root/Sub-SaharanAfrica/CongoRep,root/Sub-SaharanAfrica,92.0,95.0,90.0,78.0,79.0,76.0,48.0,62.0,51.0,61.0,74.0,73.0,72.0,48.0,60.0,64.0,77.0,70.0,49.0,67.0,100.0,88.69037047,88.76362490000001,102.85492559999999,131.20343590000002,180.92424269999998,218.0503411,241.66505750000002,323.5772183,234.84044390000003,294.3052568,384.3122463,387.66876119999995,366.4608354,343.9704258,217.41732140000002,185.7811386
root/Sub-SaharanAfrica/CotedIvoire,root/Sub-SaharanAfrica,144.0,116.0,104.0,101.0,112.0,121.0,135.0,128.0,121.0,104.0,103.0,103.0,117.0,96.0,102.0,122.0,128.0,115.0,119.0,117.0,100.0,104.4050525,134.531283,140.1647045,149.24888269999997,171.2656459,190.4482562,214.496664,273.1587025,250.56311290000002,297.96754889999994,344.62384160000005,312.29731519999996,290.5486307,309.03929639999996,281.2739887,268.7229107
root/Sub-SaharanAfrica/EquatorialGuinea,root/Sub-SaharanAfrica,0,0,0,0,0,37.0,65.0,77.0,88.0,72.0,87.0,80.0,91.0,67.0,44.0,50.0,62.0,69.0,52.0,79.0,100.0,88.34209644,90.28595648,103.1975035,133.4821637,185.17129330000003,222.1211446,241.9020852,337.4275947,222.50091009999997,268.889205,356.37107149999997,369.4364409,356.7021134,333.1823619,196.21111090000002,157.8674189
root/Sub-SaharanAfrica/Eritrea,root/Sub-SaharanAfrica,0,0,0,0,0,0,0,0,0,0,0,0,67.0,104.0,112.0,119.0,115.0,111.0,101.0,99.0,100.0,101.8097035,91.86013585,95.27708315,101.18028559999999,104.2971566,111.8933862,128.33106,139.8616791,138.218765,154.27715700000002,191.5137326,196.290269,181.80958169999997,178.9782201,153.5546771,145.404324
root/Sub-SaharanAfrica/Ethiopia,root/Sub-SaharanAfrica,0,116.0,116.0,116.0,116.0,116.0,116.0,116.0,116.0,116.0,116.0,114.0,120.0,102.0,110.0,157.0,124.0,132.0,147.0,120.0,100.0,89.47462625,91.65174512,101.32834150000001,116.05125790000001,132.9520032,143.05245209999998,162.7760436,191.4567964,182.94267040000003,208.10001019999999,256.6060338,243.33710580000002,231.0749001,239.3968912,202.31611919999997,198.9920769
root/Sub-SaharanAfrica/Gabon,root/Sub-SaharanAfrica,248.0,236.0,219.0,196.0,161.0,171.0,108.0,135.0,131.0,130.0,166.0,151.0,148.0,109.0,126.0,143.0,168.0,149.0,105.0,104.0,100.0,89.13413166,90.3441605,103.5677307,130.4107319,177.199017,211.69813670000002,237.1593122,321.5608319,217.6154035,275.43726960000004,362.3883033,364.40015719999997,354.4382238,330.7872647,195.1524021,169.43088459999998
root/Sub-SaharanAfrica/GambiaThe,root/Sub-SaharanAfrica,93.0,71.0,58.0,56.0,47.0,64.0,68.0,84.0,97.0,98.0,106.0,102.0,109.0,111.0,110.0,115.0,115.0,115.0,111.0,108.0,100.0,96.66154769,103.84134300000001,106.7511398,116.0294532,120.8069096,129.6151488,147.7221044,184.2801699,165.3346962,182.17274019999996,202.6913763,199.4802283,201.67591140000002,203.7901156,176.134591,174.8779819
root/Sub-SaharanAfrica/Ghana,root/Sub-SaharanAfrica,44.0,26.0,15.0,46.0,66.0,74.0,130.0,124.0,112.0,92.0,98.0,101.0,97.0,91.0,98.0,112.0,114.0,114.0,118.0,103.0,100.0,102.99058620000001,129.44597009999998,135.487369,136.04365890000003,146.5980774,164.5639343,192.17226619999997,249.65473250000002,258.3588772,300.6437128,345.7816766,336.4633676,312.9565952,311.43829439999996,256.3102867,247.29549680000002
root/Sub-SaharanAfrica/Guinea,root/Sub-SaharanAfrica,0,0,0,0,0,0,156.0,159.0,147.0,164.0,180.0,139.0,137.0,136.0,157.0,138.0,129.0,130.0,116.0,110.0,100.0,94.19630724,92.11408856,100.5696503,120.16555729999999,134.7377041,176.4153647,187.91176240000001,205.096106,160.7935249,192.2125283,231.3134767,221.9559167,201.8499551,191.42224319999997,157.3108752,152.56391430000002
root/Sub-SaharanAfrica/GuineaBissau,root/Sub-SaharanAfrica,65.0,112.0,94.0,77.0,149.0,156.0,68.0,163.0,138.0,144.0,140.0,116.0,100.0,124.0,116.0,113.0,115.0,106.0,89.0,102.0,100.0,93.39447089,86.49203841,69.30624907,93.1442595,102.164466,120.08930079999999,120.64127009999999,149.6408375,148.40340859999998,156.3703062,175.00067130000002,175.6934196,166.48062439999998,167.21361519999996,167.0634779,172.89364890000002
root/Sub-SaharanAfrica/Kenya,root/Sub-SaharanAfrica,139.0,126.0,111.0,106.0,114.0,102.0,112.0,102.0,107.0,100.0,94.0,96.0,94.0,74.0,89.0,107.0,105.0,122.0,122.0,102.0,100.0,92.11739794,89.34028779,96.69813847,106.6519377,120.53544479999998,129.4051883,135.7909976,157.6764785,157.312816,167.8895506,193.3052534,190.8066207,178.05743080000002,176.3722878,177.81790949999998,170.0215348
root/Sub-SaharanAfrica/Lesotho,root/Sub-SaharanAfrica,131.0,116.0,98.0,101.0,84.0,63.0,68.0,58.0,95.0,91.0,102.0,110.0,123.0,118.0,117.0,124.0,115.0,115.0,105.0,105.0,100.0,98.60858036,98.7056001,98.28359408,98.42299078,98.04942926,98.46571912,100.60542159999999,103.98450509999999,103.6737625,105.66091809999999,118.73538980000001,121.25360309999999,117.8517883,117.4325284,113.8213869,112.51527240000001
root/Sub-SaharanAfrica/Liberia,root/Sub-SaharanAfrica,121.052,100.604,109.054,101.911,100.50299999999999,100.0,98.1891,93.5614,0,0,0,0,0,0,0,0,0,0,0,0,100.0,88.66630907,92.32845774,95.86653872,100.2908582,97.11092947,112.0683842,126.0397398,159.1399618,162.02014590000002,217.12307290000004,262.7458308,238.5202743,214.992192,184.1004158,157.2861251,153.6864279
root/Sub-SaharanAfrica/Madagascar,root/Sub-SaharanAfrica,55.0,57.0,59.0,63.0,63.0,56.0,65.0,67.0,67.0,55.0,68.0,62.0,64.0,63.0,73.0,82.0,84.0,83.0,90.0,88.0,100.0,86.72193635,82.79912411,88.41958026,90.75906547,92.68797318,97.32654243,104.61616459999999,113.62321429999999,109.6432471,121.67195670000001,147.4980397,145.864652,140.4534596,149.43060119999998,135.9886895,126.7513665
root/Sub-SaharanAfrica/Malawi,root/Sub-SaharanAfrica,98.0,123.0,114.0,106.0,107.0,82.0,84.0,92.0,97.0,105.0,126.0,137.0,115.0,97.0,92.0,112.0,118.0,123.0,100.0,104.0,100.0,98.2531188,90.44507584,90.57842315,94.32539173,99.49920264,109.4335385,119.76080220000001,134.3020947,152.4777559,161.3446775,185.2304801,177.08928459999998,175.3106376,180.20080259999997,175.4967785,177.19594919999997
root/Sub-SaharanAfrica/Mali,root/Sub-SaharanAfrica,149.0,120.0,112.0,111.0,106.0,103.0,112.0,137.0,140.0,132.0,155.0,146.0,136.0,127.0,114.0,137.0,134.0,114.0,114.0,102.0,100.0,93.10718254,99.34632518,125.1988446,129.4597563,129.2636003,157.3498844,177.5789025,216.4806812,224.8897162,287.8266325,368.95951139999994,357.87818819999995,317.8101868,289.94933430000003,261.8301273,278.5549432
root/Sub-SaharanAfrica/Mauritania,root/Sub-SaharanAfrica,99.0,104.0,101.0,94.0,92.0,103.0,111.0,120.0,122.0,136.0,145.0,153.0,168.0,178.0,131.0,139.0,135.0,140.0,124.0,110.0,100.0,97.51841631,94.34667894,97.35747912,105.67948429999998,145.62492749999998,167.59753830000002,181.8818786,252.79042599999997,210.91068680000004,287.9269903,333.8079151,297.75770950000003,301.3858752,265.8902882,217.4638262,220.7036054
root/Sub-SaharanAfrica/Mauritius,root/Sub-SaharanAfrica,74.0,75.0,64.0,63.0,61.0,57.0,67.0,80.0,86.0,84.0,88.0,97.0,95.0,96.0,91.0,100.0,107.0,106.0,97.0,95.0,100.0,91.73613097,96.98387024,84.01302009,91.44904922,90.06107634,88.66290191,94.48327937,101.0703746,89.57014803,90.04288749,100.2581802,102.36865300000001,104.66209309999999,100.4909614,88.78348909,89.84903448
root/Sub-SaharanAfrica/Mozambique,root/Sub-SaharanAfrica,173.0,191.0,163.0,158.0,139.0,140.0,159.0,175.0,172.0,167.0,168.0,178.0,140.0,131.0,133.0,142.0,114.0,117.0,112.0,113.0,100.0,95.01245384,89.98653223,97.3279678,114.0278118,129.2805864,157.5582753,164.73319619999998,188.0087119,146.6769251,177.6162196,202.4889195,186.90818769999998,176.3637089,173.8160379,146.9597581,141.53334819999998
root/Sub-SaharanAfrica/Namibia,root/Sub-SaharanAfrica,156.0,129.0,116.0,122.0,103.0,76.0,84.0,97.0,109.0,118.0,128.0,108.0,113.0,103.0,114.0,114.0,113.0,114.0,104.0,99.0,100.0,98.66114303,97.88310228,101.64168609999999,110.6829679,118.76290900000001,152.4077345,171.9085115,171.96003149999999,157.8150309,173.6009501,193.3832287,190.6399445,180.81709080000002,182.0087255,167.23339040000002,161.70927350000002
root/Sub-SaharanAfrica/Niger,root/Sub-SaharanAfrica,189.0,133.0,126.0,124.0,116.0,105.0,138.0,160.0,153.0,135.0,137.0,125.0,132.0,92.0,106.0,119.0,105.0,96.0,100.0,97.0,100.0,97.00207608,97.94304843,107.7017547,129.3480599,161.24036840000002,197.66660009999998,297.307364,283.1062111,247.05564900000002,267.0557609,331.8323095,351.9577599,339.48719960000005,311.8136144,275.5456887,250.3012121
root/Sub-SaharanAfrica/Nigeria,root/Sub-SaharanAfrica,87.0,96.0,72.0,45.0,34.0,33.0,26.0,53.0,39.0,53.0,77.0,61.0,80.0,60.0,55.0,60.0,73.0,69.0,43.0,59.0,100.0,85.04626112,94.66635222,105.19126580000001,155.2835322,205.47666850000002,247.3555056,294.1932657,389.4179538,248.7796543,322.8518799,462.1612664,458.71871280000005,442.20745710000006,420.78407369999996,230.2623184,178.7264416
root/Sub-SaharanAfrica/Rwanda,root/Sub-SaharanAfrica,99.0,76.0,93.0,110.0,111.0,81.0,105.0,62.0,78.0,69.0,70.0,73.0,65.0,71.0,85.0,109.0,96.0,128.0,96.0,83.0,100.0,87.56343722,87.66930802,96.39626251,121.81025009999999,160.2790456,185.59484550000002,211.36614190000003,289.28886739999996,244.5686969,298.4280833,322.37354799999997,292.41783189999995,286.2128852,282.64629060000004,257.9900003,265.001265
root/Sub-SaharanAfrica/SaoTomeandPrincipe,root/Sub-SaharanAfrica,0,0,0,0,0,0,185.0,154.0,203.0,101.0,99.0,102.0,96.0,107.0,124.0,113.0,143.0,147.0,117.0,116.0,100.0,102.08692950000001,140.0712549,140.5496658,149.8007364,149.15952919999998,152.2675036,170.1915697,217.51178169999997,224.48679380000002,233.3818349,243.9213505,219.34063030000004,218.86434169999998,253.70028330000002,253.28235049999998,237.8012
root/Sub-SaharanAfrica/Senegal,root/Sub-SaharanAfrica,160.0,154.0,128.0,116.0,123.0,126.0,143.0,162.0,160.0,165.0,186.0,180.0,186.0,170.0,149.0,175.0,164.0,120.0,120.0,116.0,100.0,95.17812978,94.10189677,103.7618614,116.57037179999999,129.9330726,142.2404581,158.7626457,195.1172199,167.1503707,190.23071230000002,242.9864471,245.1041826,239.1080924,234.42757269999998,199.2720873,193.2007723
root/Sub-SaharanAfrica/Seychelles,root/Sub-SaharanAfrica,0,0,0,0,0,116.0,87.0,97.0,102.0,82.0,92.0,82.0,96.0,96.0,100.0,110.0,110.0,104.0,103.0,111.0,100.0,90.47568961,87.65184244,92.38753699,103.5291614,120.1887631,126.6166521,131.9406578,147.9607631,132.5849193,145.9303861,172.35476540000002,182.3192791,168.9680386,166.060358,145.7261312,142.9188825
root/Sub-SaharanAfrica/SierraLeone,root/Sub-SaharanAfrica,0,0,0,0,0,0,0,0,0,0,0,0,0,0,0,0,0,0,0,0,100.0,88.78810995,90.32679638,95.00081117,105.9330332,110.964665,120.3088825,132.57772169999998,151.9017246,137.3779428,154.9822449,169.28209030000002,153.3137487,154.8157673,124.18378500000001,88.63836967,92.49646508
root/Sub-SaharanAfrica/Somalia,root/Sub-SaharanAfrica,0,0,0,0,0,0,0,0,0,0,0,0,0,0,0,0,0,0,0,0,100.0,99.07313793,95.59452258,105.9648039,116.92543629999999,122.31124799999999,139.5647406,150.5662256,173.19925849999998,169.6683895,171.18572680000003,189.58669419999998,196.266085,201.7765368,196.23901709999998,158.3272595,162.61363630000002
root/Sub-SaharanAfrica/SouthAfrica,root/Sub-SaharanAfrica,144.0,126.0,109.0,114.0,101.0,87.0,101.0,123.0,120.0,112.0,120.0,119.0,119.0,114.0,118.0,123.0,115.0,113.0,103.0,100.0,100.0,95.8,99.2488,123.76325359999998,148.26837780000002,158.2023591,173.38978559999998,189.86181519999997,207.89868769999998,202.49332180000002,248.45930589999998,280.26209700000004,262.32532280000004,241.60162230000003,216.692495,182.56342709999998,160.290689
root/Sub-SaharanAfrica/Sudan,root/Sub-SaharanAfrica,144.0,168.0,127.0,121.0,147.0,184.0,217.0,309.0,167.0,180.0,131.0,96.0,55.0,72.0,78.0,108.0,88.0,107.0,108.0,91.0,100.0,90.148,88.76062228,104.1969821,131.129818,180.37562119999998,214.28804169999998,236.4989973,320.0706479,223.71978080000002,282.9898623,393.5879603,0,0,0,0,0
root/Sub-SaharanAfrica/Swaziland,root/Sub-SaharanAfrica,98.0,102.0,96.0,97.0,83.0,58.0,66.0,87.0,75.0,75.0,86.0,86.0,94.0,96.0,100.0,115.0,108.0,112.0,103.0,101.0,100.0,100.31942059999999,104.1895497,108.71493559999999,125.7091522,130.6413329,148.8128207,153.923785,175.969266,187.2274764,200.5508743,224.4085801,213.89718,209.19414550000002,210.4936014,189.77823590000003,192.9948767
root/Sub-SaharanAfrica/Tanzania,root/Sub-SaharanAfrica,0,0,0,0,0,0,0,85.0,92.0,108.0,101.0,107.0,98.0,101.0,110.0,97.0,101.0,150.0,123.0,108.0,100.0,95.42979021,97.18838665,106.3869406,119.4702112,130.41363619999998,158.7205504,177.0225132,207.15925880000003,207.2817694,247.38870559999998,309.2180651,304.8291577,278.5537494,268.1942798,246.1613912,252.9846398
root/Sub-SaharanAfrica/Togo,root/Sub-SaharanAfrica,123.0,108.0,100.0,96.0,101.0,98.0,112.0,120.0,128.0,127.0,140.0,131.0,139.0,95.0,96.0,113.0,109.0,106.0,116.0,113.0,100.0,58.02137943,58.30784971,63.35346622,83.04674546,70.55918151,140.4764791,158.67397869999996,212.17093799999998,191.6246899,207.42380730000002,243.3418512,238.3253421,221.0082363,211.5020498,179.11828530000003,177.2306702
root/Sub-SaharanAfrica/Uganda,root/Sub-SaharanAfrica,0,0,114.0,131.0,275.0,303.0,310.0,324.0,297.0,238.0,169.0,142.0,124.0,118.0,138.0,209.0,175.0,156.0,139.0,117.0,100.0,89.18201028,90.82804077,98.24120557,106.3695068,121.111428,132.40072800000002,145.9660763,168.3340579,162.6910205,183.08037980000003,222.606581,202.8215996,189.618824,199.85041919999998,179.8685935,180.1753986
root/Sub-SaharanAfrica/Zambia,root/Sub-SaharanAfrica,198.0,162.0,131.0,148.0,138.0,121.0,102.0,138.0,203.0,178.0,211.0,200.0,191.0,175.0,177.0,220.0,169.0,163.0,114.0,88.0,100.0,92.24163945,90.56228033,100.2116067,134.366526,164.0335826,266.7454978,287.2028992,298.32741749999997,239.9638881,328.2032384,385.36996360000006,353.6216829,333.6677805,317.01732369999996,263.02871400000004,242.71039900000002
root/Sub-SaharanAfrica/Zimbabwe,root/Sub-SaharanAfrica,241.0,214.0,193.0,168.0,175.0,157.0,170.0,182.0,196.0,198.0,196.0,180.0,153.0,145.0,145.0,149.0,163.0,158.0,109.0,100.0,100.0,96.11406614,94.58785724,105.9022848,123.2881821,128.2755248,154.36709390000001,188.4756044,186.8720047,187.7453142,222.7207074,252.827345,234.34165159999998,225.70135299999998,230.39776940000002,209.5739754,205.7150769
